000292755,000000000,000000000,0112.898,0004.085,0000.481,0167
 
000292779,000000000,000000000,0112.134,0003.878,0000.486,0006
 
000292803,000000000,000000000,0112.191,0003.878,0000.243,0166
 
000292827,000000000,000000000,0113.170,0003.862,0000.483,0167
 
000292851,000000000,000000000,0111.975,0004.120,0000.486,0166
 
000292875,000000000,000000000,0112.556,0003.830,0000.719,0167
 
000292899,000000000,000000000,0113.334,0003.846,0000.241,0166
 
000292923,000000000,000000000,0113.350,0003.830,0000.240,0173
 
000292947,000000000,000000000,0112.300,0004.325,0000.481,0166
 
000292971,000000000,000000000,0113.180,0004.120,0000.486,0167
 
000292995,000000000,000000000,0111.898,0004.325,0000.481,0166
 
000293019,000000000,000000000,0111.292,0004.325,0000.481,0173
 
000293043,000000000,000000000,0112.187,0004.362,0000.243,0166
 
000293067,000000000,000000000,0111.999,0004.086,0000.241,0179
 
000293091,000000000,000000000,0111.743,0004.085,0000.481,0007
 
000293115,000000000,000000000,0112.589,0004.085,0000.722,0006
 
000293139,000000000,000000000,0112.044,0004.085,0000.481,0006
 
000293163,000000000,000000000,0111.144,0004.622,0000.244,0006
 
000293187,000000000,000000000,0112.095,0003.862,0000.483,0006
 
000293211,000000000,000000000,0111.717,0004.103,0000.242,0006
 
000293235,000000000,000000000,0112.232,0004.068,0000.719,0006
 
000293259,000000000,000000000,0111.711,0004.583,0000.483,0006
 
000293283,000000000,000000000,0111.647,0004.325,0000.241,0006
 
000293307,000000000,000000000,0111.688,0004.325,0000.722,0166
 
000293331,000000000,000000000,0112.083,0004.068,0000.479,0166
 
000293355,000000000,000000000,0111.015,0004.085,0000.722,0166
 
000293379,000000000,000000000,0111.996,0004.361,0000.486,0166
 
000293403,000000000,000000000,0111.716,0004.361,0000.486,0166
 
000293427,000000000,000000000,0113.084,0003.591,0000.479,0167
 
000293451,000000000,000000000,0111.433,0003.846,0000.722,0166
 
000293475,000000000,000000000,0112.053,0004.102,0000.725,0166
 
000293499,000000000,000000000,0111.465,0004.343,0000.242,0167
 
000293523,000000000,000000000,0112.134,0003.862,0000.483,0167
 
000293547,000000000,000000000,0112.121,0004.583,0000.242,0167
 
000293571,000000000,000000000,0111.121,0004.343,0000.967,0167
 
000293595,000000000,000000000,0111.799,0004.120,0000.486,0167
 
000293619,000000000,000000000,0111.130,0004.583,0000.483,0173
 
000293643,000000000,000000000,0111.910,0004.343,0000.483,0173
 
000293667,000000000,000000000,0111.812,0004.085,0000.481,0173
 
000293691,000000000,000000000,0112.094,0004.307,0000.479,0167
 
000293715,000000000,000000000,0111.685,0004.085,0000.722,0173
 
000293739,000000000,000000000,0111.593,0004.120,0000.486,0166
 
000293763,000000000,000000000,0111.828,0004.085,0000.481,0173
 
000293787,000000000,000000000,0111.661,0004.325,0000.481,0166
 
000293811,000000000,000000000,0112.669,0003.878,0000.486,0179
 
000293835,000000000,000000000,0113.517,0003.561,0000.475,0166
 
000293859,000000000,000000000,0112.117,0004.103,0000.483,0166
 
000293883,000000000,000000000,0111.630,0004.120,0000.728,0166
 
000293907,000000000,000000000,0112.070,0004.120,0000.486,0166
 
000293931,000000000,000000000,0111.770,0004.085,0000.722,0179
 
000293955,000000000,000000000,0111.715,0004.085,0000.722,0166
 
000293979,000000000,000000000,0111.992,0004.102,0000.967,0166
 
000294003,000000000,000000000,0111.448,0004.325,0000.722,0006
 
000294027,000000000,000000000,0112.746,0003.878,0000.243,0006
 
000294051,000000000,000000000,0112.190,0004.343,0000.483,0006
 
000294075,000000000,000000000,0111.617,0004.086,0000.241,0006
 
000294099,000000000,000000000,0113.262,0003.352,0000.959,0166
 
000294123,000000000,000000000,0111.884,0004.103,0000.483,0166
 
000294147,000000000,000000000,0111.675,0004.085,0000.722,0166
 
000294171,000000000,000000000,0112.327,0004.361,0000.486,0167
 
000294195,000000000,000000000,0111.826,0004.102,0000.725,0006
 
000294219,000000000,000000000,0112.670,0003.846,0000.481,0166
 
000294243,000000000,000000000,0112.599,0004.085,0000.481,0167
 
000294267,000000000,000000000,0110.814,0004.602,0000.728,0166
 
000294291,000000000,000000000,0112.074,0003.830,0000.240,0167
 
000294315,000000000,000000000,0112.704,0004.103,0000.242,0167
 
000294339,000000000,000000000,0111.380,0003.830,0000.479,0167
 
000294363,000000000,000000000,0112.374,0004.380,0000.488,0173
 
000294387,000000000,000000000,0113.555,0003.621,0000.483,0166
 
000294411,000000000,000000000,0112.462,0003.846,0000.241,0167
 
000294435,000000000,000000000,0111.150,0004.343,0000.967,0166
 
000294459,000000000,000000000,0112.084,0004.085,0000.481,0173
 
000294483,000000000,000000000,0112.538,0003.591,0000.479,0167
 
000294507,000000000,000000000,0112.288,0003.862,0000.242,0006
 
000294531,000000000,000000000,0113.328,0003.862,0000.242,0179
 
000294555,000000000,000000000,0110.809,0004.068,0000.479,0166
 
000294579,000000000,000000000,0112.359,0004.102,0000.725,0006
 
000294603,000000000,000000000,0111.685,0004.085,0000.722,0167
 
000294627,000000000,000000000,0111.213,0004.343,0000.725,0166
 
000294651,000000000,000000000,0111.365,0004.343,0000.242,0179
 
000294675,000000000,000000000,0110.840,0004.343,0000.483,0166
 
000294699,000000000,000000000,0111.700,0004.102,0000.725,0179
 
000294723,000000000,000000000,0114.350,0003.606,0000.481,0179
 
000294747,000000000,000000000,0112.215,0003.862,0000.483,0166
 
000294771,000000000,000000000,0111.158,0004.325,0000.722,0166
 
000294795,000000000,000000000,0112.038,0004.085,0000.481,0166
 
000294819,000000000,000000000,0112.028,0003.846,0000.241,0166
 
000294843,000000000,000000000,0112.704,0003.830,0000.479,0166
 
000294867,000000000,000000000,0113.246,0003.606,0000.481,0166
 
000294891,000000000,000000000,0111.796,0004.085,0000.481,0166
 
000294915,000000000,000000000,0112.546,0004.103,0000.483,0166
 
000294939,000000000,000000000,0111.887,0004.085,0000.481,0167
 
000294963,000000000,000000000,0111.659,0003.862,0000.725,0167
 
000294987,000000000,000000000,0112.068,0004.085,0000.481,0167
 
000295011,000000000,000000000,0111.563,0004.103,0000.483,0167
 
000295035,000000000,000000000,0111.683,0003.814,0000.716,0167
 
000295059,000000000,000000000,0112.124,0004.103,0000.483,0167
 
000295083,000000000,000000000,0112.714,0003.846,0000.722,0167
 
000295107,000000000,000000000,0112.303,0004.120,0000.486,0166
 
000295131,000000000,000000000,0111.581,0004.138,0000.244,0167
 
000295155,000000000,000000000,0113.151,0003.830,0000.479,0173
 
000295179,000000000,000000000,0111.363,0003.878,0000.486,0166
 
000295203,000000000,000000000,0111.995,0004.361,0000.728,0167
 
000295227,000000000,000000000,0112.935,0003.862,0000.242,0166
 
000295251,000000000,000000000,0111.125,0004.325,0000.481,0167
 
000295275,000000000,000000000,0112.507,0003.814,0000.477,0179
 
000295299,000000000,000000000,0111.570,0004.603,0000.486,0173
 
000295323,000000000,000000000,0111.430,0004.307,0000.719,0166
 
000295347,000000000,000000000,0112.173,0004.103,0000.242,0179
 
000295371,000000000,000000000,0110.941,0004.602,0000.728,0006
 
000295395,000000000,000000000,0112.108,0004.103,0000.483,0006
 
000295419,000000000,000000000,0111.381,0004.052,0000.477,0006
 
000295443,000000000,000000000,0111.004,0004.343,0000.725,0166
 
000295467,000000000,000000000,0112.528,0004.085,0000.481,0006
 
000295491,000000000,000000000,0111.783,0004.362,0000.243,0006
 
000295515,000000000,000000000,0112.038,0004.086,0000.241,0006
 
000295539,000000000,000000000,0111.664,0004.085,0000.481,0006
 
000295563,000000000,000000000,0112.057,0004.052,0000.239,0006
 
000295587,000000000,000000000,0112.776,0004.085,0000.481,0166
 
000295611,000000000,000000000,0111.716,0004.085,0000.481,0166
 
000295635,000000000,000000000,0112.178,0004.103,0000.483,0166
 
000295659,000000000,000000000,0112.524,0004.102,0000.725,0166
 
000295683,000000000,000000000,0110.700,0004.103,0000.483,0166
 
000295707,000000000,000000000,0111.247,0004.343,0000.483,0167
 
000295731,000000000,000000000,0112.143,0004.103,0000.242,0167
 
000295755,000000000,000000000,0111.791,0004.103,0000.242,0167
 
000295779,000000000,000000000,0112.582,0004.103,0000.242,0166
 
000295803,000000000,000000000,0112.587,0003.606,0000.722,0167
 
000295827,000000000,000000000,0111.584,0004.325,0000.481,0167
 
000295851,000000000,000000000,0111.761,0004.380,0000.244,0167
 
000295875,000000000,000000000,0112.263,0004.068,0000.479,0167
 
000295899,000000000,000000000,0111.805,0004.325,0000.481,0173
 
000295923,000000000,000000000,0112.928,0003.606,0000.241,0173
 
000295947,000000000,000000000,0112.658,0003.862,0000.483,0166
 
000295971,000000000,000000000,0111.431,0004.343,0000.483,0166
 
000295995,000000000,000000000,0112.776,0004.085,0000.481,0166
 
000296019,000000000,000000000,0112.054,0004.085,0000.481,0166
 
000296043,000000000,000000000,0112.056,0004.102,0000.725,0173
 
000296067,000000000,000000000,0112.226,0003.878,0000.728,0179
 
000296091,000000000,000000000,0111.225,0004.361,0000.486,0166
 
000296115,000000000,000000000,0112.179,0004.103,0000.483,0167
 
000296139,000000000,000000000,0112.514,0004.103,0000.483,0179
 
000296163,000000000,000000000,0111.975,0004.068,0000.479,0166
 
000296187,000000000,000000000,0111.876,0004.102,0000.725,0179
 
000296211,000000000,000000000,0112.321,0004.155,0000.490,0166
 
000296235,000000000,000000000,0110.666,0004.325,0000.481,0166
 
000296259,000000000,000000000,0112.922,0003.862,0000.242,0166
 
000296283,000000000,000000000,0112.621,0004.085,0000.481,0166
 
000296307,000000000,000000000,0111.542,0004.085,0000.722,0167
 
000296331,000000000,000000000,0111.874,0004.173,0000.492,0166
 
000296355,000000000,000000000,0112.393,0004.103,0000.483,0166
 
000296379,000000000,000000000,0112.176,0003.846,0000.481,0166
 
000296403,000000000,000000000,0111.982,0004.085,0000.481,0166
 
000296427,000000000,000000000,0111.381,0004.102,0000.725,0167
 
000296451,000000000,000000000,0111.611,0004.086,0000.241,0167
 
000296475,000000000,000000000,0112.069,0003.862,0000.483,0167
 
000296499,000000000,000000000,0112.069,0003.830,0000.719,0167
 
000296523,000000000,000000000,0112.810,0003.830,0000.479,0167
 
000296547,000000000,000000000,0112.194,0004.103,0000.483,0166
 
000296571,000000000,000000000,0110.578,0004.564,0000.722,0167
 
000296595,000000000,000000000,0112.314,0003.846,0000.481,0167
 
000296619,000000000,000000000,0112.364,0003.846,0000.481,0167
 
000296643,000000000,000000000,0111.869,0004.085,0000.481,0166
 
000296667,000000000,000000000,0111.388,0004.325,0000.481,0166
 
000296691,000000000,000000000,0112.965,0004.103,0000.483,0173
 
000296715,000000000,000000000,0112.276,0004.103,0000.242,0167
 
000296739,000000000,000000000,0110.338,0004.564,0000.722,0179
 
000296763,000000000,000000000,0112.628,0003.830,0000.719,0173
 
000296787,000000000,000000000,0111.202,0004.103,0000.483,0166
 
000296811,000000000,000000000,0111.084,0004.343,0000.483,0179
 
000296835,000000000,000000000,0111.926,0003.862,0000.725,0166
 
000296859,000000000,000000000,0112.473,0003.846,0000.481,0173
 
000296883,000000000,000000000,0112.680,0003.606,0000.963,0166
 
000296907,000000000,000000000,0111.906,0004.103,0000.483,0166
 
000296931,000000000,000000000,0111.859,0003.830,0000.479,0166
 
000296955,000000000,000000000,0112.854,0003.830,0000.479,0166
 
000296979,000000000,000000000,0111.912,0004.085,0000.481,0166
 
000297003,000000000,000000000,0112.399,0003.862,0000.483,0166
 
000297027,000000000,000000000,0112.577,0004.103,0000.483,0166
 
000297051,000000000,000000000,0111.914,0004.085,0000.722,0166
 
000297075,000000000,000000000,0111.868,0004.103,0000.483,0166
 
000297099,000000000,000000000,0110.643,0004.583,0000.725,0166
 
000297123,000000000,000000000,0113.526,0003.606,0000.000,0166
 
000297147,000000000,000000000,0110.894,0004.361,0000.486,0006
 
000297171,000000000,000000000,0111.572,0004.068,0000.719,0166
 
000297195,000000000,000000000,0111.950,0004.085,0000.481,0167
 
000297219,000000000,000000000,0112.029,0004.086,0000.241,0167
 
000297243,000000000,000000000,0111.983,0003.829,0000.959,0167
 
000297267,000000000,000000000,0112.815,0003.862,0000.242,0167
 
000297291,000000000,000000000,0112.156,0004.343,0000.483,0006
 
000297315,000000000,000000000,0111.269,0004.343,0000.483,0167
 
000297339,000000000,000000000,0110.632,0004.361,0000.486,0167
 
000297363,000000000,-00000001,0112.810,0003.862,0000.725,0173
 
000297387,-00000002,-00000007,0105.041,0006.461,0003.366,0167
 
000297411,-00000013,-00000026,0111.050,0004.622,0000.975,0173
 
000297435,-00000025,-00000049,0105.406,0007.048,0003.912,0166
 
000297459,-00000028,-00000055,0108.939,0005.279,0001.685,0166
 
000297483,-00000049,-00000064,0118.047,0002.669,-000.486,0166
 
000297507,-00000026,-00000064,0116.533,0003.166,-000.731,0167
 
000297531,-00000014,-00000061,0114.710,0003.895,0000.000,0167
 
000297555,-00000007,-00000055,0116.700,0003.075,-000.474,0166
 
000297579,-00000001,-00000049,0114.733,0003.591,0000.479,0168
 
000297603,000000000,-00000049,0116.064,0003.113,0000.240,0167
 
000297627,000000003,-00000049,0113.563,0003.830,0000.000,0167
 
000297651,000000004,-00000030,0113.064,0003.813,0001.432,0167
 
000297675,000000004,-00000029,0114.443,0003.113,0000.240,0167
 
000297699,000000004,-00000026,0113.882,0003.862,0000.725,0175
 
000297723,000000003,-00000025,0115.203,0002.898,0000.725,0166
 
000297747,000000003,-00000015,0112.615,0004.051,0000.955,0179
 
000297771,000000002,-00000025,0112.899,0003.912,0000.245,0179
 
000297795,000000004,-00000025,0112.305,0003.845,0000.963,0166
 
000297819,000000004,-00000025,0110.739,0004.583,0000.483,0166
 
000297843,000000003,000000231,0110.869,0004.398,0001.224,0166
 
000297867,000000002,-00000025,0111.883,0004.085,0000.481,0166
 
000297891,000000003,-00000026,0109.390,0005.326,0000.486,0166
 
000297915,000000003,-00000027,0110.038,0004.583,0000.967,0167
 
000297939,000000004,-00000029,0112.483,0003.846,0000.481,0167
 
000297963,000000001,-00000030,0112.055,0004.085,0000.722,0006
 
000297987,000000001,-00000030,0113.615,0003.126,0000.481,0167
 
000298011,000000001,-00000032,0112.984,0003.636,0000.728,0166
 
000298035,000000000,-00000049,0110.398,0004.844,0000.728,0007
 
000298059,000000001,-00000049,0108.640,0005.520,0000.481,0167
 
000298083,000000001,000000207,0110.223,0004.803,0000.722,0006
 
000298107,000000000,-00000049,0109.923,0004.544,0001.198,0167
 
000298131,000000000,-00000049,0114.849,0003.366,0000.000,0006
 
000298155,000000001,-00000049,0111.537,0004.306,0000.959,0167
 
000298179,000000001,-00000031,0112.565,0003.862,0000.483,0007
 
000298203,000000001,-00000029,0113.840,0003.366,0000.481,0166
 
000298227,000000002,-00000029,0111.264,0004.325,0000.722,0167
 
000298251,000000001,-00000028,0110.116,0004.583,0000.967,0166
 
000298275,000000001,-00000026,0109.428,0005.259,0000.719,0179
 
000298299,000000001,-00000025,0113.333,0003.576,0000.000,0166
 
000298323,000000001,-00000028,0110.479,0004.803,0000.963,0167
 
000298347,000000000,-00000029,0108.273,0005.782,0000.967,0006
 
000298371,-00000001,-00000049,0111.730,0004.120,0000.243,0006
 
000298395,-00000001,-00000049,0111.759,0004.361,0000.486,0006
 
000298419,-00000002,-00000049,0110.519,0004.803,0000.481,0166
 
000298443,-00000004,-00000049,0111.195,0004.583,0000.242,0166
 
000298467,-00000004,-00000049,0112.740,0003.895,0000.731,0166
 
000298491,-00000004,-00000049,0110.647,0004.583,0000.725,0166
 
000298515,-00000002,-00000049,0114.278,0003.366,0000.722,0166
 
000298539,-00000001,-00000049,0112.044,0004.119,0001.214,0179
 
000298563,-00000001,000000207,0113.575,0003.576,0000.239,0179
 
000298587,-00000002,-00000049,0114.417,0003.395,0000.486,0179
 
000298611,000000000,-00000030,0112.520,0004.068,0000.479,0179
 
000298635,000000001,-00000029,0113.200,0003.830,0000.479,0006
 
000298659,000000002,-00000032,0110.917,0004.288,0001.193,0167
 
000298683,000000001,-00000049,0112.414,0004.120,0000.243,0006
 
000298707,000000000,-00000032,0111.614,0004.603,-000.243,0167
 
000298731,000000000,-00000032,0111.185,0004.803,0000.481,0166
 
000298755,000000002,-00012337,0111.019,0004.864,0000.975,0166
 
000298779,000000002,-00000049,0114.242,0003.352,0000.959,0006
 
000298803,000000001,-00000049,0113.447,0003.895,0000.731,0167
 
000298827,000000000,-00012337,0109.742,0005.520,0000.481,0006
 
000298851,000000001,-00000049,0111.787,0004.603,0000.243,0166
 
000298875,000000002,-00000049,0112.694,0004.035,0000.713,0167
 
000298899,000000001,-00000049,0111.478,0004.306,0001.198,0166
 
000298923,000000000,-00000049,0112.745,0004.325,0000.481,0166
 
000298947,000000001,-00000049,0113.817,0003.845,0000.963,0166
 
000298971,000000001,-00000049,0114.434,0003.652,0000.488,0166
 
000298995,000000000,-00000049,0115.254,0002.862,0000.477,0006
 
000299019,000000001,-00000032,0115.221,0003.126,0000.481,0166
 
000299043,000000001,-00000029,0112.643,0004.068,0000.479,0166
 
000299067,000000001,-00000028,0112.526,0004.343,0000.483,0166
 
000299091,000000001,-00000028,0113.706,0004.069,0000.240,0167
 
000299115,000000001,-00000026,0113.352,0003.845,0000.963,0166
 
000299139,000000001,-00000026,0112.041,0004.602,0000.728,0166
 
000299163,000000001,-00000026,0113.474,0004.085,0000.481,0166
 
000299187,000000002,-00000025,0113.749,0004.103,0000.242,0166
 
000299211,000000003,-00000025,0110.656,0005.042,0000.963,0166
 
000299235,000000002,-00000027,0114.559,0003.366,0000.481,0166
 
000299259,000000002,-00000030,0115.203,0003.166,0000.731,0179
 
000299283,000000002,-00000029,0112.507,0004.325,0000.722,0167
 
000299307,000000003,-00000028,0110.939,0004.783,0000.000,0168
 
000299331,000000002,-00000028,0110.548,0005.042,0000.241,0166
 
000299355,000000000,-00000029,0113.053,0004.603,0000.000,0167
 
000299379,000000001,-00000027,0111.179,0005.042,0000.481,0006
 
000299403,000000001,-00000026,0110.294,0005.021,0000.479,0006
 
000299427,000000000,-00000028,0114.195,0003.862,0000.242,0167
 
000299451,000000000,-00000028,0111.536,0004.803,0000.722,0166
 
000299475,000000000,-00000026,0111.652,0004.545,0000.719,0167
 
000299499,000000000,-00000026,0111.537,0004.783,0000.479,0006
 
000299523,000000000,-00000029,0111.009,0005.063,0000.483,0167
 
000299547,000000000,-00000032,0110.662,0004.864,0000.731,0167
 
000299571,-00000002,-00000049,0113.116,0004.085,0000.481,0006
 
000299595,-00000004,-00012337,0110.791,0004.763,0000.955,0166
 
000299619,-00000002,-00000049,0114.715,0003.153,0000.728,0166
 
000299643,-00000001,000000207,0113.523,0003.830,0000.719,0166
 
000299667,-00000002,-00000049,0113.478,0003.878,0000.243,0166
 
000299691,-00000772,-00000032,0114.978,0003.576,0000.477,0166
 
000299715,-00000002,-00000029,0114.279,0003.606,0000.481,0167
 
000299739,-00000002,-00000025,0113.223,0003.878,0000.728,0167
 
000299763,000000000,-00000025,0113.842,0004.343,0000.242,0167
 
000299787,000000000,-00000014,0113.455,0003.878,0000.486,0166
 
000299811,000000001,-00000013,0111.849,0004.564,0000.722,0167
 
000299835,000000000,-00000013,0114.216,0003.381,0000.483,0167
 
000299859,000000000,-00000013,0113.118,0004.138,0000.244,0166
 
000299883,-00000001,-00000013,0110.632,0005.543,0000.483,0167
 
000299907,-00000002,-00000025,0110.289,0005.520,0000.481,0166
 
000299931,000000000,-00000025,0113.233,0004.068,0000.479,0166
 
000299955,-00000001,-00000025,0112.667,0004.035,0000.713,0179
 
000299979,-00000001,-00000025,0112.572,0004.545,0000.240,0006
 
000300003,-00000002,-00000025,0114.999,0003.591,0000.479,0166
 
000300027,-00000002,-00000026,0114.174,0003.830,0000.240,0179
 
000300051,-00000001,-00006169,0112.676,0003.845,0000.963,0007
 
000300075,000000000,-00000025,0114.225,0004.085,0000.481,0179
 
000300099,000000000,-00000015,0114.064,0003.878,0000.486,0006
 
000300123,-00000001,-00000013,0114.255,0003.830,0000.479,0167
 
000300147,-00000001,-00000013,0112.894,0004.545,0000.479,0006
 
000300171,000000000,-00000013,0111.819,0004.583,0000.483,0006
 
000300195,000000000,-00003085,0112.204,0004.583,0000.725,0167
 
000300219,000000000,000000243,0111.332,0005.042,0000.481,0006
 
000300243,000000000,-00000013,0111.894,0004.823,0000.725,0167
 
000300267,000000000,-00000013,0111.855,0004.803,0000.722,0006
 
000300291,000000000,-00000013,0113.758,0003.830,0000.719,0167
 
000300315,-00000001,-00003085,0115.175,0003.366,0000.722,0166
 
000300339,-00000002,-00000013,0112.625,0004.564,0000.481,0166
 
000300363,000000000,-00000013,0111.228,0005.106,0000.731,0168
 
000300387,000000000,-00000014,0112.880,0004.783,0000.000,0166
 
000300411,000000000,-00000025,0113.610,0003.862,0000.967,0167
 
000300435,000000000,-00000025,0114.221,0004.068,0000.719,0006
 
000300459,000000000,-00000015,0112.283,0004.583,0000.483,0166
 
000300483,-00000001,-00000014,0111.289,0004.803,0000.481,0166
 
000300507,000000000,-00000013,0115.570,0003.366,0000.481,0166
 
000300531,000000000,-00000013,0113.434,0004.380,0000.731,0166
 
000300555,000000000,-00000013,0115.624,0003.381,0000.483,0167
 
000300579,000000000,-00000007,0114.046,0003.878,0000.243,0179
 
000300603,000000000,-00000007,0112.503,0004.622,0000.488,0166
 
000300627,000000000,000000249,0113.915,0004.325,0000.481,0167
 
000300651,000000000,-00000004,0114.025,0004.086,0000.241,0175
 
000300675,000000000,-00000001,0112.955,0004.343,0000.483,0166
 
000300699,000000000,000000000,0113.088,0004.603,0000.243,0166
 
000300723,000000000,000000000,0112.526,0004.603,0000.243,0166
 
000300747,000000000,000000000,0113.190,0004.307,0000.479,0166
 
000300771,000000000,000000000,0113.933,0004.103,0000.483,0166
 
000300795,000000000,000000000,0113.471,0004.289,0000.477,0166
 
000300819,000000000,000000000,0113.597,0004.343,0000.483,0166
 
000300843,000000000,000000000,0113.012,0004.343,0000.483,0166
 
000300867,000000000,000000000,0113.701,0004.343,0000.242,0006
 
000300891,000000000,000000000,0113.589,0004.307,0000.479,0167
 
000300915,000000000,000000000,0114.604,0004.361,0000.486,0166
 
000300939,000000000,000000000,0114.138,0004.086,0000.241,0006
 
000300963,000000000,000000000,0114.339,0004.086,0000.241,0167
 
000300987,000000000,-00000004,0112.402,0004.803,0000.722,0167
 
000301011,000000001,000000243,0112.220,0004.545,0000.959,0166
 
000301035,000000000,-00000013,0114.670,0004.307,0000.000,0167
 
000301059,000000001,-00000013,0114.975,0003.606,0000.963,0166
 
000301083,000000000,-00000004,0114.005,0004.343,0000.242,0167
 
000301107,000000000,000000000,0113.326,0004.343,0000.483,0167
 
000301131,000000000,000000000,0113.655,0004.289,0000.716,0166
 
000301155,000000000,000000000,0114.428,0004.343,0000.242,0166
 
000301179,000000000,000000000,0113.618,0004.583,0000.483,0006
 
000301203,000000000,000000000,0113.375,0004.583,0000.242,0179
 
000301227,000000000,000000000,0112.725,0004.564,0000.722,0166
 
000301251,000000000,000000000,0113.688,0004.325,0000.722,0166
 
000301275,000000000,000000000,0112.934,0004.361,0000.486,0166
 
000301299,000000000,000000000,0113.870,0004.085,0000.722,0166
 
000301323,000000000,000000000,0113.291,0004.526,0000.239,0166
 
000301347,000000000,000000000,0113.642,0004.325,0000.481,0166
 
000301371,000000000,000000000,0114.249,0004.068,0000.479,0166
 
000301395,000000000,000000000,0113.139,0004.325,0000.241,0166
 
000301419,000000000,000000000,0114.212,0004.583,0000.483,0166
 
000301443,000000000,000000000,0113.632,0004.068,0000.959,0166
 
000301467,000000000,000000000,0114.756,0004.085,0000.481,0166
 
000301491,000000000,000000000,0114.600,0004.343,0000.242,0179
 
000301515,000000000,000000000,0113.992,0004.325,0000.481,0166
 
000301539,000000000,000000000,0115.178,0004.086,0000.241,0166
 
000301563,000000000,000000000,0113.621,0004.103,0000.483,0166
 
000301587,000000000,000000000,0112.547,0004.783,0000.719,0166
 
000301611,000000000,000000000,0114.411,0004.325,0000.481,0006
 
000301635,000000000,000000000,0113.624,0004.307,0000.479,0167
 
000301659,000000000,000000000,0113.660,0004.545,0000.479,0167
 
000301683,000000000,000000000,0114.316,0004.102,0000.725,0007
 
000301707,000000000,000000000,0113.531,0004.307,0000.240,0167
 
000301731,000000000,000000000,0114.921,0004.343,0000.483,0166
 
000301755,000000000,000000000,0114.816,0004.068,0000.479,0167
 
000301779,000000000,000000000,0114.321,0004.362,0000.243,0166
 
000301803,000000000,000000000,0112.960,0004.564,0000.722,0167
 
000301827,000000000,000000000,0115.481,0003.846,0000.241,0166
 
000301851,000000000,000000000,0113.499,0004.085,0000.481,0173
 
000301875,000000000,000000000,0114.575,0003.846,0000.241,0166
 
000301899,000000000,000000000,0113.286,0004.564,0000.481,0167
 
000301923,000000000,000000000,0115.071,0003.846,0000.722,0166
 
000301947,000000000,000000000,0114.229,0004.069,0000.240,0166
 
000301971,000000000,000000000,0114.582,0004.069,0000.240,0007
 
000301995,000000000,000000000,0113.606,0004.289,0000.477,0179
 
000302019,000000000,000000000,0114.479,0004.103,0000.483,0166
 
000302043,000000000,000000000,0114.523,0004.085,0000.722,0166
 
000302067,000000000,000000000,0113.551,0004.103,0000.483,0166
 
000302091,000000000,000000000,0114.634,0004.103,0000.000,0167
 
000302115,000000000,000000000,0113.574,0004.086,0000.241,0177
 
000302139,000000000,000000000,0113.429,0004.564,0000.481,0167
 
000302163,000000000,000000000,0114.574,0004.051,0000.716,0167
 
000302187,000000000,000000000,0112.966,0004.583,0000.242,0166
 
000302211,000000000,000000000,0113.562,0004.380,0000.488,0166
 
000302235,000000000,000000000,0114.512,0004.069,0000.240,0166
 
000302259,000000000,000000000,0115.296,0004.103,0000.242,0166
 
000302283,000000000,000000000,0112.608,0004.823,0000.483,0166
 
000302307,000000000,000000000,0113.991,0004.085,0000.481,0179
 
000302331,000000000,000000000,0114.666,0004.103,0000.483,0166
 
000302355,000000000,000000000,0114.257,0004.325,0000.481,0166
 
000302379,000000000,000000000,0114.876,0004.085,0000.481,0167
 
000302403,000000000,000000000,0113.392,0004.583,0000.725,0006
 
000302427,000000000,000000000,0113.185,0004.583,0000.242,0167
 
000302451,000000000,000000000,0113.122,0004.583,0000.483,0166
 
000302475,000000000,000000000,0113.732,0004.325,0000.722,0166
 
000302499,000000000,000000000,0113.434,0004.325,-000.241,0166
 
000302523,000000000,000000000,0112.807,0004.603,0000.486,0006
 
000302547,000000000,000000000,0113.837,0004.343,0000.725,0167
 
000302571,000000000,000000000,0114.480,0004.069,0000.240,0167
 
000302595,000000000,000000000,0114.206,0004.343,0000.483,0167
 
000302619,000000000,000000000,0113.847,0004.583,0000.242,0166
 
000302643,000000000,000000000,0113.608,0004.603,0000.486,0166
 
000302667,000000000,000000000,0113.764,0004.307,0000.479,0167
 
000302691,000000000,000000000,0114.728,0004.325,0000.241,0166
 
000302715,000000000,000000000,0114.913,0004.068,0000.479,0166
 
000302739,000000000,000000000,0114.046,0004.325,0000.722,0166
 
000302763,000000000,000000000,0113.571,0004.583,0000.483,0166
 
000302787,000000000,000000000,0114.013,0004.307,0000.479,0166
 
000302811,000000000,000000000,0113.560,0004.325,0000.722,0166
 
000302835,000000000,000000000,0113.895,0004.325,0000.241,0166
 
000302859,000000000,000000000,0115.146,0004.052,0000.477,0166
 
000302883,000000000,000000000,0114.771,0004.307,0000.240,0166
 
000302907,000000000,000000000,0114.518,0004.086,0000.241,0166
 
000302931,000000000,000000000,0114.400,0004.068,0000.719,0166
 
000302955,000000000,000000000,0113.597,0004.325,0000.481,0166
 
000302979,000000000,000000000,0112.094,0004.823,0000.483,0166
 
000303003,000000000,000000000,0113.915,0004.325,0000.481,0166
 
000303027,000000000,000000000,0113.784,0004.622,0000.488,0166
 
000303051,000000000,000000000,0115.483,0004.086,0000.241,0166
 
000303075,000000000,000000000,0114.011,0004.343,0000.483,0166
 
000303099,000000000,000000000,0113.193,0004.583,0000.483,0006
 
000303123,000000000,000000000,0113.128,0004.361,0000.486,0167
 
000303147,000000000,000000000,0115.198,0004.086,0000.241,0006
 
000303171,000000000,000000000,0113.855,0004.085,0000.963,0166
 
000303195,000000000,000000000,0113.971,0004.325,0000.481,0167
 
000303219,000000000,000000000,0114.789,0004.307,0000.240,0167
 
