000040798,-00000025,000000659,0098.548,-007.969,0005.173,0311
 
000040817,000000000,000000000,0098.881,-006.960,0004.789,0290
 
000040837,000000000,000000000,0099.506,-005.968,0004.412,0314
 
000040857,000000000,000000000,0100.078,-005.060,0004.077,0310
 
000040877,000000000,000000000,0100.624,-004.211,0003.763,0310
 
000040897,000000000,000000000,0101.153,-003.457,0003.475,0314
 
000040917,000000000,000000000,0101.626,-002.742,0003.205,0310
 
000040937,000000000,000000000,0102.067,-002.116,0002.950,0310
 
000040957,000000000,000000000,0102.498,-001.501,0002.727,0314
 
000040977,000000000,000000000,0102.894,-000.971,0002.508,0310
 
000040997,000000000,000000000,0103.258,-000.522,0002.345,0290
 
000041017,000000000,000000000,0103.581,-000.110,0002.192,0289
 
000041037,000000000,000000000,0103.911,0000.309,0002.032,0310
 
000041057,000000000,000000000,0104.236,0000.664,0001.909,0289
 
000041077,000000000,000000000,0104.519,0001.010,0001.777,0319
 
000041097,000000000,000000000,0104.775,0001.323,0001.657,0315
 
000041117,000000000,000000000,0105.044,0001.589,0001.523,0289
 
000041137,000000000,000000000,0105.281,0001.810,0001.423,0321
 
000041157,000000000,000000000,0105.503,0002.056,0001.331,0317
 
000041177,000000000,000000000,0105.721,0002.299,0001.249,0289
 
000041197,000000000,000000000,0105.926,0002.480,0001.173,0320
 
000041217,000000000,000000000,0106.120,0002.666,0001.080,0315
 
000041237,000000000,000000000,0106.286,0002.773,0001.016,0289
 
000041257,000000000,000000000,0106.452,0002.913,0000.958,0320
 
000041277,000000000,000000000,0106.609,0003.060,0000.904,0317
 
000041297,000000000,000000000,0106.776,0003.173,0000.857,0290
 
000041317,000000000,000000000,0106.925,0003.279,0000.792,0319
 
000041337,000000000,000000000,0107.074,0003.417,0000.753,0321
 
000041357,000000000,000000000,0107.195,0003.479,0000.697,0289
 
000041377,000000000,000000000,0107.306,0003.563,0000.668,0318
 
000041397,000000000,000000000,0107.428,0003.668,0000.644,0310
 
000041417,000000000,000000000,0107.543,0003.766,0000.645,0290
 
000041437,000000000,000000000,0107.647,0003.837,0000.624,0314
 
000041457,000000000,000000000,0107.762,0003.882,0000.583,0310
 
000041477,000000000,000000000,0107.873,0003.932,0000.563,0289
 
000041497,000000000,000000000,0107.959,0003.996,0000.545,0314
 
000041517,000000000,000000000,0108.060,0004.053,0000.546,0310
 
000041537,000000000,000000000,0108.160,0004.109,0000.531,0289
 
000041557,000000000,000000000,0108.253,0004.134,0000.514,0290
 
000041577,000000000,000000000,0108.313,0004.176,0000.476,0310
 
000041597,000000000,000000000,0108.397,0004.191,0000.465,0310
 
000041617,000000000,000000000,0108.491,0004.201,0000.477,0320
 
000041637,000000000,000000000,0108.576,0004.236,0000.485,0310
 
000041657,000000000,000000000,0108.642,0004.268,0000.474,0310
 
000041677,000000000,000000000,0108.697,0004.278,0000.462,0320
 
000041697,000000000,000000000,0108.767,0004.330,0000.432,0310
 
000041717,000000000,000000000,0108.852,0004.354,0000.425,0310
 
000041737,000000000,000000000,0108.905,0004.376,0000.438,0289
 
000041757,000000000,000000000,0108.959,0004.396,0000.429,0310
 
000041777,000000000,000000000,0109.034,0004.393,0000.423,0289
 
000041797,000000000,000000000,0109.084,0004.408,0000.395,0289
 
000041817,000000000,000000000,0109.138,0004.424,0000.392,0310
 
000041837,000000000,000000000,0109.205,0004.438,0000.389,0289
 
000041857,000000000,000000000,0109.265,0004.470,0000.405,0321
 
000041877,000000000,000000000,0109.311,0004.478,0000.399,0318
 
000041897,000000000,000000000,0109.360,0004.489,0000.395,0290
 
000041917,000000000,000000000,0109.393,0004.453,0000.390,0320
 
000041937,000000000,000000000,0109.430,0004.419,0000.366,0315
 
000041957,000000000,000000000,0109.457,0004.412,0000.341,0289
 
000041977,000000000,000000000,0109.502,0004.402,0000.362,0320
 
000041997,000000000,000000000,0109.556,0004.420,0000.338,0320
 
000042017,000000000,-00000004,0109.434,0004.456,0000.333,0289
 
000042037,000000000,-00000013,0109.281,0004.467,0000.366,0320
 
000042057,000000000,-00000015,0109.072,0004.518,0000.375,0310
 
000042077,-00000001,-00000025,0108.913,0004.611,0000.378,0290
 
000042097,-00000001,-00000025,0108.815,0004.675,0000.391,0309
 
000042117,-00000003,-00000025,0108.731,0004.716,0000.402,0289
 
000042137,-00000004,-00000030,0108.663,0004.858,0000.415,0290
 
000042157,-00000004,-00000049,0108.598,0004.883,0000.320,0320
 
000042177,-00000007,-00000049,0108.559,0004.918,0000.276,0309
 
000042197,-00000004,-00000049,0108.528,0004.927,0000.258,0310
 
000042217,-00000004,-00000049,0108.555,0004.922,0000.325,0310
 
000042237,-00000004,-00000052,0108.649,0004.897,0000.415,0309
 
000042257,-00000007,-00000054,0108.801,0004.861,0000.397,0310
 
000042277,-00000007,-00000058,0108.922,0004.861,0000.379,0310
 
000042297,-00000004,-00000060,0108.975,0004.853,0000.336,0289
 
000042317,-00000001,-00000060,0108.982,0004.872,0000.330,0310
 
000042337,000000000,-00000060,0108.955,0004.759,0000.384,0321
 
000042357,000000001,-00000057,0108.942,0004.645,0000.383,0310
 
000042377,000000001,-00000058,0108.886,0004.557,0000.374,0310
 
000042397,000000002,-00000058,0108.854,0004.504,0000.328,0314
 
000042417,000000002,-00000059,0108.909,0004.574,0000.318,0310
 
000042437,000000001,-00000057,0108.964,0004.644,0000.350,0310
 
000042457,000000000,-00000056,0109.000,0004.635,0000.337,0289
 
000042477,000000000,-00000056,0109.033,0004.559,0000.415,0310
 
000042497,000000000,-00000055,0109.060,0004.613,0000.327,0289
 
000042517,000000000,-00000054,0109.057,0004.714,0000.202,0289
 
000042537,000000000,-00000053,0109.077,0004.653,0000.216,0310
 
000042557,-00000001,-00000052,0109.003,0004.650,0000.225,0290
 
000042577,000000000,-00000049,0108.953,0004.645,0000.231,0321
 
000042597,-00000001,-00000049,0108.918,0004.657,0000.327,0310
 
000042617,-00000002,-00000049,0108.919,0004.794,0000.306,0290
 
000042637,-00000004,-00000049,0108.899,0004.774,0000.366,0321
 
000042657,-00000004,-00000049,0108.899,0004.750,0000.365,0310
 
000042677,-00000001,-00000049,0108.887,0004.651,0000.364,0289
 
000042697,-00000002,-00000049,0108.881,0004.561,0000.342,0290
 
000042717,-00000002,-00000049,0108.836,0004.468,0000.297,0310
 
000042737,-00000002,-00000049,0108.802,0004.455,0000.320,0289
 
000042757,-00000001,-00000049,0108.745,0004.460,0000.318,0320
 
000042777,000000000,-00000037,0108.703,0004.460,0000.297,0310
 
000042797,000000000,-00000049,0108.681,0004.453,0000.322,0310
 
000042817,-00000002,-00000032,0108.660,0004.512,0000.363,0320
 
000042837,-00000001,-00000049,0108.629,0004.543,0000.403,0310
 
000042857,-00000001,-00000049,0108.575,0004.501,0000.396,0289
 
000042877,-00000001,-00000034,0108.559,0004.528,0000.454,0314
 
000042897,000000000,-00000049,0108.578,0004.556,0000.467,0310
 
000042917,000000000,-00000049,0108.580,0004.534,0000.499,0290
 
000042937,000000000,-00000049,0108.592,0004.616,0000.485,0310
 
000042957,000000000,-00000049,0108.612,0004.757,0000.538,0310
 
000042977,000000000,-00000049,0108.667,0004.721,0000.546,0290
 
000042997,-00000004,-00000050,0108.702,0004.663,0000.574,0310
 
000043017,-00000002,-00000049,0108.726,0004.774,0000.556,0310
 
000043037,-00000004,-00000051,0108.766,0004.794,0000.565,0319
 
000043057,-00000004,-00000053,0108.775,0004.752,0000.545,0314
 
000043077,-00000004,-00000057,0108.766,0004.700,0000.527,0310
 
000043097,-00000002,-00000056,0108.750,0004.682,0000.488,0310
 
000043117,-00000004,-00000055,0108.744,0004.614,0000.562,0310
 
000043137,-00000004,-00000055,0108.748,0004.624,0000.502,0310
 
000043157,-00000002,-00000054,0108.771,0004.699,0000.469,0310
 
000043177,-00000002,-00000052,0108.748,0004.632,0000.461,0314
 
000043197,-00000001,-00000050,0108.742,0004.546,0000.474,0310
 
000043217,000000000,-00000049,0108.738,0004.454,0000.487,0310
 
000043237,000000000,-00000049,0108.725,0004.380,0000.453,0310
 
000043257,000000000,-00000049,0108.705,0004.307,0000.405,0310
 
000043277,000000000,-00000049,0108.687,0004.244,0000.356,0289
 
000043297,-00000001,-00000044,0108.664,0004.273,0000.360,0310
 
000043317,-00000002,-00000049,0108.641,0004.315,0000.316,0310
 
000043337,-00000001,-00000049,0108.608,0004.249,0000.319,0289
 
000043357,-00000002,-00000049,0108.572,0004.277,0000.362,0289
 
000043377,-00000001,-00000049,0108.523,0004.303,0000.401,0310
 
000043397,-00000001,-00000049,0108.472,0004.223,0000.395,0289
 
000043417,-00000001,-00000032,0108.423,0004.190,0000.390,0289
 
000043437,-00000001,-00000049,0108.390,0004.278,0000.366,0310
 
000043457,-00000001,-00000049,0108.382,0004.280,0000.407,0289
 
000043477,-00000001,-00000032,0108.386,0004.238,0000.426,0320
 
000043497,-00000001,-00000029,0108.391,0004.289,0000.464,0310
 
000043517,-00000002,-00000028,0108.383,0004.291,0000.435,0290
 
000043537,000000000,-00000025,0108.365,0004.265,0000.448,0309
 
000043557,000000000,-00000025,0108.378,0004.264,0000.420,0310
 
000043577,-00000001,-00000026,0108.418,0004.290,0000.463,0289
 
000043597,000000000,-00000027,0108.415,0004.248,0000.411,0290
 
000043617,000000000,-00000025,0108.410,0004.313,0000.367,0310
 
000043637,000000000,-00000025,0108.379,0004.398,0000.388,0289
 
000043657,000000000,-00000025,0108.353,0004.390,0000.364,0320
 
000043677,000000000,-00000025,0108.336,0004.402,0000.365,0310
 
000043697,000000000,-00000025,0108.333,0004.411,0000.365,0310
 
000043717,000000000,-00000025,0108.366,0004.407,0000.451,0319
 
000043737,-00000001,-00000025,0108.407,0004.395,0000.426,0310
 
000043757,-00000001,-00000025,0108.442,0004.369,0000.425,0310
 
000043777,000000000,-00000025,0108.496,0004.360,0000.423,0314
 
000043797,000000000,-00000016,0108.549,0004.285,0000.421,0310
 
000043817,000000000,-00000014,0108.580,0004.307,0000.440,0310
 
000043837,-00000001,-00000013,0108.605,0004.348,0000.455,0314
 
000043857,000000000,-00000013,0108.629,0004.324,0000.429,0310
 
000043877,000000000,-00000013,0108.656,0004.341,0000.424,0310
 
000043897,000000001,-00000013,0108.661,0004.335,0000.418,0320
 
000043917,000000001,-00000013,0108.655,0004.312,0000.394,0310
 
000043937,000000001,-00000013,0108.647,0004.350,0000.412,0310
 
000043957,000000002,-00000013,0108.650,0004.343,0000.410,0316
 
000043977,000000001,-00000014,0108.651,0004.335,0000.428,0310
 
000043997,000000000,-00000014,0108.637,0004.332,0000.403,0289
 
000044017,000000000,-00000013,0108.617,0004.285,0000.423,0289
 
000044037,000000000,-00000013,0108.631,0004.241,0000.420,0310
 
000044057,000000000,-00000007,0108.644,0004.205,0000.416,0290
 
000044077,000000000,-00000002,0108.651,0004.168,0000.435,0321
 
000044097,000000000,000000000,0108.667,0004.202,0000.451,0315
 
000044117,000000000,000000000,0108.679,0004.229,0000.444,0289
 
000044137,000000000,000000000,0108.680,0004.255,0000.416,0320
 
000044157,000000000,000000000,0108.682,0004.277,0000.413,0318
 
000044177,000000000,000000000,0108.694,0004.319,0000.431,0289
 
000044197,000000000,000000000,0108.710,0004.384,0000.425,0320
 
000044217,000000000,000000000,0108.713,0004.394,0000.420,0320
 
000044237,000000000,000000000,0108.726,0004.424,0000.394,0290
 
000044257,000000000,000000000,0108.742,0004.410,0000.373,0290
 
000044277,000000000,000000000,0108.737,0004.415,0000.374,0321
 
000044297,000000000,000000000,0108.743,0004.419,0000.375,0290
 
000044317,000000000,000000000,0108.736,0004.429,0000.375,0319
 
000044337,000000000,000000000,0108.744,0004.457,0000.376,0289
 
000044357,000000000,000000000,0108.732,0004.460,0000.355,0289
 
000044377,000000000,000000000,0108.734,0004.462,0000.358,0290
 
000044397,000000000,000000000,0108.737,0004.467,0000.360,0289
 
000044417,000000000,000000000,0108.724,0004.490,0000.340,0289
 
000044437,000000000,000000000,0108.728,0004.516,0000.323,0290
 
000044457,000000000,000000000,0108.718,0004.517,0000.309,0289
 
000044477,000000000,000000000,0108.698,0004.519,0000.315,0289
 
000044497,000000000,000000000,0108.697,0004.540,0000.321,0289
 
000044517,000000000,000000000,0108.683,0004.535,0000.348,0289
 
000044537,000000000,000000000,0108.674,0004.534,0000.329,0289
 
000044557,000000000,000000000,0108.671,0004.532,0000.334,0314
 
000044577,000000000,000000000,0108.666,0004.529,0000.359,0289
 
000044597,000000000,000000000,0108.657,0004.504,0000.340,0289
 
000044617,000000000,000000000,0108.659,0004.521,0000.343,0289
 
000044637,000000000,000000000,0108.655,0004.518,0000.345,0310
 
000044657,000000000,000000000,0108.655,0004.541,0000.326,0310
 
000044677,000000000,000000000,0108.662,0004.539,0000.330,0290
 
000044697,000000000,000000000,0108.669,0004.538,0000.334,0310
 
000044717,000000000,000000000,0108.664,0004.534,0000.319,0289
 
000044737,000000000,000000000,0108.669,0004.529,0000.323,0290
 
000044757,000000000,000000000,0108.669,0004.506,0000.326,0310
 
000044777,000000000,000000000,0108.683,0004.504,0000.352,0289
 
000044797,000000000,000000000,0108.666,0004.461,0000.332,0321
 
000044817,000000000,000000000,0108.672,0004.487,0000.338,0310
 
000044837,000000000,000000000,0108.678,0004.447,0000.321,0289
 
000044857,000000000,000000000,0108.686,0004.472,0000.327,0321
 
000044877,000000000,000000000,0108.679,0004.473,0000.331,0318
 
000044897,000000000,000000000,0108.684,0004.480,0000.335,0289
 
000044917,000000000,000000000,0108.694,0004.489,0000.339,0320
 
000044937,000000000,000000000,0108.698,0004.487,0000.364,0318
 
000044957,000000000,000000000,0108.706,0004.467,0000.363,0289
 
000044977,000000000,000000000,0108.691,0004.454,0000.363,0320
 
000044997,000000000,000000000,0108.711,0004.458,0000.366,0321
 
000045017,000000000,000000000,0108.728,0004.440,0000.368,0290
 
000045037,000000000,000000000,0108.731,0004.425,0000.370,0320
 
000045057,000000000,000000000,0108.731,0004.451,0000.371,0290
 
000045077,000000000,000000000,0108.721,0004.460,0000.350,0289
 
000045097,000000000,000000000,0108.749,0004.439,0000.373,0290
 
000045117,000000000,000000000,0108.757,0004.442,0000.372,0289
 
000045137,000000000,000000000,0108.768,0004.472,0000.373,0289
 
000045157,000000000,000000000,0108.766,0004.433,0000.394,0290
 
000045177,000000000,000000000,0108.773,0004.438,0000.391,0310
 
000045197,000000000,000000000,0108.765,0004.422,0000.390,0310
 
000045217,000000000,000000000,0108.782,0004.403,0000.412,0289
 
000045237,000000000,000000000,0108.779,0004.388,0000.389,0289
 
000045257,000000000,000000000,0108.800,0004.374,0000.389,0290
 
000045277,000000000,000000000,0108.792,0004.360,0000.410,0290
 
000045297,000000000,000000000,0108.813,0004.373,0000.408,0310
 
000045317,000000000,000000000,0108.813,0004.408,0000.407,0310
 
000045337,000000000,-00000004,0108.657,0004.441,0000.408,0289
 
000045357,000000001,-00000013,0108.520,0005.620,0000.244,0289
 
000045377,000000002,-00000013,0108.416,0005.563,0000.243,0310
 
000045397,000000002,-00000013,0108.297,0005.489,0000.266,0314
 
000045417,000000002,-00000013,0108.218,0005.341,0000.276,0310
 
000045437,000000002,-00000007,0108.187,0005.173,0000.259,0310
 
000045457,000000000,-00000001,0108.153,0005.029,0000.294,0317
 
000045477,000000000,000000000,0108.124,0004.986,0000.281,0310
 
000045497,000000000,000000000,0108.107,0004.948,0000.290,0289
 
000045517,000000000,000000000,0108.098,0004.911,0000.318,0289
 
000045537,000000000,000000000,0108.072,0004.854,0000.302,0310
 
000045557,000000000,000000000,0108.054,0004.824,0000.310,0289
 
000045577,000000000,000000000,0108.047,0004.794,0000.316,0319
 
000045597,000000000,000000000,0108.036,0004.766,0000.343,0310
 
000045617,000000000,000000000,0108.031,0004.763,0000.346,0289
 
000045637,000000000,000000000,0108.036,0004.761,0000.350,0321
 
000045657,000000000,000000000,0108.032,0004.735,0000.334,0318
 
000045677,000000000,000000000,0108.025,0004.733,0000.318,0289
 
000045697,000000000,000000000,0108.020,0004.689,0000.323,0320
 
000045717,000000000,000000000,0108.032,0004.688,0000.372,0315
 
000045737,000000000,000000000,0108.028,0004.668,0000.395,0289
 
000045757,000000000,000000000,0108.019,0004.676,0000.395,0320
 
000045777,000000000,000000000,0108.013,0004.663,0000.394,0321
 
000045797,000000000,000000000,0108.015,0004.625,0000.394,0289
 
000045817,000000000,000000000,0108.014,0004.616,0000.414,0290
 
000045837,000000000,000000000,0108.013,0004.580,0000.434,0321
 
000045857,000000000,000000000,0108.006,0004.570,0000.429,0289
 
000045877,000000000,000000000,0108.010,0004.587,0000.425,0319
 
000045897,000000000,000000000,0108.016,0004.575,0000.420,0313
 
000045917,000000000,000000000,0108.008,0004.587,0000.373,0290
 
000045937,000000000,000000000,0108.021,0004.558,0000.373,0290
 
000045957,000000000,000000000,0108.021,0004.550,0000.372,0289
 
000045977,000000000,000000000,0108.037,0004.543,0000.371,0290
 
000045997,000000000,000000000,0108.044,0004.583,0000.372,0290
 
000046017,000000000,000000000,0108.060,0004.574,0000.350,0289
 
000046037,000000000,000000000,0108.067,0004.588,0000.352,0289
 
000046057,000000000,000000000,0108.091,0004.554,0000.374,0289
 
000046077,000000000,000000000,0108.107,0004.523,0000.375,0289
 
000046097,000000000,000000000,0108.105,0004.518,0000.376,0289
 
000046117,000000000,000000000,0108.113,0004.514,0000.376,0290
 
000046137,000000000,000000000,0108.124,0004.509,0000.398,0289
 
000046157,000000000,000000000,0108.129,0004.506,0000.397,0289
 
000046177,000000000,000000000,0108.129,0004.528,0000.375,0289
 
000046197,000000000,000000000,0108.126,0004.498,0000.377,0310
 
000046217,000000000,000000000,0108.139,0004.469,0000.397,0290
 
000046237,000000000,000000000,0108.153,0004.487,0000.376,0289
 
000046257,000000000,000000000,0108.173,0004.485,0000.399,0310
 
000046277,000000000,000000000,0108.174,0004.486,0000.376,0290
 
000046297,000000000,000000000,0108.197,0004.504,0000.376,0290
 
000046317,000000000,000000000,0108.213,0004.498,0000.400,0310
 
000046337,000000000,000000000,0108.228,0004.473,0000.420,0289
 
000046357,000000000,000000000,0108.237,0004.456,0000.415,0321
 
000046377,000000000,000000000,0108.249,0004.459,0000.414,0310
 
000046397,000000000,000000000,0108.266,0004.461,0000.413,0289
 
000046417,000000000,000000000,0108.269,0004.463,0000.389,0289
 
000046437,000000000,000000000,0108.280,0004.463,0000.389,0315
 
000046457,000000000,000000000,0108.287,0004.465,0000.390,0290
 
