000274765,000000000,000000000,0111.808,0004.068,0000.479,0290
 
000274790,000000000,000000000,0110.767,0004.603,0000.243,0289
 
000274814,000000000,000000000,0110.963,0004.307,0000.479,0289
 
000274838,000000000,000000000,0111.654,0004.545,0000.959,0289
 
000274862,000000000,000000000,0111.153,0004.545,0000.479,0289
 
000274886,000000000,000000000,0111.109,0004.343,0000.725,0320
 
000274910,000000000,000000000,0111.163,0004.343,0000.483,0290
 
000274934,000000000,000000000,0112.201,0004.325,0000.241,0289
 
000274958,000000000,000000000,0110.683,0004.803,0000.722,0290
 
000274982,000000000,000000000,0111.868,0004.343,0000.483,0290
 
000275006,000000000,000000000,0111.398,0004.343,0000.725,0289
 
000275030,000000000,000000000,0111.740,0004.325,0000.481,0289
 
000275054,000000000,000000000,0111.884,0004.325,0000.241,0289
 
000275078,000000000,000000000,0111.439,0004.564,0000.241,0290
 
000275102,000000000,000000000,0111.664,0004.343,0000.483,0290
 
000275126,000000000,000000000,0111.692,0004.603,0000.486,0290
 
000275150,000000000,000000000,0111.299,0004.583,0000.483,0290
 
000275174,000000000,000000000,0111.005,0004.844,0000.243,0290
 
000275198,000000000,000000000,0111.531,0004.325,0000.722,0289
 
000275222,000000000,000000000,0111.283,0004.361,0000.486,0290
 
000275246,000000000,000000000,0111.708,0004.603,0000.486,0289
 
000275270,000000000,000000000,0110.254,0004.823,0000.725,0309
 
000275294,000000000,000000000,0111.053,0004.564,0000.481,0309
 
000275318,000000000,000000000,0111.583,0004.564,0000.481,0309
 
000275342,000000000,000000000,0111.938,0003.846,0000.722,0309
 
000275366,000000000,000000000,0111.026,0004.361,0000.486,0310
 
000275390,000000000,000000000,0111.874,0004.325,0000.481,0310
 
000275414,000000000,000000000,0111.277,0004.325,0000.722,0310
 
000275438,000000000,000000000,0112.106,0004.622,0000.244,0309
 
000275462,000000000,000000000,0110.644,0004.803,0000.481,0315
 
000275486,000000000,000000000,0111.653,0004.583,0000.242,0321
 
000275510,000000000,000000000,0111.389,0004.343,0000.483,0320
 
000275534,000000000,000000000,0111.050,0004.545,0000.479,0321
 
000275558,000000000,000000000,0110.693,0004.564,0000.481,0315
 
000275582,000000000,000000000,0111.198,0004.583,0000.242,0315
 
000275606,000000000,000000000,0111.026,0004.583,0000.483,0310
 
000275630,000000000,000000000,0111.490,0004.307,0000.719,0320
 
000275654,000000000,000000000,0112.543,0004.068,0000.479,0320
 
000275678,000000000,000000000,0110.636,0004.564,0000.241,0320
 
000275702,000000000,000000000,0110.611,0004.864,0000.244,0320
 
000275726,000000000,000000000,0111.491,0004.086,0000.241,0321
 
000275750,000000000,000000000,0111.560,0004.085,0000.722,0290
 
000275774,000000000,000000000,0110.833,0004.844,0000.486,0290
 
000275798,000000000,000000000,0111.038,0004.583,0000.483,0289
 
000275822,000000000,000000000,0111.240,0004.307,0000.240,0290
 
000275846,000000000,000000000,0112.762,0004.052,0000.477,0290
 
000275870,000000000,000000000,0110.918,0004.085,0000.481,0290
 
000275894,000000000,000000000,0112.500,0004.103,0000.242,0290
 
000275918,000000000,000000000,0110.473,0004.583,0000.483,0289
 
000275942,000000000,000000000,0110.622,0004.603,0000.243,0289
 
000275966,000000000,000000000,0112.266,0004.325,0000.481,0289
 
000275990,000000000,000000000,0111.465,0004.068,0001.198,0289
 
000276014,000000000,000000000,0110.718,0004.583,0000.483,0309
 
000276038,000000000,000000000,0110.135,0004.325,0000.481,0290
 
000276062,000000000,000000000,0111.603,0004.325,0000.241,0309
 
000276086,000000000,000000000,0111.800,0004.086,0000.241,0309
 
000276110,000000000,000000000,0112.419,0004.085,0000.722,0309
 
000276134,000000000,000000000,0111.899,0004.069,0000.240,0310
 
000276158,000000000,000000000,0111.054,0004.343,0000.483,0310
 
000276182,000000000,000000000,0111.554,0004.325,0000.481,0310
 
000276206,000000000,000000000,0111.948,0004.103,0000.483,0315
 
000276230,000000000,000000000,0110.848,0004.564,0000.481,0320
 
000276254,000000000,000000000,0111.098,0004.307,0000.479,0320
 
000276278,000000000,000000000,0111.486,0004.361,0000.728,0320
 
000276302,000000000,000000000,0111.857,0004.325,0000.241,0320
 
000276326,000000000,000000000,0111.612,0004.583,0000.483,0310
 
000276350,000000000,000000000,0110.849,0004.343,0000.242,0319
 
000276374,000000000,000000000,0111.287,0004.325,0000.241,0320
 
000276398,000000000,000000000,0112.765,0003.862,0000.483,0319
 
000276422,000000000,000000000,0111.942,0004.103,0000.483,0319
 
000276446,000000000,000000000,0110.793,0004.343,0000.725,0289
 
000276470,000000000,000000000,0111.154,0004.362,0000.243,0290
 
000276494,000000000,000000000,0111.471,0004.307,0000.240,0290
 
000276518,000000000,000000000,0110.069,0004.343,0000.483,0289
 
000276542,000000000,000000000,0111.202,0004.361,0000.728,0290
 
000276566,000000000,000000000,0111.279,0004.603,0000.486,0290
 
000276590,000000000,000000000,0111.463,0004.361,0000.486,0290
 
000276614,000000000,000000000,0111.465,0004.325,0000.481,0290
 
000276638,000000000,000000000,0111.235,0004.526,0000.477,0290
 
000276662,000000000,000000000,0111.419,0004.325,0000.481,0289
 
000276686,000000000,000000000,0111.016,0004.325,0000.241,0289
 
000276710,000000000,000000000,0110.748,0004.844,0000.243,0289
 
000276734,000000000,-00000007,0109.490,0005.303,0000.967,0290
 
000276758,000000000,-00000014,0109.271,0005.063,0000.725,0289
 
000276782,000000000,-00000016,0109.893,0004.603,0000.486,0290
 
000276806,000000000,-00000025,0107.895,0005.303,0000.000,0289
 
000276830,000000000,-00000025,0108.808,0004.844,0000.243,0289
 
000276854,-00000001,-00000049,0108.922,0005.021,0000.479,0311
 
000276878,-00000004,-00000049,0106.681,0005.685,0001.664,0310
 
000276902,-00000004,-00000049,0109.027,0005.021,0000.240,0310
 
000276926,-00000004,-00000058,0110.596,0003.798,0000.000,0309
 
000276950,-00000004,-00000097,0109.180,0005.021,0000.719,0289
 
000276974,-00000007,-00000097,0107.884,0005.996,0000.481,0313
 
000276998,-00000007,-00000097,0110.596,0004.086,0000.241,0290
 
000277022,-00000007,-00000097,0109.448,0004.783,0000.479,0320
 
000277046,-00000007,-00000097,0110.421,0003.878,0000.486,0290
 
000277070,-00000013,-00000064,0111.438,0003.087,0000.713,0320
 
000277094,-00000007,-00000057,0110.036,0004.380,0000.244,0321
 
000277118,-00000004,-00000050,0111.103,0003.814,0000.477,0320
 
000277142,-00000007,-00000049,0109.703,0004.120,0000.728,0320
 
000277166,-00000007,-00000049,0109.696,0003.846,0000.481,0319
 
000277190,-00000004,-00000049,0110.059,0003.352,0000.719,0290
 
000277214,-00000007,-00000049,0110.301,0003.381,0000.242,0290
 
000277238,-00000004,-00000049,0109.143,0004.103,0000.483,0289
 
000277262,-00000004,-00000049,0108.073,0004.823,0000.483,0289
 
000277286,-00000004,-00000049,0107.771,0004.783,0000.240,0290
 
000277310,-00000002,-00000049,0107.712,0004.583,0000.725,0290
 
000277334,-00000002,-00000049,0110.266,0003.113,0000.240,0290
 
000277358,-00000004,-00000049,0108.368,0004.307,0000.719,0290
 
000277382,-00000002,-00000049,0109.247,0004.325,0000.241,0290
 
000277406,-00000002,-00000049,0106.852,0004.844,0000.728,0290
 
000277430,-00000001,-00000049,0107.550,0004.545,0000.479,0320
 
000277454,000000000,-00000049,0108.915,0003.878,0000.486,0289
 
000277478,-00000001,-00000049,0107.922,0004.564,0000.722,0289
 
000277502,000000000,-00000049,0107.963,0004.325,0000.241,0289
 
000277526,000000000,-00000049,0109.819,0003.606,0000.000,0290
 
000277550,000000000,-00000052,0109.180,0004.085,0000.481,0289
 
000277574,000000001,-00000055,0107.270,0004.803,0000.241,0311
 
000277598,000000000,-00000053,0109.851,0003.562,0000.238,0289
 
000277622,000000000,-00000054,0109.723,0003.576,0000.000,0313
 
000277646,000000002,-00000056,0109.701,0003.606,0000.722,0290
 
000277670,000000003,-00000057,0106.827,0004.085,0001.204,0310
 
000277694,000000002,-00000060,0107.936,0004.271,0000.238,0310
 
000277718,000000000,-00000060,0106.703,0005.216,0000.000,0310
 
000277742,000000000,-00000061,0107.841,0004.545,-000.240,0289
 
000277766,-00000001,-00000063,0106.909,0004.783,0000.479,0290
 
000277790,000000000,-00000097,0107.350,0004.399,0000.245,0309
 
000277814,000000000,-00000063,0108.442,0003.912,0000.000,0290
 
000277838,000000003,-00000061,0107.756,0004.864,0000.731,0289
 
000277862,000000001,-00000061,0108.591,0003.621,0000.483,0290
 
000277886,000000000,-00000059,0107.815,0004.035,0000.475,0320
 
000277910,000000000,-00000055,0107.054,0004.642,0000.490,0320
 
000277934,-00000001,-00000055,0106.724,0004.803,0000.963,0321
 
000277958,-00000002,-00000057,0105.633,0005.856,0000.245,0290
 
000277982,000000000,-00000057,0108.525,0004.068,0000.719,0289
 
000278006,000000000,-00000060,0108.148,0004.085,0000.481,0290
 
000278030,000000000,-00000061,0107.773,0004.307,0000.240,0290
 
000278054,-00000004,-00000060,0109.770,0002.886,0000.722,0290
 
000278078,-00000007,-00000058,0109.782,0003.126,0000.481,0290
 
000278102,-00000007,-00000052,0110.959,0002.851,0000.000,0290
 
000278126,-00000007,-00000052,0108.926,0003.179,0000.979,0320
 
000278150,-00000007,-00000055,0108.161,0004.138,0000.000,0290
 
000278174,-00000004,-00000052,0109.508,0003.621,0000.242,0289
 
000278198,-00000002,-00000049,0109.738,0003.126,0000.722,0309
 
000278222,-00000001,-00000049,0107.807,0004.361,0000.486,0290
 
000278246,000000000,-00000049,0108.544,0004.103,0000.483,0310
 
000278270,-00000001,-00000049,0107.981,0004.103,0000.000,0290
 
000278294,000000000,-00000049,0108.778,0003.591,0000.719,0290
 
000278318,000000000,-00000049,0108.786,0003.830,0000.719,0311
 
000278342,000000000,-00000049,0108.156,0004.138,0000.244,0320
 
000278366,000000000,-00000049,0109.027,0003.846,0000.241,0313
 
000278390,000000000,-00000049,0108.103,0003.829,0000.959,0310
 
000278414,-00000001,-00000049,0109.112,0003.380,0000.725,0309
 
000278438,-00000001,-00000049,0108.027,0003.862,0000.725,0320
 
000278462,-00000002,-00000032,0108.833,0003.878,0000.971,0309
 
000278486,-00000002,-00000032,0108.124,0003.928,0000.246,0289
 
000278510,-00000002,-00000030,0108.611,0003.830,0000.240,0289
 
000278534,-00000002,-00000028,0107.486,0004.343,0000.967,0289
 
000278558,-00000002,-00000028,0107.813,0004.564,0000.481,0310
 
000278582,-00000004,-00000028,0109.005,0003.637,0000.243,0289
 
000278606,-00000004,-00000028,0107.654,0004.085,0000.481,0289
 
000278630,-00000002,-00000028,0108.061,0003.814,0000.477,0290
 
000278654,-00000002,-00000028,0109.002,0003.846,-000.241,0289
 
000278678,-00000002,-00000028,0109.246,0003.621,0000.242,0289
 
000278702,-00000004,-00000026,0110.442,0003.113,0000.240,0290
 
000278726,-00000001,-00000025,0109.263,0003.637,0000.243,0289
 
000278750,-00000002,-00000025,0108.645,0003.591,0000.719,0289
 
000278774,-00000001,-00000016,0109.255,0003.381,0000.242,0290
 
000278798,-00000001,-00000013,0108.578,0003.846,0000.722,0289
 
000278822,-00000001,-00000008,0109.573,0003.366,0000.241,0290
 
000278846,000000000,-00000004,0108.733,0004.120,0000.243,0309
 
000278870,000000000,-00000001,0108.216,0004.068,0000.479,0320
 
000278894,000000000,000000000,0108.905,0003.878,0000.243,0289
 
000278918,000000000,000000000,0109.047,0003.846,0000.481,0310
 
000278942,000000000,000000000,0108.321,0004.343,0000.242,0290
 
000278966,000000000,000000000,0107.961,0004.307,0000.240,0309
 
000278990,000000000,000000000,0108.502,0003.830,0000.240,0310
 
000279014,000000000,000000000,0109.100,0003.814,0000.477,0321
 
000279038,000000000,000000000,0108.304,0004.102,0000.725,0320
 
000279062,000000000,000000000,0108.202,0004.343,0000.483,0320
 
000279086,000000000,000000000,0108.207,0004.103,0000.483,0321
 
000279110,000000000,000000000,0108.426,0004.085,0000.722,0320
 
000279134,000000000,000000000,0108.714,0003.846,0000.481,0319
 
000279158,000000000,000000000,0107.882,0004.343,0000.483,0320
 
000279182,000000000,000000000,0108.704,0004.325,0000.241,0320
 
000279206,000000000,000000000,0108.488,0004.103,0000.483,0320
 
000279230,000000000,000000000,0108.624,0004.086,0000.241,0290
 
000279254,000000000,000000000,0110.041,0003.606,0000.481,0290
 
000279278,000000000,000000000,0109.267,0004.120,0000.243,0289
 
000279302,000000000,000000000,0108.829,0003.862,0000.483,0290
 
000279326,000000000,000000000,0108.526,0004.103,0000.242,0289
 
000279350,000000000,000000000,0108.460,0003.862,0000.242,0290
 
000279374,000000000,000000000,0108.435,0004.325,0000.722,0290
 
000279398,000000000,000000000,0108.704,0004.271,0000.475,0290
 
000279422,000000000,000000000,0108.380,0004.361,0000.486,0290
 
000279446,000000000,000000000,0109.117,0004.085,0000.481,0289
 
000279470,000000000,000000000,0109.330,0003.621,0000.242,0289
 
000279494,000000000,000000000,0107.965,0004.564,0000.481,0289
 
000279518,000000000,000000000,0107.794,0004.325,0000.481,0289
 
000279542,000000000,000000000,0108.027,0004.564,0000.481,0289
 
000279566,000000000,000000000,0108.882,0004.307,0000.479,0310
 
000279590,000000000,000000000,0108.589,0004.102,0000.725,0309
 
000279614,000000000,000000000,0108.595,0004.103,0000.483,0310
 
000279638,000000000,000000000,0108.002,0004.380,0000.244,0309
 
000279662,000000000,000000000,0108.953,0003.862,0000.483,0310
 
000279686,000000000,000000000,0108.389,0004.085,0000.481,0315
 
000279710,000000000,000000000,0109.513,0004.068,0000.479,0310
 
000279734,000000000,000000000,0108.926,0004.086,0000.241,0310
 
000279758,000000000,000000000,0108.518,0004.325,0000.481,0310
 
000279782,000000000,000000000,0109.271,0004.085,0000.722,0320
 
000279806,000000000,000000000,0106.965,0004.803,0000.481,0315
 
000279830,000000000,000000000,0109.459,0003.606,0000.481,0320
 
000279854,000000000,000000000,0108.544,0004.343,0000.483,0321
 
000279878,000000000,000000000,0107.943,0004.343,0000.000,0290
 
000279902,000000000,000000000,0108.435,0004.068,0000.719,0290
 
000279926,000000000,000000000,0109.045,0003.846,0000.241,0289
 
000279950,000000000,000000000,0109.169,0004.052,0000.239,0289
 
000279974,000000000,000000000,0108.710,0004.325,0000.241,0290
 
000279998,000000000,000000000,0108.710,0004.103,0000.242,0289
 
000280022,000000000,000000000,0108.843,0004.086,0000.241,0290
 
000280046,000000000,000000000,0108.217,0004.307,0000.240,0289
 
000280070,000000000,000000000,0108.408,0004.103,0000.483,0290
 
000280094,000000000,000000000,0109.205,0003.846,0000.241,0289
 
000280118,000000000,000000000,0108.529,0004.085,0000.481,0289
 
000280142,000000000,000000000,0109.216,0004.085,0000.481,0290
 
000280166,000000000,000000000,0109.254,0003.862,0000.483,0290
 
000280190,000000000,000000000,0108.407,0004.069,0000.240,0289
 
000280214,000000000,000000000,0109.329,0003.862,0000.242,0289
 
