000533453,000000134,-00000409,0111.738,0004.343,0000.483,0006
 
000533478,000000000,000000000,0113.637,0003.862,0000.725,0167
 
000533502,000000000,000000000,0113.565,0003.895,0000.244,0166
 
000533526,000000000,000000000,0113.292,0004.103,0000.242,0166
 
000533550,000000000,000000000,0112.890,0004.103,0000.483,0166
 
000533574,000000000,000000000,0112.136,0004.307,0000.719,0166
 
000533598,000000000,000000000,0114.165,0003.830,0000.240,0166
 
000533622,000000000,000000000,0112.575,0004.103,0000.483,0166
 
000533646,000000000,000000000,0111.784,0004.068,0000.959,0166
 
000533670,000000000,000000000,0113.380,0004.103,0000.242,0166
 
000533694,000000000,000000000,0112.854,0004.325,0000.481,0166
 
000533718,000000000,000000000,0112.777,0004.603,0000.000,0166
 
000533742,000000000,000000000,0112.274,0004.564,0000.722,0006
 
000533766,000000000,000000000,0113.249,0003.846,0000.722,0166
 
000533790,000000000,000000000,0111.457,0004.343,0000.725,0166
 
000533814,000000000,000000000,0113.142,0004.120,0000.243,0167
 
000533838,000000000,000000000,0112.320,0004.343,0000.483,0167
 
000533862,000000000,000000000,0112.196,0004.120,0000.728,0006
 
000533886,000000000,000000000,0113.191,0004.343,0000.483,0166
 
000533910,000000000,000000000,0112.051,0004.085,0000.481,0006
 
000533934,000000000,000000000,0112.399,0004.343,0000.483,0167
 
000533958,000000000,000000000,0112.737,0004.085,0000.481,0166
 
000533982,000000000,000000000,0113.955,0003.140,0000.483,0006
 
000534006,000000000,000000000,0112.573,0004.362,0000.243,0179
 
000534030,000000000,000000000,0113.028,0003.830,0000.479,0167
 
000534054,000000000,000000000,0113.213,0004.085,0000.481,0167
 
000534078,000000000,000000000,0112.491,0004.120,0000.486,0166
 
000534102,000000000,000000000,0112.818,0004.120,0000.243,0166
 
000534126,000000000,000000000,0114.290,0003.637,0000.243,0166
 
000534150,000000000,000000000,0112.059,0004.343,0000.725,0166
 
000534174,000000000,000000000,0112.380,0004.103,0000.483,0166
 
000534198,000000000,000000000,0113.034,0004.085,0000.722,0173
 
000534222,000000000,000000000,0114.248,0003.606,0000.481,0166
 
000534246,000000000,000000000,0112.930,0004.102,0000.725,0166
 
000534270,000000000,000000000,0113.571,0004.325,0000.722,0166
 
000534294,000000000,000000000,0112.021,0004.103,0000.483,0166
 
000534318,000000000,000000000,0111.959,0004.307,0000.479,0166
 
000534342,000000000,000000000,0114.516,0003.846,0000.481,0166
 
000534366,000000000,000000000,0113.445,0003.621,0000.725,0166
 
000534390,000000000,000000000,0113.140,0004.120,0000.486,0166
 
000534414,000000000,000000000,0111.561,0004.361,0000.728,0166
 
000534438,000000000,000000000,0113.508,0003.846,0000.481,0166
 
000534462,000000000,000000000,0113.491,0004.085,0000.481,0166
 
000534486,000000000,000000000,0111.979,0004.289,0000.477,0166
 
000534510,000000000,000000000,0111.910,0004.343,0000.725,0166
 
000534534,000000000,000000000,0113.668,0003.846,0000.481,0167
 
000534558,000000000,000000000,0112.334,0004.085,0000.963,0166
 
000534582,000000000,000000000,0112.193,0004.343,0000.242,0167
 
000534606,000000000,000000000,0113.077,0003.862,0000.483,0167
 
000534630,000000000,000000000,0112.834,0004.103,0000.483,0167
 
000534654,000000000,000000000,0113.640,0003.814,0000.239,0167
 
000534678,000000000,000000000,0113.160,0003.846,0000.481,0167
 
000534702,000000000,000000000,0112.900,0004.103,0000.483,0167
 
000534726,000000000,000000000,0112.285,0004.343,0000.483,0167
 
000534750,000000000,000000000,0113.129,0003.846,0000.481,0167
 
000534774,000000000,000000000,0113.077,0003.814,0000.716,0167
 
000534798,000000000,000000000,0113.013,0004.103,0000.483,0167
 
000534822,000000000,000000000,0112.242,0004.085,0000.481,0167
 
000534846,000000000,000000000,0113.532,0003.830,0000.479,0179
 
000534870,000000000,000000000,0111.292,0004.343,0000.483,0179
 
000534894,000000000,000000000,0112.906,0004.325,0000.481,0179
 
000534918,000000000,000000000,0111.526,0004.380,0000.731,0179
 
000534942,000000000,000000000,0112.791,0004.138,0000.244,0173
 
000534966,000000000,000000000,0113.255,0004.068,0000.719,0179
 
000534990,000000000,000000000,0111.772,0004.343,0000.483,0179
 
000535014,000000000,000000000,0112.500,0004.343,0000.242,0179
 
000535038,000000000,000000000,0113.489,0003.591,0000.959,0179
 
000535062,000000000,000000000,0112.932,0004.103,0000.483,0006
 
000535086,000000000,000000000,0113.437,0003.862,0000.242,0006
 
000535110,000000000,000000000,0112.727,0004.102,0000.725,0006
 
000535134,000000000,000000000,0112.396,0004.103,0000.483,0006
 
000535158,000000000,000000000,0113.712,0003.862,0000.242,0166
 
000535182,000000000,000000000,0113.256,0003.830,0000.479,0007
 
000535206,000000000,000000000,0112.617,0004.343,0000.483,0166
 
000535230,000000000,000000000,0113.651,0004.068,0000.479,0166
 
000535254,000000000,000000000,0113.267,0003.846,0000.481,0006
 
000535278,000000000,000000000,0113.035,0004.085,0000.481,0166
 
000535302,000000000,000000000,0112.421,0004.325,0000.722,0166
 
000535326,000000000,-00000002,0111.535,0004.343,0000.725,0166
 
000535350,000000000,-00000008,0113.422,0003.862,0000.242,0166
 
000535374,000000000,-00000013,0111.083,0004.085,0000.963,0166
 
000535398,000000001,-00000013,0111.283,0004.526,0000.239,0166
 
000535422,000000001,-00000016,0110.944,0004.803,0000.241,0166
 
000535446,000000001,-00000025,0108.861,0005.428,0001.184,0166
 
000535470,000000000,-00000031,0109.481,0005.565,0001.456,0166
 
000535494,000000000,-00000049,0112.048,0003.928,0000.738,0166
 
000535518,-00000004,-00000049,0109.208,0006.157,-000.238,0166
 
000535542,-00000007,-00000052,0114.233,0003.606,0001.204,0166
 
000535566,-00000007,-00000055,0116.271,0003.395,-000.486,0166
 
000535590,-00000004,-00000054,0110.562,0005.497,0000.000,0179
 
000535614,-00000004,-00000058,0111.542,0004.563,0001.204,0167
 
000535638,-00000001,-00000059,0111.864,0004.564,0000.963,0007
 
000535662,-00000002,-00000057,0114.367,0002.959,0001.975,0166
 
000535686,-00000001,-00000052,0114.203,0003.380,0000.967,0179
 
000535710,-00000001,-00000053,0110.827,0004.100,0001.933,0179
 
000535734,000000000,-00000058,0113.676,0003.752,0000.235,0179
 
000535758,-00000001,-00000060,0115.600,0003.366,0000.000,0167
 
000535782,-00000004,-00000061,0112.784,0004.209,0000.744,0166
 
000535806,-00000004,-00000060,0115.362,0002.948,0000.492,0167
 
000535830,-00000004,-00000060,0113.615,0004.068,0000.479,0006
 
000535854,-00000772,-00000062,0114.165,0004.507,-000.713,0166
 
000535878,000000000,-00000097,0109.687,0005.971,-000.479,0167
 
000535902,000000000,-00000097,0116.184,0003.166,0000.731,0006
 
000535926,-00000002,-00000097,0114.829,0002.690,0001.958,0167
 
000535950,000000000,-00000097,0113.088,0004.306,0001.198,0006
 
000535974,000000000,-00000097,0113.746,0004.155,0000.490,0166
 
000535998,000000000,-00000097,0114.873,0003.591,0000.479,0006
 
000536022,-00000002,-00000097,0113.723,0003.546,0001.420,0166
 
000536046,-00000007,-00000097,0113.168,0004.137,0000.731,0166
 
000536070,-00000008,-00000097,0113.558,0004.325,0000.241,0166
 
000536094,-00000007,-00000097,0112.111,0005.042,0000.722,0167
 
000536118,-00000004,-00000097,0119.125,0001.941,-000.243,0166
 
000536142,-00000004,-00000097,0120.375,0000.967,0000.483,0166
 
000536166,-00000002,-00000097,0114.520,0004.085,0000.481,0166
 
000536190,-00000004,-00000097,0114.479,0004.343,0000.000,0167
 
000536214,-00000001,000000159,0117.257,0002.911,0000.243,0166
 
000536238,-00000001,-00024673,0116.112,0003.862,0000.000,0006
 
000536262,-00000001,-00000097,0115.466,0003.619,0001.933,0166
 
000536286,000000000,-00000097,0112.376,0004.098,0002.899,0006
 
000536310,000000000,-00000097,0117.337,0002.679,0001.219,0166
 
000536334,-00000001,-00000097,0115.370,0004.035,0000.475,0179
 
000536358,-00000772,-00000256,0115.241,0004.325,0000.722,0179
 
000536382,-00000002,-00000097,0112.987,0004.743,0000.951,0166
 
000536406,000000000,-00000097,0119.341,0002.386,0000.477,0179
 
000536430,000000000,-00000097,0113.229,0005.021,0000.959,0179
 
000536454,-00000001,-00000097,0117.881,0002.874,0000.719,0166
 
000536478,-00000002,-00000097,0121.084,0001.706,0000.731,0179
 
000536502,-00000001,-00000097,0106.678,0007.722,0000.243,0179
 
000536526,-00000004,-00000097,0111.262,0006.287,-000.243,0166
 
000536550,-00000007,-00000097,0111.757,0006.287,-000.243,0166
 
000536574,-00000007,-00000097,0114.534,0003.861,0001.692,0006
 
000536598,-00000007,-00000097,0117.052,0003.590,0001.198,0167
 
000536622,000000249,000000159,0119.705,0002.416,0000.483,0179
 
000536646,-00000007,-00000097,0117.237,0003.911,0000.490,0166
 
000536670,-00000008,-00000097,0108.183,0007.626,0000.000,0006
 
000536694,-00000007,-00000097,0114.382,0004.824,0000.242,0006
 
000536718,000000249,-00000097,0111.281,0005.757,0001.204,0166
 
000536742,-00000004,-00000097,0121.102,0001.917,0000.479,0006
 
000536766,-00000007,-00000097,0120.082,0002.174,0000.967,0167
 
000536790,-00000007,-00000097,0113.254,0004.863,0001.219,0166
 
000536814,-00000004,-00000097,0114.285,0004.803,0000.722,0166
 
000536838,-00000001,-00000097,0112.035,0005.520,0000.241,0168
 
000536862,-00000002,-00000097,0120.309,0002.426,-000.243,0166
 
000536886,-00000007,-00000103,0117.557,0003.366,0000.722,0166
 
000536910,-00000007,-00000103,0114.882,0004.489,0000.237,0167
 
000536934,-00000007,-00000103,0117.541,0003.862,0000.483,0167
 
000536958,-00000002,-00000103,0116.457,0004.307,0000.000,0167
 
000536982,-00000002,-00000098,0112.819,0005.758,0000.241,0166
 
000537006,-00000001,-00000097,0117.989,0003.366,0000.241,0167
 
000537030,-00000002,-00000100,0114.211,0005.106,-000.244,0166
 
000537054,-00000004,-00000100,0124.379,0000.713,0000.475,0167
 
000537078,-00000002,-00000097,0116.192,0004.289,0000.716,0179
 
000537102,000000000,-00000098,0113.828,0004.803,0000.963,0179
 
000537126,000000000,-00000100,0111.940,0006.107,0000.000,0006
 
000537150,000000252,-00026215,0120.543,0002.174,0000.967,0167
 
000537174,-00000002,-00000100,0112.940,0005.281,0000.722,0006
 
000537198,-00000001,-00000097,0116.160,0003.845,0001.204,0166
 
000537222,-00000007,-00000100,0112.002,0005.972,0000.240,0179
 
000537246,-00000007,-00000100,0119.029,0002.457,0000.738,0179
 
000537270,-00000007,-00000100,0121.645,0001.901,0000.713,0179
 
000537294,-00000007,-00000097,0111.818,0005.758,0000.481,0179
 
000537318,-00000004,-00000097,0121.214,0002.646,-000.481,0006
 
000537342,000000249,-00000097,0112.529,0005.258,0001.438,0166
 
000537366,-00000004,-00000097,0117.802,0003.606,-000.241,0167
 
000537390,-00000007,-00000097,0120.414,0002.416,0001.209,0006
 
000537414,-00000007,000000159,0117.343,0003.561,0000.713,0167
 
000537438,-00000004,-00000063,0120.069,0002.437,0000.488,0006
 
000537462,-00000004,-00000059,0113.091,0005.020,0001.198,0167
 
000537486,-00000007,-00000060,0117.792,0003.366,0001.204,0006
 
000537510,-00000013,-00000058,0120.679,0001.949,0001.219,0167
 
000537534,-00000008,-00000057,0119.817,0003.088,0000.238,0006
 
000537558,-00000007,-00000055,0117.888,0004.120,-000.486,0167
 
000537582,-00000004,000000201,0112.846,0005.281,0000.481,0166
 
000537606,-00000007,-00000055,0120.176,0002.406,0000.241,0167
 
000537630,-00000004,-00000056,0114.736,0004.824,0000.000,0006
 
000537654,-00000004,-00000060,0110.432,0006.208,0000.479,0166
 
000537678,-00000007,-00000064,0117.894,0003.394,0000.971,0166
 
000537702,-00000007,-00000064,0117.605,0003.394,0001.214,0166
 
000537726,-00000007,-00000063,0113.365,0004.823,0001.209,0167
 
000537750,-00000007,-00000097,0117.231,0003.830,0000.240,0167
 
000537774,-00000004,-00000097,0119.573,0002.850,-000.713,0167
 
000537798,-00000007,-00000097,0111.577,0005.807,0000.243,0167
 
000537822,-00000013,-00000097,0108.203,0006.445,0000.719,0166
 
000537846,-00000013,-00000097,0112.904,0005.085,0000.000,0168
 
000537870,-00000013,-00000097,0106.548,0006.947,0000.722,0167
 
000537894,-00000013,-00000097,0103.955,0007.993,-000.244,0167
 
000537918,-00000007,-00000097,0114.969,0004.325,0000.722,0179
 
000537942,-00000007,-00000097,0115.340,0004.343,0000.242,0179
 
000537966,-00000008,-00000097,0120.557,0002.416,0000.483,0179
 
000537990,-00000013,-00000097,0116.414,0003.830,0000.479,0179
 
000538014,-00000013,-00000097,0117.667,0004.103,0000.000,0168
 
000538038,-00003085,-00000256,0116.721,0004.103,0000.242,0166
 
000538062,-00000013,-00000062,0119.360,0003.100,0000.000,0006
 
000538086,-00000008,-00000060,0117.774,0003.621,0000.000,0168
 
000538109,-00000007,-00000055,0122.136,0002.426,0000.000,0006
 
000538134,-00000007,-00000055,0112.267,0005.348,0000.488,0166
 
000538158,000000249,-00000055,0111.963,0005.451,0000.713,0179
 
000538182,-00000007,-00000056,0118.002,0003.139,0000.725,0166
 
000538206,-00001543,-00000256,0112.672,0004.885,0000.490,0006
 
000538230,-00000007,-00000049,0114.403,0004.603,0000.243,0166
 
000538254,-00000007,-00000049,0112.304,0004.959,0000.947,0166
 
000538278,-00000007,-00000049,0119.083,0002.911,0000.486,0166
 
000538302,-00000007,-00000050,0114.233,0004.307,0000.719,0166
 
000538326,-00000007,-00000050,0115.055,0004.068,0000.719,0166
 
000538350,-00000007,-00000050,0112.553,0005.281,0000.481,0006
 
000538374,-00000004,-00000052,0113.638,0005.063,0000.483,0006
 
000538398,000000249,-00000058,0110.611,0005.566,0000.728,0166
 
000538422,-00000004,-00000060,0111.613,0005.474,0000.239,0006
 
000538446,-00000004,-00000063,0116.748,0004.069,-000.240,0179
 
000538470,-00000002,-00000062,0114.416,0004.051,0000.955,0167
 
000538494,-00000001,-00000064,0118.647,0003.338,0000.716,0167
 
000538518,-00000001,-00000064,0115.614,0004.844,-000.486,0167
 
000538542,-00000001,-00000097,0118.573,0003.395,0000.243,0167
 
000538566,-00000002,-00000064,0116.851,0003.621,0000.967,0179
 
000538590,000000001,-00000063,0110.579,0006.021,0000.725,0166
 
000538614,000000000,-00000062,0119.841,0002.668,0000.971,0179
 
000538638,000000000,-00000097,0112.701,0005.062,0001.209,0179
 
000538662,-00000001,-00000063,0113.907,0005.000,0000.477,0166
 
000538686,-00000004,-00000064,0114.304,0004.544,0001.198,0179
 
000538710,-00000004,-00000097,0119.087,0003.166,0001.219,0179
 
000538734,-00000001,-00000097,0116.319,0004.783,-000.240,0179
 
000538758,-00000001,-00000097,0113.748,0004.783,0000.719,0179
 
000538782,-00000002,000000159,0111.553,0006.261,-000.242,0179
 
000538806,000000000,-00000064,0120.545,0003.126,-000.241,0006
 
000538830,000000002,-00000097,0113.901,0004.823,0000.725,0167
 
000538854,000000001,-00000097,0112.188,0005.881,-000.246,0006
 
000538878,-00000004,-00000097,0114.054,0005.281,0000.241,0167
 
000538902,-00000007,000000159,0115.852,0004.844,0000.000,0006
 
000538926,-00000008,-00000097,0116.836,0004.084,0001.444,0006
 
000538950,-00000007,-00000097,0122.122,0002.886,0000.000,0172
 
000538974,-00001543,-00000256,0126.240,0000.971,0000.728,0167
 
000538998,-00000007,-00000097,0123.740,0002.426,0000.728,0173
 
000539022,-00000004,-00000097,0123.673,0002.130,0000.474,0006
 
000539046,-00000001,-00000062,0122.374,0002.911,0000.000,0006
 
000539070,000000000,-00000055,0120.641,0003.381,0000.242,0006
 
000539094,000000000,-00000049,0119.654,0003.606,0000.481,0006
 
000539118,000000003,-00000049,0120.620,0003.113,0000.719,0166
 
000539142,000000002,-00000049,0117.888,0004.018,0000.947,0166
 
000539166,000000001,-00000029,0120.914,0003.140,0000.483,0166
 
000539190,000000001,-00000025,0118.139,0003.814,0000.716,0166
 
000539214,000000000,-00000015,0121.995,0002.657,0000.242,0166
 
000539238,000000000,-00000013,0115.245,0005.042,0000.481,0166
 
000539262,000000000,-00000007,0113.178,0005.566,0000.486,0167
 
000539286,000000000,-00000013,0115.620,0004.783,0000.719,0166
 
000539310,000000000,-00000013,0116.307,0004.325,0000.481,0167
 
000539334,000000000,000000243,0118.570,0004.103,0000.242,0167
 
000539358,000000000,-00000014,0115.687,0004.783,0000.719,0166
 
000539382,-00000001,-00000025,0115.652,0004.584,0000.000,0168
 
000539406,-00000001,-00000025,0117.128,0004.583,0000.725,0167
 
000539430,-00000002,-00000025,0118.379,0003.878,0000.728,0167
 
000539454,000000000,-00000025,0117.407,0004.343,0000.483,0179
 
000539478,000000000,-00000014,0118.771,0004.085,0000.722,0179
 
000539502,000000000,-00000014,0119.863,0003.409,0000.975,0179
 
000539526,000000000,-00000013,0121.244,0002.886,0000.722,0179
 
000539550,000000000,-00000007,0119.391,0004.085,0000.481,0179
 
000539574,000000000,-00000004,0116.834,0004.583,0000.725,0006
 
000539598,000000000,-00000002,0120.717,0003.621,0000.242,0167
 
000539622,000000000,-00000001,0118.098,0004.085,0000.722,0006
 
000539646,000000000,000000000,0116.274,0004.564,0000.481,0167
 
000539670,000000000,000000000,0117.906,0004.325,0000.241,0006
 
000539694,000000000,000000000,0117.679,0004.137,0000.488,0167
 
000539718,000000000,000000000,0117.118,0004.564,0000.241,0007
 
000539742,000000000,000000000,0117.421,0004.343,0000.242,0179
 
000539766,000000000,000000000,0116.650,0004.545,0000.479,0166
 
000539790,000000000,000000000,0117.330,0004.362,0000.243,0166
 
000539814,000000000,-00000002,0120.698,0003.126,0000.481,0173
 
000539838,000000000,-00000007,0117.922,0004.380,0000.488,0166
 
000539862,000000000,-00000008,0118.913,0003.846,0000.481,0166
 
000539886,000000000,-00001543,0119.847,0003.814,0000.239,0166
 
000539910,000000000,-00000007,0118.038,0004.068,0000.479,0166
 
000539934,-00000001,-00000007,0117.839,0003.846,0000.722,0166
 
000539958,-00000001,-00000004,0118.761,0003.862,0000.242,0166
 
000539982,000000000,-00000001,0116.568,0004.583,0000.483,0166
 
000540006,000000000,000000000,0117.008,0004.343,0000.483,0166
 
000540030,000000000,000000000,0116.419,0004.343,0000.725,0167
 
000540054,000000000,000000000,0117.634,0004.051,0000.716,0166
 
000540078,000000000,000000000,0117.626,0004.068,0000.479,0166
 
000540102,000000000,000000000,0115.484,0004.583,0000.483,0166
 
000540126,000000000,000000000,0116.081,0004.564,0000.481,0166
 
000540150,000000000,-00000001,0116.878,0004.526,0000.477,0166
 
000540174,000000000,-00000007,0112.198,0005.971,0000.719,0166
 
000540198,000000000,-00000025,0115.452,0004.685,0000.939,0166
 
000540222,-00000001,-00000025,0124.134,0002.139,0000.238,0179
 
000540246,-00000001,-00000025,0123.111,0002.396,0000.479,0179
 
000540270,-00000001,-00000007,0119.473,0003.878,0000.243,0179
 
000540294,000000000,-00000002,0117.360,0004.069,0000.240,0179
 
000540318,000000000,000000000,0117.367,0004.343,0000.725,0166
 
000540342,000000000,000000000,0116.336,0004.564,0000.481,0167
 
000540366,000000000,000000000,0116.032,0004.325,0000.722,0006
 
000540390,000000000,000000000,0117.028,0004.564,0000.481,0167
 
000540414,000000000,000000000,0115.486,0004.844,0000.243,0006
 
000540438,000000000,000000000,0117.296,0004.307,0000.479,0167
 
000540462,000000000,000000000,0116.970,0004.068,0000.719,0167
 
000540486,000000000,000000000,0118.298,0003.830,0000.719,0006
 
000540510,000000000,000000000,0117.638,0004.102,0000.725,0167
 
000540534,000000000,000000000,0117.085,0004.583,0000.483,0006
 
000540558,000000000,000000000,0118.853,0004.085,0000.481,0173
 
000540582,000000000,000000000,0117.636,0004.307,0000.240,0166
 
000540606,000000000,000000000,0118.841,0004.103,0000.483,0166
 
000540630,000000000,000000000,0117.421,0004.362,0000.243,0167
 
000540654,000000000,000000000,0119.158,0004.103,0000.483,0006
 
000540678,000000000,000000000,0116.381,0004.564,0000.481,0179
 
000540702,000000000,000000000,0117.248,0004.362,0000.243,0166
 
000540726,000000000,000000000,0117.901,0004.085,0000.481,0166
 
000540750,000000000,000000000,0118.988,0004.086,0000.241,0166
 
000540774,000000000,000000000,0116.560,0004.307,0000.719,0166
 
000540798,000000000,000000000,0116.505,0004.343,0000.483,0166
 
000540822,000000000,000000000,0116.378,0004.584,0000.000,0167
 
000540846,000000000,000000000,0117.318,0004.343,0000.483,0167
 
000540870,000000000,000000000,0118.573,0003.846,0000.722,0167
 
000540894,000000000,000000000,0117.746,0004.545,0000.240,0166
 
000540918,000000000,000000000,0116.901,0004.564,0000.481,0167
 
000540942,000000000,000000000,0116.037,0004.564,0000.722,0167
 
000540966,000000000,000000000,0116.358,0004.583,0000.725,0166
 
000540990,000000000,000000000,0118.004,0004.085,0000.481,0166
 
000541014,000000000,000000000,0117.417,0004.307,0000.479,0166
 
000541038,000000000,000000000,0117.318,0004.343,0000.483,0166
 
000541062,000000000,000000000,0117.474,0004.343,0000.725,0166
 
000541086,000000000,000000000,0116.205,0004.823,0000.483,0167
 
000541110,000000000,000000000,0117.474,0004.583,0000.483,0006
 
000541134,000000000,000000000,0116.980,0004.307,0000.719,0167
 
000541158,000000000,000000000,0116.271,0004.564,0000.241,0166
 
000541182,000000000,000000000,0117.494,0004.325,0000.722,0166
 
000541206,000000000,000000000,0118.463,0004.103,0000.242,0006
 
000541230,000000000,000000000,0117.764,0004.603,0000.243,0167
 
000541254,000000000,000000000,0117.873,0004.307,0000.479,0179
 
000541278,000000000,000000000,0119.735,0003.846,0000.241,0167
 
000541302,000000000,000000000,0117.338,0004.564,0000.241,0167
 
000541326,000000000,000000000,0116.439,0004.583,0000.483,0166
 
000541350,000000000,000000000,0117.084,0004.545,0000.719,0166
 
000541374,000000000,000000000,0116.587,0004.583,0000.483,0166
 
000541398,000000000,000000000,0118.382,0004.325,0000.241,0166
 
000541422,000000000,000000000,0117.632,0004.325,0000.481,0166
 
000541446,000000000,000000000,0116.988,0004.343,0000.483,0166
 
000541470,000000000,000000000,0117.456,0004.307,0000.719,0166
 
000541494,000000000,000000000,0116.114,0004.803,0000.241,0166
 
