000010045,000000000,000000000,0115.408,0016.819,-003.666,0167
 
000010060,000000000,000000000,0115.417,0016.102,-003.318,0007
 
000010078,000000000,000000000,0114.768,0015.786,-003.212,0167
 
000010096,000000000,000000000,0114.170,0015.500,-003.107,0007
 
000010114,000000000,000000000,0113.605,0015.258,-002.975,0007
 
000010132,000000000,000000000,0113.018,0014.992,-002.866,0007
 
000010150,000000000,000000000,0112.535,0014.764,-002.800,0007
 
000010168,000000000,000000000,0112.031,0014.589,-002.737,0166
 
000010186,000000000,000000000,0111.540,0014.391,-002.652,0166
 
000010204,000000000,000000000,0111.092,0014.238,-002.584,0007
 
000010222,000000000,000000000,0110.630,0014.041,-002.521,0166
 
000010240,000000000,000000000,0110.201,0013.854,-002.458,0166
 
000010258,000000000,000000000,0109.776,0013.718,-002.441,0007
 
000010276,000000000,000000000,0109.359,0013.625,-002.408,0007
 
000010294,000000000,000000000,0108.971,0013.504,-002.342,0007
 
000010312,000000000,000000000,0108.566,0013.339,-002.303,0007
 
000010330,000000000,000000000,0108.212,0013.241,-002.292,0167
 
000010348,000000000,000000000,0107.884,0013.150,-002.274,0166
 
000010366,000000000,000000000,0107.537,0013.026,-002.239,0167
 
000010384,000000000,000000000,0107.204,0012.949,-002.234,0167
 
000010402,000000000,000000000,0106.899,0012.896,-002.166,0167
 
000010420,000000000,000000000,0106.609,0012.812,-002.127,0007
 
000010438,000000000,000000000,0106.350,0012.755,-002.123,0167
 
000010456,000000000,000000000,0106.042,0012.712,-002.096,0007
 
000010474,000000000,000000000,0105.795,0012.676,-002.036,0007
 
000010492,000000000,000000000,0105.553,0012.619,-002.027,0006
 
000010510,000000000,000000000,0105.282,0012.605,-002.040,0007
 
000010528,000000000,000000000,0105.010,0012.549,-001.969,0007
 
000010546,000000000,000000000,0104.728,0012.500,-001.977,0007
 
000010564,000000000,000000000,0104.511,0012.458,-001.989,0007
 
000010582,000000000,000000000,0104.275,0012.403,-001.990,0007
 
000010600,000000000,000000000,0104.016,0012.319,-002.022,0007
 
000010618,000000000,000000000,0103.841,0012.242,-002.033,0007
 
000010636,000000000,000000000,0103.652,0012.215,-002.021,0007
 
000010654,000000000,000000000,0103.448,0012.167,-002.009,0007
 
000010672,000000000,000000000,0103.269,0012.129,-002.013,0006
 
000010690,000000000,000000000,0103.080,0012.088,-002.006,0007
 
000010708,000000000,000000000,0102.932,0012.052,-001.991,0007
 
000010726,000000000,000000000,0102.733,0012.048,-001.980,0007
 
000010744,000000000,000000000,0102.543,0012.021,-001.973,0007
 
000010762,000000000,000000000,0102.422,0012.007,-001.944,0007
 
000010780,000000000,000000000,0102.249,0011.941,-001.898,0007
 
000010798,000000000,000000000,0102.098,0012.020,-001.922,0007
 
000010816,000000000,000000000,0101.972,0011.955,-001.898,0007
 
000010834,000000000,000000000,0101.801,0011.930,-001.846,0007
 
000010852,000000000,000000000,0101.669,0011.928,-001.862,0007
 
000010870,000000000,000000000,0101.532,0011.899,-001.860,0007
 
000010888,000000000,000000000,0101.414,0011.888,-001.839,0007
 
000010906,000000000,000000000,0101.284,0011.894,-001.799,0007
 
000010924,000000000,000000000,0101.188,0011.882,-001.790,0007
 
000010942,000000000,000000000,0101.071,0011.877,-001.769,0007
 
000010960,000000000,000000000,0100.911,0011.875,-001.811,0007
 
000010978,000000000,000000000,0100.810,0011.867,-001.858,0006
 
000010996,000000000,000000000,0100.735,0011.826,-001.847,0007
 
000011014,000000000,000000000,0100.631,0011.801,-001.833,0167
 
000011032,000000000,000000000,0100.497,0011.788,-001.838,0167
 
000011050,000000000,000000000,0100.403,0011.798,-001.823,0167
 
000011068,000000000,000000000,0100.239,0011.846,-001.800,0167
 
000011086,000000000,000000000,0100.134,0011.877,-001.741,0167
 
000011104,000000000,000000000,0100.010,0011.841,-001.701,0167
 
000011122,000000000,000000000,0099.939,0011.754,-001.713,0167
 
000011140,000000000,000000000,0099.827,0011.701,-001.744,0167
 
000011158,000000000,000000000,0099.761,0011.685,-001.775,0007
 
000011176,000000000,000000000,0099.659,0011.705,-001.804,0007
 
000011194,000000000,000000000,0099.547,0011.677,-001.786,0168
 
000011212,000000000,000000000,0099.523,0011.676,-001.772,0167
 
000011230,000000000,000000000,0099.429,0011.670,-001.726,0007
 
000011248,000000000,000000000,0099.335,0011.637,-001.723,0007
 
000011266,000000000,000000000,0099.275,0011.570,-001.688,0007
 
000011284,000000000,000000000,0099.198,0011.563,-001.711,0007
 
000011302,000000000,000000000,0099.125,0011.570,-001.740,0007
 
000011320,000000000,000000000,0099.054,0011.552,-001.737,0007
 
000011338,000000000,000000000,0098.949,0011.534,-001.737,0006
 
000011356,000000000,000000000,0098.902,0011.537,-001.762,0007
 
000011374,000000000,000000000,0098.828,0011.555,-001.753,0007
 
000011392,000000000,000000000,0098.770,0011.549,-001.698,0007
 
000011410,000000000,000000000,0098.713,0011.547,-001.665,0007
 
000011428,000000000,000000000,0098.645,0011.523,-001.679,0007
 
000011446,000000000,000000000,0098.545,0011.567,-001.633,0006
 
000011464,000000000,000000000,0098.477,0011.579,-001.652,0007
 
000011482,000000000,000000000,0098.451,0011.565,-001.686,0007
 
000011500,000000000,000000000,0098.435,0011.527,-001.654,0007
 
000011518,000000000,000000000,0098.394,0011.474,-001.672,0007
 
000011536,000000000,000000000,0098.369,0011.479,-001.632,0006
 
000011554,000000000,000000000,0098.284,0011.433,-001.626,0006
 
000011572,000000000,000000000,0098.240,0011.441,-001.620,0007
 
000011590,000000000,000000000,0098.227,0011.480,-001.621,0007
 
000011608,000000000,000000000,0098.163,0011.473,-001.592,0007
 
000011626,000000000,000000000,0098.129,0011.473,-001.561,0007
 
000011644,000000000,000000000,0098.093,0011.456,-001.584,0007
 
000011662,000000000,000000000,0098.080,0011.427,-001.566,0007
 
000011680,000000000,000000000,0098.023,0011.433,-001.543,0007
 
000011698,000000000,000000000,0098.007,0011.477,-001.553,0006
 
000011716,000000000,000000000,0097.996,0011.434,-001.620,0007
 
000011734,000000000,000000000,0097.938,0011.422,-001.626,0007
 
000011752,000000000,000000000,0097.887,0011.357,-001.607,0007
 
000011770,000000000,000000000,0097.841,0011.368,-001.596,0007
 
000011788,000000000,000000000,0097.839,0011.313,-001.592,0007
 
000011806,000000000,000000000,0097.822,0011.323,-001.585,0167
 
000011824,000000000,000000000,0097.817,0011.367,-001.563,0167
 
000011842,000000000,000000000,0097.793,0011.367,-001.575,0167
 
000011860,000000000,000000000,0097.805,0011.410,-001.568,0167
 
000011878,000000000,000000000,0097.753,0011.452,-001.562,0167
 
000011896,000000000,000000000,0097.724,0011.431,-001.585,0167
 
000011914,000000000,000000000,0097.725,0011.435,-001.512,0007
 
000011932,000000000,000000000,0097.673,0011.393,-001.498,0167
 
000011950,000000000,000000000,0097.688,0011.371,-001.530,0167
 
000011968,000000000,000000000,0097.658,0011.350,-001.587,0168
 
000011986,000000000,000000000,0097.609,0011.379,-001.599,0007
 
000012004,000000000,000000000,0097.572,0011.351,-001.611,0007
 
000012022,000000000,000000000,0097.531,0011.310,-001.582,0007
 
000012040,000000000,000000000,0097.483,0011.286,-001.636,0007
 
000012058,000000000,000000000,0097.397,0011.258,-001.636,0006
 
000012076,000000000,000000000,0097.368,0011.252,-001.650,0007
 
000012094,000000000,000000000,0097.346,0011.266,-001.693,0007
 
000012112,000000000,000000000,0097.296,0011.338,-001.701,0007
 
000012130,000000000,000000000,0097.286,0011.335,-001.673,0007
 
000012148,000000000,000000000,0097.244,0011.339,-001.662,0006
 
000012166,000000000,000000000,0097.249,0011.304,-001.664,0007
 
000012184,000000000,000000000,0097.233,0011.239,-001.619,0007
 
000012203,000000000,000000000,0097.223,0011.272,-001.658,1023
 
000012221,000000000,000000000,0097.229,0011.310,-001.695,1023
 
000012239,000000000,000000000,0097.273,0011.346,-001.691,1023
 
000012257,000000000,000000000,0097.302,0011.344,-001.639,1023
 
000012275,000000000,000000000,0097.323,0011.310,-001.631,1023
 
000012293,000000000,000000000,0097.285,0011.271,-001.585,1023
 
000012311,000000000,000000000,0097.261,0011.259,-001.573,1023
 
000012329,000000000,000000000,0097.242,0011.263,-001.570,1023
 
000012347,000000000,000000000,0097.222,0011.290,-001.568,1023
 
000012365,000000000,000000000,0097.232,0011.311,-001.557,1023
 
000012383,000000000,000000000,0097.218,0011.315,-001.576,1023
 
000012401,000000000,000000000,0097.194,0011.344,-001.615,1023
 
000012419,000000000,000000000,0097.174,0011.313,-001.570,1023
 
000012437,000000000,000000000,0097.040,0011.331,-001.618,1023
 
000012455,000000000,000000000,0096.810,0011.275,-001.683,1023
 
000012473,000000000,000000000,0096.422,0011.230,-001.662,1023
 
000012491,000000000,000000000,0095.898,0011.263,-001.772,1023
 
000012509,000000000,000000000,0095.523,0011.278,-001.886,1023
 
000012527,000000000,000000000,0095.307,0011.199,-001.934,1023
 
000012545,000000000,000000000,0094.623,0011.094,-002.061,1023
 
000012563,000000000,000000000,0093.465,0011.034,-002.211,1023
 
000012581,000000000,000000000,0092.063,0011.037,-002.393,1023
 
000012599,000000000,000000000,0090.427,0011.011,-002.613,1023
 
000012617,000000000,000000000,0088.613,0010.980,-002.832,1023
 
000012635,000000000,000000000,0086.770,0010.895,-003.110,1023
 
000012653,000000000,000000000,0084.702,0010.796,-003.386,1023
 
000012671,000000000,000000000,0082.398,0010.697,-003.667,1023
 
000012689,000000000,000000000,0080.152,0010.589,-003.874,1023
 
000012707,000000000,000000000,0077.832,0010.459,-004.132,1023
 
000012725,000000000,000000000,0075.460,0010.259,-004.374,1023
 
000012743,000000000,000000000,0072.937,0010.096,-004.626,1023
 
000012761,000000000,000000000,0070.707,0009.935,-004.748,1023
 
000012779,000000000,000000000,0068.590,0009.788,-004.937,1023
 
000012797,000000000,000000000,0066.311,0009.637,-005.106,1023
 
000012815,000000000,000000000,0063.950,0009.469,-005.248,1023
 
000012833,000000000,000000000,0061.430,0009.293,-005.438,1023
 
000012851,000000000,000000000,0058.602,0009.141,-005.583,1023
 
000012869,000000000,000000000,0056.120,0009.002,-005.680,1023
 
000012887,000000000,000000000,0053.692,0008.874,-005.759,1023
 
000012905,000000000,000000000,0051.279,0008.620,-005.864,1023
 
000012923,000000000,000000000,0049.383,0008.559,-005.889,1023
 
000012941,000000000,000000000,0047.755,0008.423,-005.842,1023
 
000012959,000000000,000000000,0046.315,0008.320,-005.767,1023
 
000012977,000000000,000000000,0044.995,0008.298,-005.705,1023
 
000012995,000000000,000000000,0043.823,0008.205,-005.629,1023
 
000013013,000000000,000000000,0042.462,0008.159,-005.575,1023
 
000013031,000000000,000000000,0040.554,0008.075,-005.557,1023
 
000013049,000000000,000000000,0038.555,0008.101,-005.557,1023
 
000013067,000000000,000000000,0036.667,0008.141,-005.548,1023
 
000013085,000000000,000000000,0033.989,0007.933,-005.674,1023
 
000013103,000000000,000000000,0031.136,0007.859,-005.679,1023
 
000013121,000000000,000000000,0028.101,0007.812,-005.790,1023
 
000013139,000000000,000000000,0024.998,0007.637,-005.896,1023
 
000013157,000000000,000000000,0022.538,0007.577,-005.923,1023
 
000013175,000000000,000000000,0019.847,0007.459,-005.945,1023
 
000013193,000000000,000000000,0016.963,0007.260,-006.005,1023
 
000013211,000000000,000000000,0013.826,0007.156,-006.099,1023
 
000013229,000000000,000000000,0010.749,0006.927,-006.112,1023
 
000013247,000000000,000000000,0007.836,0006.905,-006.159,1023
 
000013265,000000000,000000000,0004.780,0006.664,-006.109,1023
 
000013283,000000000,000000000,0002.176,0006.626,-006.062,1023
 
000013301,000000000,000000000,-000.510,0006.536,-006.025,1023
 
000013319,000000000,000000000,-003.104,0006.501,-005.967,1023
 
000013337,000000000,000000000,-005.847,0006.470,-005.996,1023
 
000013355,000000000,000000000,-010.390,0006.117,-006.086,1023
 
000013373,000000000,000000000,-014.847,0005.932,-006.184,1023
 
000013391,000000000,000000000,-018.984,0005.668,-006.073,1023
 
000013409,000000000,000000000,-022.945,0005.617,-006.128,1023
 
000013427,000000000,000000000,-026.215,0005.555,-006.011,1023
 
000013445,000000000,000000000,-029.913,0005.416,-005.960,1023
 
000013463,000000000,000000000,-033.188,0005.382,-005.834,1023
 
000013481,000000000,000000000,-036.513,0005.319,-005.743,1023
 
000013499,000000000,000000000,-039.850,0005.215,-005.694,1023
 
000013517,000000000,000000000,-043.167,0005.242,-005.619,1023
 
000013535,000000000,000000000,-046.706,0005.214,-005.560,1023
 
000013553,000000000,000000000,-050.035,0005.306,-005.543,1023
 
000013571,000000000,000000000,-053.529,0005.266,-005.427,1023
 
000013589,000000000,000000000,-056.448,0005.400,-005.328,1023
 
000013607,000000000,000000000,-059.747,0005.369,-005.300,1023
 
000013625,000000000,000000000,-062.932,0005.494,-005.232,1023
 
000013643,000000000,000000000,-065.930,0005.513,-005.195,1023
 
000013661,000000000,000000000,-069.075,0005.518,-005.135,1023
 
000013679,000000000,000000000,-071.845,0005.641,-005.062,1023
 
000013697,000000000,000000000,-074.379,0005.792,-004.990,1023
 
000013715,000000000,000000000,-077.227,0005.843,-004.872,1023
 
000013733,000000000,000000000,-079.897,0005.972,-004.778,1023
 
000013751,000000000,000000000,-082.278,0006.110,-004.708,1023
 
000013769,000000000,000000000,-084.786,0006.250,-004.616,1023
 
000013787,000000000,000000000,-087.070,0006.477,-004.544,1023
 
000013805,000000000,000000000,-089.191,0006.526,-004.503,1023
 
000013823,000000000,000000000,-091.447,0006.647,-004.471,1023
 
000013841,000000000,000000000,-093.892,0006.739,-004.427,1023
 
000013859,000000000,000000000,-096.356,0006.880,-004.360,1023
 
000013877,000000000,000000000,-098.541,0007.122,-004.269,1023
 
000013895,000000000,000000000,-101.009,0007.211,-004.281,1023
 
000013913,000000000,000000000,-103.863,0007.354,-004.291,1023
 
000013931,000000000,000000000,-106.763,0007.453,-004.324,1023
 
000013949,000000000,000000000,-109.576,0007.503,-004.342,1023
 
000013967,000000000,000000000,-112.943,0007.457,-004.422,1023
 
000013985,000000000,000000000,-116.798,0007.360,-004.546,1023
 
000014003,000000000,000000000,-120.221,0007.512,-004.557,1023
 
000014021,000000000,000000000,-124.361,0007.448,-004.652,1023
 
000014039,000000000,000000000,-129.151,0007.361,-004.769,1023
 
000014057,000000000,000000000,-134.050,0007.459,-004.903,1023
 
000014075,000000000,000000000,-138.886,0007.357,-005.019,1023
 
000014093,000000000,000000000,-143.589,0007.291,-005.150,1023
 
000014111,000000000,000000000,-148.602,0007.109,-005.181,1023
 
000014129,000000000,000000000,-152.542,0007.126,-005.233,1023
 
000014147,000000000,000000000,-156.678,0007.137,-005.232,1023
 
000014165,000000000,000000000,-160.880,0006.951,-005.215,1023
 
000014183,000000000,000000000,-164.420,0007.133,-005.121,1023
 
000014201,000000000,000000000,-168.011,0007.039,-004.965,1023
 
000014219,000000000,000000000,-171.777,0007.054,-004.956,1023
 
000014237,000000000,000000000,-175.182,0007.170,-004.843,1023
 
000014255,000000000,000000000,-178.408,0007.215,-004.762,1023
 
000014273,000000000,000000000,0178.239,0007.258,-004.640,1023
 
000014291,000000000,000000000,0174.693,0007.355,-004.584,1023
 
000014309,000000000,000000000,0170.997,0007.451,-004.554,1023
 
000014327,000000000,000000000,0167.831,0007.629,-004.457,1023
 
000014345,000000000,000000000,0164.634,0007.737,-004.367,1023
 
000014363,000000000,000000000,0161.142,0007.778,-004.360,1023
 
000014381,000000000,000000000,0157.343,0007.882,-004.377,1023
 
000014399,000000000,000000000,0153.938,0007.969,-004.353,1023
 
000014417,000000000,000000000,0150.750,0008.005,-004.307,1023
 
000014435,000000000,000000000,0147.385,0008.036,-004.213,1023
 
000014453,000000000,000000000,0143.670,0008.115,-004.242,1023
 
000014471,000000000,000000000,0139.662,0008.148,-004.315,1023
 
000014489,000000000,000000000,0136.325,0008.253,-004.308,1023
 
000014507,000000000,000000000,0132.886,0008.268,-004.282,1023
 
000014525,000000000,000000000,0128.886,0008.209,-004.349,1023
 
000014543,000000000,000000000,0124.287,0008.207,-004.454,1023
 
000014561,000000000,000000000,0120.541,0008.339,-004.520,1023
 
000014579,000000000,000000000,0116.407,0008.169,-004.576,1023
 
000014597,000000000,000000000,0111.875,0008.182,-004.717,1023
 
000014615,000000000,000000000,0108.349,0008.242,-004.702,1023
 
000014633,000000000,000000000,0104.909,0008.332,-004.750,1023
 
000014651,000000000,-00000004,0101.309,0008.157,-004.732,1023
 
000014669,000000002,-00000014,0097.842,0008.123,-004.757,1023
 
000014687,000000003,-00000025,0095.132,0008.247,-004.670,1023
 
000014705,000000002,-00000016,0092.639,0008.205,-004.551,1023
 
000014723,000000002,-00000013,0090.086,0008.236,-004.501,1023
 
000014741,000000001,-00003085,0087.490,0008.315,-004.414,1023
 
000014759,000000001,-00000013,0084.798,0008.367,-004.368,1023
 
000014777,000000001,-00000013,0082.295,0008.429,-004.234,1023
 
000014795,000000002,-00000013,0080.138,0008.525,-004.138,1023
 
000014813,000000000,-00000013,0077.882,0008.480,-004.029,1023
 
000014831,000000001,-00000013,0075.631,0008.495,-003.970,1023
 
000014849,000000000,000000243,0073.660,0008.540,-003.869,1023
 
000014867,000000000,-00000007,0071.905,0008.657,-003.785,1023
 
000014885,000000000,-00000001,0070.279,0008.763,-003.636,1023
 
000014903,000000000,000000000,0068.961,0008.822,-003.481,1023
 
000014921,000000000,000000000,0067.815,0008.894,-003.371,1023
 
000014939,000000000,000000000,0066.950,0008.945,-003.236,1023
 
000014957,000000000,000000000,0066.339,0009.056,-003.062,1023
 
000014975,000000000,000000000,0065.750,0009.118,-002.864,1023
 
000014993,000000000,000000000,0064.990,0009.167,-002.738,1023
 
000015011,000000000,000000000,0064.124,0009.358,-002.643,1023
 
000015029,000000000,000000000,0063.218,0009.456,-002.544,1023
 
000015047,000000000,000000000,0062.377,0009.562,-002.472,1023
 
000015065,000000000,000000000,0061.521,0009.619,-002.419,1023
 
000015083,000000000,000000000,0060.635,0009.685,-002.332,1023
 
000015101,000000000,000000000,0059.638,0009.708,-002.287,1023
 
000015119,000000000,000000000,0058.454,0009.740,-002.281,1023
 
000015137,000000000,000000000,0056.847,0009.807,-002.300,1023
 
000015155,000000000,000000000,0054.811,0009.848,-002.450,1023
 
000015173,000000000,000000000,0052.906,0009.890,-002.556,1023
 
000015191,000000000,000000000,0051.769,0009.949,-002.564,1023
 
000015209,000000000,000000000,0051.006,0009.814,-002.507,1023
 
000015227,000000000,000000000,0050.357,0009.792,-002.516,1023
 
000015245,000000000,000000000,0049.582,0009.867,-002.437,1023
 
000015263,000000000,000000000,0048.795,0009.933,-002.427,1023
 
000015281,000000000,000000000,0047.865,0009.967,-002.444,1023
 
000015299,000000000,000000000,0046.771,0009.999,-002.528,1023
 
000015317,000000000,000000000,0045.697,0010.052,-002.505,1023
 
000015335,000000000,000000000,0044.729,0010.101,-002.470,1023
 
000015353,000000000,000000000,0043.876,0010.075,-002.452,1023
 
000015371,000000000,000000000,0043.046,0010.054,-002.454,1023
 
000015389,000000000,000000000,0042.363,0010.071,-002.416,1023
 
000015407,000000000,000000000,0041.856,0010.101,-002.362,1023
 
000015425,000000000,000000000,0041.494,0010.135,-002.299,1023
 
000015443,000000000,000000000,0041.294,0010.098,-002.213,1023
 
000015461,000000000,000000000,0041.151,0010.165,-002.141,1023
 
000015479,000000000,000000000,0041.061,0010.164,-002.062,1023
 
000015497,000000000,000000000,0040.996,0010.177,-001.956,1023
 
000015515,000000000,000000000,0040.942,0010.211,-001.868,1023
 
000015533,000000000,000000000,0040.873,0010.231,-001.848,1023
 
000015551,000000000,000000000,0040.865,0010.226,-001.719,1023
 
000015569,000000000,000000000,0040.834,0010.219,-001.658,1023
 
000015587,000000000,000000000,0040.833,0010.266,-001.558,1023
 
000015605,000000000,000000000,0040.779,0010.248,-001.529,1023
 
000015623,000000000,000000000,0040.788,0010.194,-001.454,1023
 
000015641,000000000,000000000,0040.789,0010.223,-001.392,1023
 
000015659,000000000,000000000,0040.777,0010.243,-001.367,1023
 
000015677,000000000,000000000,0040.743,0010.269,-001.343,1023
 
000015695,000000000,000000000,0040.730,0010.299,-001.278,1023
 
000015713,000000000,000000000,0040.712,0010.308,-001.245,1023
 
000015731,000000000,000000000,0040.734,0010.301,-001.196,1023
 
000015749,000000000,000000000,0040.698,0010.293,-001.160,1023
 
000015767,000000000,000000000,0040.696,0010.301,-001.168,1023
 
000015785,000000000,000000000,0040.698,0010.316,-001.152,1023
 
000015803,000000000,000000000,0040.725,0010.319,-001.113,1023
 
000015821,000000000,000000000,0040.747,0010.338,-001.061,1023
 
000015839,000000000,000000000,0040.737,0010.322,-001.055,1023
 
000015857,000000000,000000000,0040.786,0010.318,-000.977,1023
 
000015875,000000000,000000000,0040.806,0010.365,-000.959,1023
 
000015893,000000000,000000000,0040.809,0010.408,-000.886,1023
 
000015911,000000000,000000000,0040.849,0010.411,-000.871,1023
 
000015929,000000000,000000000,0040.846,0010.417,-000.830,1023
 
000015947,000000000,000000000,0040.840,0010.376,-000.822,1023
 
000015965,000000000,000000000,0040.852,0010.362,-000.769,1023
 
000015983,000000000,000000000,0040.826,0010.348,-000.772,1023
 
000016000,000000000,000000000,0040.839,0010.382,-000.763,0170
 
000016018,000000000,000000000,0040.839,0010.372,-000.770,0007
 
000016036,000000000,000000000,0040.845,0010.360,-000.750,0006
 
000016054,000000000,000000000,0040.873,0010.367,-000.706,0007
 
000016072,000000000,000000000,0040.901,0010.321,-000.706,0007
 
000016090,000000000,000000000,0040.913,0010.323,-000.706,0007
 
000016108,000000000,000000000,0040.905,0010.355,-000.735,0007
 
000016126,000000000,000000000,0040.910,0010.369,-000.725,0007
 
000016144,000000000,000000000,0040.959,0010.360,-000.750,0006
 
000016162,000000000,000000000,0040.944,0010.382,-000.767,0007
 
000016180,000000000,000000000,0040.951,0010.374,-000.779,0007
 
000016198,000000000,000000000,0040.981,0010.367,-000.740,0006
 
000016216,000000000,000000000,0040.976,0010.395,-000.715,0007
 
000016234,000000000,000000000,0040.990,0010.420,-000.692,0007
 
000016252,000000000,000000000,0040.986,0010.390,-000.678,0006
 
000016270,000000000,000000000,0040.983,0010.365,-000.622,0007
 
000016288,000000000,000000000,0040.982,0010.372,-000.666,0167
 
000016306,000000000,000000000,0040.997,0010.377,-000.686,0167
 
000016324,000000000,000000000,0041.037,0010.361,-000.661,0006
 
000016342,000000000,000000000,0041.046,0010.329,-000.636,0006
 
000016360,000000000,000000000,0041.043,0010.307,-000.625,0167
 
000016378,000000000,000000000,0041.032,0010.290,-000.619,0166
 
000016396,000000000,000000000,0041.086,0010.274,-000.542,0167
 
000016414,000000000,000000000,0041.124,0010.202,-000.507,0006
 
000016432,000000000,000000000,0041.174,0010.191,-000.509,0007
 
000016450,000000000,000000000,0041.212,0010.208,-000.529,0167
 
000016468,000000000,000000000,0041.221,0010.250,-000.545,0006
 
000016486,000000000,000000000,0041.234,0010.254,-000.574,0006
 
000016504,000000000,000000000,0041.295,0010.296,-000.540,0006
 
000016522,000000000,000000000,0041.279,0010.299,-000.555,0006
 
000016540,000000000,000000000,0041.262,0010.337,-000.555,0006
 
000016558,000000000,000000000,0041.326,0010.341,-000.507,0006
 
000016576,000000000,000000000,0041.317,0010.350,-000.489,0006
 
000016594,000000000,000000000,0041.335,0010.312,-000.511,0006
 
000016612,000000000,000000000,0041.343,0010.316,-000.496,0006
 
000016630,000000000,000000000,0041.358,0010.306,-000.500,0006
 
000016648,000000000,000000000,0041.397,0010.297,-000.516,0006
 
000016666,000000000,000000000,0041.392,0010.297,-000.482,0006
 
000016684,000000000,000000000,0041.424,0010.275,-000.486,0006
 
000016702,000000000,000000000,0041.431,0010.240,-000.493,0006
 
000016720,000000000,000000000,0041.431,0010.259,-000.456,0006
 
000016738,000000000,000000000,0041.424,0010.224,-000.443,0006
 
000016756,000000000,000000000,0041.391,0010.239,-000.514,0006
 
000016774,000000000,000000000,0041.404,0010.242,-000.497,0006
 
000016792,000000000,000000000,0041.421,0010.223,-000.495,0007
 
000016810,000000000,000000000,0041.445,0010.284,-000.524,0007
 
000016828,000000000,000000000,0041.464,0010.282,-000.551,0006
 
000016846,000000000,000000000,0041.482,0010.296,-000.553,0006
 
000016864,000000000,000000000,0041.485,0010.288,-000.522,0006
 
000016882,000000000,000000000,0041.521,0010.237,-000.552,0007
 
000016900,000000000,000000000,0041.536,0010.251,-000.566,0006
 
000016918,000000000,000000000,0041.545,0010.280,-000.572,0166
 
000016936,000000000,000000000,0041.531,0010.255,-000.625,0166
 
000016954,000000000,000000000,0041.520,0010.223,-000.631,0166
 
000016972,000000000,000000000,0041.550,0010.182,-000.596,0166
 
000016990,000000000,000000000,0041.530,0010.192,-000.605,0166
 
000017008,000000000,000000000,0041.571,0010.199,-000.582,0166
 
000017026,000000000,000000000,0041.596,0010.196,-000.534,0007
 
000017044,000000000,000000000,0041.609,0010.230,-000.576,0167
 
000017062,000000000,000000000,0041.648,0010.231,-000.585,0167
 
000017080,000000000,000000000,0041.668,0010.268,-000.559,0166
 
000017098,000000000,000000000,0041.674,0010.206,-000.541,0006
 
000017116,000000000,000000000,0041.683,0010.168,-000.577,0167
 
000017134,000000000,000000000,0041.660,0010.206,-000.586,0167
 
000017152,000000000,000000000,0041.694,0010.213,-000.523,0167
 
000017170,000000000,000000000,0041.690,0010.226,-000.519,0167
 
000017188,000000000,000000000,0041.641,0010.226,-000.523,0167
 
000017206,000000000,000000000,0041.647,0010.197,-000.488,0167
 
000017224,000000000,000000000,0041.630,0010.141,-000.445,0006
 
000017242,000000000,000000000,0041.657,0010.123,-000.488,0006
 
000017260,000000000,000000000,0041.684,0010.088,-000.538,0006
 
000017278,000000000,000000000,0041.678,0010.113,-000.542,0006
 
000017296,000000000,000000000,0041.714,0010.092,-000.554,0006
 
000017314,000000000,000000000,0041.721,0010.060,-000.577,0006
 
000017332,000000000,000000000,0041.731,0010.009,-000.581,0006
 
000017350,000000000,000000000,0041.728,0009.972,-000.583,0006
 
000017368,000000000,000000000,0041.747,0009.969,-000.561,0006
 
000017386,000000000,000000000,0041.785,0010.030,-000.536,0006
 
000017404,000000000,000000000,0041.762,0009.997,-000.545,0006
 
000017422,000000000,000000000,0041.746,0009.990,-000.530,0006
 
000017440,000000000,000000000,0041.745,0009.983,-000.518,0166
 
000017458,000000000,000000000,0041.728,0010.009,-000.535,0006
 
000017476,000000000,000000000,0041.746,0009.998,-000.537,0006
 
000017494,000000000,000000000,0041.745,0009.973,-000.545,0167
 
000017512,000000000,000000000,0041.741,0009.966,-000.565,0006
 
000017530,000000000,000000000,0041.760,0009.936,-000.525,0166
 
000017548,000000000,000000000,0041.766,0009.938,-000.520,0007
 
000017566,000000000,000000000,0041.800,0009.945,-000.505,0166
 
000017584,000000000,000000000,0041.849,0009.959,-000.510,0007
 
000017602,000000000,000000000,0041.850,0009.938,-000.528,0007
 
000017620,000000000,000000000,0041.916,0009.960,-000.494,0006
 
000017638,000000000,000000000,0041.917,0009.990,-000.497,0166
 
000017656,000000000,000000000,0041.962,0010.009,-000.486,0006
 
000017674,000000000,000000000,0041.958,0010.033,-000.479,0006
 
000017692,000000000,000000000,0041.939,0010.000,-000.487,0006
 
000017710,000000000,000000000,0041.974,0009.968,-000.478,0007
 
000017728,000000000,000000000,0041.970,0009.946,-000.503,0006
 
000017746,000000000,000000000,0041.989,0009.948,-000.494,0006
 
000017764,000000000,000000000,0042.016,0009.972,-000.507,0006
 
000017782,000000000,000000000,0042.015,0009.946,-000.481,0006
 
000017800,000000000,000000000,0042.028,0009.973,-000.502,0006
 
000017818,000000000,000000000,0042.011,0009.963,-000.532,0006
 
000017836,000000000,000000000,0042.033,0009.946,-000.534,0006
 
000017854,000000000,000000000,0042.072,0009.899,-000.542,0006
 
000017872,000000000,000000000,0042.033,0009.855,-000.547,0006
 
000017890,000000000,000000000,0042.050,0009.847,-000.563,0006
 
000017908,000000000,000000000,0042.016,0009.839,-000.566,0006
 
000017926,000000000,000000000,0042.020,0009.890,-000.564,0006
 
000017944,000000000,000000000,0042.018,0009.899,-000.537,0006
 
000017962,000000000,000000000,0042.016,0009.886,-000.554,0006
 
000017980,000000000,000000000,0042.033,0009.875,-000.575,0167
 
000017998,000000000,000000000,0042.023,0009.837,-000.600,0006
 
000018016,000000000,000000000,0042.044,0009.806,-000.581,0006
 
000018034,000000000,000000000,0042.104,0009.745,-000.540,0006
 
000018052,000000000,000000000,0042.119,0009.745,-000.541,0006
 
000018070,000000000,000000000,0042.129,0009.706,-000.552,0006
 
000018088,000000000,000000000,0042.122,0009.713,-000.537,0006
 
000018106,000000000,000000000,0042.135,0009.727,-000.559,0006
 
000018124,000000000,000000000,0042.187,0009.708,-000.531,0006
 
000018142,000000000,000000000,0042.138,0009.690,-000.555,0006
 
000018160,000000000,000000000,0042.160,0009.661,-000.568,0006
 
000018178,000000000,000000000,0042.189,0009.645,-000.543,0006
 
000018196,000000000,000000000,0042.208,0009.660,-000.560,0006
 
000018214,000000000,000000000,0042.239,0009.691,-000.546,0167
 
000018232,000000000,000000000,0042.215,0009.733,-000.579,0006
 
000018250,000000000,000000000,0042.201,0009.702,-000.555,0006
 
000018268,000000000,000000000,0042.209,0009.734,-000.549,0167
 
000018286,000000000,000000000,0042.247,0009.741,-000.523,0006
 
000018304,000000000,000000000,0042.272,0009.745,-000.450,0167
 
000018322,000000000,000000000,0042.272,0009.783,-000.414,0006
 
000018340,000000000,000000000,0042.269,0009.795,-000.440,0167
 
000018358,000000000,000000000,0042.311,0009.776,-000.421,0007
 
000018376,000000000,000000000,0042.311,0009.719,-000.439,0006
 
000018394,000000000,000000000,0042.338,0009.699,-000.431,0007
 
000018412,000000000,000000000,0042.338,0009.686,-000.442,0167
 
000018430,000000000,000000000,0042.370,0009.692,-000.452,0007
 
000018448,000000000,000000000,0042.393,0009.679,-000.437,0006
 
000018466,000000000,000000000,0042.385,0009.687,-000.447,0006
 
000018484,000000000,000000000,0042.428,0009.665,-000.353,0006
 
000018502,000000000,000000000,0042.432,0009.657,-000.326,0006
 
000018520,000000000,000000000,0042.470,0009.652,-000.351,0007
 
