000028126,000000000,000000000,0112.992,-007.051,0000.887,0321
 
000028145,000000000,000000000,0112.939,-006.066,0000.825,0310
 
000028165,000000000,000000000,0113.277,-005.159,0000.796,0289
 
000028185,000000000,000000000,0113.593,-004.333,0000.765,0309
 
000028205,000000000,000000000,0113.860,-003.568,0000.756,0290
 
000028225,000000000,000000000,0114.104,-002.889,0000.685,0309
 
000028245,000000000,000000000,0114.303,-002.219,0000.681,0310
 
000028265,000000000,000000000,0114.485,-001.656,0000.676,0289
 
000028285,000000000,000000000,0114.643,-001.149,0000.631,0310
 
000028305,000000000,000000000,0114.774,-000.660,0000.608,0320
 
000028325,000000000,000000000,0114.895,-000.198,0000.588,0290
 
000028345,000000000,000000000,0114.996,0000.201,0000.549,0310
 
000028365,000000000,000000000,0115.076,0000.548,0000.532,0290
 
000028385,000000000,000000000,0115.154,0000.886,0000.496,0310
 
000028405,000000000,000000000,0115.214,0001.174,0000.463,0314
 
000028425,000000000,000000000,0115.261,0001.440,0000.454,0311
 
000028445,000000000,000000000,0115.290,0001.746,0000.422,0310
 
000028465,000000000,000000000,0115.304,0002.000,0000.415,0317
 
000028485,000000000,000000000,0115.321,0002.211,0000.408,0310
 
000028505,000000000,000000000,0115.331,0002.406,0000.384,0310
 
000028525,000000000,000000000,0115.324,0002.561,0000.378,0316
 
000028545,000000000,000000000,0115.302,0002.701,0000.376,0310
 
000028565,000000000,000000000,0115.274,0002.852,0000.373,0290
 
000028585,000000000,000000000,0115.247,0002.989,0000.326,0289
 
000028605,000000000,000000000,0115.218,0003.115,0000.348,0310
 
000028625,000000000,000000000,0115.188,0003.228,0000.323,0289
 
000028645,000000000,000000000,0115.144,0003.354,0000.325,0290
 
000028665,000000000,000000000,0115.092,0003.488,0000.347,0310
 
000028685,000000000,000000000,0115.035,0003.591,0000.347,0289
 
000028705,000000000,000000000,0114.985,0003.685,0000.345,0321
 
000028725,000000000,000000000,0114.943,0003.749,0000.342,0310
 
000028745,000000000,000000000,0114.897,0003.809,0000.343,0310
 
000028765,000000000,000000000,0114.832,0003.862,0000.320,0289
 
000028785,000000000,000000000,0114.760,0003.911,0000.322,0310
 
000028805,000000000,000000000,0114.693,0003.956,0000.322,0312
 
000028825,000000000,000000000,0114.625,0004.018,0000.282,0319
 
000028845,000000000,000000000,0114.574,0004.071,0000.286,0310
 
000028865,000000000,000000000,0114.518,0004.099,0000.269,0290
 
000028885,000000000,000000000,0114.450,0004.126,0000.296,0309
 
000028905,000000000,000000000,0114.389,0004.153,0000.300,0290
 
000028925,000000000,000000000,0114.332,0004.174,0000.260,0290
 
000028945,000000000,000000000,0114.286,0004.195,0000.267,0309
 
000028965,000000000,000000000,0114.210,0004.236,0000.272,0310
 
000028985,000000000,000000000,0114.145,0004.251,0000.278,0289
 
000029005,000000000,000000000,0114.096,0004.225,0000.262,0310
 
000029025,000000000,000000000,0114.050,0004.241,0000.267,0310
 
000029045,000000000,000000000,0113.993,0004.271,0000.272,0289
 
000029065,000000000,000000000,0113.948,0004.307,0000.280,0314
 
000029085,000000000,000000000,0113.876,0004.359,0000.283,0309
 
000029105,000000000,000000000,0113.818,0004.382,0000.287,0310
 
000029125,000000000,000000000,0113.773,0004.403,0000.290,0314
 
000029145,000000000,000000000,0113.708,0004.424,0000.273,0310
 
000029165,000000000,000000000,0113.648,0004.443,0000.300,0310
 
000029185,000000000,000000000,0113.594,0004.481,0000.302,0314
 
000029205,000000000,000000000,0113.546,0004.475,0000.348,0310
 
000029225,000000000,000000000,0113.491,0004.467,0000.346,0310
 
000029245,000000000,000000000,0113.430,0004.462,0000.345,0321
 
000029265,000000000,000000000,0113.382,0004.505,0000.366,0310
 
000029285,000000000,000000000,0113.322,0004.501,0000.342,0310
 
000029305,000000000,000000000,0113.278,0004.475,0000.321,0289
 
000029325,000000000,000000000,0113.211,0004.487,0000.321,0310
 
000029345,000000000,000000000,0113.172,0004.458,0000.323,0310
 
000029365,000000000,000000000,0113.137,0004.477,0000.368,0290
 
000029385,000000000,000000000,0113.080,0004.491,0000.345,0310
 
000029405,000000000,000000000,0113.020,0004.462,0000.345,0289
 
000029425,000000000,000000000,0112.973,0004.435,0000.322,0319
 
000029445,000000000,000000000,0112.944,0004.404,0000.311,0315
 
000029465,000000000,000000000,0112.897,0004.382,0000.294,0290
 
000029485,000000000,000000000,0112.858,0004.378,0000.330,0290
 
000029505,000000000,000000000,0112.821,0004.394,0000.329,0310
 
000029525,000000000,000000000,0112.770,0004.450,0000.253,0290
 
000029545,000000000,000000000,0112.741,0004.577,0000.240,0290
 
000029565,000000000,000000000,0112.724,0004.566,0000.331,0310
 
000029585,000000000,000000000,0112.677,0004.532,0000.376,0290
 
000029605,000000000,000000000,0112.633,0004.526,0000.365,0320
 
000029625,000000000,000000000,0112.580,0004.515,0000.339,0310
 
000029645,000000000,000000000,0112.547,0004.536,0000.312,0290
 
000029665,000000000,000000000,0112.500,0004.562,0000.300,0320
 
000029685,000000000,000000000,0112.466,0004.556,0000.339,0309
 
000029705,000000000,000000000,0112.420,0004.574,0000.315,0289
 
000029725,000000000,000000000,0112.387,0004.540,0000.302,0309
 
000029745,000000000,000000000,0112.330,0004.530,0000.302,0290
 
000029765,000000000,000000000,0112.318,0004.526,0000.288,0290
 
000029785,000000000,000000000,0112.291,0004.582,0000.249,0320
 
000029805,000000000,000000000,0112.267,0004.564,0000.280,0310
 
000029825,000000000,000000000,0112.233,0004.593,0000.304,0289
 
000029845,000000000,000000000,0112.217,0004.598,0000.309,0314
 
000029865,000000000,000000000,0112.194,0004.573,0000.306,0289
 
000029885,000000000,000000000,0112.179,0004.558,0000.289,0289
 
000029905,000000000,000000000,0112.159,0004.523,0000.315,0314
 
000029925,000000000,000000000,0112.128,0004.532,0000.319,0310
 
000029945,000000000,000000000,0112.106,0004.562,0000.319,0310
 
000029965,000000000,000000000,0112.091,0004.540,0000.321,0314
 
000029985,000000000,000000000,0112.057,0004.545,0000.346,0310
 
000030005,000000000,000000000,0112.046,0004.552,0000.325,0310
 
000030025,000000000,000000000,0112.030,0004.580,0000.351,0320
 
000030045,000000000,000000000,0112.011,0004.603,0000.329,0289
 
000030065,000000000,000000000,0112.019,0004.627,0000.333,0310
 
000030085,000000000,000000000,0111.996,0004.601,0000.334,0290
 
000030105,000000000,000000000,0111.974,0004.577,0000.357,0310
 
000030125,000000000,000000000,0111.968,0004.604,0000.359,0289
 
000030145,000000000,000000000,0111.924,0004.604,0000.337,0290
 
000030165,000000000,-00000001,0111.908,0004.604,0000.339,0310
 
000030185,000000001,-00000007,0111.740,0004.631,0000.314,0313
 
000030205,000000002,-00000013,0111.614,0004.847,0000.266,0321
 
000030225,000000002,-00000025,0111.565,0004.853,0000.258,0310
 
000030245,000000000,-00000025,0111.568,0004.856,0000.290,0290
 
000030265,000000000,-00000025,0111.628,0004.863,0000.348,0290
 
000030285,-00000001,-00000025,0111.676,0004.769,0000.397,0310
 
000030305,-00000001,-00000016,0111.622,0004.716,0000.436,0290
 
000030325,-00000001,-00000016,0111.563,0004.707,0000.473,0320
 
000030345,000000000,-00000015,0111.514,0004.742,0000.479,0310
 
000030365,-00000001,-00000025,0111.430,0004.734,0000.468,0289
 
000030385,-00000002,-00000016,0111.347,0004.660,0000.475,0319
 
000030405,-00000001,-00000016,0111.258,0004.662,0000.484,0315
 
000030425,000000000,-00000015,0111.155,0004.681,0000.445,0290
 
000030445,-00000001,-00000013,0111.032,0004.648,0000.433,0309
 
000030465,000000000,-00000013,0110.897,0004.659,0000.443,0310
 
000030485,-00000001,-00000013,0110.767,0004.825,0000.451,0289
 
000030505,-00000001,-00000025,0110.705,0005.019,0000.460,0314
 
000030525,-00000004,-00000026,0110.686,0005.088,0000.517,0310
 
000030545,-00000003,-00000031,0110.667,0005.135,0000.530,0290
 
000030565,-00000003,-00000049,0110.662,0005.110,0000.517,0314
 
000030585,-00000003,-00000049,0110.621,0004.996,0000.479,0321
 
000030605,-00000003,-00000049,0110.597,0005.046,0000.449,0310
 
000030625,-00000001,-00000049,0110.542,0005.068,0000.374,0314
 
000030645,-00000001,-00000049,0110.459,0005.070,0000.391,0310
 
000030665,-00000002,-00000040,0110.468,0005.094,0000.447,0310
 
000030685,-00000004,-00000049,0110.413,0005.083,0000.436,0314
 
000030705,-00000002,-00000039,0110.337,0004.921,0000.392,0310
 
000030725,-00000004,-00000038,0110.313,0004.996,0000.370,0310
 
000030745,-00000003,-00000049,0110.212,0004.983,0000.453,0314
 
000030765,-00000002,-00000049,0110.126,0005.111,0000.508,0310
 
000030785,-00000004,-00000050,0110.090,0005.277,0000.486,0310
 
000030805,-00000004,-00000055,0110.106,0005.209,0000.452,0316
 
000030825,-00000004,-00000057,0110.070,0005.277,0000.438,0310
 
000030845,-00000004,-00000059,0110.024,0005.225,0000.466,0310
 
000030865,-00000007,-00000062,0109.982,0005.156,0000.435,0289
 
000030885,-00000007,-00000097,0109.934,0005.144,0000.344,0310
 
000030905,-00000007,-00000097,0109.933,0005.116,0000.365,0310
 
000030925,-00000007,-00000097,0109.897,0004.999,0000.366,0289
 
000030945,-00000004,-00000097,0109.900,0004.915,0000.371,0310
 
000030965,-00000004,-00000097,0109.907,0004.830,0000.372,0289
 
000030985,-00000004,-00000097,0109.854,0004.750,0000.367,0321
 
000031005,-00000003,-00000097,0109.788,0004.710,0000.445,0310
 
000031025,-00000007,-00000097,0109.707,0004.892,0000.436,0290
 
000031045,-00000007,-00000097,0109.622,0004.931,0000.381,0321
 
000031065,-00000007,-00000097,0109.559,0004.869,0000.278,0310
 
000031085,-00000003,-00000063,0109.481,0004.759,0000.281,0290
 
000031105,-00000004,-00000062,0109.434,0004.762,0000.200,0321
 
000031125,-00000002,-00000062,0109.399,0004.532,0000.316,0321
 
000031145,-00000002,-00000062,0109.369,0004.666,0000.379,0290
 
000031165,-00000001,-00000062,0109.344,0004.738,0000.354,0309
 
000031185,-00000001,-00000097,0109.306,0004.671,0000.351,0309
 
000031205,-00000002,-00000097,0109.296,0004.660,0000.411,0289
 
000031225,-00000002,-00000097,0109.278,0004.757,0000.322,0309
 
000031245,-00000002,-00000097,0109.218,0004.531,0000.366,0310
 
000031265,-00000002,-00000063,0109.158,0004.601,0000.321,0290
 
000031285,-00000001,-00000060,0109.087,0004.550,0000.342,0320
 
000031305,-00000001,-00000059,0108.999,0004.526,0000.343,0310
 
000031325,000000000,-00000059,0108.930,0004.402,0000.356,0290
 
000031345,000000000,-00000058,0108.866,0004.417,0000.377,0321
 
000031365,000000003,-00000056,0108.823,0004.207,0000.497,0310
 
000031385,000000002,-00000055,0108.764,0004.289,0000.484,0310
 
000031405,000000002,-00000053,0108.743,0004.420,0000.448,0314
 
000031425,000000001,-00000051,0108.733,0004.392,0000.464,0310
 
000031445,000000000,-00000052,0108.762,0004.300,0000.516,0310
 
000031465,000000000,-00000049,0108.743,0004.239,0000.528,0314
 
000031485,000000001,-00000044,0108.731,0004.313,0000.512,0310
 
000031505,000000002,-00000042,0108.746,0004.251,0000.629,0310
 
000031525,000000001,-00000049,0108.734,0004.191,0000.606,0320
 
000031545,000000000,-00000041,0108.724,0004.207,0000.566,0310
 
000031565,000000001,-00000039,0108.726,0004.235,0000.611,0310
 
000031585,000000001,-00000049,0108.732,0004.160,0000.529,0290
 
000031605,000000002,-00000035,0108.728,0004.173,0000.511,0310
 
000031625,000000002,-00000034,0108.727,0004.164,0000.480,0290
 
000031645,000000002,-00000049,0108.737,0004.243,0000.469,0289
 
000031665,000000002,-00000032,0108.716,0004.245,0000.480,0315
 
000031685,000000001,-00000032,0108.686,0004.233,0000.534,0289
 
000031705,000000002,-00000031,0108.622,0004.306,0000.495,0314
 
000031725,000000002,-00000030,0108.570,0004.271,0000.441,0310
 
000031745,000000002,-00000029,0108.522,0004.282,0000.454,0289
 
000031765,000000001,-00000028,0108.488,0004.352,0000.448,0321
 
000031785,000000001,-00000028,0108.447,0004.354,0000.439,0310
 
000031805,000000000,-00000026,0108.430,0004.247,0000.476,0289
 
000031825,000000000,-00000025,0108.426,0004.151,0000.466,0289
 
000031845,000000000,-00000025,0108.429,0004.105,0000.479,0315
 
000031865,000000000,-00000025,0108.445,0004.060,0000.451,0289
 
000031885,-00000001,-00000025,0108.475,0004.107,0000.488,0320
 
000031905,-00000001,-00000025,0108.499,0004.144,0000.478,0315
 
000031925,000000000,-00000015,0108.503,0004.181,0000.466,0289
 
000031945,-00000001,-00000013,0108.504,0004.256,0000.437,0290
 
000031965,-00000001,-00000013,0108.514,0004.305,0000.452,0309
 
000031985,-00000001,-00000013,0108.529,0004.350,0000.450,0290
 
000032005,-00000001,-00000013,0108.524,0004.369,0000.419,0310
 
000032025,-00000001,-00000015,0108.545,0004.363,0000.418,0309
 
000032045,000000000,-00000016,0108.564,0004.340,0000.439,0310
 
000032065,-00000001,-00000015,0108.564,0004.402,0000.455,0314
 
000032085,-00000001,-00000025,0108.553,0004.480,0000.451,0310
 
000032105,-00000002,-00000016,0108.530,0004.444,0000.423,0310
 
000032125,-00000001,-00000016,0108.496,0004.412,0000.417,0314
 
000032145,-00000001,-00000015,0108.445,0004.425,0000.391,0310
 
000032165,000000000,-00000016,0108.429,0004.519,0000.392,0310
 
000032185,000000000,-00000014,0108.415,0004.476,0000.391,0314
 
000032205,000000000,-00000013,0108.418,0004.465,0000.390,0310
 
000032225,000000000,-00000013,0108.428,0004.427,0000.391,0310
 
000032245,000000000,-00000007,0108.427,0004.458,0000.392,0316
 
000032265,000000000,-00000007,0108.430,0004.489,0000.412,0310
 
000032285,000000001,-00000007,0108.417,0004.471,0000.407,0310
 
000032305,000000000,-00000007,0108.394,0004.409,0000.405,0289
 
000032325,000000001,-00000007,0108.404,0004.384,0000.381,0310
 
000032345,000000000,-00000007,0108.392,0004.357,0000.382,0289
 
000032365,000000001,-00000004,0108.386,0004.309,0000.381,0290
 
000032385,000000000,-00000002,0108.386,0004.356,0000.362,0315
 
000032405,000000000,000000000,0108.386,0004.400,0000.342,0290
 
000032425,000000000,000000000,0108.379,0004.367,0000.344,0321
 
000032445,000000000,000000000,0108.377,0004.343,0000.347,0310
 
000032465,000000000,000000000,0108.371,0004.366,0000.329,0289
 
000032485,000000000,000000000,0108.382,0004.404,0000.333,0319
 
000032505,000000000,000000000,0108.382,0004.442,0000.337,0315
 
000032525,000000000,000000000,0108.386,0004.407,0000.340,0289
 
000032545,000000000,000000000,0108.375,0004.370,0000.321,0320
 
000032565,000000000,000000000,0108.372,0004.359,0000.348,0318
 
000032585,000000000,000000000,0108.379,0004.399,0000.350,0290
 
000032605,000000000,000000000,0108.377,0004.412,0000.351,0320
 
000032625,000000000,000000000,0108.376,0004.430,0000.354,0321
 
000032645,000000000,000000000,0108.375,0004.420,0000.357,0289
 
000032665,000000000,000000000,0108.373,0004.385,0000.359,0319
 
000032685,000000000,000000000,0108.370,0004.396,0000.360,0320
 
000032705,000000000,000000000,0108.361,0004.408,0000.383,0290
 
000032725,000000000,000000000,0108.363,0004.442,0000.406,0319
 
000032745,000000000,000000000,0108.350,0004.470,0000.402,0289
 
000032765,000000000,000000000,0108.357,0004.499,0000.421,0289
 
000032785,000000000,000000000,0108.357,0004.499,0000.419,0290
 
000032805,000000000,000000000,0108.355,0004.473,0000.437,0289
 
000032825,000000000,000000000,0108.362,0004.478,0000.411,0289
 
000032845,000000000,000000000,0108.372,0004.506,0000.452,0289
 
000032865,000000000,000000000,0108.376,0004.512,0000.445,0309
 
000032885,000000000,000000000,0108.370,0004.537,0000.441,0289
 
000032905,000000000,000000000,0108.375,0004.514,0000.437,0289
 
000032925,000000000,000000000,0108.372,0004.514,0000.452,0310
 
000032945,000000000,000000000,0108.364,0004.514,0000.445,0310
 
000032965,000000000,000000000,0108.348,0004.510,0000.441,0314
 
000032985,000000000,000000000,0108.356,0004.536,0000.435,0310
 
000033005,000000000,000000000,0108.377,0004.556,0000.410,0310
 
000033025,000000000,000000000,0108.361,0004.554,0000.408,0317
 
000033045,000000000,000000000,0108.362,0004.550,0000.405,0310
 
000033065,000000000,000000000,0108.367,0004.544,0000.403,0310
 
000033085,000000000,000000000,0108.351,0004.542,0000.400,0289
 
000033105,000000000,000000000,0108.346,0004.543,0000.397,0310
 
000033125,000000000,000000000,0108.347,0004.545,0000.376,0290
 
000033145,000000000,000000000,0108.357,0004.542,0000.376,0316
 
000033165,000000000,000000000,0108.356,0004.517,0000.378,0310
 
000033185,000000000,000000000,0108.358,0004.519,0000.378,0289
 
000033205,000000000,000000000,0108.354,0004.475,0000.380,0319
 
