000147134,000000000,000000000,0111.289,0014.571,0002.756,0321
 
000147151,000000000,000000000,0111.328,0013.773,0002.560,0310
 
000147169,000000000,000000000,0110.966,0013.045,0002.373,0309
 
000147187,000000000,000000000,0110.643,0012.360,0002.217,0290
 
000147205,000000000,000000000,0110.367,0011.690,0002.051,0309
 
000147223,000000000,000000000,0110.134,0011.083,0001.920,0309
 
000147241,000000000,000000000,0109.943,0010.543,0001.798,0309
 
000147259,000000000,000000000,0109.767,0010.044,0001.668,0310
 
000147277,000000000,000000000,0109.617,0009.585,0001.547,0309
 
000147295,000000000,000000000,0109.505,0009.162,0001.457,0309
 
000147313,000000000,000000000,0109.415,0008.791,0001.372,0309
 
000147331,000000000,000000000,0109.333,0008.437,0001.296,0309
 
000147349,000000000,000000000,0109.281,0008.104,0001.210,0290
 
000147367,000000000,000000000,0109.249,0007.786,0001.128,0309
 
000147385,000000000,000000000,0109.231,0007.503,0001.072,0313
 
000147403,000000000,000000000,0109.219,0007.253,0001.038,0309
 
000147421,000000000,000000000,0109.222,0007.023,0001.008,0310
 
000147439,000000000,000000000,0109.260,0006.784,0000.961,0309
 
000147457,000000000,000000000,0109.283,0006.581,0000.936,0309
 
000147475,000000000,000000000,0109.325,0006.398,0000.895,0310
 
000147493,000000000,000000000,0109.363,0006.229,0000.879,0313
 
000147511,000000000,000000000,0109.413,0006.068,0000.840,0320
 
000147529,000000000,000000000,0109.463,0005.922,0000.809,0320
 
000147547,000000000,000000000,0109.530,0005.785,0000.776,0310
 
000147565,000000000,000000000,0109.590,0005.640,0000.728,0310
 
000147583,000000000,000000000,0109.670,0005.507,0000.684,0313
 
000147601,000000000,000000000,0109.754,0005.389,0000.646,0289
 
000147619,000000000,000000000,0109.845,0005.276,0000.627,0289
 
000147637,000000000,000000000,0109.928,0005.196,0000.592,0289
 
000147655,000000000,000000000,0110.025,0005.117,0000.578,0289
 
000147673,000000000,000000000,0110.125,0005.047,0000.566,0289
 
000147691,000000000,000000000,0110.214,0005.005,0000.536,0289
 
000147709,000000000,000000000,0110.316,0004.943,0000.548,0289
 
000147727,000000000,000000000,0110.426,0004.903,0000.558,0289
 
000147745,000000000,000000000,0110.516,0004.868,0000.566,0289
 
000147763,000000000,000000000,0110.615,0004.801,0000.535,0289
 
000147781,000000000,000000000,0110.708,0004.734,0000.507,0289
 
000147799,000000000,000000000,0110.807,0004.672,0000.518,0289
 
000147817,000000000,000000000,0110.886,0004.639,0000.493,0290
 
000147835,000000000,000000000,0110.984,0004.608,0000.488,0289
 
000147853,000000000,000000000,0111.092,0004.579,0000.482,0289
 
000147871,000000000,000000000,0111.179,0004.571,0000.478,0289
 
000147889,000000000,000000000,0111.276,0004.539,0000.493,0289
 
000147907,000000000,000000000,0111.372,0004.509,0000.507,0309
 
000147925,000000000,000000000,0111.481,0004.469,0000.499,0310
 
000147943,000000000,000000000,0111.563,0004.428,0000.495,0289
 
000147961,000000000,000000000,0111.641,0004.414,0000.471,0310
 
000147979,000000000,000000000,0111.718,0004.382,0000.447,0310
 
000147997,000000000,000000000,0111.805,0004.351,0000.446,0309
 
000148015,000000000,000000000,0111.884,0004.342,0000.444,0309
 
000148033,000000000,000000000,0111.964,0004.334,0000.443,0309
 
000148051,000000000,000000000,0112.057,0004.307,0000.422,0309
 
000148069,000000000,000000000,0112.142,0004.283,0000.402,0309
 
000148087,000000000,000000000,0112.223,0004.261,0000.386,0309
 
000148105,000000000,000000000,0112.305,0004.259,0000.388,0309
 
000148123,000000000,000000000,0112.387,0004.215,0000.392,0313
 
000148141,000000000,000000000,0112.466,0004.197,0000.376,0313
 
000148159,000000000,000000000,0112.541,0004.185,0000.382,0310
 
000148177,000000000,000000000,0112.609,0004.189,0000.386,0289
 
000148195,000000000,000000000,0112.686,0004.212,0000.389,0313
 
000148213,000000000,000000000,0112.760,0004.214,0000.373,0313
 
000148231,000000000,000000000,0112.823,0004.214,0000.360,0310
 
000148249,000000000,000000000,0112.899,0004.212,0000.364,0310
 
000148267,000000000,000000000,0112.976,0004.229,0000.350,0320
 
000148285,000000000,000000000,0113.040,0004.212,0000.336,0313
 
000148303,000000000,000000000,0113.096,0004.196,0000.343,0310
 
000148321,000000000,000000000,0113.143,0004.179,0000.349,0320
 
000148339,000000000,000000000,0113.198,0004.185,0000.336,0289
 
000148357,000000000,000000000,0113.253,0004.168,0000.343,0289
 
000148375,000000000,000000000,0113.326,0004.174,0000.332,0289
 
000148393,000000000,000000000,0113.375,0004.179,0000.321,0289
 
000148411,000000000,000000000,0113.435,0004.202,0000.311,0289
 
000148429,000000000,000000000,0113.487,0004.222,0000.359,0289
 
000148447,000000000,000000000,0113.548,0004.220,0000.347,0320
 
000148465,000000000,000000000,0113.607,0004.202,0000.372,0289
 
000148483,000000000,000000000,0113.658,0004.182,0000.398,0289
 
000148501,000000000,000000000,0113.721,0004.190,0000.382,0289
 
000148519,000000000,000000000,0113.774,0004.215,0000.385,0289
 
000148537,000000000,000000000,0113.828,0004.237,0000.389,0289
 
000148555,000000000,000000000,0113.891,0004.256,0000.393,0310
 
000148573,000000000,000000000,0113.932,0004.237,0000.396,0289
 
000148591,000000000,000000000,0113.968,0004.196,0000.400,0310
 
000148609,000000000,000000000,0114.016,0004.199,0000.424,0289
 
000148627,000000000,000000000,0114.057,0004.202,0000.425,0289
 
000148645,000000000,000000000,0114.096,0004.181,0000.425,0289
 
000148663,000000000,000000000,0114.128,0004.187,0000.406,0309
 
000148681,000000000,000000000,0114.171,0004.175,0000.408,0309
 
000148699,000000000,000000000,0114.202,0004.199,0000.409,0310
 
000148717,000000000,000000000,0114.241,0004.223,0000.409,0309
 
000148735,000000000,000000000,0114.287,0004.226,0000.391,0289
 
000148753,000000000,000000000,0114.317,0004.208,0000.393,0309
 
000148771,000000000,000000000,0114.352,0004.211,0000.375,0309
 
000148789,000000000,000000000,0114.388,0004.194,0000.399,0309
 
000148807,000000000,000000000,0114.426,0004.174,0000.441,0309
 
000148825,000000000,000000000,0114.462,0004.198,0000.440,0309
 
000148843,000000000,000000000,0114.491,0004.160,0000.478,0310
 
000148861,000000000,000000000,0114.522,0004.184,0000.457,0309
 
000148879,000000000,000000000,0114.567,0004.207,0000.436,0313
 
000148897,000000000,000000000,0114.601,0004.229,0000.418,0313
 
000148915,000000000,000000000,0114.632,0004.211,0000.418,0313
 
000148933,000000000,000000000,0114.657,0004.192,0000.400,0313
 
000148951,000000000,000000000,0114.681,0004.155,0000.382,0313
 
000148969,000000000,000000000,0114.711,0004.159,0000.368,0313
 
000148987,000000000,000000000,0114.744,0004.165,0000.373,0321
 
000149005,000000000,000000000,0114.777,0004.170,0000.398,0313
 
000149023,000000000,000000000,0114.812,0004.156,0000.401,0321
 
000149041,000000000,000000000,0114.847,0004.144,0000.402,0310
 
000149059,000000000,000000000,0114.865,0004.151,0000.405,0310
 
000149077,000000000,000000000,0114.904,0004.160,0000.388,0310
 
000149095,000000000,000000000,0114.935,0004.169,0000.372,0289
 
000149113,000000000,000000000,0114.961,0004.155,0000.357,0289
 
000149131,000000000,000000000,0114.993,0004.164,0000.345,0289
 
000149149,000000000,000000000,0115.015,0004.169,0000.352,0310
 
000149167,000000000,000000000,0115.045,0004.175,0000.339,0289
 
000149185,000000000,000000000,0115.066,0004.161,0000.346,0289
 
000149203,000000000,000000000,0115.103,0004.148,0000.355,0290
 
000149221,000000000,000000000,0115.122,0004.101,0000.398,0289
 
000149239,000000000,000000000,0115.134,0004.093,0000.343,0289
 
000149257,000000000,000000000,0115.161,0004.105,0000.352,0289
 
000149275,000000000,000000000,0115.190,0004.097,0000.357,0289
 
000149293,000000000,000000000,0115.217,0004.128,0000.365,0289
 
000149311,000000000,000000000,0115.254,0004.097,0000.351,0310
 
000149329,000000000,000000000,0115.288,0004.070,0000.337,0289
 
000149347,000000000,000000000,0115.308,0004.086,0000.345,0290
 
000149365,000000000,000000000,0115.332,0004.101,0000.351,0289
 
000149383,000000000,000000000,0115.361,0004.113,0000.377,0289
 
000149401,000000000,000000000,0115.375,0004.123,0000.401,0310
 
000149419,000000000,000000000,0115.384,0004.128,0000.423,0309
 
000149437,000000000,000000000,0115.396,0004.116,0000.404,0310
 
000149455,000000000,000000000,0115.406,0004.126,0000.367,0290
 
000149473,000000000,000000000,0115.420,0004.095,0000.352,0289
 
000149491,000000000,000000000,0115.428,0004.128,0000.338,0289
 
000149509,000000000,000000000,0115.434,0004.158,0000.324,0309
 
000149527,000000000,000000000,0115.458,0004.147,0000.335,0310
 
000149545,000000000,000000000,0115.482,0004.131,0000.341,0310
 
000149563,000000000,000000000,0115.499,0004.141,0000.349,0309
 
000149581,000000000,000000000,0115.516,0004.130,0000.357,0309
 
000149599,000000000,000000000,0115.528,0004.138,0000.344,0309
 
000149617,000000000,000000000,0115.529,0004.168,0000.314,0289
 
000149635,000000000,000000000,0115.540,0004.156,0000.304,0310
 
000149653,000000000,000000000,0115.563,0004.163,0000.315,0313
 
000149671,000000000,000000000,0115.595,0004.171,0000.322,0313
 
000149689,000000000,000000000,0115.617,0004.175,0000.369,0311
 
000149707,000000000,000000000,0115.633,0004.157,0000.394,0309
 
000149725,000000000,000000000,0115.631,0004.164,0000.398,0310
 
000149743,000000000,000000000,0115.641,0004.127,0000.401,0310
 
000149761,000000000,000000000,0115.648,0004.136,0000.385,0313
 
000149779,000000000,000000000,0115.661,0004.146,0000.369,0310
 
000149797,000000000,000000000,0115.666,0004.133,0000.352,0310
 
000149815,000000000,000000000,0115.672,0004.144,0000.340,0320
 
000149833,000000000,000000000,0115.690,0004.155,0000.329,0289
 
000149851,000000000,000000000,0115.709,0004.143,0000.338,0289
 
000149869,000000000,000000000,0115.721,0004.132,0000.327,0289
 
000149887,000000000,000000000,0115.725,0004.142,0000.334,0289
 
000149905,000000000,000000000,0115.747,0004.149,0000.379,0290
 
000149923,000000000,000000000,0115.757,0004.138,0000.382,0290
 
000149941,000000000,000000000,0115.762,0004.150,0000.386,0310
 
000149959,000000000,000000000,0115.764,0004.156,0000.369,0289
 
000149977,000000000,000000000,0115.772,0004.163,0000.373,0320
 
000149995,000000000,000000000,0115.793,0004.169,0000.377,0313
 
000150013,000000000,000000000,0115.810,0004.139,0000.382,0289
 
000150031,000000000,000000000,0115.834,0004.127,0000.385,0310
 
000150049,000000000,000000000,0115.833,0004.136,0000.371,0309
 
000150067,000000000,000000000,0115.837,0004.123,0000.376,0289
 
000150085,000000000,000000000,0115.849,0004.113,0000.362,0289
 
000150103,000000000,000000000,0115.846,0004.125,0000.368,0289
 
000150121,000000000,000000000,0115.859,0004.134,0000.353,0310
 
000150139,000000000,000000000,0115.862,0004.142,0000.341,0309
 
000150157,000000000,000000000,0115.872,0004.150,0000.328,0289
 
000150175,000000000,000000000,0115.886,0004.138,0000.319,0309
 
000150193,000000000,000000000,0115.894,0004.144,0000.308,0309
 
000150211,000000000,000000000,0115.904,0004.150,0000.299,0309
 
000150229,000000000,000000000,0115.907,0004.156,0000.307,0309
 
000150247,000000000,000000000,0115.916,0004.141,0000.299,0309
 
000150265,000000000,000000000,0115.922,0004.151,0000.310,0310
 
000150283,000000000,000000000,0115.934,0004.158,0000.320,0310
 
000150301,000000000,000000000,0115.958,0004.185,0000.330,0310
 
000150319,000000000,000000000,0115.975,0004.212,0000.337,0310
 
000150337,000000000,000000000,0115.983,0004.197,0000.326,0310
 
000150355,000000000,000000000,0115.968,0004.202,0000.296,0310
 
000150373,000000000,000000000,0115.964,0004.205,0000.307,0313
 
000150391,000000000,000000000,0115.974,0004.209,0000.300,0313
 
000150409,000000000,000000000,0115.980,0004.212,0000.312,0313
 
000150427,000000000,000000000,0115.968,0004.192,0000.302,0313
 
000150445,000000000,000000000,0115.962,0004.176,0000.294,0320
 
000150463,000000000,000000000,0115.955,0004.161,0000.304,0310
 
000150481,000000000,000000000,0115.963,0004.147,0000.314,0310
 
000150499,000000000,000000000,0115.971,0004.152,0000.304,0310
 
000150517,000000000,000000000,0115.976,0004.198,0000.296,0310
 
000150535,000000000,000000000,0115.999,0004.201,0000.307,0313
 
000150553,000000000,000000000,0116.002,0004.203,0000.297,0290
 
000150571,000000000,000000000,0116.010,0004.205,0000.307,0289
 
000150589,000000000,000000000,0116.020,0004.186,0000.317,0289
 
000150607,000000000,000000000,0116.022,0004.211,0000.309,0289
 
000150625,000000000,000000000,0116.016,0004.214,0000.338,0289
 
000150643,000000000,000000000,0116.026,0004.216,0000.366,0313
 
000150661,000000000,000000000,0116.039,0004.200,0000.371,0289
 
000150679,000000000,000000000,0116.029,0004.225,0000.356,0289
 
000150697,000000000,000000000,0116.033,0004.225,0000.362,0320
 
000150715,000000000,000000000,0116.033,0004.226,0000.367,0289
 
000150733,000000000,000000000,0116.031,0004.225,0000.372,0289
 
000150751,000000000,000000000,0116.021,0004.208,0000.378,0289
 
000150769,000000000,000000000,0116.020,0004.211,0000.364,0289
 
000150787,000000000,000000000,0116.025,0004.195,0000.371,0289
 
000150805,000000000,000000000,0116.032,0004.181,0000.377,0309
 
000150823,000000000,000000000,0116.044,0004.169,0000.362,0290
 
000150841,000000000,000000000,0116.038,0004.173,0000.368,0289
 
000150859,000000000,000000000,0116.039,0004.180,0000.374,0290
 
000150877,000000000,000000000,0116.044,0004.166,0000.360,0310
 
000150895,000000000,000000000,0116.057,0004.152,0000.346,0289
 
000150913,000000000,000000000,0116.061,0004.157,0000.332,0289
 
000150931,000000000,000000000,0116.074,0004.166,0000.341,0309
 
000150949,000000000,000000000,0116.079,0004.149,0000.349,0289
 
000150967,000000000,000000000,0116.086,0004.135,0000.356,0309
 
000150985,000000000,000000000,0116.095,0004.126,0000.381,0310
 
000151003,000000000,000000000,0116.115,0004.136,0000.365,0309
 
000151021,000000000,000000000,0116.130,0004.145,0000.351,0309
 
000151039,000000000,000000000,0116.132,0004.173,0000.339,0309
 
000151057,000000000,000000000,0116.137,0004.159,0000.328,0309
 
000151075,000000000,000000000,0116.144,0004.166,0000.318,0310
 
000151093,000000000,000000000,0116.138,0004.153,0000.327,0313
 
000151111,000000000,000000000,0116.146,0004.161,0000.337,0311
 
000151129,000000000,000000000,0116.146,0004.167,0000.344,0310
 
000151147,000000000,000000000,0116.151,0004.178,0000.389,0311
 
000151165,000000000,000000000,0116.161,0004.160,0000.411,0313
 
000151183,000000000,000000000,0116.149,0004.166,0000.414,0311
 
000151201,000000000,000000000,0116.154,0004.172,0000.416,0313
 
000151219,000000000,000000000,0116.148,0004.159,0000.400,0313
 
000151237,000000000,000000000,0116.138,0004.167,0000.383,0321
 
000151255,000000000,000000000,0116.146,0004.155,0000.388,0313
 
000151273,000000000,000000000,0116.152,0004.162,0000.391,0321
 
000151291,000000000,000000000,0116.157,0004.168,0000.394,0310
 
000151309,000000000,000000000,0116.161,0004.173,0000.379,0289
 
000151327,000000000,000000000,0116.160,0004.138,0000.403,0290
 
000151345,000000000,000000000,0116.159,0004.146,0000.406,0310
 
000151363,000000000,000000000,0116.166,0004.192,0000.389,0289
 
000151381,000000000,000000000,0116.161,0004.197,0000.374,0313
 
000151399,000000000,000000000,0116.150,0004.200,0000.380,0310
 
000151417,000000000,000000000,0116.169,0004.200,0000.386,0289
 
000151435,000000000,000000000,0116.164,0004.203,0000.390,0289
 
000151453,000000000,000000000,0116.168,0004.204,0000.393,0289
 
000151471,000000000,000000000,0116.172,0004.188,0000.397,0289
 
000151489,000000000,000000000,0116.178,0004.189,0000.401,0289
 
000151507,000000000,000000000,0116.191,0004.193,0000.404,0289
 
000151525,000000000,000000000,0116.198,0004.177,0000.408,0289
 
000151543,000000000,000000000,0116.208,0004.183,0000.392,0289
 
000151561,000000000,000000000,0116.208,0004.208,0000.395,0289
 
000151579,000000000,000000000,0116.215,0004.213,0000.381,0289
 
000151597,000000000,000000000,0116.211,0004.217,0000.367,0290
 
000151615,000000000,000000000,0116.202,0004.201,0000.354,0310
 
000151633,000000000,000000000,0116.212,0004.201,0000.342,0310
 
000151651,000000000,000000000,0116.205,0004.206,0000.350,0290
 
000151669,000000000,000000000,0116.211,0004.189,0000.356,0289
 
000151687,000000000,000000000,0116.202,0004.192,0000.363,0309
 
000151705,000000000,000000000,0116.201,0004.179,0000.349,0310
 
000151723,000000000,000000000,0116.195,0004.186,0000.355,0289
 
000151741,000000000,000000000,0116.208,0004.191,0000.361,0309
 
000151759,000000000,000000000,0116.208,0004.195,0000.369,0310
 
000151777,000000000,000000000,0116.209,0004.161,0000.355,0289
 
000151795,000000000,000000000,0116.207,0004.164,0000.341,0289
 
000151813,000000000,000000000,0116.204,0004.152,0000.329,0309
 
000151831,000000000,000000000,0116.218,0004.121,0000.338,0309
 
000151849,000000000,000000000,0116.235,0004.130,0000.347,0313
 
000151867,000000000,000000000,0116.239,0004.137,0000.354,0313
 
000151885,000000000,000000000,0116.248,0004.106,0000.360,0313
 
000151903,000000000,000000000,0116.248,0004.096,0000.365,0310
 
000151921,000000000,000000000,0116.255,0004.088,0000.370,0289
 
000151939,000000000,000000000,0116.268,0004.101,0000.356,0310
 
000151957,000000000,000000000,0116.267,0004.116,0000.343,0320
 
000151975,000000000,000000000,0116.261,0004.109,0000.331,0321
 
000151993,000000000,000000000,0116.249,0004.118,0000.319,0320
 
000152011,000000000,000000000,0116.269,0004.108,0000.329,0320
 
000152029,000000000,000000000,0116.285,0004.099,0000.337,0313
 
000152047,000000000,000000000,0116.302,0004.111,0000.344,0320
 
000152065,000000000,000000000,0116.312,0004.105,0000.371,0320
 
000152083,000000000,000000000,0116.319,0004.097,0000.396,0289
 
000152101,000000000,000000000,0116.328,0004.074,0000.380,0289
 
000152119,000000000,000000000,0116.330,0004.053,0000.385,0289
 
000152137,000000000,000000000,0116.333,0004.050,0000.371,0289
 
000152155,000000000,000000000,0116.334,0004.048,0000.357,0289
 
000152173,000000000,000000000,0116.342,0004.047,0000.382,0289
 
000152191,000000000,000000000,0116.341,0004.063,0000.385,0289
 
000152209,000000000,000000000,0116.351,0004.059,0000.389,0289
 
000152227,000000000,000000000,0116.354,0004.051,0000.411,0289
 
000152245,000000000,000000000,0116.359,0004.044,0000.433,0289
 
000152263,000000000,000000000,0116.367,0004.039,0000.433,0289
 
000152281,000000000,000000000,0116.362,0004.075,0000.453,0289
 
000152299,000000000,000000000,0116.358,0004.088,0000.414,0289
 
000152317,000000000,000000000,0116.364,0004.121,0000.418,0309
 
000152335,000000000,000000000,0116.370,0004.131,0000.399,0289
 
000152353,000000000,000000000,0116.381,0004.139,0000.403,0310
 
000152371,000000000,000000000,0116.401,0004.105,0000.406,0289
 
000152389,000000000,000000000,0116.402,0004.096,0000.390,0290
 
000152407,000000000,000000000,0116.407,0004.088,0000.372,0289
 
000152425,000000000,000000000,0116.402,0004.042,0000.375,0309
 
000152443,000000000,000000000,0116.408,0004.040,0000.400,0310
 
000152461,000000000,000000000,0116.421,0004.061,0000.384,0289
 
000152479,000000000,000000000,0116.419,0004.057,0000.407,0310
 
000152497,000000000,000000000,0116.421,0004.092,0000.391,0289
 
000152515,000000000,000000000,0116.438,0004.104,0000.395,0309
 
000152533,000000000,000000000,0116.437,0004.096,0000.380,0309
 
000152551,000000000,000000000,0116.427,0004.128,0000.348,0309
 
000152569,000000000,000000000,0116.412,0004.158,0000.318,0310
 
000152587,000000000,000000000,0116.411,0004.185,0000.328,0313
 
000152605,000000000,000000000,0116.405,0004.172,0000.339,0310
 
000152623,000000000,000000000,0116.406,0004.179,0000.345,0313
 
000152641,000000000,000000000,0116.418,0004.127,0000.370,0313
 
000152659,000000000,000000000,0116.407,0004.137,0000.376,0313
 
000152677,000000000,000000000,0116.414,0004.168,0000.400,0313
 
000152695,000000000,000000000,0116.412,0004.173,0000.403,0320
 
000152713,000000000,000000000,0116.406,0004.162,0000.388,0313
 
000152731,000000000,000000000,0116.404,0004.150,0000.374,0310
 
000152749,000000000,000000000,0116.405,0004.157,0000.360,0313
 
000152767,000000000,000000000,0116.412,0004.163,0000.366,0320
 
000152785,000000000,000000000,0116.409,0004.154,0000.373,0321
 
000152803,000000000,000000000,0116.417,0004.144,0000.379,0289
 
000152821,000000000,000000000,0116.428,0004.154,0000.382,0289
 
000152839,000000000,000000000,0116.434,0004.143,0000.369,0289
 
000152857,000000000,000000000,0116.439,0004.133,0000.375,0313
 
000152875,000000000,000000000,0116.431,0004.162,0000.378,0289
 
000152893,000000000,000000000,0116.428,0004.189,0000.384,0310
 
000152911,000000000,000000000,0116.425,0004.215,0000.389,0289
 
000152929,000000000,000000000,0116.424,0004.217,0000.411,0288
 
000152947,000000000,000000000,0116.426,0004.203,0000.414,0289
 
000152965,000000000,000000000,0116.435,0004.206,0000.396,0289
 
000152983,000000000,000000000,0116.438,0004.209,0000.419,0289
 
000153001,000000000,000000000,0116.450,0004.191,0000.460,0289
 
000153019,000000000,000000000,0116.436,0004.179,0000.440,0289
 
000153037,000000000,000000000,0116.443,0004.186,0000.440,0289
 
000153055,000000000,000000000,0116.446,0004.192,0000.440,0310
 
000153073,000000000,000000000,0116.451,0004.177,0000.442,0310
 
000153091,000000000,000000000,0116.441,0004.203,0000.424,0313
 
000153109,000000000,000000000,0116.444,0004.186,0000.426,0289
 
000153127,000000000,000000000,0116.441,0004.192,0000.408,0309
 
000153145,000000000,000000000,0116.442,0004.215,0000.411,0289
 
000153163,000000000,000000000,0116.434,0004.218,0000.414,0314
 
000153181,000000000,000000000,0116.422,0004.222,0000.398,0289
 
000153199,000000000,000000000,0116.426,0004.205,0000.400,0309
 
000153217,000000000,000000000,0116.418,0004.190,0000.404,0313
 
000153235,000000000,000000000,0116.420,0004.195,0000.387,0310
 
000153253,000000000,000000000,0116.395,0004.202,0000.336,0309
 
000153271,000000000,000000000,0116.395,0004.206,0000.345,0310
 
000153289,000000000,000000000,0116.396,0004.212,0000.333,0310
 
000153307,000000000,000000000,0116.399,0004.195,0000.323,0310
 
000153325,000000000,000000000,0116.397,0004.181,0000.313,0309
 
000153343,000000000,000000000,0116.401,0004.188,0000.303,0313
 
000153361,000000000,000000000,0116.413,0004.173,0000.315,0313
 
000153379,000000000,000000000,0116.424,0004.159,0000.324,0310
 
000153397,000000000,000000000,0116.435,0004.151,0000.332,0313
 
000153415,000000000,000000000,0116.445,0004.180,0000.322,0313
 
000153433,000000000,000000000,0116.437,0004.187,0000.333,0313
 
000153451,000000000,000000000,0116.433,0004.193,0000.322,0310
 
000153469,000000000,000000000,0116.442,0004.179,0000.332,0313
 
000153487,000000000,000000000,0116.438,0004.206,0000.359,0313
 
000153505,000000000,000000000,0116.445,0004.189,0000.365,0321
 
000153523,000000000,000000000,0116.444,0004.156,0000.371,0310
 
000153541,000000000,000000000,0116.434,0004.124,0000.379,0313
 
000153559,000000000,000000000,0116.436,0004.133,0000.362,0289
 
000153577,000000000,000000000,0116.440,0004.161,0000.387,0289
 
000153595,000000000,000000000,0116.446,0004.168,0000.393,0289
 
000153613,000000000,000000000,0116.452,0004.178,0000.378,0289
 
000153631,000000000,000000000,0116.457,0004.166,0000.382,0310
 
000153649,000000000,000000000,0116.462,0004.172,0000.370,0289
 
000153667,000000000,000000000,0116.456,0004.161,0000.375,0289
 
000153685,000000000,000000000,0116.462,0004.148,0000.397,0289
 
000153703,000000000,000000000,0116.453,0004.135,0000.421,0289
 
000153721,000000000,000000000,0116.453,0004.126,0000.422,0290
 
000153739,000000000,000000000,0116.446,0004.138,0000.404,0289
 
000153757,000000000,000000000,0116.448,0004.149,0000.388,0289
 
000153775,000000000,000000000,0116.450,0004.158,0000.393,0289
 
000153793,000000000,000000000,0116.449,0004.145,0000.398,0290
 
000153811,000000000,000000000,0116.450,0004.132,0000.402,0289
 
000153829,000000000,000000000,0116.441,0004.143,0000.386,0290
 
000153847,000000000,000000000,0116.448,0004.151,0000.369,0289
 
000153865,000000000,000000000,0116.464,0004.158,0000.394,0289
 
000153883,000000000,000000000,0116.475,0004.168,0000.398,0289
 
000153901,000000000,000000000,0116.467,0004.138,0000.420,0289
 
000153919,000000000,000000000,0116.474,0004.147,0000.421,0309
 
000153937,000000000,000000000,0116.474,0004.157,0000.423,0289
 
000153955,000000000,000000000,0116.482,0004.165,0000.425,0309
 
000153973,000000000,000000000,0116.467,0004.194,0000.408,0309
 
000153991,000000000,000000000,0116.466,0004.198,0000.393,0309
 
000154009,000000000,000000000,0116.459,0004.204,0000.380,0309
 
000154027,000000000,000000000,0116.456,0004.189,0000.385,0289
 
000154045,000000000,000000000,0116.472,0004.176,0000.390,0309
 
000154063,000000000,000000000,0116.477,0004.163,0000.395,0309
 
000154081,000000000,000000000,0116.480,0004.149,0000.398,0309
 
000154099,000000000,000000000,0116.461,0004.157,0000.383,0313
 
000154117,000000000,000000000,0116.456,0004.164,0000.388,0310
 
000154135,000000000,000000000,0116.460,0004.173,0000.390,0313
 
000154153,000000000,000000000,0116.457,0004.161,0000.395,0310
 
000154171,000000000,000000000,0116.448,0004.150,0000.400,0313
 
000154189,000000000,000000000,0116.442,0004.120,0000.384,0313
 
000154207,000000000,000000000,0116.445,0004.111,0000.389,0320
 
000154225,000000000,000000000,0116.456,0004.103,0000.392,0320
 
000154243,000000000,000000000,0116.453,0004.096,0000.377,0320
 
000154261,000000000,000000000,0116.460,0004.089,0000.362,0320
 
000154279,000000000,000000000,0116.475,0004.104,0000.368,0313
 
000154297,000000000,000000000,0116.477,0004.157,0000.356,0310
 
000154315,000000000,000000000,0116.475,0004.164,0000.363,0313
 
000154333,000000000,000000000,0116.459,0004.170,0000.372,0289
 
000154351,000000000,000000000,0116.457,0004.197,0000.360,0289
 
000154369,000000000,000000000,0116.453,0004.161,0000.386,0289
 
000154387,000000000,000000000,0116.454,0004.130,0000.391,0289
 
000154405,000000000,000000000,0116.453,0004.142,0000.396,0310
 
000154423,000000000,000000000,0116.463,0004.153,0000.419,0310
 
000154441,000000000,000000000,0116.471,0004.162,0000.403,0310
 
000154459,000000000,000000000,0116.470,0004.189,0000.386,0289
 
000154477,000000000,000000000,0116.469,0004.176,0000.391,0289
 
000154495,000000000,000000000,0116.471,0004.162,0000.394,0289
 
000154513,000000000,000000000,0116.483,0004.130,0000.381,0310
 
000154531,000000000,000000000,0116.478,0004.120,0000.405,0289
 
000154549,000000000,000000000,0116.488,0004.092,0000.408,0289
 
000154567,000000000,000000000,0116.484,0004.067,0000.393,0289
 
000154585,000000000,000000000,0116.479,0004.080,0000.397,0289
 
000154603,000000000,000000000,0116.479,0004.091,0000.400,0289
 
000154621,000000000,000000000,0116.472,0004.106,0000.404,0289
 
000154639,000000000,000000000,0116.459,0004.119,0000.406,0289
 
000154657,000000000,000000000,0116.463,0004.129,0000.409,0289
 
000154675,000000000,000000000,0116.453,0004.177,0000.431,0289
 
000154693,000000000,000000000,0116.442,0004.166,0000.433,0309
 
000154711,000000000,000000000,0116.429,0004.177,0000.434,0310
 
000154729,000000000,000000000,0116.417,0004.163,0000.436,0309
 
000154747,000000000,000000000,0116.406,0004.152,0000.437,0310
 
000154765,000000000,000000000,0116.401,0004.121,0000.438,0309
 
000154783,000000000,000000000,0116.406,0004.114,0000.438,0309
 
000154801,000000000,000000000,0116.418,0004.106,0000.440,0309
 
000154819,000000000,000000000,0116.422,0004.101,0000.440,0309
 
000154837,000000000,000000000,0116.426,0004.097,0000.420,0309
 
000154855,000000000,000000000,0116.418,0004.055,0000.402,0313
 
000154873,000000000,000000000,0116.423,0004.073,0000.405,0313
 
000154891,000000000,000000000,0116.421,0004.085,0000.427,0313
 
000154909,000000000,000000000,0116.431,0004.098,0000.410,0313
 
000154927,000000000,000000000,0116.431,0004.130,0000.433,0310
 
000154945,000000000,000000000,0116.421,0004.120,0000.433,0320
 
000154963,000000000,000000000,0116.418,0004.132,0000.414,0320
 
000154981,000000000,000000000,0116.417,0004.142,0000.397,0310
 
000154999,000000000,000000000,0116.420,0004.133,0000.400,0320
 
000155017,000000000,000000000,0116.415,0004.124,0000.403,0320
 
000155035,000000000,000000000,0116.406,0004.134,0000.407,0310
 
000155053,000000000,000000000,0116.406,0004.146,0000.391,0289
 
000155071,000000000,000000000,0116.396,0004.178,0000.377,0289
 
000155089,000000000,000000000,0116.390,0004.186,0000.364,0289
 
000155107,000000000,000000000,0116.399,0004.191,0000.389,0289
 
000155125,000000000,000000000,0116.399,0004.178,0000.394,0289
 
000155143,000000000,000000000,0116.387,0004.169,0000.398,0289
 
000155161,000000000,000000000,0116.383,0004.178,0000.385,0289
 
000155179,000000000,000000000,0116.369,0004.165,0000.370,0289
 
000155197,000000000,000000000,0116.373,0004.173,0000.358,0289
 
000155215,000000000,000000000,0116.381,0004.141,0000.344,0289
 
000155233,000000000,000000000,0116.401,0004.152,0000.353,0289
 
000155251,000000000,000000000,0116.405,0004.160,0000.362,0289
 
000155269,000000000,000000000,0116.405,0004.167,0000.370,0289
 
000155287,000000000,000000000,0116.410,0004.175,0000.377,0289
 
000155305,000000000,000000000,0116.413,0004.183,0000.383,0290
 
000155323,000000000,000000000,0116.400,0004.165,0000.388,0289
 
000155341,000000000,000000000,0116.403,0004.155,0000.393,0289
 
000155359,000000000,000000000,0116.404,0004.162,0000.416,0289
 
000155377,000000000,000000000,0116.397,0004.153,0000.419,0289
 
000155395,000000000,000000000,0116.393,0004.143,0000.401,0310
 
000155413,000000000,000000000,0116.393,0004.154,0000.405,0309
 
000155431,000000000,000000000,0116.395,0004.144,0000.390,0309
 
000155449,000000000,000000000,0116.393,0004.136,0000.395,0309
 
000155467,000000000,000000000,0116.396,0004.128,0000.398,0320
 
000155485,000000000,000000000,0116.389,0004.100,0000.383,0309
 
000155503,000000000,000000000,0116.383,0004.113,0000.368,0313
 
000155521,000000000,000000000,0116.389,0004.107,0000.392,0309
 
000155539,000000000,000000000,0116.399,0004.102,0000.397,0310
 
000155557,000000000,000000000,0116.402,0004.114,0000.381,0309
 
000155575,000000000,000000000,0116.389,0004.126,0000.406,0310
 
000155593,000000000,000000000,0116.374,0004.119,0000.409,0311
 
000155611,000000000,000000000,0116.368,0004.111,0000.412,0310
 
000155629,000000000,000000000,0116.373,0004.102,0000.415,0310
 
000155647,000000000,000000000,0116.377,0004.096,0000.437,0310
 
000155665,000000000,000000000,0116.375,0004.110,0000.420,0311
 
000155683,000000000,000000000,0116.385,0004.121,0000.402,0310
 
000155701,000000000,000000000,0116.379,0004.092,0000.386,0321
 
000155719,000000000,000000000,0116.385,0004.107,0000.371,0320
 
000155737,000000000,000000000,0116.392,0004.100,0000.396,0313
 
000155755,000000000,000000000,0116.400,0004.114,0000.381,0320
 
000155773,000000000,000000000,0116.400,0004.146,0000.369,0320
 
000155791,000000000,000000000,0116.396,0004.177,0000.357,0310
 
000155809,000000000,000000000,0116.422,0004.180,0000.366,0289
 
000155827,000000000,000000000,0116.407,0004.204,0000.372,0289
 
000155845,000000000,000000000,0116.396,0004.190,0000.377,0289
 
000155863,000000000,000000000,0116.382,0004.155,0000.363,0289
 
000155881,000000000,000000000,0116.380,0004.146,0000.351,0289
 
000155899,000000000,000000000,0116.386,0004.155,0000.359,0289
 
000155917,000000000,000000000,0116.392,0004.184,0000.365,0289
 
000155935,000000000,000000000,0116.376,0004.187,0000.372,0289
 
000155953,000000000,000000000,0116.367,0004.193,0000.377,0289
 
000155971,000000000,000000000,0116.363,0004.199,0000.384,0289
 
000155989,000000000,000000000,0116.353,0004.222,0000.391,0289
 
000156007,000000000,000000000,0116.334,0004.221,0000.396,0289
 
000156025,000000000,000000000,0116.335,0004.224,0000.400,0289
 
000156043,000000000,000000000,0116.328,0004.229,0000.402,0290
 
000156061,000000000,000000000,0116.327,0004.213,0000.387,0289
 
000156079,000000000,000000000,0116.320,0004.218,0000.392,0309
 
000156097,000000000,000000000,0116.331,0004.222,0000.396,0289
 
000156115,000000000,000000000,0116.334,0004.182,0000.399,0310
 
000156133,000000000,000000000,0116.332,0004.170,0000.382,0310
 
000156151,000000000,000000000,0116.333,0004.197,0000.388,0309
 
000156169,000000000,000000000,0116.330,0004.204,0000.374,0309
 
000156187,000000000,000000000,0116.328,0004.189,0000.360,0310
 
000156205,000000000,000000000,0116.329,0004.195,0000.366,0289
 
000156223,000000000,000000000,0116.342,0004.201,0000.373,0309
 
000156241,000000000,000000000,0116.336,0004.190,0000.379,0309
 
000156259,000000000,000000000,0116.338,0004.182,0000.385,0309
 
000156277,000000000,000000000,0116.343,0004.187,0000.428,0309
 
000156295,000000000,000000000,0116.336,0004.172,0000.409,0309
 
000156313,000000000,000000000,0116.340,0004.180,0000.412,0309
 
000156331,000000000,000000000,0116.341,0004.187,0000.416,0309
 
000156349,000000000,000000000,0116.337,0004.191,0000.419,0313
 
000156367,000000000,000000000,0116.345,0004.178,0000.401,0313
 
000156385,000000000,000000000,0116.347,0004.185,0000.386,0313
 
000156403,000000000,000000000,0116.350,0004.171,0000.372,0313
 
000156421,000000000,000000000,0116.345,0004.157,0000.360,0310
 
000156439,000000000,000000000,0116.334,0004.168,0000.366,0313
 
000156457,000000000,000000000,0116.325,0004.134,0000.373,0310
 
000156475,000000000,000000000,0116.321,0004.104,0000.379,0310
 
000156493,000000000,000000000,0116.311,0004.116,0000.384,0310
 
000156511,000000000,000000000,0116.313,0004.131,0000.388,0320
 
000156529,000000000,000000000,0116.327,0004.144,0000.392,0310
 
000156547,000000000,000000000,0116.322,0004.154,0000.377,0320
 
000156565,000000000,000000000,0116.332,0004.165,0000.363,0289
 
000156583,000000000,000000000,0116.351,0004.173,0000.349,0289
 
000156601,000000000,000000000,0116.353,0004.163,0000.337,0313
 
000156619,000000000,000000000,0116.370,0004.170,0000.366,0313
 
000156637,000000000,000000000,0116.384,0004.159,0000.373,0310
 
000156655,000000000,000000000,0116.378,0004.190,0000.379,0289
 
000156673,000000000,000000000,0116.383,0004.176,0000.404,0320
 
000156691,000000000,000000000,0116.374,0004.183,0000.388,0289
 
000156709,000000000,000000000,0116.377,0004.190,0000.393,0289
 
000156727,000000000,000000000,0116.386,0004.195,0000.399,0289
 
000156745,000000000,000000000,0116.380,0004.201,0000.404,0289
 
000156763,000000000,000000000,0116.381,0004.208,0000.389,0289
 
000156781,000000000,000000000,0116.379,0004.195,0000.413,0289
 
000156799,000000000,000000000,0116.364,0004.198,0000.416,0309
 
000156817,000000000,000000000,0116.371,0004.163,0000.400,0289
 
000156835,000000000,000000000,0116.371,0004.134,0000.442,0313
 
000156853,000000000,000000000,0116.370,0004.127,0000.425,0309
 
000156871,000000000,000000000,0116.365,0004.158,0000.428,0309
 
000156889,000000000,000000000,0116.372,0004.149,0000.429,0289
 
000156907,000000000,000000000,0116.370,0004.140,0000.431,0314
 
000156925,000000000,000000000,0116.376,0004.153,0000.433,0289
 
000156943,000000000,000000000,0116.364,0004.142,0000.435,0309
 
000156961,000000000,000000000,0116.360,0004.110,0000.435,0313
 
000156979,000000000,000000000,0116.368,0004.141,0000.456,0310
 
000156997,000000000,000000000,0116.353,0004.132,0000.436,0309
 
000157015,000000000,000000000,0116.351,0004.124,0000.419,0309
 
000157033,000000000,000000000,0116.344,0004.120,0000.421,0309
 
000157051,000000000,000000000,0116.351,0004.114,0000.405,0309
 
000157069,000000000,000000000,0116.347,0004.109,0000.390,0309
 
000157087,000000000,000000000,0116.346,0004.126,0000.377,0309
 
000157105,000000000,000000000,0116.341,0004.156,0000.401,0309
 
000157123,000000000,000000000,0116.346,0004.165,0000.367,0313
 
000157141,000000000,000000000,0116.362,0004.172,0000.375,0313
 
000157159,000000000,000000000,0116.357,0004.160,0000.398,0313
 
000157177,000000000,000000000,0116.370,0004.188,0000.402,0313
 
000157195,000000000,000000000,0116.375,0004.192,0000.405,0313
 
000157213,000000000,000000000,0116.376,0004.179,0000.390,0313
 
000157231,000000000,000000000,0116.371,0004.168,0000.377,0310
 
000157249,000000000,000000000,0116.357,0004.217,0000.347,0313
 
000157267,000000000,000000000,0116.344,0004.240,0000.355,0313
 
000157285,000000000,000000000,0116.332,0004.260,0000.382,0320
 
000157303,000000000,000000000,0116.337,0004.239,0000.407,0289
 
000157321,000000000,000000000,0116.326,0004.219,0000.429,0289
 
000157339,000000000,000000000,0116.317,0004.226,0000.430,0289
 
000157357,000000000,000000000,0116.320,0004.230,0000.430,0289
 
000157375,000000000,000000000,0116.326,0004.236,0000.431,0289
 
000157393,000000000,000000000,0116.322,0004.240,0000.433,0289
 
000157411,000000000,000000000,0116.315,0004.301,0000.434,0289
 
000157429,000000000,000000000,0116.313,0004.296,0000.416,0313
 
000157447,000000000,000000000,0116.320,0004.297,0000.399,0289
 
000157465,000000000,000000000,0116.320,0004.274,0000.403,0310
 
000157483,000000000,000000000,0116.326,0004.255,0000.389,0289
 
000157501,000000000,000000000,0116.299,0004.255,0000.394,0289
 
000157519,000000000,000000000,0116.312,0004.237,0000.457,0289
 
000157537,000000000,000000000,0116.318,0004.243,0000.456,0289
 
000157555,000000000,000000000,0116.305,0004.248,0000.455,0289
 
000157573,000000000,000000000,0116.305,0004.268,0000.474,0289
 
000157591,000000000,000000000,0116.294,0004.251,0000.473,0289
 
000157609,000000000,000000000,0116.292,0004.255,0000.472,0289
 
000157627,000000000,000000000,0116.286,0004.237,0000.489,0289
 
000157645,000000000,000000000,0116.271,0004.240,0000.487,0289
 
000157663,000000000,000000000,0116.266,0004.244,0000.505,0309
 
000157681,000000000,000000000,0116.261,0004.224,0000.519,0309
 
000157699,000000000,000000000,0116.258,0004.230,0000.493,0309
 
000157717,000000000,000000000,0116.258,0004.235,0000.470,0310
 
000157735,000000000,000000000,0116.256,0004.258,0000.469,0310
 
000157753,000000000,000000000,0116.259,0004.221,0000.449,0309
 
000157771,000000000,000000000,0116.258,0004.248,0000.447,0309
 
000157789,000000000,000000000,0116.256,0004.231,0000.465,0309
 
000157807,000000000,000000000,0116.250,0004.218,0000.444,0309
 
000157825,000000000,000000000,0116.248,0004.204,0000.445,0309
 
000157843,000000000,000000000,0116.269,0004.208,0000.465,0309
 
000157861,000000000,000000000,0116.271,0004.231,0000.462,0309
 
000157879,000000000,000000000,0116.264,0004.254,0000.462,0309
 
000157897,000000000,000000000,0116.282,0004.258,0000.479,0310
 
000157915,000000000,000000000,0116.278,0004.260,0000.476,0309
 
000157933,000000000,000000000,0116.271,0004.243,0000.456,0309
 
000157951,000000000,000000000,0116.271,0004.247,0000.455,0309
 
000157969,000000000,000000000,0116.259,0004.268,0000.434,0309
 
000157987,000000000,000000000,0116.248,0004.245,0000.436,0309
 
000158005,000000000,000000000,0116.245,0004.264,0000.436,0309
 
000158023,000000000,000000000,0116.235,0004.284,0000.417,0309
 
000158041,000000000,000000000,0116.223,0004.302,0000.400,0309
 
000158059,000000000,000000000,0116.234,0004.278,0000.423,0309
 
000158077,000000000,000000000,0116.227,0004.260,0000.425,0310
 
000158095,000000000,000000000,0116.208,0004.263,0000.429,0309
 
000158113,000000000,000000000,0116.204,0004.243,0000.411,0309
 
000158131,000000000,000000000,0116.200,0004.266,0000.416,0309
 
000158149,000000000,000000000,0116.203,0004.267,0000.419,0309
 
000158167,000000000,000000000,0116.206,0004.286,0000.403,0309
 
000158185,000000000,000000000,0116.208,0004.285,0000.406,0309
 
000158203,000000000,000000000,0116.214,0004.284,0000.408,0309
 
000158221,000000000,000000000,0116.207,0004.262,0000.412,0309
 
000158239,000000000,000000000,0116.193,0004.264,0000.436,0309
 
000158257,000000000,000000000,0116.194,0004.283,0000.438,0309
 
000158275,000000000,000000000,0116.201,0004.263,0000.419,0310
 
000158293,000000000,000000000,0116.189,0004.263,0000.422,0309
 
000158311,000000000,000000000,0116.196,0004.265,0000.444,0309
 
000158329,000000000,000000000,0116.196,0004.286,0000.425,0309
 
000158347,000000000,000000000,0116.205,0004.305,0000.407,0309
 
000158365,000000000,000000000,0116.217,0004.322,0000.392,0309
 
000158383,000000000,000000000,0116.210,0004.296,0000.397,0310
 
000158401,000000000,000000000,0116.213,0004.257,0000.382,0310
 
000158419,000000000,000000000,0116.209,0004.239,0000.369,0313
 
000158437,000000000,000000000,0116.208,0004.241,0000.376,0313
 
000158455,000000000,000000000,0116.212,0004.265,0000.365,0313
 
000158473,000000000,000000000,0116.221,0004.266,0000.352,0310
 
000158491,000000000,000000000,0116.220,0004.266,0000.342,0310
 
000158509,000000000,000000000,0116.221,0004.264,0000.331,0320
 
000158527,000000000,000000000,0116.229,0004.246,0000.322,0320
 
000158545,000000000,000000000,0116.242,0004.189,0000.373,0320
 
000158563,000000000,000000000,0116.244,0004.177,0000.378,0313
 
000158581,000000000,000000000,0116.228,0004.187,0000.383,0312
 
000158599,000000000,000000000,0116.229,0004.175,0000.388,0310
 
000158617,000000000,000000000,0116.226,0004.166,0000.373,0289
 
000158635,000000000,000000000,0116.210,0004.155,0000.361,0313
 
000158653,000000000,000000000,0116.205,0004.145,0000.349,0289
 
000158671,000000000,000000000,0116.191,0004.136,0000.339,0289
 
000158689,000000000,000000000,0116.182,0004.127,0000.367,0289
 
000158707,000000000,000000000,0116.187,0004.121,0000.353,0289
 
000158725,000000000,000000000,0116.200,0004.132,0000.360,0289
 
000158743,000000000,000000000,0116.199,0004.143,0000.367,0289
 
000158761,000000000,000000000,0116.210,0004.153,0000.374,0289
 
000158779,000000000,000000000,0116.216,0004.163,0000.361,0289
 
000158797,000000000,000000000,0116.220,0004.172,0000.349,0289
 
000158815,000000000,000000000,0116.217,0004.181,0000.337,0289
 
000158833,000000000,000000000,0116.218,0004.190,0000.326,0289
 
000158851,000000000,000000000,0116.213,0004.193,0000.334,0289
 
000158869,000000000,000000000,0116.223,0004.180,0000.344,0289
 
000158887,000000000,000000000,0116.233,0004.147,0000.352,0289
 
000158905,000000000,000000000,0116.253,0004.119,0000.341,0289
 
000158923,000000000,000000000,0116.252,0004.114,0000.332,0320
 
000158941,000000000,000000000,0116.268,0004.126,0000.341,0309
 
000158959,000000000,000000000,0116.275,0004.119,0000.331,0309
 
000158977,000000000,000000000,0116.274,0004.150,0000.340,0289
 
000158995,000000000,000000000,0116.284,0004.179,0000.348,0310
 
000159013,000000000,000000000,0116.282,0004.148,0000.336,0309
 
000159031,000000000,000000000,0116.282,0004.139,0000.347,0309
 
000159049,000000000,000000000,0116.284,0004.132,0000.376,0309
 
000159067,000000000,000000000,0116.288,0004.143,0000.363,0310
 
000159085,000000000,000000000,0116.279,0004.151,0000.369,0309
 
000159103,000000000,000000000,0116.283,0004.160,0000.376,0309
 
000159121,000000000,000000000,0116.287,0004.167,0000.384,0309
 
000159139,000000000,000000000,0116.295,0004.193,0000.409,0313
 
000159157,000000000,000000000,0116.306,0004.218,0000.431,0313
 
000159175,000000000,000000000,0116.307,0004.200,0000.451,0310
 
000159193,000000000,000000000,0116.304,0004.182,0000.470,0313
 
000159211,000000000,000000000,0116.302,0004.210,0000.468,0313
 
000159229,000000000,000000000,0116.304,0004.252,0000.450,0313
 
000159247,000000000,000000000,0116.291,0004.251,0000.432,0310
 
000159265,000000000,000000000,0116.285,0004.254,0000.414,0320
 
000159283,000000000,000000000,0116.277,0004.235,0000.416,0320
 
000159301,000000000,000000000,0116.265,0004.197,0000.418,0320
 
000159319,000000000,000000000,0116.260,0004.161,0000.421,0310
 
000159337,000000000,000000000,0116.256,0004.153,0000.424,0313
 
000159355,000000000,000000000,0116.255,0004.160,0000.406,0313
 
000159373,000000000,000000000,0116.272,0004.151,0000.411,0289
 
000159391,000000000,000000000,0116.263,0004.178,0000.394,0289
 
000159409,000000000,000000000,0116.278,0004.204,0000.418,0289
 
000159427,000000000,000000000,0116.270,0004.210,0000.401,0289
 
000159445,000000000,000000000,0116.275,0004.198,0000.387,0289
 
000159463,000000000,000000000,0116.266,0004.184,0000.372,0289
 
000159481,000000000,000000000,0116.284,0004.171,0000.358,0289
 
000159499,000000000,000000000,0116.291,0004.159,0000.366,0289
 
000159517,000000000,000000000,0116.303,0004.125,0000.353,0289
 
000159535,000000000,000000000,0116.313,0004.119,0000.361,0289
 
000159553,000000000,000000000,0116.302,0004.132,0000.367,0289
 
000159571,000000000,000000000,0116.281,0004.146,0000.375,0289
 
000159589,000000000,000000000,0116.297,0004.178,0000.383,0289
 
000159607,000000000,000000000,0116.278,0004.188,0000.389,0289
 
000159625,000000000,000000000,0116.286,0004.176,0000.393,0289
 
000159643,000000000,000000000,0116.296,0004.166,0000.396,0289
 
000159661,000000000,000000000,0116.306,0004.152,0000.399,0309
 
000159679,000000000,000000000,0116.300,0004.142,0000.404,0309
 
000159697,000000000,000000000,0116.297,0004.151,0000.410,0289
 
000159715,000000000,000000000,0116.307,0004.163,0000.414,0289
 
000159733,000000000,000000000,0116.322,0004.172,0000.437,0289
 
000159751,000000000,000000000,0116.329,0004.199,0000.436,0309
 
000159769,000000000,000000000,0116.325,0004.188,0000.417,0289
 
000159787,000000000,000000000,0116.328,0004.194,0000.419,0309
 
000159805,000000000,000000000,0116.309,0004.201,0000.423,0309
 
000159823,000000000,000000000,0116.310,0004.167,0000.426,0309
 
000159841,000000000,000000000,0116.305,0004.137,0000.408,0309
 
000159859,000000000,000000000,0116.298,0004.091,0000.412,0309
 
000159877,000000000,000000000,0116.300,0004.106,0000.395,0289
 
000159895,000000000,000000000,0116.298,0004.139,0000.363,0310
 
000159913,000000000,000000000,0116.314,0004.170,0000.370,0313
 
000159931,000000000,000000000,0116.306,0004.177,0000.377,0313
 
000159949,000000000,000000000,0116.308,0004.163,0000.383,0310
 
000159967,000000000,000000000,0116.314,0004.152,0000.389,0313
 
000159985,000000000,000000000,0116.311,0004.103,0000.375,0310
 
000160003,000000000,000000000,0116.307,0004.119,0000.363,0320
 
000160021,000000000,000000000,0116.294,0004.112,0000.371,0320
 
000160039,000000000,000000000,0116.284,0004.127,0000.359,0310
 
000160057,000000000,000000000,0116.279,0004.140,0000.367,0313
 
000160075,000000000,000000000,0116.271,0004.167,0000.374,0313
 
000160093,000000000,000000000,0116.272,0004.195,0000.363,0310
 
000160111,000000000,000000000,0116.268,0004.199,0000.369,0289
 
000160129,000000000,000000000,0116.275,0004.204,0000.375,0313
 
000160147,000000000,000000000,0116.289,0004.187,0000.380,0289
 
000160165,000000000,000000000,0116.295,0004.175,0000.406,0289
 
000160183,000000000,000000000,0116.311,0004.181,0000.410,0289
 
000160201,000000000,000000000,0116.315,0004.188,0000.394,0289
 
000160219,000000000,000000000,0116.312,0004.214,0000.417,0289
 
000160237,000000000,000000000,0116.306,0004.221,0000.419,0289
 
000160255,000000000,000000000,0116.307,0004.208,0000.402,0289
 
000160273,000000000,000000000,0116.313,0004.211,0000.405,0289
 
000160291,000000000,000000000,0116.317,0004.214,0000.409,0289
 
000160309,000000000,000000000,0116.320,0004.200,0000.413,0289
 
000160327,000000000,000000000,0116.328,0004.186,0000.397,0289
 
000160345,000000000,000000000,0116.338,0004.190,0000.421,0309
 
000160363,000000000,000000000,0116.338,0004.197,0000.425,0289
 
000160381,000000000,000000000,0116.332,0004.185,0000.428,0310
 
000160399,000000000,000000000,0116.332,0004.154,0000.411,0289
 
000160417,000000000,000000000,0116.320,0004.166,0000.413,0310
 
000160435,000000000,000000000,0116.311,0004.176,0000.415,0310
 
000160453,000000000,000000000,0116.322,0004.183,0000.437,0310
 
000160471,000000000,000000000,0116.318,0004.190,0000.418,0309
 
000160489,000000000,000000000,0116.322,0004.178,0000.421,0309
 
000160507,000000000,000000000,0116.320,0004.185,0000.424,0309
 
000160525,000000000,000000000,0116.307,0004.194,0000.407,0309
 
000160543,000000000,000000000,0116.302,0004.222,0000.410,0309
 
000160561,000000000,000000000,0116.307,0004.246,0000.413,0309
 
000160579,000000000,000000000,0116.310,0004.250,0000.396,0309
 
000160597,000000000,000000000,0116.308,0004.253,0000.381,0309
 
000160615,000000000,000000000,0116.302,0004.252,0000.407,0309
 
000160633,000000000,000000000,0116.297,0004.256,0000.373,0313
 
000160651,000000000,000000000,0116.304,0004.275,0000.380,0313
 
000160669,000000000,000000000,0116.302,0004.252,0000.406,0313
 
000160687,000000000,000000000,0116.310,0004.256,0000.411,0313
 
000160705,000000000,000000000,0116.313,0004.235,0000.395,0313
 
000160723,000000000,000000000,0116.308,0004.237,0000.380,0310
 
000160741,000000000,000000000,0116.294,0004.279,0000.369,0313
 
000160759,000000000,000000000,0116.285,0004.319,0000.357,0310
 
000160777,000000000,000000000,0116.279,0004.316,0000.346,0310
 
000160795,000000000,000000000,0116.290,0004.316,0000.354,0313
 
000160813,000000000,000000000,0116.286,0004.315,0000.363,0313
 
000160831,000000000,000000000,0116.281,0004.288,0000.372,0313
 
000160849,000000000,000000000,0116.283,0004.288,0000.398,0313
 
000160867,000000000,000000000,0116.290,0004.285,0000.423,0309
 
000160885,000000000,000000000,0116.287,0004.287,0000.426,0290
 
000160903,000000000,000000000,0116.276,0004.288,0000.392,0290
 
000160921,000000000,000000000,0116.259,0004.288,0000.359,0289
 
000160939,000000000,000000000,0116.252,0004.288,0000.367,0320
 
000160957,000000000,000000000,0116.238,0004.290,0000.354,0289
 
000160975,000000000,000000000,0116.239,0004.289,0000.382,0289
 
000160993,000000000,000000000,0116.230,0004.264,0000.427,0289
 
000161011,000000000,000000000,0116.230,0004.265,0000.411,0289
 
000161029,000000000,000000000,0116.222,0004.246,0000.433,0289
 
000161047,000000000,000000000,0116.226,0004.249,0000.435,0289
 
000161065,000000000,000000000,0116.226,0004.253,0000.400,0289
 
000161083,000000000,000000000,0116.221,0004.260,0000.367,0288
 
000161101,000000000,000000000,0116.216,0004.261,0000.375,0289
 
000161119,000000000,000000000,0116.223,0004.284,0000.383,0309
 
000161137,000000000,000000000,0116.230,0004.266,0000.408,0289
 
000161155,000000000,000000000,0116.236,0004.224,0000.432,0313
 
000161173,000000000,000000000,0116.243,0004.210,0000.433,0289
 
000161191,000000000,000000000,0116.238,0004.218,0000.435,0310
 
000161209,000000000,000000000,0116.233,0004.224,0000.437,0310
 
000161227,000000000,000000000,0116.230,0004.249,0000.420,0321
 
000161245,000000000,000000000,0116.212,0004.272,0000.403,0309
 
000161263,000000000,000000000,0116.203,0004.235,0000.387,0309
 
000161281,000000000,000000000,0116.201,0004.256,0000.374,0309
 
000161299,000000000,000000000,0116.212,0004.236,0000.381,0310
 
000161317,000000000,000000000,0116.213,0004.219,0000.388,0289
 
000161335,000000000,000000000,0116.211,0004.204,0000.375,0310
 
000161353,000000000,000000000,0116.207,0004.191,0000.402,0309
 
000161371,000000000,000000000,0116.203,0004.179,0000.389,0309
 
000161389,000000000,000000000,0116.204,0004.189,0000.395,0310
 
000161407,000000000,000000000,0116.205,0004.197,0000.399,0309
 
000161425,000000000,000000000,0116.200,0004.181,0000.402,0313
 
000161443,000000000,000000000,0116.192,0004.207,0000.387,0313
 
000161461,000000000,000000000,0116.203,0004.194,0000.392,0310
 
000161479,000000000,000000000,0116.207,0004.220,0000.377,0313
 
000161497,000000000,000000000,0116.211,0004.224,0000.382,0313
 
000161515,000000000,000000000,0116.224,0004.208,0000.407,0313
 
000161533,000000000,000000000,0116.217,0004.214,0000.410,0313
 
000161551,000000000,000000000,0116.217,0004.220,0000.413,0310
 
000161569,000000000,000000000,0116.216,0004.226,0000.417,0313
 
000161587,000000000,000000000,0116.205,0004.249,0000.399,0313
 
000161605,000000000,000000000,0116.202,0004.233,0000.385,0320
 
000161623,000000000,000000000,0116.196,0004.217,0000.391,0289
 
000161641,000000000,000000000,0116.194,0004.203,0000.378,0289
 
000161659,000000000,000000000,0116.211,0004.208,0000.382,0289
 
000161677,000000000,000000000,0116.216,0004.196,0000.368,0289
 
000161695,000000000,000000000,0116.216,0004.205,0000.375,0289
 
000161713,000000000,000000000,0116.239,0004.212,0000.382,0289
 
000161731,000000000,000000000,0116.246,0004.217,0000.388,0289
 
000161749,000000000,000000000,0116.266,0004.238,0000.393,0310
 
000161767,000000000,000000000,0116.263,0004.204,0000.360,0289
 
000161785,000000000,000000000,0116.272,0004.213,0000.366,0289
 
000161803,000000000,000000000,0116.276,0004.237,0000.355,0310
 
000161821,000000000,000000000,0116.281,0004.199,0000.343,0289
 
000161839,000000000,000000000,0116.280,0004.208,0000.352,0289
 
000161857,000000000,000000000,0116.295,0004.214,0000.360,0289
 
000161875,000000000,000000000,0116.285,0004.199,0000.367,0289
 
000161893,000000000,000000000,0116.276,0004.185,0000.373,0289
 
000161911,000000000,000000000,0116.270,0004.194,0000.380,0289
 
000161929,000000000,000000000,0116.283,0004.202,0000.368,0289
 
000161947,000000000,000000000,0116.271,0004.208,0000.376,0289
 
000161965,000000000,000000000,0116.271,0004.195,0000.364,0309
 
000161983,000000000,000000000,0116.272,0004.201,0000.351,0310
 
000162001,000000000,000000000,0116.270,0004.208,0000.359,0310
 
000162019,000000000,000000000,0116.283,0004.195,0000.367,0309
 
000162037,000000000,000000000,0116.286,0004.203,0000.375,0310
 
000162055,000000000,000000000,0116.283,0004.208,0000.383,0289
 
000162073,000000000,000000000,0116.266,0004.174,0000.349,0309
 
000162091,000000000,000000000,0116.264,0004.183,0000.358,0309
 
000162109,000000000,000000000,0116.261,0004.195,0000.365,0309
 
000162127,000000000,000000000,0116.269,0004.224,0000.372,0312
 
000162145,000000000,000000000,0116.282,0004.207,0000.360,0309
 
000162163,000000000,000000000,0116.272,0004.216,0000.350,0313
 
000162181,000000000,000000000,0116.278,0004.181,0000.357,0310
 
000162199,000000000,000000000,0116.290,0004.169,0000.367,0310
 
000162217,000000000,000000000,0116.287,0004.156,0000.373,0313
 
000162235,000000000,000000000,0116.276,0004.148,0000.361,0320
 
000162253,000000000,000000000,0116.287,0004.138,0000.406,0313
 
000162271,000000000,000000000,0116.281,0004.151,0000.390,0310
 
000162289,000000000,000000000,0116.289,0004.161,0000.395,0310
 
000162307,000000000,000000000,0116.291,0004.190,0000.380,0320
 
000162325,000000000,000000000,0116.298,0004.180,0000.365,0310
 
000162343,000000000,000000000,0116.303,0004.169,0000.371,0289
 
000162361,000000000,000000000,0116.300,0004.179,0000.398,0289
 
000162379,000000000,000000000,0116.293,0004.188,0000.421,0289
 
000162397,000000000,000000000,0116.282,0004.233,0000.423,0289
 
000162415,000000000,000000000,0116.288,0004.214,0000.425,0289
 
000162433,000000000,000000000,0116.289,0004.202,0000.427,0289
 
000162451,000000000,000000000,0116.290,0004.209,0000.430,0289
 
000162469,000000000,000000000,0116.293,0004.175,0000.431,0289
 
000162487,000000000,000000000,0116.293,0004.164,0000.434,0321
 
000162505,000000000,000000000,0116.295,0004.174,0000.434,0289
 
000162523,000000000,000000000,0116.292,0004.146,0000.418,0289
 
000162541,000000000,000000000,0116.295,0004.117,0000.402,0289
 
000162559,000000000,000000000,0116.287,0004.109,0000.387,0289
 
000162577,000000000,000000000,0116.281,0004.124,0000.393,0289
 
000162595,000000000,000000000,0116.281,0004.136,0000.418,0289
 
000162613,000000000,000000000,0116.288,0004.149,0000.385,0309
 
000162631,000000000,000000000,0116.297,0004.162,0000.391,0309
 
000162649,000000000,000000000,0116.304,0004.172,0000.398,0289
 
000162667,000000000,000000000,0116.305,0004.181,0000.404,0289
 
000162685,000000000,000000000,0116.319,0004.188,0000.408,0309
 
000162703,000000000,000000000,0116.323,0004.155,0000.410,0310
 
000162721,000000000,000000000,0116.317,0004.165,0000.413,0310
 
000162739,000000000,000000000,0116.320,0004.156,0000.419,0310
 
000162757,000000000,000000000,0116.333,0004.104,0000.422,0309
 
000162775,000000000,000000000,0116.344,0004.102,0000.406,0309
 
000162793,000000000,000000000,0116.338,0004.115,0000.408,0309
 
000162811,000000000,000000000,0116.344,0004.089,0000.394,0289
 
000162829,000000000,000000000,0116.342,0004.107,0000.399,0309
 
000162847,000000000,000000000,0116.339,0004.123,0000.405,0310
 
000162865,000000000,000000000,0116.352,0004.136,0000.407,0309
 
000162883,000000000,000000000,0116.345,0004.129,0000.392,0309
 
000162901,000000000,000000000,0116.355,0004.103,0000.417,0310
 
000162919,000000000,000000000,0116.355,0004.096,0000.461,0310
 
000162937,000000000,000000000,0116.356,0004.109,0000.442,0313
 
000162955,000000000,000000000,0116.353,0004.104,0000.423,0310
 
000162973,000000000,000000000,0116.353,0004.136,0000.407,0310
 
000162991,000000000,000000000,0116.354,0004.129,0000.390,0313
 
000163009,000000000,000000000,0116.344,0004.123,0000.377,0310
 
000163027,000000000,000000000,0116.350,0004.099,0000.364,0310
 
000163045,000000000,000000000,0116.347,0004.112,0000.353,0320
 
000163063,000000000,000000000,0116.366,0004.104,0000.361,0310
 
000163081,000000000,000000000,0116.375,0004.098,0000.370,0320
 
000163099,000000000,000000000,0116.363,0004.095,0000.379,0313
 
000163117,000000000,000000000,0116.374,0004.075,0000.405,0313
 
000163135,000000000,000000000,0116.369,0004.095,0000.392,0310
 
000163153,000000000,000000000,0116.371,0004.112,0000.378,0310
 
000163171,000000000,000000000,0116.372,0004.126,0000.366,0289
 
000163189,000000000,000000000,0116.375,0004.125,0000.355,0289
 
000163207,000000000,000000000,0116.380,0004.118,0000.365,0309
 
000163225,000000000,000000000,0116.388,0004.093,0000.334,0289
 
000163243,000000000,000000000,0116.386,0004.070,0000.326,0289
 
000163261,000000000,000000000,0116.381,0004.068,0000.338,0289
 
000163279,000000000,000000000,0116.390,0004.065,0000.348,0289
 
000163297,000000000,000000000,0116.397,0004.085,0000.340,0289
 
000163315,000000000,000000000,0116.412,0004.100,0000.369,0289
 
000163333,000000000,000000000,0116.408,0004.115,0000.395,0289
 
000163351,000000000,000000000,0116.418,0004.149,0000.381,0289
 
000163369,000000000,000000000,0116.426,0004.158,0000.389,0289
 
000163387,000000000,000000000,0116.407,0004.148,0000.413,0289
 
000163405,000000000,000000000,0116.400,0004.138,0000.417,0310
 
000163423,000000000,000000000,0116.401,0004.150,0000.402,0310
 
000163441,000000000,000000000,0116.411,0004.138,0000.446,0289
 
000163459,000000000,000000000,0116.413,0004.149,0000.445,0289
 
000163477,000000000,000000000,0116.417,0004.161,0000.447,0310
 
000163495,000000000,000000000,0116.408,0004.174,0000.449,0310
 
000163513,000000000,000000000,0116.419,0004.164,0000.431,0309
 
000163531,000000000,000000000,0116.410,0004.174,0000.414,0309
 
000163549,000000000,000000000,0116.410,0004.164,0000.398,0289
 
000163567,000000000,000000000,0116.404,0004.154,0000.383,0310
 
000163585,000000000,000000000,0116.399,0004.163,0000.391,0289
 
000163603,000000000,000000000,0116.400,0004.175,0000.414,0290
 
000163621,000000000,000000000,0116.389,0004.185,0000.398,0309
 
000163639,000000000,000000000,0116.387,0004.171,0000.403,0309
 
000163657,000000000,000000000,0116.380,0004.159,0000.407,0310
 
000163675,000000000,000000000,0116.372,0004.149,0000.410,0309
 
000163693,000000000,000000000,0116.368,0004.159,0000.434,0309
 
000163711,000000000,000000000,0116.372,0004.168,0000.438,0313
 
000163729,000000000,000000000,0116.373,0004.179,0000.440,0313
 
000163747,000000000,000000000,0116.360,0004.188,0000.460,0310
 
000163765,000000000,000000000,0116.365,0004.178,0000.440,0313
 
000163783,000000000,000000000,0116.363,0004.167,0000.460,0313
 
000163801,000000000,000000000,0116.367,0004.156,0000.480,0313
 
000163819,000000000,000000000,0116.357,0004.148,0000.499,0310
 
000163837,000000000,000000000,0116.345,0004.160,0000.456,0321
 
000163855,000000000,000000000,0116.326,0004.173,0000.458,0310
 
000163873,000000000,000000000,0116.332,0004.181,0000.439,0310
 
000163891,000000000,000000000,0116.326,0004.190,0000.422,0313
 
000163909,000000000,000000000,0116.321,0004.197,0000.443,0310
 
000163927,000000000,000000000,0116.329,0004.204,0000.463,0313
 
000163945,000000000,000000000,0116.312,0004.230,0000.462,0289
 
000163963,000000000,000000000,0116.307,0004.232,0000.462,0313
 
000163981,000000000,000000000,0116.313,0004.233,0000.461,0290
 
000163999,000000000,000000000,0116.303,0004.217,0000.460,0289
 
000164017,000000000,000000000,0116.299,0004.203,0000.460,0289
 
000164035,000000000,000000000,0116.303,0004.208,0000.441,0289
 
000164053,000000000,000000000,0116.295,0004.215,0000.424,0289
 
000164071,000000000,000000000,0116.292,0004.183,0000.426,0289
 
000164089,000000000,000000000,0116.285,0004.170,0000.409,0289
 
000164107,000000000,000000000,0116.283,0004.142,0000.375,0289
 
000164125,000000000,000000000,0116.294,0004.113,0000.402,0289
 
000164143,000000000,000000000,0116.299,0004.088,0000.425,0289
 
000164161,000000000,000000000,0116.300,0004.083,0000.408,0289
 
000164179,000000000,000000000,0116.308,0004.102,0000.411,0289
 
000164197,000000000,000000000,0116.311,0004.095,0000.397,0289
 
000164215,000000000,000000000,0116.306,0004.112,0000.383,0289
 
000164233,000000000,000000000,0116.304,0004.106,0000.391,0310
 
000164251,000000000,000000000,0116.306,0004.102,0000.417,0289
 
000164269,000000000,000000000,0116.318,0004.136,0000.422,0289
 
000164287,000000000,000000000,0116.317,0004.107,0000.442,0310
 
000164305,000000000,000000000,0116.322,0004.080,0000.462,0290
 
000164323,000000000,000000000,0116.316,0004.056,0000.461,0309
 
000164341,000000000,000000000,0116.306,0004.072,0000.441,0309
 
000164359,000000000,000000000,0116.311,0004.069,0000.443,0309
 
000164377,000000000,000000000,0116.312,0004.108,0000.426,0309
 
000164395,000000000,000000000,0116.313,0004.105,0000.428,0309
 
000164413,000000000,000000000,0116.326,0004.120,0000.429,0310
 
000164431,000000000,000000000,0116.323,0004.132,0000.432,0309
 
000164449,000000000,000000000,0116.328,0004.124,0000.470,0309
 
000164467,000000000,000000000,0116.338,0004.116,0000.507,0310
 
000164485,000000000,000000000,0116.351,0004.111,0000.522,0313
 
000164503,000000000,000000000,0116.335,0004.166,0000.499,0310
 
000164521,000000000,000000000,0116.332,0004.178,0000.496,0313
 
000164539,000000000,000000000,0116.337,0004.204,0000.474,0313
 
000164557,000000000,000000000,0116.336,0004.211,0000.474,0310
 
000164575,000000000,000000000,0116.330,0004.200,0000.474,0310
 
000164593,000000000,000000000,0116.305,0004.207,0000.492,0310
 
000164611,000000000,000000000,0116.288,0004.195,0000.471,0320
 
000164629,000000000,000000000,0116.290,0004.184,0000.451,0320
 
000164647,000000000,000000000,0116.280,0004.173,0000.451,0313
 
000164665,000000000,000000000,0116.273,0004.183,0000.470,0313
 
000164683,000000000,000000000,0116.283,0004.193,0000.451,0313
 
000164701,000000000,000000000,0116.287,0004.179,0000.451,0289
 
000164719,000000000,000000000,0116.283,0004.185,0000.433,0289
 
000164737,000000000,000000000,0116.272,0004.216,0000.437,0289
 
000164755,000000000,000000000,0116.262,0004.218,0000.438,0289
 
000164773,000000000,000000000,0116.270,0004.222,0000.438,0289
 
000164791,000000000,000000000,0116.275,0004.189,0000.422,0289
 
000164809,000000000,000000000,0116.271,0004.181,0000.424,0289
 
000164827,000000000,000000000,0116.287,0004.187,0000.445,0313
 
000164845,000000000,000000000,0116.277,0004.196,0000.446,0313
 
