000052493,000000000,000000000,0112.102,0007.234,-001.425,0290
 
000052512,000000000,000000000,0112.108,0006.970,-001.290,0310
 
000052532,000000000,000000000,0112.008,0006.722,-001.143,0290
 
000052552,000000000,000000000,0111.926,0006.515,-000.986,0319
 
000052572,000000000,000000000,0111.864,0006.309,-000.867,0289
 
000052592,000000000,000000000,0111.800,0006.138,-000.755,0290
 
000052612,000000000,000000000,0111.716,0005.939,-000.652,0320
 
000052632,000000000,000000000,0111.661,0005.791,-000.542,0289
 
000052652,000000000,000000000,0111.602,0005.643,-000.460,0290
 
000052672,000000000,000000000,0111.551,0005.532,-000.408,0290
 
000052692,000000000,000000000,0111.511,0005.411,-000.336,0289
 
000052712,000000000,000000000,0111.467,0005.316,-000.270,0291
 
000052732,000000000,000000000,0111.441,0005.254,-000.212,0314
 
000052752,000000000,000000000,0111.409,0005.155,-000.156,0310
 
000052772,000000000,000000000,0111.382,0005.067,-000.127,0310
 
000052792,000000000,000000000,0111.352,0005.008,-000.102,0320
 
000052812,000000000,000000000,0111.349,0004.909,-000.056,0289
 
000052832,000000000,000000000,0111.347,0004.861,-000.014,0310
 
000052852,000000000,000000000,0111.335,0004.818,0000.001,0289
 
000052872,000000000,000000000,0111.317,0004.781,0000.016,0309
 
000052892,000000000,000000000,0111.320,0004.720,0000.071,0310
 
000052912,000000000,000000000,0111.300,0004.669,0000.101,0289
 
000052932,000000000,000000000,0111.292,0004.645,0000.128,0310
 
000052952,000000000,000000000,0111.280,0004.602,0000.152,0290
 
000052972,000000000,000000000,0111.257,0004.546,0000.177,0290
 
000052992,000000000,000000000,0111.246,0004.532,0000.218,0310
 
000053012,000000000,000000000,0111.244,0004.452,0000.235,0290
 
000053032,000000000,000000000,0111.239,0004.428,0000.252,0290
 
000053052,000000000,000000000,0111.239,0004.457,0000.248,0310
 
000053072,000000000,000000000,0111.246,0004.431,0000.264,0290
 
000053092,000000000,000000000,0111.242,0004.445,0000.300,0321
 
000053112,000000000,000000000,0111.252,0004.407,0000.290,0318
 
000053132,000000000,000000000,0111.259,0004.435,0000.300,0289
 
000053152,000000000,000000000,0111.273,0004.419,0000.310,0320
 
000053172,000000000,000000000,0111.269,0004.418,0000.317,0318
 
000053192,000000000,000000000,0111.247,0004.375,0000.324,0290
 
000053212,000000000,000000000,0111.236,0004.358,0000.332,0320
 
000053232,000000000,000000000,0111.234,0004.343,0000.359,0318
 
000053252,000000000,000000000,0111.246,0004.370,0000.385,0289
 
000053272,000000000,000000000,0111.259,0004.368,0000.365,0320
 
000053292,000000000,000000000,0111.274,0004.373,0000.369,0309
 
000053312,000000000,000000000,0111.278,0004.352,0000.373,0290
 
000053332,000000000,000000000,0111.282,0004.329,0000.400,0310
 
000053352,000000000,000000000,0111.284,0004.356,0000.404,0290
 
000053372,000000000,000000000,0111.273,0004.381,0000.403,0289
 
000053392,000000000,000000000,0111.287,0004.379,0000.404,0320
 
000053412,000000000,000000000,0111.302,0004.360,0000.405,0289
 
000053432,000000000,000000000,0111.296,0004.337,0000.406,0290
 
000053452,000000000,000000000,0111.304,0004.320,0000.431,0314
 
000053472,000000000,000000000,0111.293,0004.323,0000.431,0289
 
000053492,000000000,000000000,0111.301,0004.347,0000.450,0289
 
000053512,000000000,000000000,0111.311,0004.373,0000.449,0290
 
000053532,000000000,000000000,0111.336,0004.393,0000.469,0310
 
000053552,000000000,000000000,0111.322,0004.393,0000.444,0290
 
000053572,000000000,000000000,0111.326,0004.397,0000.442,0321
 
000053592,000000000,000000000,0111.322,0004.395,0000.421,0310
 
000053612,000000000,000000000,0111.329,0004.393,0000.420,0310
 
000053632,000000000,000000000,0111.327,0004.372,0000.418,0314
 
000053652,000000000,000000000,0111.327,0004.324,0000.419,0310
 
000053672,000000000,000000000,0111.320,0004.327,0000.417,0310
 
000053692,000000000,000000000,0111.334,0004.328,0000.394,0290
 
000053712,000000000,000000000,0111.327,0004.331,0000.396,0310
 
000053732,000000000,000000000,0111.322,0004.356,0000.375,0290
 
000053752,000000000,000000000,0111.335,0004.355,0000.380,0290
 
000053772,000000000,000000000,0111.319,0004.333,0000.383,0310
 
000053792,000000000,000000000,0111.312,0004.333,0000.384,0290
 
000053812,000000000,000000000,0111.315,0004.337,0000.387,0319
 
000053832,000000000,000000000,0111.312,0004.338,0000.389,0318
 
000053852,000000000,000000000,0111.313,0004.343,0000.369,0289
 
000053872,000000000,000000000,0111.303,0004.341,0000.376,0290
 
000053892,000000000,000000000,0111.302,0004.341,0000.381,0310
 
000053912,000000000,000000000,0111.308,0004.363,0000.406,0290
 
000053932,000000000,000000000,0111.329,0004.383,0000.408,0319
 
000053952,000000000,000000000,0111.335,0004.402,0000.411,0290
 
000053972,000000000,000000000,0111.331,0004.417,0000.411,0289
 
000053992,000000000,000000000,0111.336,0004.391,0000.413,0320
 
000054012,000000000,000000000,0111.349,0004.360,0000.414,0320
 
000054032,000000000,000000000,0111.346,0004.358,0000.416,0290
 
000054052,000000000,000000000,0111.346,0004.358,0000.395,0309
 
000054072,000000000,-00000004,0111.147,0004.362,0000.380,0310
 
000054092,000000000,-00000013,0110.946,0004.492,0000.390,0289
 
000054112,000000000,-00000014,0110.747,0004.526,0000.409,0314
 
000054132,-00000001,-00000016,0110.555,0004.579,0000.419,0289
 
000054152,-00000001,-00000019,0110.440,0004.567,0000.416,0310
 
000054172,000000000,-00000025,0110.327,0004.680,0000.409,0314
 
000054192,000000000,-00000027,0110.246,0004.760,0000.408,0310
 
000054212,000000000,-00000032,0110.200,0004.795,0000.428,0310
 
000054232,-00000002,-00000036,0110.138,0004.742,0000.449,0314
 
000054252,-00000004,-00000036,0110.112,0004.676,0000.529,0310
 
000054272,-00000003,-00000049,0110.076,0004.751,0000.494,0310
 
000054292,-00000003,-00000049,0110.018,0004.825,0000.465,0316
 
000054312,-00000004,-00000041,0109.947,0004.806,0000.524,0310
 
000054332,-00000002,-00000044,0109.903,0004.791,0000.536,0310
 
000054352,-00000003,-00000049,0109.898,0004.838,0000.527,0314
 
000054372,-00000003,-00000049,0109.913,0004.681,0000.581,0310
 
000054392,-00000001,-00000045,0109.895,0004.565,0000.588,0310
 
000054412,000000000,-00000045,0109.923,0004.506,0000.567,0289
 
000054432,000000002,-00000049,0109.930,0004.445,0000.606,0310
 
000054452,000000002,-00000041,0109.986,0004.449,0000.604,0310
 
000054472,000000001,-00000039,0109.988,0004.303,0000.567,0289
 
000054492,000000000,-00000049,0109.979,0004.362,0000.597,0310
 
000054512,000000000,-00000042,0109.965,0004.275,0000.604,0289
 
000054532,000000000,-00000041,0109.928,0004.326,0000.607,0314
 
000054552,000000000,-00000049,0109.837,0004.291,0000.549,0315
 
000054572,-00000001,-00000049,0109.794,0004.299,0000.526,0289
 
000054592,-00000002,-00000043,0109.786,0004.380,0000.502,0290
 
000054612,-00000003,-00000049,0109.765,0004.405,0000.526,0310
 
000054632,-00000002,-00000049,0109.721,0004.491,0000.548,0289
 
000054652,-00000001,-00000043,0109.695,0004.495,0000.500,0289
 
000054672,-00000002,-00000049,0109.654,0004.488,0000.513,0309
 
000054692,-00000003,-00000049,0109.624,0004.604,0000.485,0289
 
000054712,-00000004,-00000039,0109.616,0004.565,0000.479,0309
 
000054732,-00000002,-00000049,0109.607,0004.452,0000.455,0315
 
000054752,-00000003,-00000037,0109.609,0004.397,0000.494,0289
 
000054772,000000000,-00000038,0109.575,0004.371,0000.488,0321
 
000054792,-00000002,-00000049,0109.548,0004.409,0000.436,0312
 
000054812,-00000001,-00000036,0109.492,0004.401,0000.389,0289
 
000054832,-00000001,-00000049,0109.423,0004.398,0000.387,0320
 
000054852,-00000002,-00000036,0109.370,0004.334,0000.451,0310
 
000054872,-00000001,-00000035,0109.321,0004.316,0000.447,0310
 
000054892,-00000001,-00000049,0109.286,0004.382,0000.484,0314
 
000054912,-00000001,-00000037,0109.239,0004.354,0000.519,0309
 
000054932,000000000,-00000049,0109.212,0004.357,0000.487,0312
 
000054952,000000000,-00000040,0109.188,0004.420,0000.439,0310
 
000054972,000000000,-00000039,0109.148,0004.430,0000.392,0309
 
000054992,000000000,-00000041,0109.115,0004.423,0000.456,0310
 
000055012,-00000001,-00000049,0109.100,0004.412,0000.472,0314
 
000055032,-00000002,-00000042,0109.132,0004.470,0000.449,0310
 
000055052,-00000002,-00000043,0109.091,0004.497,0000.446,0310
 
000055072,-00000001,-00000049,0109.092,0004.502,0000.486,0321
 
000055092,-00000001,-00000041,0109.079,0004.502,0000.479,0310
 
000055112,-00000001,-00000049,0109.081,0004.464,0000.519,0290
 
000055132,-00000002,-00000042,0109.084,0004.494,0000.467,0314
 
000055152,-00000003,-00000049,0109.079,0004.403,0000.423,0310
 
000055172,-00000001,-00000042,0109.070,0004.435,0000.486,0289
 
000055192,000000000,-00000049,0109.081,0004.386,0000.462,0289
 
000055212,000000000,-00000043,0109.111,0004.361,0000.481,0310
 
000055232,-00000002,-00000049,0109.128,0004.444,0000.561,0289
 
000055252,-00000002,-00000041,0109.155,0004.410,0000.613,0289
 
000055272,-00000001,-00000038,0109.132,0004.304,0000.596,0310
 
000055292,-00000004,-00000035,0109.117,0004.302,0000.602,0289
 
000055312,-00000004,-00000049,0109.098,0004.331,0000.547,0321
 
000055332,-00000003,-00000036,0109.067,0004.268,0000.537,0318
 
000055352,-00000002,-00000049,0109.092,0004.272,0000.550,0289
 
000055372,-00000001,-00000036,0109.064,0004.296,0000.539,0321
 
000055392,-00000002,-00000049,0109.043,0004.300,0000.549,0310
 
000055412,-00000001,-00000034,0109.013,0004.389,0000.498,0289
 
000055432,-00000002,-00000049,0108.997,0004.469,0000.470,0289
 
000055452,-00000002,-00000037,0108.968,0004.460,0000.507,0310
 
000055472,-00000001,-00000049,0108.942,0004.410,0000.521,0289
 
000055492,-00000001,-00000039,0108.935,0004.299,0000.558,0309
 
000055512,-00000002,-00000049,0108.921,0004.359,0000.481,0315
 
000055532,-00000001,-00000038,0108.920,0004.310,0000.477,0289
 
000055552,-00000002,-00000049,0108.934,0004.244,0000.476,0314
 
000055572,-00000002,-00000038,0108.947,0004.209,0000.516,0309
 
000055592,-00000003,-00000049,0108.959,0004.198,0000.513,0310
 
000055612,-00000002,-00000037,0108.955,0004.168,0000.527,0314
 
000055632,-00000001,-00000049,0108.936,0004.179,0000.517,0309
 
000055652,-00000002,-00000036,0108.919,0004.176,0000.509,0290
 
000055672,-00000002,-00000049,0108.885,0004.232,0000.500,0310
 
000055692,-00000001,-00000031,0108.859,0004.258,0000.450,0309
 
000055712,-00000001,-00000030,0108.839,0004.202,0000.468,0310
 
000055732,-00000001,-00000030,0108.818,0004.153,0000.485,0314
 
000055752,-00000002,-00000030,0108.809,0004.188,0000.501,0310
 
000055772,-00000001,-00000029,0108.815,0004.222,0000.515,0310
 
000055792,-00000001,-00000029,0108.819,0004.253,0000.510,0314
 
000055812,-00000001,-00000028,0108.803,0004.196,0000.505,0310
 
000055832,-00000001,-00000026,0108.794,0004.186,0000.519,0310
 
000055852,-00000002,-00000025,0108.773,0004.133,0000.491,0320
 
000055872,-00000001,-00000025,0108.765,0004.108,0000.486,0310
 
000055892,-00000001,-00000020,0108.754,0004.109,0000.461,0310
 
000055912,000000000,-00000025,0108.738,0004.128,0000.480,0289
 
000055932,000000000,-00000018,0108.733,0004.068,0000.476,0310
 
000055952,000000000,-00000025,0108.722,0004.046,0000.516,0290
 
000055972,-00000001,-00000018,0108.714,0004.112,0000.486,0321
 
000055992,-00000001,-00000018,0108.714,0004.151,0000.462,0310
 
000056012,000000000,-00000025,0108.723,0004.148,0000.440,0289
 
000056032,000000000,-00000018,0108.733,0004.166,0000.421,0321
 
000056052,-00000001,-00000025,0108.738,0004.160,0000.444,0318
 
000056072,-00000001,-00000019,0108.732,0004.152,0000.466,0290
 
000056092,000000000,-00000019,0108.738,0004.187,0000.464,0320
 
000056112,000000000,-00000025,0108.745,0004.242,0000.464,0315
 
000056132,000000000,-00000021,0108.751,0004.381,0000.463,0290
 
000056152,000000000,-00000025,0108.771,0004.357,0000.483,0321
 
000056172,-00000001,-00000022,0108.784,0004.329,0000.501,0310
 
000056192,000000000,-00000020,0108.764,0004.288,0000.518,0290
 
000056212,000000000,-00000025,0108.765,0004.294,0000.532,0320
 
000056232,-00000001,-00000015,0108.778,0004.255,0000.524,0309
 
000056252,000000000,-00000014,0108.794,0004.218,0000.518,0289
 
000056272,000000000,-00000012,0108.805,0004.205,0000.490,0320
 
000056292,000000000,-00000011,0108.823,0004.198,0000.491,0318
 
000056312,000000000,-00000013,0108.814,0004.139,0000.506,0290
 
000056332,000000000,-00000012,0108.827,0004.242,0000.523,0314
 
000056352,000000000,-00000013,0108.836,0004.230,0000.536,0310
 
000056372,000000000,-00000013,0108.825,0004.236,0000.528,0290
 
000056392,000000000,-00000010,0108.818,0004.264,0000.498,0314
 
000056412,000000000,-00000013,0108.794,0004.307,0000.493,0309
 
000056432,000000000,-00000010,0108.789,0004.245,0000.510,0310
 
000056452,000000000,-00000009,0108.747,0004.212,0000.504,0314
 
000056472,000000000,-00000007,0108.720,0004.239,0000.475,0310
 
000056492,000000000,-00000009,0108.705,0004.310,0000.473,0310
 
000056512,000000000,-00000008,0108.679,0004.335,0000.469,0314
 
000056532,000000000,-00000007,0108.672,0004.267,0000.469,0310
 
000056552,000000001,-00000004,0108.659,0004.181,0000.444,0290
 
000056572,000000000,-00000002,0108.661,0004.128,0000.444,0290
 
000056592,000000000,000000000,0108.660,0004.167,0000.443,0310
 
000056612,000000000,000000000,0108.663,0004.203,0000.443,0310
 
000056632,000000000,000000000,0108.683,0004.214,0000.443,0290
 
000056652,000000000,000000000,0108.678,0004.244,0000.464,0309
 
000056672,000000000,000000000,0108.688,0004.244,0000.461,0289
 
000056692,000000000,000000000,0108.677,0004.272,0000.438,0316
 
000056712,000000000,000000000,0108.691,0004.277,0000.417,0315
 
000056732,000000000,000000000,0108.695,0004.259,0000.418,0289
 
000056752,000000000,000000000,0108.701,0004.267,0000.420,0321
 
000056772,000000000,000000000,0108.687,0004.272,0000.400,0310
 
000056792,000000000,000000000,0108.699,0004.256,0000.381,0289
 
000056812,000000000,000000000,0108.699,0004.263,0000.363,0321
 
000056832,000000000,000000000,0108.707,0004.293,0000.329,0318
 
000056852,000000000,000000000,0108.689,0004.297,0000.337,0289
 
000056872,000000000,000000000,0108.711,0004.301,0000.366,0320
 
000056892,000000000,000000000,0108.701,0004.301,0000.394,0321
 
000056912,000000000,000000000,0108.692,0004.303,0000.377,0289
 
000056932,000000000,000000000,0108.700,0004.285,0000.362,0289
 
000056952,000000000,000000000,0108.709,0004.310,0000.371,0321
 
000056972,000000000,000000000,0108.705,0004.309,0000.378,0290
 
000056992,000000000,000000000,0108.708,0004.310,0000.364,0319
 
000057012,000000000,000000000,0108.696,0004.312,0000.353,0290
 
000057032,000000000,000000000,0108.689,0004.288,0000.384,0290
 
000057052,000000000,000000000,0108.689,0004.309,0000.367,0290
 
000057072,000000000,000000000,0108.675,0004.335,0000.374,0290
 
000057092,000000000,000000000,0108.684,0004.336,0000.359,0290
 
000057112,000000000,000000000,0108.688,0004.333,0000.367,0290
 
000057132,000000000,000000000,0108.697,0004.307,0000.373,0289
 
000057152,000000000,000000000,0108.707,0004.283,0000.379,0290
 
000057172,000000000,000000000,0108.709,0004.243,0000.385,0319
 
000057192,000000000,000000000,0108.704,0004.248,0000.369,0310
 
000057212,000000000,000000000,0108.690,0004.260,0000.375,0289
 
000057232,000000000,000000000,0108.719,0004.244,0000.360,0290
 
000057252,000000000,000000000,0108.734,0004.250,0000.346,0310
 
000057272,000000000,000000000,0108.743,0004.255,0000.355,0310
 
000057292,000000000,000000000,0108.757,0004.260,0000.387,0290
 
000057312,000000000,000000000,0108.759,0004.202,0000.392,0289
 
000057332,000000000,000000000,0108.774,0004.234,0000.395,0290
 
000057352,000000000,000000000,0108.776,0004.218,0000.336,0290
 
