000548590,000000000,-00000001,0114.773,0004.085,0000.722,0167
 
000548615,000000000,000000000,0115.636,0003.878,0000.486,0166
 
000548639,000000000,000000000,0114.031,0004.155,0000.490,0006
 
000548663,000000000,000000000,0114.568,0003.846,0000.241,0006
 
000548687,000000000,000000000,0113.118,0004.325,0000.481,0178
 
000548711,000000000,000000000,0113.874,0004.343,0000.483,0166
 
000548735,000000000,000000000,0114.865,0004.069,0000.240,0006
 
000548759,000000000,000000000,0114.745,0004.085,0000.481,0006
 
000548783,-00000014,000000012,0105.064,0007.264,0003.166,0007
 
000548807,-00000032,000000019,0108.008,0006.207,0001.198,0007
 
000548831,000000207,000000009,0121.534,0002.877,-004.564,0178
 
000548855,-00000025,000000000,0116.043,0003.395,-000.728,0178
 
000548879,-00000004,000000000,0112.782,0004.120,0000.243,0006
 
000548903,000000000,000000000,0113.033,0003.591,0000.479,0006
 
000548927,000000000,000000000,0113.060,0004.103,0000.483,0006
 
000548951,000000000,000000000,0102.935,0008.399,0001.209,0006
 
000548975,-00000002,-00000004,0109.304,0005.062,0001.450,0006
 
000548999,-00000002,-00001543,0113.312,0003.395,0000.486,0166
 
000549023,-00000002,-00000004,0114.235,0003.409,0000.244,0006
 
000549047,000000000,000000000,0112.646,0004.103,0000.483,0006
 
000549071,000000000,000000000,0111.866,0004.120,0000.243,0006
 
000549095,000000000,000000000,0112.750,0003.862,0000.483,0006
 
000549119,000000000,000000000,0112.765,0003.862,0000.483,0006
 
000549143,000000000,000000000,0113.150,0003.878,0000.486,0166
 
000549167,000000000,000000000,0113.580,0003.862,0000.000,0166
 
000549191,000000000,000000000,0111.294,0004.362,0000.243,0006
 
000549215,000000000,000000000,0112.008,0004.103,0000.483,0006
 
000549239,000000000,000000000,0111.411,0004.085,0000.722,0006
 
000549263,000000000,000000000,0111.874,0004.102,0000.725,0006
 
000549287,000000000,000000000,0112.500,0004.361,0000.486,0007
 
000549311,000000000,000000000,0111.775,0003.830,0000.719,0167
 
000549335,000000000,000000000,0112.423,0004.085,0000.481,0167
 
000549359,000000000,000000000,0113.055,0004.086,0000.000,0006
 
000549383,000000000,000000000,0110.699,0004.343,0000.725,0007
 
000549407,000000000,000000000,0112.594,0004.085,0000.722,0167
 
000549431,000000000,000000000,0111.262,0004.583,0000.483,0006
 
000549455,000000000,000000000,0112.334,0004.085,0000.481,0007
 
000549479,000000000,000000000,0112.277,0004.343,0000.483,0006
 
000549503,000000000,000000000,0112.574,0004.103,0000.483,0007
 
000549527,000000000,000000000,0112.242,0004.085,0000.722,0006
 
000549551,000000000,000000000,0112.563,0004.052,0000.477,0007
 
000549575,000000000,000000000,0112.117,0004.103,0000.483,0006
 
000549599,000000000,000000000,0112.045,0004.343,0000.483,0006
 
000549623,000000000,000000000,0113.361,0004.103,0000.483,0006
 
000549647,000000000,000000000,0111.795,0004.325,0000.481,0006
 
000549671,000000000,000000000,0110.924,0004.583,0000.483,0006
 
000549695,000000000,000000000,0112.235,0003.846,0000.481,0006
 
000549719,000000000,000000000,0111.164,0004.085,0001.204,0007
 
000549743,000000000,000000000,0111.754,0004.325,0000.481,0006
 
000549767,000000000,000000000,0111.446,0004.564,0000.722,0006
 
000549791,000000000,000000000,0112.716,0004.102,0000.725,0006
 
000549815,000000000,000000000,0113.364,0004.103,0000.242,0006
 
000549839,000000000,000000000,0112.617,0003.814,0000.716,0006
 
000549863,000000000,000000000,0111.456,0004.325,0000.481,0006
 
000549887,000000000,000000000,0111.282,0004.343,0000.483,0007
 
000549911,000000000,000000000,0112.621,0004.068,0000.479,0006
 
000549935,000000000,000000000,0112.264,0004.085,0000.481,0006
 
000549959,000000000,000000000,0112.662,0004.085,0000.722,0006
 
000549983,000000000,000000000,0112.780,0003.862,0000.483,0167
 
000550007,000000000,000000000,0111.340,0004.325,0000.241,0166
 
000550031,000000000,000000000,0112.116,0004.085,0000.481,0167
 
000550055,000000000,000000000,0112.155,0004.102,0000.725,0167
 
000550079,000000000,000000000,0113.310,0004.068,0000.479,0167
 
000550103,000000000,000000000,0112.140,0003.846,0000.481,0166
 
000550127,000000000,000000000,0111.448,0004.102,0000.967,0177
 
000550151,000000000,000000000,0112.258,0004.085,0000.481,0006
 
000550175,000000000,000000000,0111.275,0004.325,0000.481,0006
 
000550199,000000000,000000000,0112.377,0004.103,0000.483,0007
 
000550223,000000000,000000000,0113.437,0003.895,0000.244,0007
 
000550247,000000000,000000000,0113.096,0003.862,0000.483,0006
 
000550271,000000000,-00000001,0112.000,0003.829,0000.959,0007
 
000550295,000000000,-00000004,0111.047,0004.642,0000.490,0006
 
000550319,000000000,000000249,0110.149,0004.583,0000.483,0006
 
000550343,-00000001,-00000013,0112.653,0003.846,0000.241,0006
 
000550367,000000000,-00000013,0111.662,0003.621,0000.483,0006
 
000550391,000000000,-00000013,0111.959,0003.862,0000.483,0006
 
000550415,000000000,-00000015,0110.970,0004.343,0000.483,0007
 
000550439,000000000,-00000015,0112.069,0003.878,0000.728,0006
 
000550463,000000000,-00000015,0109.942,0004.783,0000.240,0006
 
000550487,-00000001,-00006169,0109.580,0004.823,0000.483,0006
 
000550511,-00000002,-00000025,0109.426,0004.843,0000.971,0006
 
000550535,-00000001,-00000025,0111.424,0004.271,0000.475,0007
 
000550559,-00000001,-00000028,0111.958,0003.845,0000.963,0006
 
000550583,-00000001,-00000026,0111.975,0003.846,0000.481,0006
 
000550607,000000000,-00000025,0112.992,0003.814,0000.955,0166
 
000550631,000000000,-00006169,0111.930,0004.138,0000.244,0006
 
000550655,-00000001,-00000025,0110.233,0004.545,0000.959,0167
 
000550679,000000000,-00000029,0111.865,0004.325,0000.481,0166
 
000550703,000000000,-00000031,0111.521,0003.894,0001.219,0167
 
000550727,000000000,-00000049,0109.695,0005.063,0000.483,0006
 
000550751,-00000001,000000207,0111.950,0003.606,0000.963,0167
 
000550775,000000000,-00000049,0111.815,0004.343,0000.725,0166
 
000550799,-00000002,-00000049,0112.145,0003.862,0000.725,0006
 
000550823,-00000002,-00000049,0112.743,0004.138,0000.000,0007
 
000550847,-00000002,-00000049,0110.076,0004.583,0001.209,0006
 
000550871,-00000001,-00000049,0110.040,0004.884,0001.224,0167
 
000550895,000000000,-00000049,0115.755,0002.646,0000.000,0006
 
000550919,000000000,-00000049,0113.071,0004.052,-000.239,0006
 
000550943,-00000001,-00000049,0113.712,0003.325,0000.475,0006
 
000550967,-00000004,000000207,0113.310,0003.606,0000.000,0007
 
000550991,-00000004,-00012337,0111.740,0004.137,0000.731,0006
 
000551015,-00000004,000000207,0112.743,0003.591,0000.719,0166
 
000551039,-00000002,-00012337,0109.877,0004.134,0002.437,0007
 
000551063,-00000002,-00000049,0112.901,0003.846,0000.481,0006
 
000551087,-00000004,-00000050,0109.015,0005.237,0000.716,0006
 
000551111,-00000007,-00000050,0111.471,0004.545,0000.240,0006
 
000551135,-00000007,-00000049,0111.244,0004.583,0000.242,0006
 
000551159,-00000007,-00000049,0112.714,0004.035,0000.238,0006
 
000551183,-00001543,-00000050,0113.094,0004.137,0000.731,0006
 
000551207,-00000007,-00000055,0112.351,0004.052,0000.477,0006
 
000551231,-00000007,-00000055,0112.671,0004.288,0001.193,0006
 
000551255,-00000007,-00000058,0113.548,0003.846,-000.241,0006
 
000551279,-00000007,-00000062,0112.248,0004.119,0001.214,0006
 
000551303,-00000004,-00000097,0113.393,0003.829,0000.959,0006
 
000551327,-00000002,-00000097,0112.046,0004.980,-000.238,0006
 
000551351,-00000002,-00000097,0113.650,0003.621,0000.242,0166
 
000551375,-00000002,-00000097,0111.804,0005.021,0000.000,0007
 
000551399,-00000001,-00000097,0109.266,0006.545,-000.939,0006
 
000551423,-00000001,000000159,0112.453,0004.583,0000.483,0006
 
000551447,-00000002,-00000097,0112.950,0003.682,0001.721,0167
 
000551471,-00000004,-00000097,0113.494,0003.576,0000.955,0006
 
000551495,-00000007,-00000100,0106.528,0007.096,0000.475,0167
 
000551519,-00000008,-00000109,0114.126,0003.797,0001.426,0006
 
000551543,-00000007,-00000109,0116.953,0002.827,0000.472,0167
 
000551567,000000249,000000147,0111.888,0005.064,0000.242,0006
 
000551591,-00000008,-00000109,0113.447,0004.661,0001.229,0006
 
000551615,-00000013,-00000109,0121.115,0000.734,0000.979,0006
 
000551639,-00000013,-00000103,0115.605,0003.911,0000.490,0006
 
000551663,-00000008,-00000097,0117.542,0004.340,-002.175,0007
 
000551687,-00000002,-00000097,0114.829,0004.783,0000.479,0006
 
000551711,000000000,-00024673,0113.078,0005.968,-001.917,0007
 
000551735,000000000,000000159,0118.563,0003.166,-000.244,0007
 
000551759,-00000772,-00000256,0114.386,0004.564,0000.963,0007
 
000551783,-00000002,-00000097,0116.427,0003.636,0000.728,0006
 
000551807,-00000004,-00000097,0114.958,0004.564,0000.241,0007
 
000551831,-00000002,-00000097,0118.727,0003.140,0000.000,0007
 
000551855,-00000002,-00000097,0113.838,0004.723,0001.420,0167
 
000551879,-00000004,-00000097,0116.148,0004.068,0001.198,0167
 
000551903,-00000004,-00000097,0115.679,0004.325,0000.481,0007
 
000551927,-00000004,-00000097,0116.369,0003.862,0000.725,0007
 
000551951,-00000004,-00000097,0114.197,0004.325,0000.722,0006
 
000551975,-00000002,-00000097,0116.911,0003.814,-000.477,0006
 
000551999,000000000,-00000097,0116.032,0003.862,0000.725,0006
 
000552023,000000001,-00000097,0117.421,0002.874,0001.198,0006
 
000552047,000000002,-00000097,0112.528,0005.687,0000.475,0006
 
000552071,000000003,-00000097,0114.685,0004.307,0000.479,0166
 
000552095,000000000,-00000097,0122.538,0001.450,-000.242,0166
 
000552119,-00000004,-00000097,0120.972,0002.175,0000.000,0006
 
000552143,-00000001,000000159,0114.762,0004.361,0000.971,0006
 
000552167,-00000002,-00000097,0111.564,0005.733,0001.198,0006
 
000552191,-00000007,-00000097,0120.148,0002.166,0000.481,0166
 
000552215,-00000007,-00000097,0115.586,0004.325,0000.241,0006
 
000552239,-00000007,-00000097,0114.436,0004.724,0000.237,0167
 
000552263,-00000004,-00000097,0111.731,0005.922,0000.000,0006
 
000552287,-00000007,-00000097,0112.705,0005.127,0000.979,0006
 
000552311,-00000007,-00024673,0107.768,0007.214,0000.483,0006
 
000552335,-00000008,000000159,0114.587,0004.823,0000.483,0167
 
000552359,-00000007,-00000097,0111.031,0006.208,0000.479,0167
 
000552383,-00000008,-00000097,0110.098,0006.233,0001.204,0167
 
000552407,-00000008,-00000097,0112.997,0005.543,0000.483,0178
 
000552431,-00000013,-00000097,0120.328,0002.603,0000.000,0167
 
000552455,-00000013,-00000097,0113.484,0004.564,0000.963,0167
 
000552479,-00000013,-00000097,0116.055,0003.862,0000.725,0166
 
000552503,-00000007,-00000097,0119.124,0002.862,0000.955,0006
 
000552527,-00000004,-00000097,0114.256,0004.844,-000.243,0006
 
000552551,-00000004,-00000097,0112.478,0005.000,0000.716,0006
 
000552575,-00000007,-00000097,0113.535,0004.583,0000.725,0006
 
000552599,-00000004,-00000097,0118.171,0002.446,0001.713,0006
 
000552623,-00000004,-00000097,0115.998,0003.846,0000.722,0006
 
000552647,-00000004,-00000097,0114.918,0003.845,0001.204,0006
 
000552671,-00000772,-00024673,0111.572,0005.496,0000.959,0006
 
000552695,-00000004,-00000097,0120.603,0001.691,0001.209,0006
 
000552719,-00000007,-00000097,0115.135,0003.636,0000.971,0006
 
000552743,-00000007,-00000097,0105.169,0007.626,0000.479,0006
 
000552767,000000249,000000159,0110.429,0005.256,0001.917,0006
 
000552791,-00000004,-00000097,0109.227,0006.047,0000.000,0007
 
000552815,-00000004,-00024673,0108.958,0006.445,-000.719,0166
 
000552839,-00000007,-00000097,0111.184,0005.280,0001.204,0006
 
000552863,-00000007,-00000097,0118.623,0002.635,0000.479,0006
 
000552887,-00000007,-00000097,0117.110,0002.886,0000.481,0007
 
000552911,-00000004,000000159,0119.391,0002.130,0000.710,0006
 
000552935,-00000007,-00000097,0114.003,0003.844,0001.685,0006
 
000552959,-00000007,-00000097,0113.921,0004.052,0000.477,0007
 
000552983,-00000008,-00000097,0117.560,0002.405,0001.204,0006
 
000553007,-00000013,-00000097,0117.215,0003.576,-000.239,0006
 
000553031,-00000008,-00000097,0114.384,0004.035,0000.713,0006
 
000553055,-00000007,-00000097,0109.863,0005.758,0000.000,0007
 
000553078,000000249,000000159,0111.881,0005.064,0000.000,0006
 
000553103,-00000004,-00000097,0119.305,0002.386,0000.477,0007
 
000553127,-00000001,-00024673,0112.995,0004.507,0000.951,0006
 
000553151,-00000001,-00000097,0110.675,0005.021,0000.959,0006
 
000553175,-00000002,-00000097,0108.754,0006.234,0000.000,0006
 
000553199,-00000001,-00000097,0113.607,0004.068,0000.959,0006
 
000553223,-00000004,-00000097,0113.935,0004.325,0000.241,0006
 
000553247,-00000007,-00000097,0107.555,0006.021,0000.725,0007
 
000553271,-00000004,-00000097,0115.044,0003.606,0000.722,0006
 
000553295,-00000002,000000159,0113.986,0004.086,0000.241,0006
 
000553319,000000000,-00000097,0113.148,0004.034,0000.951,0006
 
000553343,000000001,-00000097,0113.415,0004.068,0000.719,0006
 
000553367,000000000,-00000097,0109.417,0005.758,0000.481,0166
 
000553391,-00000002,-00000097,0111.939,0004.823,0000.725,0006
 
000553415,-00000001,-00000097,0114.584,0004.069,0000.000,0167
 
000553439,-00000002,-00000097,0116.937,0003.366,0000.241,0006
 
000553463,-00000004,-00000097,0112.890,0004.271,0000.951,0006
 
000553487,-00000007,-00024673,0108.316,0006.261,0000.000,0007
 
000553511,-00000772,-00000256,0108.107,0006.098,0000.490,0006
 
000553535,-00000002,-00000097,0115.723,0004.103,-000.242,0006
 
000553559,-00000004,-00000097,0106.353,0006.738,0000.000,0166
 
000553583,-00000004,-00000097,0113.079,0003.968,0001.403,0006
 
000553607,-00000004,000000159,0114.621,0004.362,0000.243,0006
 
000553631,-00000007,-00000097,0116.412,0003.576,0000.716,0178
 
000553655,-00000004,-00000097,0118.391,0002.874,0000.719,0007
 
000553679,000000252,000000159,0108.396,0006.738,-000.242,0006
 
000553703,-00000004,-00000097,0112.036,0004.581,0001.933,0006
 
000553727,-00000004,-00000097,0121.248,0002.936,-000.490,0007
 
000553751,-00000007,-00000097,0121.818,0001.456,0001.456,0167
 
000553775,-00000772,-00000097,0118.087,0002.623,0001.671,0006
 
000553799,-00000004,-00000097,0109.102,0006.233,0001.444,0006
 
000553823,000000252,000000159,0125.089,0001.198,0000.240,0006
 
000553847,-00000004,-00000097,0116.233,0004.307,0000.479,0007
 
000553871,-00000004,-00000097,0118.199,0003.366,0001.204,0007
 
000553895,-00000004,-00000058,0116.884,0004.307,0000.240,0006
 
000553919,-00000002,-00000052,0116.727,0004.069,0000.240,0007
 
000553943,-00000004,-00000049,0120.069,0003.153,0000.243,0006
 
000553967,000000252,000000207,0118.890,0003.113,0000.959,0006
 
000553991,-00000004,-00000049,0117.929,0003.830,0000.240,0006
 
000554015,-00000004,-00000049,0116.553,0004.102,0000.725,0006
 
000554039,-00000004,-00000031,0116.955,0003.846,0000.722,0007
 
000554063,-00000004,-00000029,0114.839,0004.507,0000.713,0166
 
000554087,-00000002,-00000029,0114.211,0004.803,0000.722,0006
 
000554111,-00000004,-00000032,0114.247,0005.259,0000.479,0007
 
000554135,-00000004,000000207,0115.326,0004.583,0000.242,0006
 
000554159,-00000004,-00000031,0117.554,0004.068,0000.719,0006
 
000554183,-00000004,-00000029,0117.444,0004.052,0000.477,0006
 
000554207,-00000002,-00000030,0119.908,0003.591,0000.240,0166
 
000554231,-00000002,-00000029,0121.023,0002.874,0000.479,0006
 
000554255,-00000001,-00000026,0116.352,0004.068,0000.719,0166
 
000554279,000000000,-00000025,0114.258,0005.021,0000.240,0006
 
000554303,000000000,-00000025,0116.366,0004.564,0000.722,0167
 
000554327,000000000,-00000025,0112.607,0005.303,0000.967,0006
 
000554351,000000000,-00000025,0117.795,0004.035,0000.475,0167
 
000554375,000000000,-00000025,0117.408,0004.068,0000.479,0007
 
000554399,-00000001,-00000025,0119.163,0003.606,0000.241,0167
 
000554423,-00000001,-00000013,0118.174,0004.103,0000.483,0007
 
000554447,000000000,-00000007,0119.858,0003.126,0000.481,0166
 
000554471,-00000001,-00000772,0116.781,0004.085,0000.722,0006
 
000554495,000000000,-00000001,0115.891,0004.307,0000.479,0006
 
000554519,000000000,-00000001,0115.466,0004.583,0000.483,0006
 
000554543,000000000,-00000001,0115.414,0004.475,0000.498,0006
 
000554567,000000000,-00000004,0114.960,0004.803,0000.241,0006
 
000554591,000000000,-00000007,0113.362,0005.042,0000.241,0006
 
000554615,000000000,-00000013,0120.147,0002.874,0000.479,0006
 
000554639,000000000,-00000013,0121.551,0002.886,0000.000,0006
 
000554663,000000000,-00000004,0116.487,0004.085,0000.481,0006
 
000554687,000000000,000000000,0116.157,0004.271,0000.713,0006
 
000554711,000000000,000000000,0116.093,0004.325,0000.241,0006
 
000554735,000000000,000000000,0114.686,0004.603,0000.243,0006
 
000554759,000000000,000000000,0113.990,0004.844,0000.728,0006
 
000554783,000000000,000000000,0114.963,0004.289,0000.716,0006
 
000554807,000000000,000000000,0115.346,0004.325,0000.722,0006
 
000554831,000000000,000000000,0115.507,0004.564,0000.481,0006
 
000554855,000000000,-00000007,0115.532,0004.452,0000.704,0006
 
000554879,000000000,-00000013,0118.577,0003.338,0000.716,0006
 
000554903,-00000001,-00000015,0116.432,0004.120,0000.486,0166
 
000554927,-00000002,-00000015,0118.067,0003.846,0000.241,0006
 
000554951,-00000001,-00000013,0121.152,0002.911,0000.486,0166
 
000554975,000000000,-00000004,0118.686,0003.561,0000.475,0006
 
000554999,000000000,-00000002,0116.391,0004.085,0000.481,0167
 
000555023,000000000,000000000,0116.052,0004.307,0000.479,0006
 
000555047,000000000,000000000,0114.929,0004.603,0000.243,0167
 
000555071,000000000,000000000,0117.165,0004.068,0000.479,0166
 
000555095,000000000,000000000,0117.062,0004.103,0000.483,0006
 
000555119,000000000,000000000,0115.882,0004.289,0000.239,0006
 
000555143,000000000,000000000,0116.420,0004.085,0000.481,0006
 
000555167,000000000,000000000,0107.505,0006.852,0000.492,0177
 
000555191,000000000,-00000007,0115.034,0004.564,0000.481,0178
 
000555215,000000002,-00000013,0115.900,0004.068,0000.719,0006
 
000555239,000000001,-00000014,0115.960,0004.361,0000.486,0006
 
000555263,000000001,-00000013,0117.281,0003.830,0000.719,0006
 
000555287,000000000,-00000004,0120.503,0003.352,-000.240,0007
 
000555311,000000000,000000000,0114.436,0004.343,0000.483,0007
 
000555335,000000000,000000000,0115.590,0004.343,0000.242,0006
 
000555359,000000000,000000000,0114.142,0004.545,0000.719,0006
 
000555383,000000000,000000000,0116.723,0004.307,0000.479,0007
 
000555407,000000000,000000000,0115.409,0004.545,0000.240,0006
 
000555431,000000000,000000000,0115.294,0004.603,0000.486,0006
 
000555455,000000000,000000000,0116.588,0004.325,0000.481,0006
 
000555479,000000000,000000000,0116.383,0004.325,0000.241,0006
 
000555503,000000000,000000000,0116.013,0004.068,0000.479,0006
 
000555527,000000000,000000000,0116.506,0004.103,0000.483,0006
 
000555551,000000000,000000000,0116.217,0004.325,0000.481,0006
 
000555575,000000000,000000000,0116.003,0004.603,0000.486,0006
 
000555599,000000000,000000000,0114.696,0004.803,0000.481,0006
 
000555623,000000000,000000000,0116.169,0004.085,0000.722,0006
 
000555647,000000000,000000000,0115.364,0004.783,0000.479,0167
 
000555671,000000000,000000000,0116.882,0004.289,0000.239,0006
 
000555695,000000000,000000000,0115.934,0004.564,0000.481,0166
 
000555719,000000000,000000000,0116.686,0004.307,0000.240,0006
 
000555743,000000000,000000000,0118.100,0003.846,0000.241,0166
 
000555767,000000000,000000000,0117.686,0004.085,0000.481,0167
 
000555791,000000000,000000000,0116.505,0004.325,0000.481,0006
 
000555815,000000000,000000000,0116.277,0004.289,0000.477,0167
 
000555839,000000000,000000000,0114.992,0004.583,0000.483,0166
 
000555863,000000000,000000000,0115.034,0004.603,0000.486,0006
 
000555887,000000000,000000000,0116.328,0004.103,0000.483,0006
 
000555911,000000000,000000000,0117.418,0004.325,0000.481,0177
 
000555935,000000000,000000000,0117.824,0003.846,0000.241,0167
 
000555959,000000000,000000000,0117.417,0003.862,0000.242,0167
 
000555983,000000000,000000000,0115.921,0004.361,0000.486,0006
 
000556007,000000000,000000000,0114.787,0004.583,0000.242,0006
 
000556031,000000000,000000000,0116.519,0004.307,0000.479,0007
 
000556055,000000000,000000000,0117.819,0003.798,0000.713,0006
 
000556079,000000000,000000000,0116.050,0004.564,0000.241,0006
 
000556103,000000000,000000000,0115.010,0004.583,0000.725,0006
 
