000092482,-00000097,000000047,0119.160,0009.376,0000.564,0310
 
000092501,000000000,000000000,0118.965,0008.900,0000.535,0310
 
000092521,000000000,000000000,0118.547,0008.518,0000.488,0290
 
000092541,000000000,000000000,0118.155,0008.198,0000.424,0289
 
000092561,000000000,000000000,0117.811,0007.866,0000.408,0310
 
000092581,000000000,000000000,0117.479,0007.563,0000.372,0290
 
000092601,000000000,000000000,0117.177,0007.271,0000.339,0310
 
000092621,000000000,000000000,0116.912,0007.015,0000.351,0310
 
000092641,000000000,000000000,0116.652,0006.796,0000.318,0289
 
000092661,000000000,000000000,0116.412,0006.596,0000.289,0310
 
000092681,000000000,000000000,0116.166,0006.357,0000.285,0310
 
000092701,000000000,000000000,0115.932,0006.179,0000.282,0289
 
000092721,000000000,000000000,0115.726,0006.022,0000.278,0310
 
000092741,000000000,000000000,0115.530,0005.874,0000.274,0289
 
000092761,000000000,000000000,0115.352,0005.746,0000.270,0316
 
000092781,000000000,000000000,0115.194,0005.639,0000.247,0310
 
000092801,000000000,000000000,0115.028,0005.531,0000.248,0290
 
000092821,000000000,000000000,0114.885,0005.433,0000.226,0321
 
000092841,000000000,000000000,0114.728,0005.366,0000.250,0310
 
000092861,000000000,000000000,0114.590,0005.302,0000.249,0290
 
000092881,000000000,000000000,0114.458,0005.245,0000.226,0290
 
000092901,000000000,000000000,0114.322,0005.175,0000.183,0310
 
000092921,000000000,000000000,0114.196,0005.113,0000.209,0289
 
000092941,000000000,000000000,0114.092,0005.056,0000.213,0321
 
000092961,000000000,000000000,0113.968,0005.041,0000.215,0318
 
000092981,000000000,000000000,0113.864,0005.004,0000.195,0290
 
000093001,000000000,000000000,0113.752,0004.959,0000.218,0320
 
000093021,000000000,000000000,0113.673,0004.936,0000.196,0318
 
000093041,000000000,000000000,0113.591,0004.914,0000.178,0290
 
000093061,000000000,000000000,0113.495,0004.894,0000.161,0321
 
000093081,000000000,000000000,0113.404,0004.856,0000.147,0318
 
000093101,000000000,000000000,0113.334,0004.819,0000.178,0289
 
000093121,000000000,000000000,0113.260,0004.780,0000.185,0290
 
000093141,000000000,000000000,0113.186,0004.748,0000.169,0289
 
000093161,000000000,000000000,0113.118,0004.745,0000.175,0290
 
000093181,000000000,000000000,0113.051,0004.716,0000.179,0290
 
000093201,000000000,000000000,0112.980,0004.667,0000.163,0289
 
000093221,000000000,000000000,0112.925,0004.644,0000.193,0289
 
000093241,000000000,000000000,0112.845,0004.645,0000.196,0290
 
000093261,000000000,000000000,0112.807,0004.652,0000.177,0289
 
000093281,000000000,000000000,0112.760,0004.611,0000.182,0289
 
000093301,000000000,000000000,0112.714,0004.617,0000.187,0290
 
000093321,000000000,000000000,0112.677,0004.616,0000.192,0310
 
000093341,000000000,000000000,0112.612,0004.542,0000.218,0290
 
000093361,000000000,000000000,0112.555,0004.533,0000.199,0290
 
000093381,000000000,000000000,0112.498,0004.503,0000.204,0310
 
000093401,000000000,000000000,0112.448,0004.475,0000.205,0290
 
000093421,000000000,000000000,0112.408,0004.458,0000.188,0290
 
000093441,000000000,000000000,0112.370,0004.429,0000.192,0310
 
000093461,000000000,000000000,0112.311,0004.360,0000.088,0289
 
000093481,000000000,000000000,0112.268,0004.302,0000.101,0289
 
000093501,000000000,000000000,0112.212,0004.189,0000.144,0310
 
000093521,000000000,000000000,0112.169,0004.179,0000.158,0289
 
000093541,000000000,000000000,0112.150,0004.165,0000.161,0309
 
000093561,000000000,000000000,0112.121,0004.173,0000.189,0310
 
000093581,000000000,000000000,0112.085,0004.174,0000.190,0310
 
000093601,000000000,000000000,0112.063,0004.174,0000.197,0309
 
000093621,000000000,000000000,0112.022,0004.240,0000.197,0310
 
000093641,000000000,000000000,0111.996,0004.213,0000.182,0290
 
000093661,000000000,000000000,0111.982,0004.187,0000.189,0314
 
000093681,000000000,000000000,0111.941,0004.166,0000.197,0310
 
000093701,000000000,000000000,0111.909,0004.167,0000.201,0310
 
000093721,000000000,000000000,0111.886,0004.121,0000.205,0289
 
000093741,000000000,000000000,0111.869,0004.124,0000.211,0310
 
000093761,000000000,000000000,0111.830,0004.176,0000.173,0310
 
000093781,000000000,000000000,0111.803,0004.196,0000.180,0314
 
000093801,000000000,000000000,0111.784,0004.195,0000.229,0310
 
000093821,000000000,000000000,0111.763,0004.193,0000.252,0319
 
000093841,000000000,000000000,0111.751,0004.214,0000.273,0314
 
000093861,000000000,000000000,0111.713,0004.187,0000.250,0310
 
000093881,000000000,000000000,0111.687,0004.159,0000.228,0310
 
000093901,000000000,000000000,0111.666,0004.138,0000.231,0314
 
000093921,000000000,000000000,0111.637,0004.118,0000.233,0310
 
000093941,000000000,000000000,0111.615,0004.141,0000.214,0310
 
000093961,000000000,000000000,0111.586,0004.144,0000.219,0316
 
000093981,000000000,000000000,0111.563,0004.147,0000.243,0310
 
000094001,000000000,000000000,0111.559,0004.153,0000.224,0289
 
000094021,000000000,000000000,0111.550,0004.175,0000.225,0289
 
000094041,000000000,000000000,0111.538,0004.153,0000.250,0310
 
000094061,000000000,000000000,0111.540,0004.153,0000.252,0289
 
000094081,000000000,000000000,0111.509,0004.133,0000.231,0319
 
000094101,-00000001,-00000004,0111.505,0004.128,0000.228,0310
 
000094121,-00000001,-00000014,0111.583,0006.090,0000.005,0289
 
000094141,-00000004,-00000023,0111.658,0005.967,-000.015,0319
 
000094161,-00000002,-00000027,0111.652,0005.809,0000.057,0310
 
000094181,-00000002,-00000028,0111.580,0005.695,0000.082,0289
 
000094201,-00000002,-00000030,0111.498,0005.607,0000.033,0319
 
000094221,-00000001,-00000049,0111.439,0005.508,0000.081,0310
 
000094241,-00000003,-00000049,0111.325,0005.525,0000.046,0289
 
000094261,-00000004,-00000039,0111.238,0005.445,0000.106,0290
 
000094281,-00000004,-00000040,0111.117,0005.359,0000.136,0310
 
000094301,-00000003,-00000049,0110.982,0005.251,0000.149,0290
 
000094321,-00000003,-00000049,0110.868,0005.113,0000.199,0319
 
000094341,-00000004,-00000046,0110.814,0005.183,0000.290,0309
 
000094361,-00000004,-00000051,0110.742,0005.288,0000.310,0290
 
000094381,-00000003,-00000054,0110.707,0005.211,0000.331,0309
 
000094401,-00000003,-00000056,0110.689,0005.074,0000.348,0310
 
000094421,-00000002,-00000058,0110.656,0005.018,0000.364,0289
 
000094441,-00000004,-00000057,0110.624,0004.988,0000.332,0314
 
000094461,-00000003,-00000057,0110.646,0005.037,0000.326,0310
 
000094481,-00000004,-00000056,0110.664,0005.074,0000.363,0289
 
000094501,-00000004,-00000055,0110.644,0004.815,0000.382,0314
 
000094521,-00000002,-00000052,0110.572,0004.592,0000.271,0310
 
000094541,-00000002,-00000049,0110.514,0004.620,0000.299,0310
 
000094561,-00000001,-00000046,0110.477,0004.535,0000.313,0314
 
000094581,000000000,-00000049,0110.444,0004.507,0000.366,0310
 
000094601,000000000,-00000042,0110.368,0004.537,0000.377,0310
 
000094621,000000000,-00000041,0110.288,0004.476,0000.514,0314
 
000094641,-00000001,-00000049,0110.235,0004.451,0000.522,0310
 
000094661,-00000001,-00000039,0110.212,0004.421,0000.526,0310
 
000094681,-00000001,-00000038,0110.194,0004.410,0000.575,0320
 
000094701,-00000002,-00000049,0110.179,0004.401,0000.533,0310
 
000094721,-00000004,-00000035,0110.149,0004.295,0000.514,0290
 
000094741,-00000001,-00000049,0110.129,0004.340,0000.446,0316
 
000094761,000000000,-00000037,0110.111,0004.300,0000.409,0310
 
000094781,000000000,-00000039,0110.087,0004.332,0000.375,0289
 
000094801,000000000,-00000049,0110.051,0004.274,0000.410,0290
 
000094821,000000000,-00000045,0110.025,0004.371,0000.438,0310
 
000094841,-00000001,-00000049,0110.011,0004.459,0000.401,0289
 
000094861,-00000002,-00000051,0110.029,0004.581,0000.413,0321
 
000094881,-00000001,-00000055,0110.063,0004.778,0000.380,0318
 
000094901,000000000,-00000056,0110.084,0004.739,0000.372,0290
 
000094921,000000000,-00000060,0110.095,0004.747,0000.343,0320
 
000094941,-00000002,-00000062,0110.120,0004.750,0000.405,0317
 
000094961,-00000002,-00000063,0110.124,0004.736,0000.372,0289
 
000094981,-00000002,-00000063,0110.119,0004.665,0000.367,0319
 
000095001,-00000002,-00000061,0110.141,0004.576,0000.404,0309
 
000095021,-00000002,-00000059,0110.155,0004.546,0000.480,0290
 
000095041,-00000004,-00000059,0110.165,0004.518,0000.548,0309
 
000095061,-00000003,-00000058,0110.167,0004.379,0000.549,0315
 
000095081,-00000003,-00000059,0110.168,0004.461,0000.525,0290
 
000095101,-00000002,-00000057,0110.139,0004.498,0000.523,0320
 
000095121,-00000001,-00000055,0110.089,0004.392,0000.564,0309
 
000095141,000000000,-00000054,0110.049,0004.407,0000.513,0290
 
000095161,000000000,-00000050,0110.058,0004.273,0000.535,0289
 
000095181,000000000,-00000049,0110.029,0004.197,0000.449,0310
 
000095201,000000000,-00000049,0110.019,0004.192,0000.457,0290
 
000095221,000000001,-00000046,0110.007,0004.164,0000.421,0314
 
000095241,000000000,-00000049,0109.988,0004.170,0000.346,0289
 
000095261,-00000001,-00000043,0109.957,0004.099,0000.359,0310
 
000095281,-00000001,-00000049,0109.909,0004.128,0000.352,0313
 
000095301,000000000,-00000038,0109.881,0004.130,0000.343,0309
 
000095321,000000000,-00000049,0109.849,0004.020,0000.316,0309
 
000095341,000000000,-00000036,0109.866,0004.057,0000.293,0314
 
000095361,000000000,-00000049,0109.868,0004.072,0000.273,0310
 
000095381,-00000001,-00000031,0109.842,0004.044,0000.314,0310
 
000095401,-00000001,-00000029,0109.816,0004.061,0000.312,0314
 
000095421,-00000001,-00000028,0109.783,0004.029,0000.330,0310
 
000095441,-00000001,-00000028,0109.771,0004.043,0000.346,0310
 
000095461,-00000001,-00000028,0109.775,0004.094,0000.342,0314
 
000095481,000000000,-00000029,0109.773,0004.057,0000.359,0289
 
000095501,000000001,-00000029,0109.768,0004.108,0000.353,0290
 
000095521,000000002,-00000029,0109.797,0004.111,0000.370,0316
 
000095541,000000001,-00000029,0109.812,0004.067,0000.343,0310
 
000095561,000000000,-00000029,0109.848,0004.077,0000.341,0290
 
000095581,000000001,-00000028,0109.887,0004.129,0000.340,0321
 
000095601,000000000,-00000026,0109.908,0004.135,0000.339,0310
 
000095621,000000000,-00000026,0109.940,0004.095,0000.359,0289
 
000095641,000000000,-00000025,0109.982,0004.058,0000.356,0321
 
000095661,000000000,-00000025,0110.026,0004.042,0000.332,0315
 
000095681,000000000,-00000024,0110.056,0004.054,0000.331,0289
 
000095701,-00000001,-00000025,0110.088,0004.085,0000.287,0320
 
000095721,-00000001,-00000022,0110.120,0004.043,0000.266,0310
 
000095741,-00000001,-00000025,0110.126,0004.012,0000.248,0289
 
000095761,000000000,-00000025,0110.155,0004.024,0000.275,0319
 
000095781,000000000,-00000021,0110.146,0004.015,0000.257,0309
 
000095801,000000000,-00000025,0110.136,0004.006,0000.259,0289
 
000095821,000000001,-00000019,0110.113,0003.977,0000.263,0309
 
000095841,000000001,-00000025,0110.076,0003.906,0000.243,0290
 
000095861,000000001,-00000019,0110.055,0004.015,0000.268,0289
 
000095881,000000000,-00000025,0110.044,0004.052,0000.272,0320
 
000095901,000000000,-00000025,0110.024,0004.020,0000.253,0318
 
000095921,000000000,-00000021,0110.009,0004.097,0000.236,0289
 
000095941,000000000,-00000025,0110.030,0004.083,0000.243,0314
 
000095961,-00000001,-00000016,0110.061,0004.109,0000.251,0290
 
000095981,-00000002,-00000013,0110.096,0004.093,0000.277,0289
 
000096001,-00000002,-00000013,0110.127,0004.016,0000.258,0314
 
000096021,000000000,-00000010,0110.169,0003.965,0000.265,0309
 
000096041,000000000,-00000008,0110.191,0003.938,0000.270,0310
 
000096061,000000000,-00000004,0110.216,0003.866,0000.275,0289
 
000096081,000000000,-00000002,0110.224,0003.869,0000.256,0289
 
000096101,000000000,000000000,0110.243,0003.874,0000.262,0310
 
000096121,000000000,000000000,0110.251,0003.877,0000.290,0314
 
000096141,000000000,000000000,0110.252,0003.900,0000.292,0311
 
000096161,000000000,000000000,0110.254,0003.921,0000.293,0289
 
000096181,000000000,000000000,0110.275,0003.940,0000.293,0314
 
000096201,000000000,000000000,0110.285,0003.960,0000.295,0310
 
000096221,000000000,000000000,0110.283,0003.978,0000.274,0290
 
000096241,000000000,000000000,0110.291,0003.992,0000.256,0289
 
000096261,000000000,000000000,0110.291,0003.983,0000.260,0310
 
000096281,-00000001,-00000007,0110.304,0004.022,0000.246,0289
 
000096301,-00000001,-00000013,0110.307,0004.099,0000.249,0318
 
000096321,-00000001,-00000018,0110.321,0004.040,0000.280,0310
 
000096341,-00000001,-00000025,0110.336,0004.026,0000.277,0289
 
000096361,-00000001,-00000016,0110.376,0003.995,0000.284,0319
 
000096381,-00000001,-00000013,0110.388,0003.902,0000.289,0318
 
000096401,-00000001,-00000013,0110.408,0003.921,0000.290,0289
 
000096421,-00000001,-00000009,0110.434,0003.940,0000.292,0289
 
000096441,-00000001,-00000008,0110.471,0003.894,0000.295,0318
 
000096461,000000000,-00000007,0110.511,0003.851,0000.296,0289
 
000096481,-00000001,-00000003,0110.533,0003.857,0000.320,0320
 
000096501,000000000,-00000001,0110.551,0003.819,0000.318,0315
 
000096521,000000000,000000000,0110.555,0003.826,0000.318,0289
 
000096541,000000000,000000000,0110.568,0003.839,0000.297,0319
 
000096561,000000000,000000000,0110.570,0003.843,0000.257,0320
 
000096581,000000000,000000000,0110.588,0003.850,0000.242,0290
 
000096601,000000000,000000000,0110.586,0003.854,0000.271,0290
 
000096621,000000000,000000000,0110.598,0003.880,0000.254,0289
 
000096641,000000000,000000000,0110.600,0003.946,0000.280,0290
 
000096661,000000000,000000000,0110.614,0003.984,0000.327,0319
 
000096681,000000000,000000000,0110.628,0003.974,0000.305,0310
 
000096701,000000000,000000000,0110.626,0003.966,0000.326,0289
 
000096721,000000000,000000000,0110.622,0003.956,0000.302,0289
 
000096741,000000000,000000000,0110.625,0003.931,0000.282,0289
 
000096761,000000000,000000000,0110.636,0003.931,0000.263,0310
 
000096781,000000000,000000000,0110.638,0003.952,0000.248,0314
 
000096801,000000000,000000000,0110.651,0003.992,0000.255,0310
 
000096821,000000000,000000000,0110.654,0004.003,0000.259,0310
 
000096841,000000000,000000000,0110.674,0003.989,0000.286,0314
 
000096861,000000000,-00000001,0110.677,0004.006,0000.287,0289
 
000096881,000000000,-00000007,0110.580,0004.003,0000.274,0310
 
000096901,-00000001,-00000012,0110.496,0003.585,0000.101,0289
 
000096921,-00000001,-00000016,0110.487,0003.698,0000.129,0310
 
000096941,000000000,-00000015,0110.523,0003.714,0000.142,0310
 
000096961,000000000,-00000012,0110.573,0003.707,0000.177,0316
 
000096981,000000001,-00000007,0110.594,0003.620,0000.194,0310
 
000097001,000000000,-00000003,0110.595,0003.541,0000.202,0289
 
000097021,000000000,000000000,0110.616,0003.552,0000.194,0289
 
000097041,000000000,000000000,0110.619,0003.605,0000.202,0310
 
000097061,000000000,000000000,0110.633,0003.653,0000.211,0289
 
000097081,000000000,000000000,0110.654,0003.653,0000.246,0321
 
000097101,000000000,000000000,0110.664,0003.718,0000.250,0310
 
000097121,000000000,000000000,0110.675,0003.799,0000.234,0289
 
000097141,000000000,000000000,0110.684,0003.812,0000.238,0319
 
000097161,000000000,000000000,0110.688,0003.862,0000.244,0318
 
000097181,000000000,000000000,0110.685,0003.889,0000.251,0289
 
000097201,000000000,000000000,0110.700,0003.887,0000.277,0320
 
000097221,000000000,000000000,0110.690,0003.912,0000.258,0321
 
000097241,000000000,000000000,0110.702,0003.957,0000.263,0289
 
000097261,000000000,000000000,0110.703,0003.974,0000.267,0319
 
000097281,000000000,000000000,0110.705,0004.009,0000.250,0321
 
000097301,000000000,000000000,0110.704,0003.999,0000.235,0290
 
000097321,000000000,000000000,0110.702,0003.989,0000.241,0290
 
000097341,000000000,000000000,0110.714,0003.983,0000.248,0290
 
000097361,000000000,000000000,0110.709,0004.021,0000.233,0290
 
000097381,000000000,000000000,0110.723,0004.007,0000.263,0314
 
000097401,000000000,000000000,0110.729,0004.017,0000.245,0289
 
000097421,000000000,000000000,0110.732,0004.027,0000.251,0289
 
000097441,000000000,000000000,0110.743,0004.017,0000.275,0290
 
000097461,000000000,000000000,0110.731,0004.028,0000.257,0289
 
000097481,000000000,000000000,0110.746,0004.042,0000.219,0290
 
000097501,000000000,000000000,0110.750,0004.029,0000.228,0290
 
000097521,000000000,000000000,0110.742,0004.061,0000.215,0289
 
000097541,000000000,000000000,0110.751,0004.090,0000.226,0289
 
000097561,000000000,000000000,0110.768,0004.098,0000.234,0290
 
000097581,000000000,000000000,0110.755,0004.104,0000.242,0310
 
000097601,000000000,000000000,0110.752,0004.108,0000.208,0289
 
000097621,000000000,000000000,0110.759,0004.086,0000.218,0289
 
000097641,000000000,000000000,0110.741,0004.067,0000.249,0289
 
000097661,000000000,000000000,0110.753,0004.072,0000.254,0310
 
000097681,000000000,000000000,0110.758,0004.076,0000.237,0290
 
000097701,000000000,000000000,0110.753,0004.081,0000.222,0310
 
000097721,000000000,000000000,0110.756,0004.087,0000.208,0289
 
000097741,000000000,000000000,0110.746,0004.094,0000.216,0289
 
000097761,000000000,000000000,0110.758,0004.080,0000.267,0310
 
000097781,000000000,000000000,0110.755,0004.065,0000.274,0290
 
000097801,000000000,000000000,0110.749,0004.095,0000.278,0290
 
000097821,000000000,000000000,0110.751,0004.077,0000.281,0310
 
000097841,000000000,000000000,0110.737,0004.061,0000.283,0290
 
000097861,000000000,000000000,0110.734,0004.070,0000.286,0290
 
000097881,000000000,000000000,0110.710,0004.056,0000.310,0318
 
000097901,000000000,000000000,0110.705,0004.041,0000.332,0289
 
000097921,000000000,000000000,0110.700,0004.048,0000.309,0320
 
000097941,000000000,000000000,0110.689,0004.058,0000.288,0318
 
