000311397,000000000,000000000,0115.225,0004.085,0000.722,0007
 
000311421,000000000,000000000,0114.940,0003.846,0000.481,0179
 
000311445,000000000,000000000,0113.138,0004.564,0000.722,0166
 
000311469,000000000,000000000,0114.833,0004.362,0000.243,0166
 
000311493,000000000,000000000,0115.424,0004.103,0000.483,0166
 
000311517,000000000,000000000,0114.565,0004.085,0000.963,0166
 
000311541,000000000,000000000,0113.750,0004.361,0000.728,0166
 
000311565,000000000,000000000,0114.431,0004.120,0000.486,0166
 
000311589,000000000,000000000,0113.816,0004.361,0000.728,0166
 
000311613,000000000,000000000,0113.010,0004.844,0000.728,0166
 
000311637,000000000,000000000,0114.880,0004.380,0000.488,0167
 
000311661,000000000,000000000,0114.428,0004.102,0000.725,0166
 
000311685,000000000,000000000,0115.065,0004.289,0000.477,0166
 
000311709,000000000,000000000,0115.638,0004.068,0000.479,0166
 
000311733,000000000,000000000,0113.298,0004.823,0000.725,0166
 
000311757,-00000001,000000000,0116.098,0003.591,0000.479,0166
 
000311781,-00000007,000000006,0114.508,0003.878,0001.214,0167
 
000311805,-00006169,000000000,0120.387,0001.432,0000.477,0166
 
000311829,-00000025,000000037,0126.688,-000.236,-002.839,0179
 
000311853,-00000007,000000051,0111.253,0005.566,0000.486,0179
 
000311877,000000000,000000057,0106.865,0006.793,0001.219,0179
 
000311901,000000000,000000039,0107.188,0007.154,0000.240,0167
 
000311925,-00000001,000000025,0109.228,0006.022,0000.242,0167
 
000311949,-00000001,000000009,0107.621,0006.766,0000.000,0166
 
000311973,000000000,000000002,0113.557,0003.798,0000.475,0166
 
000311997,000000001,000000000,0114.050,0004.342,-001.209,0179
 
000312021,000000008,-00000007,0117.410,0002.635,-000.479,0167
 
000312045,000000015,-00000008,0112.193,0003.877,0001.456,0166
 
000312069,000000014,-00000007,0111.958,0003.861,0001.450,0006
 
000312093,000000009,-00000004,0112.944,0003.351,0001.678,0167
 
000312117,000000004,-00000002,0112.422,0004.102,0000.725,0167
 
000312141,000000001,000000000,0111.841,0004.325,0000.722,0166
 
000312165,000000000,000000000,0112.610,0003.846,0000.481,0166
 
000312189,000000000,000000000,0112.825,0004.120,0000.728,0167
 
000312213,000000000,000000000,0113.379,0003.830,0000.479,0166
 
000312237,000000000,000000000,0113.738,0004.103,-000.242,0166
 
000312261,000000000,000000000,0111.608,0004.325,0000.481,0173
 
000312285,000000000,000000000,0112.685,0004.085,0000.481,0173
 
000312309,000000000,000000000,0113.361,0003.862,0000.725,0166
 
000312333,000000000,000000000,0114.223,0003.381,0000.483,0166
 
000312357,000000000,000000004,0113.968,0003.862,0000.483,0166
 
000312381,000000002,000000008,0109.863,0005.303,0000.967,0166
 
000312405,000000003,000000009,0110.516,0005.281,0000.722,0166
 
000312429,000000001,000000003,0111.721,0004.564,0000.481,0179
 
000312453,000000000,000000001,0111.642,0004.564,0000.481,0166
 
000312477,000000000,000000000,0111.202,0004.307,0000.719,0166
 
000312501,000000000,000000000,0112.277,0003.878,0000.486,0179
 
000312525,000000000,000000000,0111.592,0004.325,0000.722,0166
 
000312549,000000000,000000000,0112.407,0004.068,0000.719,0166
 
000312573,000000000,000000000,0111.808,0004.343,0000.483,0166
 
000312597,000000000,000000000,0111.790,0004.343,0000.725,0166
 
000312621,000000000,000000000,0112.888,0004.069,0000.240,0166
 
000312645,000000000,000000000,0113.985,0003.878,0000.486,0167
 
000312669,000000000,000000000,0113.115,0003.846,0000.481,0166
 
000312693,000000000,000000000,0113.373,0004.103,0000.483,0166
 
000312717,000000000,000000000,0113.410,0004.120,0000.486,0167
 
000312741,000000000,000000000,0114.220,0003.878,0000.728,0166
 
000312765,000000000,000000000,0113.565,0003.862,0000.483,0006
 
000312789,000000000,000000000,0112.263,0004.102,0000.967,0167
 
000312813,000000000,000000000,0113.092,0004.120,0000.486,0167
 
000312837,000000008,000000002,0131.328,0002.373,-009.540,0167
 
000312861,000000025,000000004,0111.137,0004.066,0002.157,0166
 
000312885,000000025,000000004,0110.318,0004.306,0001.198,0166
 
000312909,000000015,000000000,0111.009,0003.843,0002.406,0166
 
000312933,000000007,000000000,0111.075,0004.102,0000.967,0173
 
000312957,000000002,000000000,0111.541,0004.103,0000.242,0179
 
000312981,000000000,000000000,0111.998,0004.103,0000.483,0006
 
000313005,000000000,000000000,0111.413,0004.307,0000.719,0167
 
000313029,000000000,000000000,0113.044,0003.879,0000.000,0179
 
000313053,000000000,000000000,0111.824,0004.069,0000.240,0167
 
000313077,000000000,000000000,0111.518,0004.103,0000.483,0166
 
000313101,000000000,000000000,0110.519,0004.325,0000.481,0179
 
000313125,000000000,000000000,0111.772,0003.829,0000.959,0006
 
000313149,000000000,000000000,0111.954,0003.846,0000.481,0006
 
000313173,000000000,000000000,0111.315,0004.343,0000.483,0006
 
000313197,000000000,000000000,0112.291,0004.086,0000.241,0006
 
000313221,000000000,000000000,0111.807,0004.343,0000.483,0006
 
000313245,000000001,000000000,0111.965,0004.051,0000.716,0006
 
000313269,000000000,000000000,0111.674,0004.102,0000.725,0006
 
000313293,000000000,000000000,0112.356,0003.846,0000.481,0166
 
000313317,000000000,000000000,0112.090,0004.102,0000.725,0166
 
000313341,000000000,000000000,0111.503,0004.120,0000.971,0166
 
000313365,000000000,000000000,0112.935,0003.846,0000.481,0006
 
000313389,000000000,000000000,0112.375,0003.862,0000.725,0166
 
000313413,000000000,000000000,0112.731,0004.068,0000.479,0166
 
000313437,000000000,000000000,0113.341,0004.068,0000.479,0167
 
000313461,000000000,000000000,0111.886,0004.103,0000.483,0006
 
000313485,000000000,000000000,0113.753,0003.878,0000.486,0166
 
000313509,000000000,000000000,0111.529,0004.085,0000.481,0006
 
000313533,000000000,000000000,0112.957,0003.830,0000.479,0167
 
000313557,000000000,000000000,0111.566,0004.052,0000.477,0006
 
000313581,000000000,000000000,0111.385,0004.343,0000.725,0167
 
000313605,000000000,000000000,0112.092,0004.103,0000.483,0173
 
000313629,000000000,000000000,0112.314,0003.862,0000.725,0167
 
000313653,000000000,000000000,0112.038,0004.103,0000.483,0167
 
000313677,000000000,000000000,0111.752,0004.103,0000.483,0179
 
000313701,000000000,000000000,0112.325,0004.103,0000.483,0173
 
000313725,000000000,000000000,0111.483,0004.103,0000.483,0166
 
000313749,000000000,000000000,0112.482,0003.862,0000.483,0173
 
000313773,000000000,000000000,0112.160,0004.120,0000.243,0166
 
000313797,000000000,000000000,0112.532,0003.846,0000.481,0167
 
000313821,000000000,000000000,0112.279,0004.068,0000.719,0166
 
000313845,000000000,000000000,0112.188,0004.120,0000.486,0167
 
000313869,000000000,000000000,0111.624,0004.103,0000.483,0166
 
000313893,000000000,000000000,0111.799,0004.343,0000.483,0179
 
000313917,000000000,000000000,0112.506,0004.069,0000.240,0166
 
000313941,000000000,000000000,0112.041,0004.068,0000.719,0166
 
000313965,000000000,000000000,0112.395,0004.103,0000.242,0166
 
000313989,000000000,000000000,0111.974,0003.830,0000.479,0006
 
000314013,000000000,000000000,0111.321,0004.085,0000.722,0006
 
000314037,000000000,000000000,0111.200,0004.307,0000.479,0006
 
000314061,000000000,000000000,0111.586,0004.068,0000.479,0166
 
000314085,000000000,000000000,0113.291,0003.846,0000.722,0166
 
000314109,000000000,000000000,0112.667,0004.085,0000.722,0166
 
000314133,000000000,000000000,0113.755,0003.591,0000.479,0179
 
000314157,000000000,000000000,0111.871,0004.085,0000.722,0179
 
000314181,000000000,000000000,0112.135,0004.103,0000.242,0166
 
000314205,000000000,000000000,0111.585,0004.085,0000.481,0167
 
000314229,000000000,000000000,0111.381,0004.103,0000.483,0167
 
000314253,000000000,000000000,0113.406,0003.830,0000.479,0167
 
000314277,000000000,000000000,0113.232,0003.606,0000.481,0166
 
000314301,000000000,000000000,0112.375,0004.103,0000.483,0006
 
000314325,000000000,000000000,0111.682,0004.034,0001.189,0167
 
000314349,000000000,000000000,0111.784,0004.068,0000.959,0167
 
000314373,000000000,000000000,0111.731,0004.103,0000.483,0167
 
000314397,000000000,000000000,0112.568,0004.068,0000.719,0173
 
000314421,000000000,000000000,0113.388,0004.085,0000.722,0166
 
000314445,000000000,000000000,0111.767,0004.361,0000.486,0166
 
000314469,000000000,000000000,0112.819,0003.620,0001.450,0167
 
000314493,000000000,000000000,0112.036,0004.343,0000.483,0166
 
000314517,000000000,000000000,0111.691,0004.325,0000.241,0173
 
000314541,000000000,000000000,0112.049,0003.814,0000.716,0179
 
000314565,000000000,000000000,0112.363,0003.830,0000.719,0179
 
000314589,000000000,000000000,0110.336,0004.343,0000.725,0166
 
000314613,000000000,000000000,0113.243,0004.085,0000.481,0166
 
000314637,000000000,000000000,0113.310,0004.120,0000.243,0166
 
000314661,000000000,000000000,0112.247,0004.068,0000.479,0166
 
000314685,000000000,000000000,0113.087,0003.606,0000.963,0166
 
000314709,000000000,000000000,0112.792,0004.086,0000.241,0166
 
000314733,000000000,000000000,0111.499,0004.103,0000.483,0167
 
000314757,000000000,000000000,0112.729,0003.862,0000.483,0166
 
000314781,000000000,000000000,0112.514,0004.103,0000.483,0166
 
000314805,000000000,000000000,0111.160,0004.361,0000.486,0166
 
000314829,000000000,000000000,0111.864,0004.120,0000.486,0166
 
000314853,000000000,000000000,0111.685,0004.085,0000.481,0167
 
000314877,000000000,000000000,0112.940,0003.846,0000.481,0166
 
000314901,000000000,000000000,0112.076,0004.103,0000.483,0166
 
000314925,000000000,000000000,0111.828,0004.603,0000.486,0167
 
000314949,000000000,000000000,0110.877,0004.343,0000.725,0167
 
000314973,000000000,000000000,0111.113,0004.325,0000.722,0167
 
000314997,000000000,000000000,0111.938,0003.878,0000.486,0167
 
000315021,000000000,000000000,0112.249,0004.103,0000.483,0167
 
000315045,000000000,000000000,0111.670,0004.343,0000.242,0167
 
000315069,000000000,000000000,0111.781,0004.068,0000.479,0167
 
000315093,000000000,000000000,0112.515,0003.814,0000.716,0167
 
000315117,000000000,000000000,0111.376,0004.325,0000.000,0167
 
000315141,000000000,000000000,0111.336,0004.343,0000.483,0166
 
000315165,000000000,000000000,0111.988,0004.085,0000.481,0006
 
000315189,000000000,000000000,0112.091,0004.069,0000.240,0173
 
000315213,000000000,000000000,0113.753,0003.846,0000.241,0173
 
000315237,000000000,000000000,0111.653,0004.085,0000.481,0166
 
000315261,000000000,000000000,0112.377,0004.103,0000.483,0166
 
000315285,000000000,000000000,0112.076,0003.862,0000.725,0166
 
000315309,000000000,000000000,0111.991,0004.085,0000.481,0179
 
000315333,000000000,000000000,0112.330,0004.120,0000.486,0173
 
000315357,000000000,000000000,0112.675,0004.068,0000.479,0167
 
000315381,000000000,000000000,0112.544,0004.085,0000.481,0166
 
000315405,000000000,000000000,0112.708,0004.051,0000.716,0167
 
000315429,000000000,000000000,0113.515,0003.637,0000.243,0166
 
000315453,000000000,000000000,0112.245,0004.325,0000.241,0166
 
000315477,000000000,000000000,0112.485,0004.068,0000.719,0166
 
000315501,000000000,000000000,0112.038,0004.103,0000.483,0166
 
000315525,000000000,000000000,0111.858,0004.343,0000.483,0006
 
000315549,000000000,000000000,0111.427,0004.085,0000.481,0006
 
000315573,000000000,000000000,0111.331,0004.102,0000.725,0166
 
000315597,000000000,000000000,0111.806,0004.102,0000.725,0166
 
000315621,000000000,000000000,0112.890,0003.846,0000.481,0166
 
000315645,000000000,000000000,0112.822,0003.621,0000.483,0167
 
000315669,000000000,000000000,0112.117,0004.103,0000.483,0166
 
000315693,000000000,000000000,0111.585,0004.085,0000.722,0167
 
000315717,000000000,000000000,0113.404,0003.846,0000.481,0167
 
000315741,000000000,000000000,0111.203,0004.602,0000.728,0167
 
000315765,000000000,000000000,0112.400,0004.289,0000.477,0167
 
000315789,000000000,000000000,0112.054,0004.085,0000.722,0167
 
000315813,000000000,000000000,0111.485,0004.102,0000.725,0167
 
000315837,000000000,000000000,0112.301,0004.343,0000.483,0167
 
000315861,000000000,000000000,0111.747,0004.343,0000.483,0006
 
000315885,000000000,000000000,0112.436,0004.085,0000.722,0173
 
000315909,000000000,000000000,0112.322,0004.103,0000.483,0166
 
000315933,000000000,000000000,0112.476,0003.846,0000.722,0173
 
000315957,000000000,000000000,0112.548,0004.085,0000.481,0166
 
000315981,000000000,000000000,0112.180,0004.361,0000.486,0166
 
000316005,000000000,000000000,0112.736,0004.103,0000.483,0166
 
000316029,000000000,000000000,0111.777,0004.102,0000.725,0173
 
000316053,000000000,000000000,0113.350,0003.652,0000.244,0179
 
000316077,000000000,000000000,0112.200,0004.380,0000.731,0166
 
000316101,000000000,000000000,0111.829,0004.086,0000.241,0166
 
000316125,000000000,000000000,0111.466,0004.343,0000.483,0173
 
000316149,000000000,000000000,0112.221,0004.068,0000.719,0167
 
000316173,000000000,000000000,0111.021,0004.380,0000.488,0167
 
000316197,000000000,000000000,0112.665,0004.103,0000.242,0166
 
000316221,000000000,000000000,0111.635,0004.103,0000.483,0166
 
000316245,000000000,000000000,0111.517,0004.325,0000.481,0166
 
000316269,000000000,000000000,0112.064,0003.798,0000.713,0166
 
000316293,000000000,000000000,0113.458,0003.621,0000.242,0166
 
000316317,000000000,000000000,0111.992,0004.103,0000.483,0166
 
000316341,000000000,000000000,0112.007,0004.068,0000.719,0166
 
000316365,000000000,000000000,0112.811,0003.830,0000.240,0166
 
000316389,000000000,000000000,0111.741,0004.120,0000.486,0166
 
000316413,000000000,000000000,0111.086,0004.343,0000.483,0166
 
000316437,000000000,000000000,0112.842,0003.830,0000.719,0167
 
000316461,000000000,000000000,0111.120,0004.343,0000.483,0006
 
000316485,000000000,000000000,0113.162,0003.830,0000.719,0167
 
000316509,000000000,000000000,0112.826,0003.862,0000.242,0167
 
000316533,000000000,000000000,0111.443,0004.086,0000.241,0167
 
000316557,000000000,000000000,0112.518,0004.103,0000.483,0167
 
000316581,000000000,000000000,0112.587,0004.103,0000.242,0167
 
000316605,000000000,000000000,0112.051,0004.085,0000.722,0167
 
000316629,000000000,000000000,0111.889,0003.862,0000.483,0166
 
000316653,000000000,000000000,0112.952,0004.120,0000.486,0167
 
000316677,000000000,000000000,0112.393,0004.085,0000.722,0166
 
000316701,000000000,000000000,0113.026,0004.120,0000.000,0166
 
000316725,000000000,000000000,0111.302,0004.343,0000.483,0167
 
000316749,000000000,000000000,0112.452,0004.086,0000.241,0006
 
000316773,000000000,000000000,0112.440,0003.846,0000.241,0179
 
000316797,000000000,000000000,0112.074,0004.068,0000.479,0166
 
000316821,000000000,000000000,0112.051,0004.380,0000.731,0166
 
000316845,000000000,000000000,0111.563,0004.103,0000.483,0166
 
000316869,000000000,000000000,0112.114,0003.862,0000.483,0179
 
000316893,000000000,000000000,0111.720,0004.034,0000.951,0166
 
000316917,000000000,000000000,0111.410,0004.361,0000.728,0166
 
000316941,000000000,000000000,0111.075,0004.603,0000.486,0166
 
000316965,000000000,000000000,0112.571,0004.120,0000.486,0166
 
000316989,000000000,000000000,0111.160,0004.086,0000.241,0166
 
000317013,000000000,000000000,0112.390,0004.068,0000.479,0166
 
000317037,000000000,000000000,0111.801,0004.103,0000.483,0167
 
000317061,000000000,000000000,0112.824,0003.878,0000.243,0166
 
000317085,000000000,000000000,0113.622,0003.606,0000.241,0166
 
000317109,000000000,000000000,0111.656,0004.120,0000.486,0166
 
000317133,000000000,000000000,0111.427,0004.622,0000.488,0166
 
000317157,000000000,000000000,0112.508,0004.085,0000.481,0166
 
000317181,000000000,000000000,0113.791,0003.621,0000.483,0167
 
000317205,000000000,000000000,0113.225,0003.830,0000.479,0006
 
000317229,000000000,000000000,0112.258,0004.138,0000.244,0167
 
000317253,000000000,000000000,0112.258,0004.103,0000.483,0179
 
000317277,000000000,000000000,0111.969,0004.103,0000.483,0167
 
000317301,000000000,000000000,0113.171,0003.814,0000.477,0167
 
000317325,000000000,000000000,0109.809,0004.603,0000.486,0166
 
000317349,000000000,000000000,0110.154,0004.823,0000.967,0167
 
000317373,000000000,000000000,0109.994,0005.063,0000.483,0173
 
000317397,000000000,-00000004,0112.300,0003.846,0000.481,0173
 
000317421,000000000,-00000007,0112.841,0003.606,0000.481,0173
 
000317445,-00000004,-00000013,0108.256,0005.348,0000.975,0166
 
000317469,-00000004,-00000025,0110.192,0004.843,0001.214,0166
 
000317493,-00000004,000000231,0113.616,0003.606,0000.722,0166
 
000317517,-00000004,-00000025,0115.154,0002.899,0000.242,0166
 
000317541,-00000007,-00000025,0110.019,0004.583,0000.725,0166
 
000317565,-00000002,-00000025,0113.722,0003.352,0000.240,0166
 
000317589,-00000001,-00000015,0113.157,0003.591,0000.719,0167
 
000317613,000000000,-00000013,0114.762,0003.381,-000.242,0167
 
000317637,-00000001,-00000013,0111.957,0004.307,0000.479,0166
 
000317661,000000000,-00000007,0111.145,0004.362,0000.243,0166
 
000317685,000000000,-00000007,0111.879,0004.086,0000.241,0166
 
000317709,000000000,-00000008,0109.804,0005.042,0000.963,0166
 
000317733,000000000,-00000016,0111.209,0004.343,0000.967,0007
 
000317757,-00000004,-00000030,0114.218,0003.284,0000.000,0166
 
000317781,-00000013,-00000049,0111.308,0004.489,0000.237,0179
 
000317805,-00000013,-00000049,0113.930,0003.562,0000.238,0166
 
000317829,-00000008,000000207,0115.582,0002.624,0000.239,0179
 
000317853,-00000007,-00012337,0114.904,0003.100,-000.955,0179
 
000317877,-00001543,-00001543,0114.965,0002.886,0000.481,0179
 
000317901,-00000002,-00000049,0115.281,0002.862,0000.000,0006
 
000317925,-00000001,-00000030,0112.164,0003.878,0000.728,0166
 
000317949,000000000,-00000025,0111.477,0004.325,0000.481,0166
 
000317973,000000000,000000231,0111.008,0004.325,0000.481,0006
 
000317997,000000000,-00000025,0108.939,0005.303,0000.725,0167
 
000318021,000000000,-00000031,0111.467,0004.325,0000.722,0167
 
000318045,000000000,-00000032,0111.660,0004.343,0000.967,0006
 
000318069,-00000001,-00000049,0109.285,0005.085,0000.486,0173
 
000318093,-00000004,-00000049,0108.611,0005.781,0001.450,0166
 
000318117,-00000004,-00000049,0111.789,0003.812,0001.671,0166
 
000318141,-00000007,-00000049,0110.967,0004.582,0001.450,0006
 
000318165,-00000004,-00000052,0116.502,0002.385,0001.193,0167
 
000318189,-00000004,-00000049,0114.507,0002.851,0000.238,0166
 
000318213,-00000004,-00000049,0113.877,0003.591,0000.719,0166
 
000318237,-00000004,-00000050,0111.269,0004.544,0001.198,0166
 
000318261,-00000001,-00000049,0113.654,0003.338,0000.239,0167
 
000318285,-00000001,-00000049,0115.780,0002.911,0000.486,0167
 
000318309,000000000,-00000049,0115.318,0002.646,0000.722,0166
 
000318333,000000000,-00000049,0113.560,0003.366,0001.204,0167
 
000318357,000000000,-00000031,0114.290,0003.152,0001.214,0166
 
000318381,000000001,-00000025,0111.967,0004.324,0000.963,0167
 
000318405,000000000,-00000025,0111.061,0004.583,0000.725,0166
 
000318429,000000000,-00000025,0114.695,0003.126,0000.722,0166
 
000318453,000000001,-00000026,0112.200,0004.325,0000.481,0177
 
000318477,000000001,-00000028,0111.489,0004.343,0000.725,0166
 
000318501,000000000,-00000049,0112.655,0004.307,0000.000,0167
 
000318525,000000001,-00000049,0112.560,0004.052,0000.239,0179
 
000318549,000000003,000000207,0112.121,0004.361,0000.486,0167
 
000318573,000000003,-00000049,0112.547,0003.894,0001.219,0179
 
000318597,000000000,-00000049,0111.334,0004.564,0000.963,0006
 
000318621,-00000001,-00000049,0114.431,0003.621,0000.725,0167
 
000318645,000000000,-00000049,0112.774,0004.102,0000.725,0006
 
000318669,000000000,-00000031,0111.185,0004.564,0000.722,0167
 
000318693,000000000,-00000030,0110.554,0005.303,0000.967,0006
 
000318717,000000000,-00000049,0111.336,0004.764,0000.239,0167
 
000318741,000000000,-00000049,0113.338,0004.068,0000.719,0167
 
000318765,-00000001,-00000049,0112.145,0004.803,0000.241,0006
 
000318789,-00000001,-00000049,0113.890,0004.068,0000.479,0167
 
000318813,-00000004,-00000049,0110.638,0005.063,0000.483,0166
 
000318837,-00000002,-00000049,0111.180,0004.843,0000.971,0166
 
000318861,-00000002,-00000049,0116.251,0002.657,0000.725,0166
 
000318885,-00000002,-00012337,0113.241,0004.173,0000.492,0166
 
000318909,-00000004,-00000049,0111.999,0004.864,0000.731,0168
 
000318933,-00000002,-00000049,0117.338,0002.624,0001.193,0166
 
000318957,000000252,000000207,0113.651,0004.545,0000.000,0006
 
000318981,-00000002,-00000049,0114.634,0003.878,0000.243,0167
 
000319005,-00000001,000000207,0113.728,0004.325,0000.241,0166
 
000319029,000000000,-00000049,0112.528,0004.602,0000.728,0167
 
000319053,-00000001,-00000049,0114.720,0004.085,0000.481,0167
 
000319077,000000000,000000207,0115.172,0003.591,0000.959,0167
 
000319101,-00000001,-00000049,0113.894,0004.120,0000.243,0166
 
000319125,-00000002,-00000049,0114.141,0004.289,0000.716,0167
 
000319149,-00000002,-00000032,0112.963,0004.526,0000.716,0166
 
000319173,-00000002,-00000049,0112.244,0005.042,0000.963,0179
 
000319197,-00000002,-00000049,0114.620,0004.289,-000.239,0166
 
000319221,-00000002,000000207,0113.824,0004.380,0000.488,0179
 
000319245,-00000002,-00000031,0113.838,0004.307,0000.479,0179
 
000319269,-00000001,-00000030,0114.805,0003.814,0000.716,0179
 
000319293,-00000001,-00000027,0114.382,0003.862,0000.725,0179
 
000319317,-00000001,-00000025,0115.622,0003.352,0000.719,0179
 
000319341,-00000001,-00006169,0115.664,0003.338,0000.955,0006
 
000319365,-00000001,-00000025,0115.659,0003.606,0000.722,0006
 
000319389,-00000002,-00000025,0114.593,0003.862,0000.483,0006
 
000319413,-00000002,-00000025,0111.839,0004.803,0000.241,0006
 
000319437,000000000,-00000025,0114.137,0004.085,0000.722,0167
 
000319461,000000000,000000231,0114.389,0004.102,0000.725,0006
 
000319485,000000000,-00000025,0114.584,0004.103,0000.242,0167
 
000319509,-00000001,-00000016,0113.097,0004.823,0000.483,0166
 
000319533,-00000001,000000231,0113.622,0004.343,0000.725,0166
 
000319557,-00000001,-00000025,0114.974,0003.621,0000.967,0166
 
000319581,000000000,-00000025,0114.208,0004.085,0000.481,0166
 
000319605,-00000001,-00000025,0114.644,0003.846,0000.481,0166
 
000319629,-00000002,-00000025,0114.649,0004.068,0000.719,0166
 
000319653,-00000004,-00000025,0113.734,0004.325,0000.722,0166
 
000319677,-00000002,-00000025,0114.764,0004.068,0000.719,0167
 
000319701,-00000001,-00000025,0116.113,0003.606,0000.481,0167
 
000319725,000000000,-00000025,0113.198,0004.361,0000.486,0167
 
000319749,000000000,-00006169,0114.507,0003.862,0000.483,0166
 
000319773,000000001,000000231,0111.812,0005.063,0000.483,0167
 
000319797,000000000,-00000025,0111.428,0005.303,0000.483,0166
 
000319821,-00000001,-00000026,0114.684,0003.878,0000.243,0166
 
000319845,-00000002,-00000025,0110.194,0005.519,0000.722,0166
 
000319869,-00000002,-00000028,0114.121,0004.764,0000.239,0167
 
000319893,-00000001,-00000029,0112.094,0004.844,0000.728,0166
 
000319917,-00000002,-00000031,0111.488,0005.280,0000.963,0179
 
000319941,-00000002,-00000049,0112.817,0004.783,0000.479,0179
 
000319965,-00000001,-00000049,0113.720,0004.398,0000.735,0179
 
000319989,-00000004,-00000049,0113.315,0005.042,0000.241,0179
 
000320013,-00000002,-00000049,0113.990,0004.584,0000.000,0168
 
000320037,-00000002,-00000049,0115.206,0003.352,0000.959,0167
 
000320061,-00000001,-00000049,0113.114,0004.823,0000.483,0167
 
000320085,-00000001,-00000032,0113.392,0004.564,0000.481,0179
 
000320109,-00000002,-00000030,0116.886,0003.126,0000.722,0179
 
000320133,-00000002,-00000029,0115.791,0004.085,0000.481,0179
 
000320157,000000000,-00000025,0115.411,0003.606,0000.722,0179
 
000320181,-00000001,-00000025,0116.309,0003.862,0000.242,0006
 
000320205,000000000,000000231,0114.433,0004.380,0000.488,0167
 
000320229,-00000001,-00000016,0116.315,0003.338,0000.716,0006
 
000320253,000000000,-00000014,0113.265,0004.823,0000.967,0166
 
000320277,000000000,-00000014,0113.504,0004.583,0000.967,0006
 
000320301,000000000,-00000016,0113.882,0004.545,0000.479,0167
 
000320325,-00000001,000000231,0114.545,0004.085,0000.963,0166
 
000320349,-00000002,-00000025,0115.103,0003.862,0000.967,0006
 
000320373,-00000001,-00000016,0115.232,0004.068,0000.479,0179
 
000320397,-00000004,-00000013,0112.741,0004.843,0000.971,0166
 
000320421,-00000001,-00000013,0115.001,0004.103,0000.483,0006
 
000320445,-00000002,-00000013,0116.483,0003.621,0000.725,0167
 
000320469,000000000,-00000013,0117.444,0002.886,0000.481,0167
 
000320493,000000000,-00000004,0115.441,0004.085,0000.481,0166
 
000320517,000000000,000000000,0114.724,0004.085,0000.481,0166
 
000320541,000000000,000000000,0115.364,0004.085,0000.481,0166
 
000320565,000000000,000000000,0114.061,0004.564,0000.481,0166
 
000320589,000000000,000000000,0114.313,0004.603,0000.243,0166
 
000320613,000000000,000000000,0114.837,0004.343,0000.483,0167
 
000320637,000000000,-00000004,0111.824,0005.325,0000.728,0166
 
000320661,-00000001,-00000007,0114.025,0004.289,0000.716,0166
 
000320685,-00000002,-00000013,0112.169,0005.105,0001.219,0166
 
000320709,-00000004,-00000025,0117.429,0003.153,0000.243,0166
 
000320733,-00000004,-00000025,0117.211,0003.338,0000.239,0179
 
000320757,-00000002,-00000014,0117.342,0003.087,0000.713,0179
 
000320781,-00000001,-00000008,0115.207,0004.120,0000.486,0006
 
000320805,-00000001,-00000004,0114.221,0004.583,0000.483,0166
 
000320829,-00000001,-00000004,0115.740,0004.307,0000.240,0166
 
000320853,-00000001,-00000007,0114.320,0004.120,0000.728,0006
 
000320877,000000000,000000252,0116.650,0003.576,0000.716,0167
 
000320901,000000000,-00000004,0113.899,0004.564,0000.241,0006
 
000320925,000000000,-00000772,0114.646,0004.137,0000.488,0167
 
000320949,000000000,-00000004,0116.173,0003.830,0000.479,0006
 
000320973,000000000,-00000007,0115.237,0004.085,0000.722,0173
 
000320997,-00000001,-00000013,0115.722,0003.911,0000.490,0166
 
000321021,-00000001,-00000013,0116.202,0003.846,0000.481,0007
 
000321045,-00000001,-00000007,0117.879,0002.886,0000.722,0167
 
000321069,000000000,-00000004,0116.524,0003.814,0000.477,0166
 
000321093,000000000,-00000001,0115.745,0004.325,0000.241,0166
 
000321117,000000000,000000000,0115.826,0004.361,0000.486,0166
 
000321141,000000000,000000000,0115.123,0004.343,0000.483,0166
 
000321165,000000000,000000000,0114.945,0004.603,0000.243,0166
 
000321189,000000000,000000000,0115.371,0004.325,0000.481,0166
 
000321213,000000000,000000000,0115.362,0004.325,0000.241,0166
 
000321237,000000000,000000000,0114.787,0004.343,0000.483,0166
 
000321261,000000000,000000000,0115.493,0004.068,0000.479,0167
 
000321285,000000000,000000000,0115.313,0004.325,0000.481,0166
 
000321309,000000000,000000000,0114.374,0004.564,0000.481,0166
 
000321333,000000000,000000000,0114.964,0004.325,0000.481,0179
 
000321357,000000000,000000000,0114.992,0004.603,0000.486,0166
 
000321381,000000000,000000000,0115.873,0004.325,0000.481,0166
 
000321405,000000000,000000000,0114.711,0004.564,0000.963,0166
 
000321429,000000000,000000000,0114.406,0004.783,0000.479,0166
 
000321453,000000000,000000000,0114.904,0004.307,0000.479,0166
 
000321477,000000000,000000000,0114.663,0004.068,0000.719,0166
 
000321501,000000000,000000000,0115.343,0004.325,0000.481,0166
 
000321525,000000000,000000000,0114.911,0004.068,0000.719,0166
 
000321549,000000000,000000000,0115.670,0004.085,0000.481,0166
 
000321573,000000000,000000000,0114.451,0004.120,0000.971,0166
 
000321597,000000000,000000000,0116.074,0003.829,0000.959,0168
 
000321621,000000000,000000000,0115.810,0004.307,0000.479,0166
 
000321645,000000000,000000000,0114.033,0004.583,0000.242,0167
 
000321669,000000000,000000000,0115.360,0004.289,0000.477,0167
 
000321693,000000000,000000000,0115.504,0004.120,0000.728,0167
 
000321717,000000000,000000000,0115.351,0004.343,0000.483,0167
 
000321741,000000000,000000000,0116.010,0004.343,0000.242,0167
 
000321765,000000000,000000000,0115.136,0004.325,0000.241,0006
 
000321789,000000000,000000000,0115.686,0004.343,0000.483,0179
 
000321813,000000000,000000000,0115.233,0004.085,0000.722,0167
 
000321837,000000000,000000000,0115.554,0004.325,0000.241,0167
 
000321861,000000000,000000000,0116.252,0004.103,0000.242,0167
 
000321885,000000000,000000000,0116.096,0004.085,0000.481,0167
 
000321909,000000000,000000000,0114.653,0004.343,0000.483,0167
 
000321933,000000000,000000000,0115.090,0004.306,0000.959,0179
 
000321957,000000000,000000000,0114.953,0004.545,0000.240,0179
 
000321981,000000000,000000000,0114.209,0004.343,0000.483,0175
 
000322005,000000000,000000000,0115.068,0004.289,0000.716,0179
 
000322029,000000000,000000000,0114.051,0004.823,0000.483,0179
 
000322053,000000000,000000000,0114.816,0004.564,0000.481,0179
 
000322077,000000000,000000000,0113.687,0004.545,0000.719,0179
 
000322101,000000000,000000000,0116.419,0004.307,0000.479,0179
 
000322125,000000000,000000000,0115.598,0004.085,0000.481,0006
 
000322149,000000000,000000000,0116.287,0004.103,0000.242,0006
 
000322173,000000000,000000000,0116.108,0004.086,0000.241,0006
 
000322197,000000000,000000000,0116.896,0003.830,0000.000,0006
 
000322221,000000000,000000000,0115.656,0004.236,0000.472,0179
 
