000244127,000000000,000000000,0109.706,-012.115,-004.857,0314
 
000244144,000000000,000000000,0109.682,-010.875,-004.422,0309
 
000244162,000000000,000000000,0110.279,-009.707,-004.022,0310
 
000244180,000000000,000000000,0110.852,-008.634,-003.635,0311
 
000244198,000000000,000000000,0111.401,-007.635,-003.304,0289
 
000244216,000000000,000000000,0111.929,-006.703,-003.005,0311
 
000244234,000000000,000000000,0112.413,-005.842,-002.731,0310
 
000244252,000000000,000000000,0112.868,-005.056,-002.459,0310
 
000244270,000000000,000000000,0113.294,-004.272,-002.207,0320
 
000244288,000000000,000000000,0113.700,-003.581,-001.975,0309
 
000244306,000000000,000000000,0114.063,-002.964,-001.763,0320
 
000244324,000000000,000000000,0114.414,-002.370,-001.593,0310
 
000244342,000000000,000000000,0114.740,-001.867,-001.395,0289
 
000244360,000000000,000000000,0115.025,-001.376,-001.236,0289
 
000244378,000000000,000000000,0115.278,-000.923,-001.108,0320
 
000244396,000000000,000000000,0115.523,-000.505,-000.992,0310
 
000244414,000000000,000000000,0115.747,-000.155,-000.865,0289
 
000244432,000000000,000000000,0115.931,0000.208,-000.747,0289
 
000244450,000000000,000000000,0116.119,0000.541,-000.639,0289
 
000244468,000000000,000000000,0116.287,0000.828,-000.560,0289
 
000244486,000000000,000000000,0116.428,0001.073,-000.487,0289
 
000244504,000000000,000000000,0116.552,0001.301,-000.399,0289
 
000244522,000000000,000000000,0116.680,0001.529,-000.320,0310
 
000244540,000000000,000000000,0116.796,0001.777,-000.248,0289
 
000244558,000000000,000000000,0116.892,0002.006,-000.181,0289
 
000244576,000000000,000000000,0116.977,0002.179,-000.099,0289
 
000244594,000000000,000000000,0117.046,0002.376,-000.043,0290
 
000244612,000000000,000000000,0117.112,0002.538,0000.008,0309
 
000244630,000000000,000000000,0117.175,0002.689,0000.055,0289
 
000244648,000000000,000000000,0117.232,0002.807,0000.119,0309
 
000244666,000000000,000000000,0117.263,0002.916,0000.157,0309
 
000244684,000000000,000000000,0117.292,0003.037,0000.191,0313
 
000244702,000000000,000000000,0117.314,0003.167,0000.224,0310
 
000244720,000000000,000000000,0117.335,0003.287,0000.255,0309
 
000244738,000000000,000000000,0117.361,0003.359,0000.262,0309
 
000244756,000000000,000000000,0117.361,0003.426,0000.289,0309
 
000244774,000000000,000000000,0117.380,0003.508,0000.313,0309
 
000244792,000000000,000000000,0117.385,0003.599,0000.336,0309
 
000244810,000000000,000000000,0117.387,0003.664,0000.356,0309
 
000244828,000000000,000000000,0117.401,0003.724,0000.393,0309
 
000244846,000000000,000000000,0117.405,0003.780,0000.408,0313
 
000244864,000000000,000000000,0117.392,0003.793,0000.406,0313
 
000244882,000000000,000000000,0117.383,0003.805,0000.403,0310
 
000244900,000000000,000000000,0117.364,0003.875,0000.400,0313
 
000244918,000000000,000000000,0117.362,0003.922,0000.433,0313
 
000244936,000000000,000000000,0117.345,0003.941,0000.426,0313
 
000244954,000000000,000000000,0117.331,0003.960,0000.419,0313
 
000244972,000000000,000000000,0117.333,0003.955,0000.432,0320
 
000244990,000000000,000000000,0117.317,0003.972,0000.446,0313
 
000245008,000000000,000000000,0117.293,0004.010,0000.458,0320
 
000245026,000000000,000000000,0117.278,0004.044,0000.468,0313
 
000245044,000000000,000000000,0117.252,0004.077,0000.476,0310
 
000245062,000000000,000000000,0117.215,0004.064,0000.504,0289
 
000245080,000000000,000000000,0117.198,0004.076,0000.532,0289
 
000245098,000000000,000000000,0117.178,0004.104,0000.538,0289
 
000245116,000000000,000000000,0117.158,0004.113,0000.541,0289
 
000245134,000000000,000000000,0117.140,0004.119,0000.525,0289
 
000245152,000000000,000000000,0117.116,0004.123,0000.511,0289
 
000245170,000000000,000000000,0117.094,0004.147,0000.516,0289
 
000245188,000000000,000000000,0117.082,0004.168,0000.521,0289
 
000245206,000000000,000000000,0117.065,0004.150,0000.507,0289
 
000245224,000000000,000000000,0117.042,0004.130,0000.515,0289
 
000245242,000000000,000000000,0117.028,0004.134,0000.502,0289
 
000245260,000000000,000000000,0117.007,0004.140,0000.488,0289
 
000245278,000000000,000000000,0116.984,0004.163,0000.497,0290
 
000245296,000000000,000000000,0116.974,0004.164,0000.524,0290
 
000245314,000000000,000000000,0116.947,0004.183,0000.529,0289
 
000245332,000000000,000000000,0116.925,0004.203,0000.534,0309
 
000245350,000000000,000000000,0116.915,0004.223,0000.538,0289
 
000245368,000000000,000000000,0116.902,0004.239,0000.542,0289
 
000245386,000000000,000000000,0116.876,0004.197,0000.526,0310
 
000245404,000000000,000000000,0116.861,0004.217,0000.532,0310
 
000245422,000000000,000000000,0116.840,0004.199,0000.556,0289
 
000245440,000000000,000000000,0116.831,0004.217,0000.559,0309
 
000245458,000000000,000000000,0116.826,0004.236,0000.543,0309
 
000245476,000000000,000000000,0116.813,0004.272,0000.546,0309
 
000245494,000000000,000000000,0116.799,0004.284,0000.550,0309
 
000245512,000000000,000000000,0116.785,0004.295,0000.553,0310
 
000245530,000000000,000000000,0116.762,0004.307,0000.574,0310
 
000245548,000000000,000000000,0116.750,0004.315,0000.574,0313
 
000245566,000000000,000000000,0116.736,0004.363,0000.595,0309
 
000245584,000000000,000000000,0116.724,0004.366,0000.614,0309
 
000245602,000000000,000000000,0116.688,0004.375,0000.595,0313
 
000245620,000000000,000000000,0116.665,0004.363,0000.595,0313
 
000245638,000000000,000000000,0116.649,0004.390,0000.595,0313
 
000245656,000000000,000000000,0116.631,0004.391,0000.594,0313
 
000245674,000000000,000000000,0116.620,0004.392,0000.595,0313
 
000245692,000000000,000000000,0116.599,0004.396,0000.596,0313
 
000245710,000000000,000000000,0116.595,0004.380,0000.615,0310
 
000245728,000000000,000000000,0116.573,0004.364,0000.613,0320
 
000245746,000000000,000000000,0116.535,0004.348,0000.630,0310
 
000245764,000000000,000000000,0116.526,0004.336,0000.627,0313
 
000245782,000000000,000000000,0116.511,0004.341,0000.624,0313
 
000245800,000000000,000000000,0116.478,0004.352,0000.602,0321
 
000245818,000000000,000000000,0116.471,0004.377,0000.582,0289
 
000245836,000000000,000000000,0116.443,0004.400,0000.562,0290
 
000245854,000000000,000000000,0116.428,0004.382,0000.525,0289
 
000245872,000000000,000000000,0116.404,0004.387,0000.510,0310
 
000245890,000000000,000000000,0116.382,0004.391,0000.537,0289
 
000245908,000000000,000000000,0116.382,0004.371,0000.581,0289
 
000245926,000000000,000000000,0116.384,0004.375,0000.562,0289
 
000245944,000000000,000000000,0116.381,0004.342,0000.565,0310
 
000245962,000000000,000000000,0116.357,0004.350,0000.547,0289
 
000245980,000000000,000000000,0116.355,0004.321,0000.532,0289
 
000245998,000000000,000000000,0116.353,0004.294,0000.517,0309
 
000246016,000000000,000000000,0116.346,0004.282,0000.522,0309
 
000246034,000000000,000000000,0116.339,0004.296,0000.488,0289
 
000246052,000000000,000000000,0116.335,0004.325,0000.477,0289
 
000246070,000000000,000000000,0116.313,0004.334,0000.468,0289
 
000246088,000000000,000000000,0116.303,0004.323,0000.478,0310
 
000246106,000000000,000000000,0116.290,0004.309,0000.506,0289
 
000246124,000000000,000000000,0116.283,0004.317,0000.530,0289
 
000246142,000000000,000000000,0116.287,0004.324,0000.553,0309
 
000246160,000000000,000000000,0116.279,0004.330,0000.576,0310
 
000246178,000000000,000000000,0116.267,0004.319,0000.557,0309
 
000246196,000000000,000000000,0116.240,0004.308,0000.521,0309
 
000246214,000000000,000000000,0116.234,0004.299,0000.508,0309
 
000246232,000000000,000000000,0116.229,0004.291,0000.514,0309
 
000246250,000000000,000000000,0116.225,0004.283,0000.520,0310
 
000246268,000000000,000000000,0116.205,0004.293,0000.524,0309
 
000246286,000000000,000000000,0116.203,0004.283,0000.529,0289
 
000246304,000000000,000000000,0116.199,0004.275,0000.553,0309
 
000246322,000000000,000000000,0116.201,0004.267,0000.575,0309
 
000246340,000000000,000000000,0116.195,0004.277,0000.574,0310
 
000246358,000000000,000000000,0116.189,0004.266,0000.594,0313
 
000246376,000000000,000000000,0116.180,0004.278,0000.574,0310
 
000246394,000000000,000000000,0116.178,0004.293,0000.536,0289
 
000246412,000000000,000000000,0116.193,0004.288,0000.520,0313
 
000246430,000000000,000000000,0116.187,0004.322,0000.526,0313
 
000246448,000000000,000000000,0116.191,0004.332,0000.529,0310
 
000246466,000000000,000000000,0116.183,0004.324,0000.533,0310
 
000246484,000000000,000000000,0116.187,0004.317,0000.538,0310
 
000246502,000000000,000000000,0116.179,0004.290,0000.523,0320
 
000246520,000000000,000000000,0116.176,0004.279,0000.547,0313
 
000246538,000000000,000000000,0116.194,0004.308,0000.568,0313
 
000246556,000000000,000000000,0116.187,0004.339,0000.570,0320
 
000246574,000000000,000000000,0116.182,0004.348,0000.570,0289
 
000246592,000000000,000000000,0116.173,0004.356,0000.551,0289
 
000246610,000000000,000000000,0116.169,0004.361,0000.553,0289
 
000246628,000000000,000000000,0116.152,0004.385,0000.555,0289
 
000246646,000000000,000000000,0116.136,0004.408,0000.556,0289
 
000246664,000000000,000000000,0116.128,0004.409,0000.558,0289
 
000246682,000000000,000000000,0116.114,0004.369,0000.560,0289
 
000246700,000000000,000000000,0116.105,0004.359,0000.545,0313
 
000246718,000000000,000000000,0116.093,0004.342,0000.567,0289
 
000246736,000000000,000000000,0116.079,0004.329,0000.570,0289
 
000246754,000000000,000000000,0116.071,0004.340,0000.532,0289
 
000246772,000000000,000000000,0116.071,0004.368,0000.537,0289
 
000246790,000000000,000000000,0116.053,0004.393,0000.521,0289
 
000246808,000000000,000000000,0116.050,0004.415,0000.505,0289
 
000246826,000000000,000000000,0116.039,0004.354,0000.472,0290
 
000246844,000000000,000000000,0116.031,0004.338,0000.482,0289
 
000246862,000000000,000000000,0116.047,0004.345,0000.509,0289
 
000246880,000000000,000000000,0116.033,0004.314,0000.514,0310
 
000246898,000000000,000000000,0116.022,0004.322,0000.500,0289
 
000246916,000000000,000000000,0116.031,0004.352,0000.507,0288
 
000246934,000000000,000000000,0116.031,0004.340,0000.493,0289
 
000246952,000000000,000000000,0116.033,0004.367,0000.480,0310
 
000246970,000000000,000000000,0116.026,0004.391,0000.468,0309
 
000246988,000000000,000000000,0116.030,0004.392,0000.496,0309
 
000247006,000000000,000000000,0116.033,0004.377,0000.503,0309
 
000247024,000000000,000000000,0116.031,0004.383,0000.491,0309
 
000247042,000000000,000000000,0116.018,0004.384,0000.519,0309
 
000247060,000000000,000000000,0116.007,0004.367,0000.504,0309
 
000247078,000000000,000000000,0115.997,0004.374,0000.511,0310
 
000247096,000000000,000000000,0115.998,0004.380,0000.495,0309
 
000247114,000000000,000000000,0115.974,0004.365,0000.503,0310
 
000247132,000000000,000000000,0115.967,0004.352,0000.509,0309
 
000247150,000000000,000000000,0115.971,0004.362,0000.514,0309
 
000247168,000000000,000000000,0115.965,0004.391,0000.520,0309
 
000247186,000000000,000000000,0115.966,0004.392,0000.506,0309
 
000247204,000000000,000000000,0115.978,0004.368,0000.530,0309
 
000247222,000000000,000000000,0115.976,0004.370,0000.532,0309
 
000247240,000000000,000000000,0115.977,0004.375,0000.535,0309
 
000247258,000000000,000000000,0115.967,0004.359,0000.518,0310
 
000247276,000000000,000000000,0115.969,0004.346,0000.503,0310
 
000247294,000000000,000000000,0115.954,0004.353,0000.490,0309
 
000247312,000000000,000000000,0115.956,0004.356,0000.476,0309
 
000247330,000000000,000000000,0115.945,0004.357,0000.483,0310
 
000247348,000000000,000000000,0115.947,0004.343,0000.472,0309
 
000247366,000000000,000000000,0115.949,0004.332,0000.462,0310
 
000247384,000000000,000000000,0115.943,0004.377,0000.490,0310
 
000247402,000000000,000000000,0115.935,0004.401,0000.497,0310
 
000247420,000000000,000000000,0115.921,0004.404,0000.483,0310
 
000247438,000000000,000000000,0115.923,0004.408,0000.471,0310
 
000247456,000000000,000000000,0115.910,0004.371,0000.478,0310
 
000247474,000000000,000000000,0115.893,0004.353,0000.486,0309
 
000247492,000000000,000000000,0115.890,0004.379,0000.473,0309
 
000247510,000000000,000000000,0115.886,0004.383,0000.500,0309
 
000247528,000000000,000000000,0115.883,0004.366,0000.487,0310
 
000247546,000000000,000000000,0115.883,0004.352,0000.493,0309
 
000247564,000000000,000000000,0115.879,0004.354,0000.499,0309
 
000247582,000000000,000000000,0115.891,0004.341,0000.486,0310
 
000247600,000000000,000000000,0115.878,0004.331,0000.475,0309
 
000247618,000000000,000000000,0115.901,0004.318,0000.501,0309
 
000247636,000000000,000000000,0115.903,0004.307,0000.468,0311
 
000247654,000000000,000000000,0115.898,0004.322,0000.459,0313
 
000247672,000000000,000000000,0115.904,0004.329,0000.449,0313
 
000247690,000000000,000000000,0115.913,0004.340,0000.442,0313
 
000247708,000000000,000000000,0115.918,0004.327,0000.451,0309
 
000247726,000000000,000000000,0115.914,0004.313,0000.422,0313
 
000247744,000000000,000000000,0115.936,0004.322,0000.434,0313
 
000247762,000000000,000000000,0115.944,0004.329,0000.446,0320
 
000247780,000000000,000000000,0115.946,0004.357,0000.437,0313
 
000247798,000000000,000000000,0115.957,0004.362,0000.429,0309
 
000247816,000000000,000000000,0115.956,0004.368,0000.441,0320
 
000247834,000000000,000000000,0115.947,0004.392,0000.452,0313
 
000247852,000000000,000000000,0115.945,0004.395,0000.441,0310
 
000247870,000000000,000000000,0115.948,0004.398,0000.451,0313
 
000247888,000000000,000000000,0115.951,0004.403,0000.441,0289
 
000247906,000000000,000000000,0115.942,0004.384,0000.433,0289
 
000247924,000000000,000000000,0115.922,0004.367,0000.426,0289
 
000247942,000000000,000000000,0115.920,0004.351,0000.418,0289
 
000247960,000000000,000000000,0115.928,0004.337,0000.449,0289
 
000247978,000000000,000000000,0115.925,0004.301,0000.498,0289
 
000247996,000000000,000000000,0115.920,0004.311,0000.485,0289
 
000248014,000000000,000000000,0115.921,0004.340,0000.472,0289
 
000248032,000000000,000000000,0115.908,0004.327,0000.461,0309
 
000248050,000000000,000000000,0115.905,0004.335,0000.471,0289
 
000248068,000000000,000000000,0115.913,0004.303,0000.479,0289
 
000248086,000000000,000000000,0115.908,0004.275,0000.486,0289
 
000248104,000000000,000000000,0115.914,0004.267,0000.473,0309
 
000248122,000000000,000000000,0115.927,0004.239,0000.500,0289
 
000248140,000000000,000000000,0115.933,0004.254,0000.524,0289
 
000248158,000000000,000000000,0115.932,0004.265,0000.509,0310
 
000248176,000000000,000000000,0115.933,0004.277,0000.534,0289
 
000248194,000000000,000000000,0115.933,0004.287,0000.517,0309
 
000248212,000000000,000000000,0115.939,0004.298,0000.484,0309
 
000248230,000000000,000000000,0115.946,0004.288,0000.490,0309
 
000248248,000000000,000000000,0115.949,0004.279,0000.497,0309
 
000248266,000000000,000000000,0115.942,0004.262,0000.486,0289
 
000248284,000000000,000000000,0115.936,0004.272,0000.491,0309
 
000248302,000000000,000000000,0115.938,0004.264,0000.498,0309
 
000248320,000000000,000000000,0115.932,0004.277,0000.505,0309
 
000248338,000000000,000000000,0115.944,0004.290,0000.490,0309
 
000248356,000000000,000000000,0115.944,0004.282,0000.497,0309
 
000248374,000000000,000000000,0115.955,0004.311,0000.504,0313
 
000248392,000000000,000000000,0115.947,0004.300,0000.509,0313
 
000248410,000000000,000000000,0115.935,0004.292,0000.514,0313
 
000248428,000000000,000000000,0115.927,0004.288,0000.537,0311
 
000248446,000000000,000000000,0115.911,0004.299,0000.520,0310
 
000248464,000000000,000000000,0115.908,0004.289,0000.505,0313
 
000248482,000000000,000000000,0115.909,0004.281,0000.511,0320
 
000248500,000000000,000000000,0115.914,0004.275,0000.497,0313
 
000248518,000000000,000000000,0115.919,0004.285,0000.485,0313
 
000248536,000000000,000000000,0115.929,0004.294,0000.472,0313
 
000248554,000000000,000000000,0115.905,0004.300,0000.462,0310
 
000248572,000000000,000000000,0115.896,0004.307,0000.453,0320
 
000248590,000000000,000000000,0115.905,0004.334,0000.442,0289
 
000248608,000000000,000000000,0115.907,0004.341,0000.452,0289
 
000248626,000000000,000000000,0115.920,0004.345,0000.482,0313
 
000248644,000000000,000000000,0115.929,0004.310,0000.468,0289
 
000248662,000000000,000000000,0115.936,0004.297,0000.498,0289
 
000248680,000000000,000000000,0115.924,0004.307,0000.485,0289
 
000248698,000000000,000000000,0115.922,0004.317,0000.492,0289
 
000248716,000000000,000000000,0115.925,0004.323,0000.479,0309
 
000248734,000000000,000000000,0115.931,0004.328,0000.468,0313
 
000248752,000000000,000000000,0115.920,0004.318,0000.476,0309
 
000248770,000000000,000000000,0115.909,0004.288,0000.445,0289
 
000248788,000000000,000000000,0115.903,0004.277,0000.455,0289
 
000248806,000000000,000000000,0115.908,0004.250,0000.445,0289
 
000248824,000000000,000000000,0115.905,0004.222,0000.454,0290
 
000248842,000000000,000000000,0115.916,0004.218,0000.445,0310
 
000248860,000000000,000000000,0115.921,0004.213,0000.457,0310
 
000248878,000000000,000000000,0115.929,0004.211,0000.446,0309
 
000248896,000000000,000000000,0115.927,0004.208,0000.436,0289
 
000248914,000000000,000000000,0115.934,0004.223,0000.428,0309
 
000248932,000000000,000000000,0115.942,0004.236,0000.420,0310
 
000248950,000000000,000000000,0115.962,0004.251,0000.432,0289
 
000248968,000000000,000000000,0115.973,0004.261,0000.464,0289
 
000248986,000000000,000000000,0115.980,0004.253,0000.472,0309
 
000249004,000000000,000000000,0115.993,0004.265,0000.501,0310
 
000249022,000000000,000000000,0115.986,0004.276,0000.468,0290
 
000249040,000000000,000000000,0116.004,0004.267,0000.496,0309
 
000249058,000000000,000000000,0116.012,0004.259,0000.520,0309
 
000249076,000000000,000000000,0116.000,0004.289,0000.504,0310
 
000249094,000000000,000000000,0115.998,0004.280,0000.490,0309
 
000249112,000000000,000000000,0116.014,0004.274,0000.478,0309
 
000249130,000000000,000000000,0115.996,0004.263,0000.485,0310
 
000249148,000000000,000000000,0116.002,0004.273,0000.510,0310
 
000249166,000000000,000000000,0116.005,0004.261,0000.495,0310
 
000249184,000000000,000000000,0115.994,0004.252,0000.501,0311
 
000249202,000000000,000000000,0115.996,0004.223,0000.507,0313
 
000249220,000000000,000000000,0116.001,0004.199,0000.512,0313
 
000249238,000000000,000000000,0116.012,0004.193,0000.498,0320
 
000249256,000000000,000000000,0116.026,0004.193,0000.485,0320
 
000249274,000000000,000000000,0116.014,0004.230,0000.492,0313
 
000249292,000000000,000000000,0116.017,0004.225,0000.497,0313
 
000249310,000000000,000000000,0116.017,0004.220,0000.483,0313
 
000249328,000000000,000000000,0116.018,0004.237,0000.470,0310
 
000249346,000000000,000000000,0116.037,0004.229,0000.476,0289
 
000249364,000000000,000000000,0116.048,0004.223,0000.484,0289
 
000249382,000000000,000000000,0116.053,0004.215,0000.491,0289
 
000249400,000000000,000000000,0116.057,0004.231,0000.477,0289
 
000249418,000000000,000000000,0116.054,0004.205,0000.483,0289
 
000249436,000000000,000000000,0116.061,0004.203,0000.471,0290
 
000249454,000000000,000000000,0116.051,0004.219,0000.479,0289
 
000249472,000000000,000000000,0116.049,0004.233,0000.505,0289
 
000249490,000000000,000000000,0116.051,0004.227,0000.491,0289
 
000249508,000000000,000000000,0116.058,0004.222,0000.498,0289
 
000249526,000000000,000000000,0116.059,0004.218,0000.505,0309
 
000249544,000000000,000000000,0116.048,0004.212,0000.490,0289
 
000249562,000000000,000000000,0116.038,0004.208,0000.475,0289
 
000249580,000000000,000000000,0116.042,0004.202,0000.501,0289
 
000249598,000000000,000000000,0116.041,0004.239,0000.486,0289
 
000249616,000000000,000000000,0116.038,0004.235,0000.474,0309
 
000249634,000000000,000000000,0116.042,0004.231,0000.482,0310
 
000249652,000000000,000000000,0116.035,0004.248,0000.490,0289
 
000249670,000000000,000000000,0116.044,0004.240,0000.480,0310
 
000249688,000000000,000000000,0116.045,0004.232,0000.467,0310
 
000249706,000000000,000000000,0116.057,0004.228,0000.475,0309
 
000249724,000000000,000000000,0116.075,0004.209,0000.484,0290
 
000249742,000000000,000000000,0116.083,0004.224,0000.511,0289
 
000249760,000000000,000000000,0116.081,0004.259,0000.515,0309
 
000249778,000000000,000000000,0116.089,0004.247,0000.518,0309
 
000249796,000000000,000000000,0116.084,0004.240,0000.504,0289
 
000249814,000000000,000000000,0116.084,0004.253,0000.508,0310
 
000249832,000000000,000000000,0116.085,0004.264,0000.494,0309
 
000249850,000000000,000000000,0116.079,0004.274,0000.480,0309
 
000249868,000000000,000000000,0116.073,0004.301,0000.448,0310
 
000249886,000000000,000000000,0116.079,0004.291,0000.438,0313
 
000249904,000000000,000000000,0116.088,0004.263,0000.449,0313
 
000249922,000000000,000000000,0116.095,0004.275,0000.459,0313
 
000249940,000000000,000000000,0116.092,0004.268,0000.506,0313
 
000249958,000000000,000000000,0116.098,0004.278,0000.509,0313
 
000249976,000000000,000000000,0116.093,0004.328,0000.514,0310
 
000249994,000000000,000000000,0116.087,0004.339,0000.519,0310
 
000250012,000000000,000000000,0116.085,0004.347,0000.523,0310
 
000250030,000000000,000000000,0116.077,0004.349,0000.507,0320
 
000250048,000000000,000000000,0116.074,0004.334,0000.492,0320
 
000250066,000000000,000000000,0116.065,0004.323,0000.498,0310
 
000250084,000000000,000000000,0116.060,0004.313,0000.504,0289
 
000250102,000000000,000000000,0116.042,0004.319,0000.507,0289
 
000250120,000000000,000000000,0116.042,0004.326,0000.495,0289
 
000250138,000000000,000000000,0116.034,0004.334,0000.501,0289
 
000250156,000000000,000000000,0116.023,0004.342,0000.487,0289
 
000250174,000000000,000000000,0116.024,0004.352,0000.475,0289
 
000250192,000000000,000000000,0116.009,0004.378,0000.464,0289
 
000250210,000000000,000000000,0116.010,0004.360,0000.472,0289
 
000250228,000000000,000000000,0116.015,0004.306,0000.461,0289
 
000250246,000000000,000000000,0116.023,0004.295,0000.470,0289
 
000250264,000000000,000000000,0116.035,0004.264,0000.497,0289
 
000250282,000000000,000000000,0116.028,0004.276,0000.483,0289
 
000250300,000000000,000000000,0116.034,0004.287,0000.491,0289
 
000250318,000000000,000000000,0116.033,0004.315,0000.497,0289
 
000250336,000000000,000000000,0116.044,0004.341,0000.501,0309
 
000250354,000000000,000000000,0116.042,0004.310,0000.430,0310
 
000250372,000000000,000000000,0116.032,0004.298,0000.442,0310
 
000250390,000000000,000000000,0116.038,0004.306,0000.433,0309
 
000250408,000000000,000000000,0116.037,0004.315,0000.443,0309
 
000250426,000000000,000000000,0116.026,0004.302,0000.471,0289
 
000250444,000000000,000000000,0116.026,0004.329,0000.479,0289
 
000250462,000000000,000000000,0116.018,0004.315,0000.484,0310
 
000250480,000000000,000000000,0116.019,0004.342,0000.491,0289
 
000250498,000000000,000000000,0116.013,0004.368,0000.497,0289
 
000250516,000000000,000000000,0116.003,0004.357,0000.465,0309
 
000250534,000000000,000000000,0115.997,0004.344,0000.472,0309
 
000250552,000000000,000000000,0115.987,0004.350,0000.459,0309
 
000250570,000000000,000000000,0115.983,0004.333,0000.466,0310
 
000250588,000000000,000000000,0115.976,0004.321,0000.474,0309
 
000250606,000000000,000000000,0115.973,0004.327,0000.500,0309
 
000250624,000000000,000000000,0115.981,0004.313,0000.503,0310
 
000250642,000000000,000000000,0115.979,0004.338,0000.508,0309
 
000250660,000000000,000000000,0115.976,0004.361,0000.512,0313
 
000250678,000000000,000000000,0115.978,0004.381,0000.516,0313
 
000250696,000000000,000000000,0115.970,0004.364,0000.499,0313
 
000250714,000000000,000000000,0115.965,0004.348,0000.484,0310
 
000250732,000000000,000000000,0115.962,0004.332,0000.490,0320
 
000250750,000000000,000000000,0115.936,0004.315,0000.514,0313
 
000250768,000000000,000000000,0115.937,0004.323,0000.518,0310
 
000250786,000000000,000000000,0115.937,0004.310,0000.541,0313
 
000250804,000000000,000000000,0115.945,0004.316,0000.523,0320
 
000250822,000000000,000000000,0115.953,0004.322,0000.507,0313
 
000250840,000000000,000000000,0115.965,0004.329,0000.511,0289
 
000250858,000000000,000000000,0115.973,0004.316,0000.498,0289
 
000250876,000000000,000000000,0115.964,0004.325,0000.486,0289
 
000250894,000000000,000000000,0115.970,0004.313,0000.472,0289
 
000250912,000000000,000000000,0115.963,0004.301,0000.460,0289
 
000250930,000000000,000000000,0115.965,0004.310,0000.466,0289
 
000250948,000000000,000000000,0115.969,0004.276,0000.492,0289
 
000250966,000000000,000000000,0115.969,0004.268,0000.498,0310
 
000250984,000000000,000000000,0115.978,0004.262,0000.502,0289
 
000251002,000000000,000000000,0115.977,0004.252,0000.487,0289
 
000251020,000000000,000000000,0115.978,0004.264,0000.473,0289
 
000251038,000000000,000000000,0115.977,0004.257,0000.459,0309
 
000251056,000000000,000000000,0115.986,0004.228,0000.468,1023
 
000251074,000000000,000000000,0115.987,0004.224,0000.474,1023
 
000251092,000000000,000000000,0115.987,0004.239,0000.462,1023
 
000251110,000000000,000000000,0115.995,0004.230,0000.469,1023
 
000251128,000000000,000000000,0116.005,0004.242,0000.456,1023
 
000251146,000000000,000000000,0115.999,0004.253,0000.445,1023
 
000251164,000000000,000000000,0116.013,0004.264,0000.454,1023
 
000251182,000000000,000000000,0116.015,0004.257,0000.424,1023
 
000251200,000000000,000000000,0116.008,0004.269,0000.416,1023
 
000251218,000000000,000000000,0116.019,0004.260,0000.428,1023
 
000251236,000000000,000000000,0116.019,0004.271,0000.438,1023
 
000251254,000000000,000000000,0116.021,0004.264,0000.448,1023
 
000251272,000000000,000000000,0116.015,0004.273,0000.457,1023
 
000251290,000000000,000000000,0116.023,0004.284,0000.448,1023
 
000251308,000000000,000000000,0116.030,0004.294,0000.437,1023
 
000251326,000000000,000000000,0116.025,0004.304,0000.427,1023
 
000251344,000000000,000000000,0116.021,0004.310,0000.438,1023
 
000251362,000000000,000000000,0116.030,0004.317,0000.408,1023
 
000251380,000000000,000000000,0116.027,0004.285,0000.401,1023
 
000251398,000000000,000000000,0116.030,0004.293,0000.413,1023
 
000251416,000000000,000000000,0116.033,0004.282,0000.425,1023
 
000251434,000000000,000000000,0116.037,0004.273,0000.436,1023
 
000251452,000000000,000000000,0116.045,0004.265,0000.429,1023
 
000251470,000000000,000000000,0116.056,0004.258,0000.422,1023
 
000251488,000000000,000000000,0116.057,0004.251,0000.432,1023
 
000251506,000000000,000000000,0116.062,0004.259,0000.422,1023
 
000251524,000000000,000000000,0116.075,0004.269,0000.452,1023
 
000251542,000000000,000000000,0116.081,0004.280,0000.461,1023
 
000251560,000000000,000000000,0116.081,0004.287,0000.450,1023
 
000251578,000000000,000000000,0116.089,0004.296,0000.459,1023
 
000251596,000000000,000000000,0116.107,0004.324,0000.466,1023
 
000251614,000000000,000000000,0116.112,0004.350,0000.474,1023
 
000251632,000000000,000000000,0116.115,0004.331,0000.461,1023
 
000251650,000000000,000000000,0116.128,0004.355,0000.448,1023
 
000251668,000000000,000000000,0116.122,0004.342,0000.459,1023
 
000251686,000000000,000000000,0116.116,0004.325,0000.468,1023
 
000251704,000000000,000000000,0116.130,0004.330,0000.475,1023
 
000251722,000000000,000000000,0116.142,0004.319,0000.481,1023
 
000251740,000000000,000000000,0116.134,0004.325,0000.488,1023
 
000251758,000000000,000000000,0116.122,0004.314,0000.455,1023
 
000251776,000000000,000000000,0116.110,0004.303,0000.426,1023
 
000251794,000000000,000000000,0116.107,0004.275,0000.435,1023
 
000251812,000000000,000000000,0116.088,0004.247,0000.426,1023
 
000251830,000000000,000000000,0116.088,0004.258,0000.437,1023
 
000251848,000000000,000000000,0116.100,0004.234,0000.447,1023
 
000251866,000000000,000000000,0116.121,0004.228,0000.439,1023
 
000251884,000000000,000000000,0116.118,0004.205,0000.448,1023
 
000251902,000000000,000000000,0116.114,0004.240,0000.457,1023
 
000251920,000000000,000000000,0116.119,0004.236,0000.446,1023
 
000251938,000000000,000000000,0116.121,0004.233,0000.438,1023
 
000251956,000000000,000000000,0116.130,0004.245,0000.467,1023
 
000251974,000000000,000000000,0116.134,0004.276,0000.474,1023
 
000251992,000000000,000000000,0116.157,0004.264,0000.480,1023
 
000252010,000000000,000000000,0116.167,0004.273,0000.485,1023
 
000252028,000000000,000000000,0116.176,0004.266,0000.510,1023
 
000252046,000000000,000000000,0116.169,0004.238,0000.514,1023
 
000252064,000000000,000000000,0116.171,0004.252,0000.518,1023
 
000252082,000000000,000000000,0116.160,0004.261,0000.521,1023
 
000252100,000000000,000000000,0116.155,0004.272,0000.523,1023
 
000252118,000000000,000000000,0116.115,0004.262,0000.505,1023
 
000252136,000000000,000000000,0116.040,0004.310,0000.505,1023
 
000252154,000000000,000000000,0115.927,0004.378,0000.484,1023
 
000252172,000000000,000000000,0115.902,0004.398,0000.468,1023
 
000252190,000000000,000000000,0115.891,0004.283,0000.472,1023
 
000252208,000000000,000000000,0115.879,0004.312,0000.480,1023
 
000252226,000000000,000000000,0115.864,0004.320,0000.469,1023
 
000252244,000000000,000000000,0115.854,0004.306,0000.475,1023
 
000252262,000000000,000000000,0115.841,0004.293,0000.480,1023
 
000252280,000000000,000000000,0115.826,0004.282,0000.427,1023
 
000252298,000000000,000000000,0115.821,0004.290,0000.438,1023
 
000252316,000000000,000000000,0115.796,0004.301,0000.466,1023
 
000252334,000000000,000000000,0115.784,0004.348,0000.453,1023
 
000252352,000000000,000000000,0115.748,0004.352,0000.440,1023
 
000252370,000000000,000000000,0115.702,0004.355,0000.446,1023
 
000252388,000000000,000000000,0115.632,0004.381,0000.434,1023
 
000252406,000000000,000000000,0115.548,0004.405,0000.457,1023
 
000252424,000000000,000000000,0115.457,0004.426,0000.479,1023
 
000252442,000000000,000000000,0115.346,0004.422,0000.460,1023
 
000252460,000000000,000000000,0115.176,0004.480,0000.440,1023
 
000252478,000000000,000000000,0115.008,0004.554,0000.439,1023
 
000252496,000000000,000000000,0114.829,0004.543,0000.419,1023
 
000252514,000000000,000000000,0114.693,0004.497,0000.402,1023
 
000252532,000000000,000000000,0114.570,0004.450,0000.406,1023
 
000252550,000000000,000000000,0114.437,0004.429,0000.410,1023
 
000252568,000000000,000000000,0114.296,0004.426,0000.433,1023
 
000252586,000000000,000000000,0114.151,0004.424,0000.451,1023
 
000252604,000000000,000000000,0113.982,0004.422,0000.486,1023
 
000252622,000000000,000000000,0113.778,0004.439,0000.500,1023
 
000252640,000000000,000000000,0113.586,0004.456,0000.513,1023
 
000252658,000000000,000000000,0113.393,0004.453,0000.504,1023
 
000252676,000000000,000000000,0113.200,0004.429,0000.478,1023
 
000252694,000000000,000000000,0113.009,0004.427,0000.475,1023
 
000252712,000000000,000000000,0112.788,0004.443,0000.468,1023
 
000252730,000000000,000000000,0112.550,0004.421,0000.462,1023
 
000252748,000000000,000000000,0112.336,0004.400,0000.456,1023
 
000252766,000000000,000000000,0112.116,0004.361,0000.450,1023
 
000252784,000000000,000000000,0111.898,0004.387,0000.446,1023
 
000252802,000000000,000000000,0111.703,0004.371,0000.406,1023
 
000252820,000000000,000000000,0111.498,0004.375,0000.389,1023
 
000252838,000000000,000000000,0111.291,0004.376,0000.412,1023
 
000252856,000000000,000000000,0111.107,0004.377,0000.412,1023
 
000252874,000000000,000000000,0110.889,0004.363,0000.408,1023
 
000252892,000000000,000000000,0110.678,0004.368,0000.424,1023
 
000252910,000000000,000000000,0110.482,0004.373,0000.442,1023
 
000252928,000000000,000000000,0110.270,0004.338,0000.456,1023
 
000252946,000000000,000000000,0110.073,0004.324,0000.451,1023
 
000252964,000000000,000000000,0109.868,0004.294,0000.447,1023
 
000252982,000000000,000000000,0109.602,0004.307,0000.441,1023
 
000253000,000000000,000000000,0109.292,0004.433,0000.431,1023
 
000253018,000000000,000000000,0108.977,0004.430,0000.425,1023
 
000253036,000000000,000000000,0108.677,0004.391,0000.423,1023
 
000253054,000000000,000000000,0108.442,0004.312,0000.419,1023
 
000253072,000000000,000000000,0108.194,0004.242,0000.414,1023
 
000253090,000000000,000000000,0107.948,0004.237,0000.410,1023
 
000253108,000000000,000000000,0107.708,0004.290,0000.407,1023
 
000253126,000000000,000000000,0107.461,0004.283,0000.383,1023
 
000253144,000000000,000000000,0107.219,0004.273,0000.380,1023
 
000253162,000000000,000000000,0106.945,0004.304,0000.399,1023
 
000253180,000000000,000000000,0106.702,0004.314,0000.398,1023
 
000253198,000000000,000000000,0106.457,0004.286,0000.398,1023
 
000253216,000000000,000000000,0106.231,0004.214,0000.379,1023
 
000253234,000000000,000000000,0106.038,0004.150,0000.360,1023
 
000253252,000000000,000000000,0105.845,0004.113,0000.382,1023
 
000253270,000000000,000000000,0105.633,0004.122,0000.365,1023
 
000253288,000000000,000000000,0105.428,0004.145,0000.369,1023
 
000253306,000000000,000000000,0105.214,0004.146,0000.372,1023
 
000253324,000000000,000000000,0105.048,0004.131,0000.356,1023
 
000253342,000000000,000000000,0104.901,0004.116,0000.362,1023
 
000253360,000000000,000000000,0104.737,0004.158,0000.368,1023
 
000253378,000000000,000000000,0104.547,0004.177,0000.391,1023
 
000253396,000000000,000000000,0104.364,0004.196,0000.410,1023
 
000253414,000000000,000000000,0104.159,0004.213,0000.449,1023
 
000253432,000000000,000000000,0103.947,0004.287,0000.445,1023
 
000253450,000000000,000000000,0103.675,0004.259,0000.441,1023
 
000253468,000000000,000000000,0103.485,0004.216,0000.420,1023
 
000253486,000000000,000000000,0103.279,0004.255,0000.419,1023
 
000253504,000000000,000000000,0103.074,0004.307,0000.437,1023
 
000253522,000000000,000000000,0102.854,0004.315,0000.435,1023
 
000253540,000000000,000000000,0102.652,0004.324,0000.413,1023
 
000253558,000000000,000000000,0102.442,0004.333,0000.394,1023
 
000253576,000000000,000000000,0102.253,0004.301,0000.415,1023
 
000253594,000000000,000000000,0102.066,0004.257,0000.415,1023
 
000253612,000000000,000000000,0101.864,0004.291,0000.415,1023
 
000253630,000000000,000000000,0101.632,0004.323,0000.431,1023
 
000253648,000000000,000000000,0101.398,0004.351,0000.409,1023
 
000253666,000000000,000000000,0101.191,0004.335,0000.408,1023
 
000253684,000000000,000000000,0100.994,0004.321,0000.388,1023
 
000253702,000000000,000000000,0100.795,0004.309,0000.369,1023
 
000253720,000000000,000000000,0100.566,0004.300,0000.354,1023
 
000253738,000000000,000000000,0100.353,0004.274,0000.394,1023
 
000253756,000000000,000000000,0100.130,0004.284,0000.394,1023
 
000253774,000000000,000000000,0099.923,0004.229,0000.394,1023
 
000253792,000000000,000000000,0099.739,0004.185,0000.377,1023
 
000253810,000000000,000000000,0099.562,0004.205,0000.398,1023
 
000253828,000000000,000000000,0099.344,0004.243,0000.398,1023
 
000253846,000000000,000000000,0099.142,0004.279,0000.398,1023
 
000253864,000000000,000000000,0098.922,0004.312,0000.397,1023
 
000253882,000000000,000000000,0098.725,0004.339,0000.398,1023
 
000253900,000000000,000000000,0098.543,0004.281,0000.419,1023
 
000253918,000000000,000000000,0098.354,0004.275,0000.416,1023
 
000253936,000000000,000000000,0098.155,0004.269,0000.415,1023
 
000253954,000000000,000000000,0097.949,0004.320,0000.414,1023
 
000253972,000000000,000000000,0097.753,0004.348,0000.413,1023
 
000253990,000000000,000000000,0097.543,0004.315,0000.412,1023
 
000254008,000000000,000000000,0097.365,0004.308,0000.411,1023
 
000254026,000000000,000000000,0097.188,0004.303,0000.413,1023
 
000254044,000000000,000000000,0097.007,0004.292,0000.433,1023
 
000254062,000000000,000000000,0096.826,0004.263,0000.395,1023
 
000254080,000000000,000000000,0096.654,0004.257,0000.379,1023
 
000254098,000000000,000000000,0096.496,0004.227,0000.402,1023
 
000254116,000000000,000000000,0096.365,0004.221,0000.387,1023
 
000254134,000000000,000000000,0096.274,0004.177,0000.394,1023
 
000254152,000000000,000000000,0096.182,0004.137,0000.401,1023
 
000254170,000000000,000000000,0096.110,0004.124,0000.391,1023
 
000254188,000000000,000000000,0096.059,0004.111,0000.382,1023
 
000254206,000000000,000000000,0096.028,0004.116,0000.411,1023
 
000254224,000000000,000000000,0095.968,0004.119,0000.418,1023
 
000254242,000000000,000000000,0095.893,0004.162,0000.405,1023
 
000254260,000000000,000000000,0095.815,0004.181,0000.468,1023
 
000254278,000000000,000000000,0095.734,0004.182,0000.470,1023
 
000254296,000000000,000000000,0095.641,0004.204,0000.452,1023
 
000254314,000000000,000000000,0095.558,0004.219,0000.455,1023
 
000254332,000000000,000000000,0095.485,0004.217,0000.418,1023
 
000254350,000000000,000000000,0095.404,0004.213,0000.386,1023
 
000254368,000000000,000000000,0095.341,0004.189,0000.398,1023
 
000254386,000000000,000000000,0095.307,0004.187,0000.444,1023
 
000254404,000000000,000000000,0095.274,0004.226,0000.432,1023
 
000254422,000000000,000000000,0095.232,0004.219,0000.437,1023
 
000254440,000000000,000000000,0095.184,0004.234,0000.443,1023
 
000254458,000000000,000000000,0095.117,0004.288,0000.447,1023
 
000254476,000000000,000000000,0095.069,0004.296,0000.470,1023
 
000254494,000000000,000000000,0095.014,0004.307,0000.473,1023
 
000254512,000000000,000000000,0094.963,0004.317,0000.478,1023
 
000254530,000000000,000000000,0094.934,0004.282,0000.480,1023
 
000254548,000000000,000000000,0094.903,0004.250,0000.500,1023
 
000254566,000000000,000000000,0094.867,0004.223,0000.501,1023
 
000254584,000000000,000000000,0094.846,0004.220,0000.541,1023
 
000254602,000000000,000000000,0094.807,0004.220,0000.539,1023
 
000254620,000000000,000000000,0094.761,0004.238,0000.536,1023
 
000254638,000000000,000000000,0094.697,0004.253,0000.533,1023
 
000254656,000000000,000000000,0094.646,0004.266,0000.529,1023
 
000254674,000000000,000000000,0094.597,0004.278,0000.527,1023
 
000254692,000000000,000000000,0094.551,0004.287,0000.506,1023
 
000254710,000000000,000000000,0094.511,0004.260,0000.487,1023
 
000254728,000000000,000000000,0094.478,0004.254,0000.508,1023
 
000254746,000000000,000000000,0094.432,0004.267,0000.527,1023
 
000254764,000000000,000000000,0094.400,0004.260,0000.526,1023
 
000254782,000000000,000000000,0094.383,0004.253,0000.525,1023
 
000254800,000000000,000000000,0094.360,0004.245,0000.505,1023
 
000254818,000000000,000000000,0094.342,0004.261,0000.467,1023
 
000254836,000000000,000000000,0094.326,0004.274,0000.436,1023
 
000254854,000000000,000000000,0094.316,0004.266,0000.443,1023
 
000254872,000000000,000000000,0094.301,0004.256,0000.429,1023
 
000254890,000000000,000000000,0094.289,0004.267,0000.436,1023
 
000254908,000000000,000000000,0094.269,0004.259,0000.462,1023
 
000254926,000000000,000000000,0094.265,0004.251,0000.447,1023
 
000254944,000000000,000000000,0094.238,0004.226,0000.492,1023
 
000254962,000000000,000000000,0094.211,0004.259,0000.493,1023
 
000254980,000000000,000000000,0094.192,0004.291,0000.476,1023
 
000254998,000000000,000000000,0094.175,0004.320,0000.461,1023
 
000255016,000000000,000000000,0094.160,0004.293,0000.448,1023
 
000255034,000000000,000000000,0094.158,0004.325,0000.453,1023
 
000255052,000000000,000000000,0094.155,0004.314,0000.459,1023
 
000255070,000000000,000000000,0094.138,0004.320,0000.464,1023
 
000255088,000000000,000000000,0094.132,0004.290,0000.450,1023
 
000255106,000000000,000000000,0094.127,0004.300,0000.455,1023
 
000255124,000000000,000000000,0094.121,0004.308,0000.461,1023
 
000255142,000000000,000000000,0094.121,0004.296,0000.467,1023
 
000255160,000000000,000000000,0094.119,0004.285,0000.472,1023
 
000255178,000000000,000000000,0094.110,0004.258,0000.476,1023
 
000255196,000000000,000000000,0094.101,0004.251,0000.479,1023
 
000255214,000000000,000000000,0094.092,0004.247,0000.483,1023
 
000255232,000000000,000000000,0094.083,0004.261,0000.467,1023
 
000255250,000000000,000000000,0094.078,0004.253,0000.472,0290
 
000255268,000000000,000000000,0094.060,0004.245,0000.495,0310
 
000255286,000000000,000000000,0094.049,0004.259,0000.517,0309
 
000255304,000000000,000000000,0094.034,0004.233,0000.518,0310
 
000255322,000000000,000000000,0094.014,0004.210,0000.519,0309
 
000255340,000000000,000000000,0094.023,0004.242,0000.538,0309
 
000255358,000000000,000000000,0094.028,0004.258,0000.537,0309
 
000255376,000000000,000000000,0094.027,0004.270,0000.537,0309
 
000255394,000000000,000000000,0094.020,0004.262,0000.536,0310
 
000255412,000000000,000000000,0094.015,0004.255,0000.534,0309
 
000255430,000000000,000000000,0094.023,0004.250,0000.535,0310
 
000255448,000000000,000000000,0094.016,0004.245,0000.554,0310
 
000255466,000000000,000000000,0093.998,0004.235,0000.551,0310
 
000255484,000000000,000000000,0093.980,0004.227,0000.549,0310
 
000255502,000000000,000000000,0093.972,0004.263,0000.567,0309
 
000255520,000000000,000000000,0093.973,0004.252,0000.583,0310
 
000255538,000000000,000000000,0093.963,0004.264,0000.578,0310
 
000255556,000000000,000000000,0093.962,0004.274,0000.555,0309
 
000255574,000000000,000000000,0093.964,0004.284,0000.552,0289
 
000255592,000000000,000000000,0093.959,0004.293,0000.548,0309
 
000255610,000000000,000000000,0093.940,0004.264,0000.548,0289
 
000255628,000000000,000000000,0093.929,0004.258,0000.547,0310
 
000255646,000000000,000000000,0093.916,0004.252,0000.545,0309
 
000255664,000000000,000000000,0093.912,0004.242,0000.526,0290
 
000255682,000000000,000000000,0093.917,0004.199,0000.544,0310
 
000255700,000000000,000000000,0093.915,0004.235,0000.564,0290
 
000255718,000000000,000000000,0093.900,0004.270,0000.561,0310
 
000255736,000000000,000000000,0093.894,0004.281,0000.558,0290
 
000255754,000000000,000000000,0093.892,0004.289,0000.572,0310
 
000255772,000000000,000000000,0093.888,0004.278,0000.550,0310
 
000255790,000000000,000000000,0093.890,0004.267,0000.529,0310
 
000255808,000000000,000000000,0093.896,0004.259,0000.546,0310
 
000255826,000000000,000000000,0093.904,0004.271,0000.546,0310
 
000255844,000000000,000000000,0093.893,0004.224,0000.546,0310
 
000255862,000000000,000000000,0093.886,0004.219,0000.544,0309
 
000255880,000000000,000000000,0093.887,0004.234,0000.543,0309
 
000255898,000000000,000000000,0093.886,0004.247,0000.542,0310
 
000255916,000000000,000000000,0093.888,0004.263,0000.521,0310
 
000255934,000000000,000000000,0093.871,0004.256,0000.522,0310
 
000255952,000000000,000000000,0093.859,0004.250,0000.523,0310
 
000255970,000000000,000000000,0093.870,0004.264,0000.523,0310
 
000255988,000000000,000000000,0093.879,0004.237,0000.524,0309
 
000256006,000000000,000000000,0093.870,0004.229,0000.543,0309
 
000256024,000000000,000000000,0093.873,0004.223,0000.542,0310
 
000256042,000000000,000000000,0093.886,0004.239,0000.523,0309
 
000256060,000000000,000000000,0093.897,0004.234,0000.525,0310
 
000256078,000000000,000000000,0093.900,0004.248,0000.525,0309
 
000256096,000000000,000000000,0093.897,0004.240,0000.525,0310
 
000256114,000000000,000000000,0093.900,0004.234,0000.526,0310
 
000256132,000000000,000000000,0093.909,0004.246,0000.526,0310
 
000256150,000000000,000000000,0093.908,0004.257,0000.526,0309
 
000256168,000000000,000000000,0093.899,0004.269,0000.545,0309
 
000256186,000000000,000000000,0093.898,0004.259,0000.542,0309
 
000256204,000000000,000000000,0093.885,0004.266,0000.542,0310
 
000256222,000000000,000000000,0093.869,0004.276,0000.540,0309
 
000256240,000000000,000000000,0093.860,0004.289,0000.521,0309
 
000256258,000000000,000000000,0093.860,0004.299,0000.505,0310
 
000256276,000000000,000000000,0093.853,0004.309,0000.488,0309
 
000256294,000000000,000000000,0093.835,0004.300,0000.491,0310
 
000256312,000000000,000000000,0093.833,0004.311,0000.514,0309
 
000256330,000000000,000000000,0093.827,0004.299,0000.517,0289
 
000256348,000000000,000000000,0093.834,0004.288,0000.517,0310
 
000256366,000000000,000000000,0093.848,0004.277,0000.537,0309
 
000256384,000000000,000000000,0093.853,0004.285,0000.556,0310
 
000256402,000000000,000000000,0093.855,0004.295,0000.533,0309
 
000256420,000000000,000000000,0093.850,0004.286,0000.533,0310
 
000256438,000000000,000000000,0093.846,0004.278,0000.531,0310
 
000256456,000000000,000000000,0093.840,0004.266,0000.550,0290
 
000256474,000000000,000000000,0093.824,0004.238,0000.548,0310
 
000256492,000000000,000000000,0093.811,0004.272,0000.527,0290
 
000256510,000000000,000000000,0093.813,0004.241,0000.509,0310
 
000256528,000000000,000000000,0093.813,0004.251,0000.530,0310
 
000256546,000000000,000000000,0093.813,0004.262,0000.530,0310
 
000256564,000000000,000000000,0093.810,0004.271,0000.550,0309
 
000256582,000000000,000000000,0093.802,0004.261,0000.567,0310
 
000256600,000000000,000000000,0093.802,0004.250,0000.583,0311
 
000256618,000000000,000000000,0093.794,0004.241,0000.579,0310
 
000256636,000000000,000000000,0093.793,0004.275,0000.558,0310
 
000256654,000000000,000000000,0093.776,0004.265,0000.555,0309
 
000256672,000000000,000000000,0093.784,0004.262,0000.552,0309
 
000256690,000000000,000000000,0093.770,0004.255,0000.552,0309
 
000256708,000000000,000000000,0093.767,0004.249,0000.569,0309
 
000256726,000000000,000000000,0093.777,0004.237,0000.565,0309
 
000256744,000000000,000000000,0093.785,0004.209,0000.581,0310
 
000256762,000000000,000000000,0093.802,0004.181,0000.595,0310
 
000256780,000000000,000000000,0093.808,0004.181,0000.590,0309
 
000256798,000000000,000000000,0093.807,0004.179,0000.586,0310
 
000256816,000000000,000000000,0093.813,0004.175,0000.562,0309
 
000256834,000000000,000000000,0093.826,0004.196,0000.558,0309
 
000256852,000000000,000000000,0093.811,0004.211,0000.555,0309
 
000256870,000000000,000000000,0093.808,0004.205,0000.553,0309
 
000256888,000000000,000000000,0093.802,0004.200,0000.571,0309
 
000256906,000000000,000000000,0093.788,0004.181,0000.569,0309
 
000256924,000000000,000000000,0093.791,0004.161,0000.567,0309
 
000256942,000000000,000000000,0093.793,0004.126,0000.562,0309
 
000256960,000000000,000000000,0093.800,0004.146,0000.599,0309
 
000256978,000000000,000000000,0093.801,0004.148,0000.592,0309
 
000256996,000000000,000000000,0093.806,0004.188,0000.587,0309
 
000257014,000000000,000000000,0093.802,0004.204,0000.582,0309
 
000257032,000000000,000000000,0093.804,0004.197,0000.579,0310
 
000257050,000000000,000000000,0093.799,0004.172,0000.592,0309
 
000257068,000000000,000000000,0093.801,0004.151,0000.566,0310
 
000257086,000000000,000000000,0093.819,0004.134,0000.545,0309
 
000257104,000000000,000000000,0093.832,0004.135,0000.544,0289
 
000257122,000000000,000000000,0093.830,0004.118,0000.581,0310
 
000257140,000000000,000000000,0093.826,0004.160,0000.577,0309
 
000257158,000000000,000000000,0093.827,0004.163,0000.573,0310
 
000257176,000000000,000000000,0093.840,0004.181,0000.569,0309
 
000257194,000000000,000000000,0093.840,0004.201,0000.546,0310
 
000257212,000000000,000000000,0093.848,0004.197,0000.545,0310
 
000257230,000000000,000000000,0093.849,0004.192,0000.524,0309
 
000257248,000000000,000000000,0093.831,0004.187,0000.505,0310
 
000257266,000000000,000000000,0093.833,0004.144,0000.526,0315
 
000257284,000000000,000000000,0093.847,0004.103,0000.544,0310
 
000257302,000000000,000000000,0093.841,0004.129,0000.545,0310
 
000257320,000000000,000000000,0093.843,0004.170,0000.564,0310
 
000257338,000000000,000000000,0093.848,0004.190,0000.561,0310
 
000257356,000000000,000000000,0093.865,0004.208,0000.557,0310
 
000257374,000000000,000000000,0093.876,0004.206,0000.536,0309
 
000257392,000000000,000000000,0093.884,0004.199,0000.514,0310
 
000257410,000000000,000000000,0093.888,0004.193,0000.496,0309
 
000257428,000000000,000000000,0093.885,0004.165,0000.499,0310
 
000257446,000000000,000000000,0093.882,0004.140,0000.520,0310
 
000257464,000000000,000000000,0093.886,0004.160,0000.519,0309
 
000257482,000000000,000000000,0093.891,0004.158,0000.538,0310
 
000257500,000000000,000000000,0093.903,0004.178,0000.537,0309
 
000257518,000000000,000000000,0093.910,0004.216,0000.536,0309
 
000257536,000000000,000000000,0093.910,0004.229,0000.516,0310
 
000257554,000000000,000000000,0093.912,0004.243,0000.498,0309
 
000257572,000000000,000000000,0093.911,0004.255,0000.482,0310
 
000257590,000000000,000000000,0093.900,0004.244,0000.486,0310
 
000257608,000000000,000000000,0093.891,0004.258,0000.489,0309
 
000257626,000000000,000000000,0093.898,0004.228,0000.510,0309
 
000257644,000000000,000000000,0093.901,0004.221,0000.512,0310
 
000257662,000000000,000000000,0093.904,0004.236,0000.513,0310
 
000257680,000000000,000000000,0093.910,0004.230,0000.534,0309
 
000257698,000000000,000000000,0093.912,0004.224,0000.515,0309
 
000257716,000000000,000000000,0093.910,0004.238,0000.516,0309
 
000257734,000000000,000000000,0093.900,0004.252,0000.516,0310
 
000257752,000000000,000000000,0093.891,0004.263,0000.517,0309
 
000257770,000000000,000000000,0093.892,0004.270,0000.538,0310
 
000257788,000000000,000000000,0093.900,0004.237,0000.536,0310
 
000257806,000000000,000000000,0093.902,0004.210,0000.536,0309
 
000257824,000000000,000000000,0093.889,0004.224,0000.556,0309
 
000257842,000000000,000000000,0093.896,0004.215,0000.593,0309
 
000257860,000000000,000000000,0093.886,0004.211,0000.587,0309
 
000257878,000000000,000000000,0093.900,0004.223,0000.583,0309
 
000257896,000000000,000000000,0093.905,0004.234,0000.579,0309
 
000257914,000000000,000000000,0093.895,0004.211,0000.576,0289
 
000257932,000000000,000000000,0093.896,0004.225,0000.534,0310
 
000257950,000000000,000000000,0093.886,0004.223,0000.533,0289
 
000257968,000000000,000000000,0093.874,0004.235,0000.533,0310
 
000257986,000000000,000000000,0093.874,0004.229,0000.531,0310
 
000258004,000000000,000000000,0093.866,0004.203,0000.567,0310
 
000258022,000000000,000000000,0093.867,0004.199,0000.563,0310
 
000258040,000000000,000000000,0093.855,0004.194,0000.561,0310
 
000258058,000000000,000000000,0093.851,0004.231,0000.596,0310
 
000258076,000000000,000000000,0093.866,0004.227,0000.611,0309
 
000258094,000000000,000000000,0093.859,0004.260,0000.586,0310
 
000258112,000000000,000000000,0093.874,0004.272,0000.602,0309
 
000258130,000000000,000000000,0093.887,0004.280,0000.594,0309
 
000258148,000000000,000000000,0093.879,0004.288,0000.589,0309
 
000258166,000000000,000000000,0093.882,0004.295,0000.585,0310
 
000258184,000000000,000000000,0093.880,0004.285,0000.580,0309
 
000258202,000000000,000000000,0093.883,0004.278,0000.577,0309
 
000258220,000000000,000000000,0093.875,0004.247,0000.573,0310
 
000258238,000000000,000000000,0093.868,0004.239,0000.569,0310
 
000258256,000000000,000000000,0093.865,0004.271,0000.564,0309
 
000258274,000000000,000000000,0093.864,0004.281,0000.580,0310
 
000258292,000000000,000000000,0093.866,0004.311,0000.595,0309
 
000258310,000000000,000000000,0093.857,0004.333,0000.609,0310
 
000258328,000000000,000000000,0093.847,0004.335,0000.621,0309
 
000258346,000000000,000000000,0093.841,0004.322,0000.613,0309
 
000258364,000000000,000000000,0093.821,0004.309,0000.605,0309
 
000258382,000000000,000000000,0093.833,0004.299,0000.618,0309
 
000258400,000000000,000000000,0093.816,0004.303,0000.611,0310
 
000258418,000000000,000000000,0093.814,0004.291,0000.603,0309
 
000258436,000000000,000000000,0093.814,0004.299,0000.596,0310
 
000258454,000000000,000000000,0093.807,0004.288,0000.590,0309
 
000258472,000000000,000000000,0093.804,0004.295,0000.605,0310
 
000258490,000000000,000000000,0093.797,0004.264,0000.579,0310
 
000258508,000000000,000000000,0093.806,0004.257,0000.575,0309
 
000258526,000000000,000000000,0093.800,0004.251,0000.572,0309
 
000258544,000000000,000000000,0093.798,0004.240,0000.569,0309
 
000258562,000000000,000000000,0093.813,0004.251,0000.565,0309
 
000258580,000000000,000000000,0093.812,0004.242,0000.542,0289
 
000258598,000000000,000000000,0093.802,0004.234,0000.521,0290
 
000258616,000000000,000000000,0093.798,0004.247,0000.483,0310
 
000258634,000000000,000000000,0093.800,0004.219,0000.486,0309
 
000258652,000000000,000000000,0093.792,0004.211,0000.490,0310
 
000258670,000000000,000000000,0093.792,0004.206,0000.494,0309
 
000258688,000000000,000000000,0093.794,0004.203,0000.495,0289
 
000258706,000000000,000000000,0093.776,0004.180,0000.497,0309
 
000258724,000000000,000000000,0093.779,0004.182,0000.502,0309
 
000258742,000000000,000000000,0093.786,0004.179,0000.524,0310
 
000258760,000000000,000000000,0093.781,0004.175,0000.543,0310
 
000258778,000000000,000000000,0093.794,0004.193,0000.541,0310
 
000258796,000000000,000000000,0093.795,0004.211,0000.540,0310
 
000258814,000000000,000000000,0093.790,0004.226,0000.538,0309
 
000258832,000000000,000000000,0093.806,0004.238,0000.538,0309
 
000258850,000000000,000000000,0093.812,0004.247,0000.538,0310
 
000258868,000000000,000000000,0093.806,0004.258,0000.518,0309
 
000258886,000000000,000000000,0093.798,0004.267,0000.518,0309
 
000258904,000000000,000000000,0093.800,0004.257,0000.520,0310
 
000258922,000000000,000000000,0093.801,0004.268,0000.520,0309
 
000258940,000000000,000000000,0093.814,0004.275,0000.560,0309
 
000258958,000000000,000000000,0093.818,0004.282,0000.556,0309
 
000258976,000000000,000000000,0093.822,0004.292,0000.554,0309
 
000258994,000000000,000000000,0093.820,0004.281,0000.551,0309
 
000259012,000000000,000000000,0093.823,0004.270,0000.549,0309
 
000259030,000000000,000000000,0093.810,0004.299,0000.528,0309
 
000259048,000000000,000000000,0093.822,0004.322,0000.548,0309
 
000259066,000000000,000000000,0093.822,0004.326,0000.545,0309
 
000259084,000000000,000000000,0093.814,0004.315,0000.545,0309
 
000259102,000000000,000000000,0093.807,0004.303,0000.543,0309
 
000259120,000000000,000000000,0093.801,0004.292,0000.542,0309
 
000259138,000000000,000000000,0093.807,0004.281,0000.579,0310
 
000259156,000000000,000000000,0093.795,0004.308,0000.555,0310
 
000259174,000000000,000000000,0093.792,0004.334,0000.533,0309
 
000259192,000000000,000000000,0093.787,0004.306,0000.495,0309
 
000259210,000000000,000000000,0093.769,0004.275,0000.518,0309
 
000259228,000000000,000000000,0093.759,0004.264,0000.518,0309
 
000259246,000000000,000000000,0093.771,0004.256,0000.520,0309
 
000259264,000000000,000000000,0093.767,0004.263,0000.521,0310
 
000259282,000000000,000000000,0093.765,0004.253,0000.540,0309
 
000259300,000000000,000000000,0093.771,0004.243,0000.559,0309
 
000259318,000000000,000000000,0093.772,0004.220,0000.540,0309
 
000259336,000000000,000000000,0093.779,0004.198,0000.520,0310
 
000259354,000000000,000000000,0093.778,0004.154,0000.521,0309
 
000259372,000000000,000000000,0093.772,0004.135,0000.522,0309
 
000259390,000000000,000000000,0093.768,0004.135,0000.523,0289
 
000259408,000000000,000000000,0093.780,0004.154,0000.524,0309
 
000259426,000000000,000000000,0093.783,0004.193,0000.523,0309
 
000259444,000000000,000000000,0093.801,0004.187,0000.542,0310
 
000259462,000000000,000000000,0093.810,0004.202,0000.541,0310
 
000259480,000000000,000000000,0093.815,0004.218,0000.558,0309
 
000259498,000000000,000000000,0093.805,0004.232,0000.575,0310
 
000259516,000000000,000000000,0093.804,0004.203,0000.591,0310
 
000259534,000000000,000000000,0093.804,0004.178,0000.586,0310
 
000259552,000000000,000000000,0093.794,0004.177,0000.582,0310
 
000259570,000000000,000000000,0093.796,0004.193,0000.577,0309
 
000259588,000000000,000000000,0093.795,0004.209,0000.573,0309
 
000259606,000000000,000000000,0093.812,0004.201,0000.570,0310
 
000259624,000000000,000000000,0093.836,0004.193,0000.584,0310
 
000259642,000000000,000000000,0093.853,0004.187,0000.560,0309
 
000259660,000000000,000000000,0093.855,0004.181,0000.537,0309
 
000259678,000000000,000000000,0093.873,0004.155,0000.536,0309
 
000259696,000000000,000000000,0093.875,0004.154,0000.536,0310
 
000259714,000000000,000000000,0093.884,0004.169,0000.556,0309
 
000259732,000000000,000000000,0093.883,0004.184,0000.572,0310
 
000259750,000000000,000000000,0093.880,0004.202,0000.548,0310
 
000259768,000000000,000000000,0093.887,0004.220,0000.525,0309
 
