000442874,000000000,000000000,0111.836,0003.878,0000.728,0006
 
000442899,000000000,000000000,0111.648,0003.862,0000.725,0173
 
000442923,000000000,000000000,0111.054,0004.103,0000.483,0167
 
000442947,000000000,000000000,0110.976,0004.102,0000.725,0167
 
000442971,000000000,000000000,0110.885,0004.120,0000.486,0167
 
000442995,000000000,000000000,0110.854,0004.343,0000.483,0173
 
000443019,000000000,000000000,0111.799,0003.878,0000.486,0173
 
000443043,000000000,000000000,0111.157,0004.103,0000.483,0173
 
000443067,000000000,000000000,0109.633,0004.583,0000.967,0173
 
000443091,000000000,000000000,0111.241,0003.862,0000.483,0173
 
000443115,000000000,000000000,0111.515,0003.878,0000.486,0166
 
000443139,000000000,000000000,0110.546,0004.103,0000.483,0179
 
000443163,000000000,000000000,0112.085,0003.846,0000.481,0179
 
000443187,000000000,000000000,0110.511,0003.846,0000.722,0173
 
000443211,000000000,000000000,0109.283,0005.042,0000.722,0179
 
000443235,000000000,000000000,0111.365,0004.343,0000.725,0166
 
000443259,000000000,000000000,0110.383,0004.307,0000.719,0166
 
000443283,000000000,000000000,0110.349,0004.325,0000.722,0006
 
000443307,000000000,000000000,0110.104,0004.343,0000.725,0006
 
000443331,000000000,000000000,0110.386,0004.103,0000.242,0006
 
000443355,000000000,000000000,0110.226,0004.325,0000.481,0006
 
000443379,000000000,000000000,0110.400,0003.862,0000.725,0166
 
000443403,000000000,000000000,0111.773,0003.576,0000.955,0006
 
000443427,000000000,000000000,0111.001,0004.068,0000.479,0166
 
000443451,000000000,000000000,0111.256,0004.103,0000.483,0006
 
000443475,000000000,000000000,0113.037,0003.140,0000.483,0166
 
000443499,000000000,000000000,0112.521,0003.606,0000.241,0166
 
000443523,000000000,000000000,0110.209,0004.325,0000.481,0166
 
000443547,000000000,000000000,0110.948,0004.085,0000.481,0167
 
000443571,000000000,000000000,0111.674,0003.591,0000.719,0167
 
000443595,000000000,000000000,0111.383,0003.862,0000.725,0167
 
000443619,000000000,000000000,0111.191,0003.862,0000.967,0167
 
000443643,000000000,000000000,0110.329,0004.325,0000.481,0167
 
000443667,000000000,000000000,0110.717,0004.085,0000.481,0167
 
000443691,000000000,000000000,0110.298,0004.051,0001.193,0167
 
000443715,000000000,000000000,0110.393,0004.325,0000.481,0167
 
000443739,000000000,000000000,0109.105,0004.603,0000.243,0173
 
000443763,000000000,000000000,0111.962,0003.830,0000.719,0179
 
000443787,000000000,000000000,0110.925,0003.862,0000.483,0166
 
000443811,000000000,000000000,0111.790,0004.103,0000.483,0167
 
000443835,000000000,000000000,0110.220,0004.307,0000.719,0179
 
000443859,000000000,000000000,0111.139,0004.103,0000.483,0006
 
000443883,000000000,000000000,0112.253,0003.878,0000.486,0179
 
000443907,000000000,000000000,0110.258,0004.085,0000.481,0166
 
000443931,000000000,000000000,0110.825,0004.343,0000.725,0166
 
000443955,000000000,000000000,0110.735,0004.120,0000.486,0179
 
000443979,000000000,000000000,0111.073,0003.814,0000.716,0166
 
000444003,000000000,000000000,0110.490,0004.325,0000.722,0179
 
000444027,000000000,000000000,0110.269,0004.137,0000.731,0166
 
000444051,000000000,000000000,0111.069,0004.307,0000.479,0179
 
000444075,000000000,000000000,0110.744,0004.103,0000.483,0166
 
000444099,000000000,000000000,0111.546,0004.103,0000.242,0166
 
000444123,000000000,000000000,0110.510,0004.325,0000.481,0006
 
000444147,000000000,000000000,0112.850,0003.621,0000.242,0006
 
000444171,000000000,000000000,0111.108,0003.846,0000.241,0166
 
000444195,000000000,000000000,0111.359,0003.862,0000.483,0006
 
000444219,000000000,000000000,0110.881,0004.068,0000.479,0006
 
000444243,000000000,000000000,0110.243,0004.325,0000.481,0166
 
000444267,000000000,000000000,0110.960,0003.862,0000.725,0166
 
000444291,000000000,000000000,0110.901,0004.120,0000.000,0167
 
000444315,000000000,000000000,0111.590,0003.862,0000.483,0006
 
000444339,000000000,000000000,0110.803,0004.085,0000.722,0167
 
000444363,000000000,000000000,0111.553,0003.878,0000.486,0167
 
000444387,000000000,000000000,0110.605,0004.120,0000.486,0167
 
000444411,000000000,000000000,0111.327,0003.846,0000.722,0167
 
000444435,000000000,000000000,0109.909,0004.085,0000.481,0167
 
000444459,000000000,000000000,0109.955,0004.325,0000.481,0167
 
000444483,000000000,000000000,0111.273,0004.085,0000.722,0173
 
000444507,000000000,000000000,0112.171,0003.798,0000.713,0167
 
000444531,000000000,000000000,0109.380,0004.545,0000.719,0173
 
000444555,000000000,000000000,0110.446,0004.052,0000.477,0173
 
000444579,000000000,000000000,0111.587,0004.103,0000.483,0173
 
000444603,000000000,000000000,0111.177,0004.085,0000.481,0006
 
000444627,000000000,000000000,0111.001,0004.068,0000.479,0179
 
000444651,000000000,000000000,0110.771,0004.120,0000.486,0179
 
000444675,000000000,000000000,0110.653,0004.120,0000.486,0179
 
000444699,000000000,000000000,0111.206,0004.103,0000.483,0179
 
000444723,000000000,000000000,0110.723,0004.068,0000.719,0006
 
000444747,000000000,000000000,0110.613,0004.361,0000.486,0006
 
000444771,000000000,000000000,0110.252,0004.069,0000.240,0006
 
000444795,000000000,000000000,0111.651,0003.846,0000.481,0006
 
000444819,000000000,000000000,0111.645,0004.085,0000.481,0006
 
000444843,000000000,000000000,0110.420,0004.343,0000.483,0006
 
000444867,000000000,000000000,0111.156,0004.102,0000.725,0006
 
000444891,000000000,000000000,0111.591,0004.068,0000.719,0006
 
000444915,000000000,000000000,0111.407,0003.862,0000.242,0166
 
000444939,000000000,000000000,0111.126,0003.846,0000.722,0006
 
000444963,000000000,000000000,0110.975,0004.068,0000.959,0166
 
000444987,000000000,000000000,0110.705,0004.103,0000.242,0006
 
000445011,000000000,000000000,0110.641,0004.325,0000.722,0166
 
000445035,000000000,000000000,0110.892,0003.829,0000.959,0167
 
000445059,000000000,000000000,0111.326,0003.846,0000.722,0167
 
000445083,000000000,000000000,0111.477,0003.862,0000.242,0167
 
000445107,000000000,000000000,0111.421,0003.862,0000.483,0167
 
000445131,000000000,000000000,0109.930,0004.137,0000.731,0167
 
000445155,000000000,000000000,0110.237,0004.325,0000.481,0167
 
000445179,000000000,000000000,0111.423,0003.606,0000.722,0167
 
000445203,000000000,000000000,0111.714,0004.069,0000.240,0167
 
000445227,000000000,000000000,0110.745,0004.068,0000.719,0179
 
000445251,000000000,000000000,0111.924,0003.862,0000.242,0167
 
000445275,000000000,000000000,0110.359,0004.361,0000.486,0173
 
000445299,000000000,000000000,0110.736,0004.137,0000.731,0167
 
000445323,000000000,000000000,0110.799,0004.068,0000.479,0179
 
000445347,000000000,000000000,0112.540,0003.814,0000.239,0173
 
000445371,000000000,000000000,0110.811,0004.362,-000.243,0166
 
000445395,000000000,000000000,0110.883,0004.068,0000.479,0179
 
000445419,000000000,000000000,0111.567,0003.830,0000.719,0173
 
000445443,000000000,000000000,0110.408,0004.103,0000.242,0173
 
000445467,000000000,000000000,0110.388,0004.361,0000.486,0179
 
000445491,000000000,000000000,0111.441,0003.846,0000.481,0166
 
000445515,000000000,000000000,0111.605,0004.085,0000.481,0166
 
000445539,000000000,000000000,0110.243,0004.307,0000.479,0166
 
000445563,000000000,000000000,0111.126,0004.085,0000.481,0006
 
000445587,000000000,000000000,0111.100,0004.173,0000.246,0179
 
000445611,000000000,000000000,0110.697,0004.102,0000.725,0006
 
000445635,000000000,000000000,0110.536,0004.085,0000.481,0006
 
000445659,000000000,000000000,0111.374,0004.103,0000.242,0166
 
000445683,000000000,000000000,0110.779,0004.085,0000.481,0166
 
000445707,000000000,000000000,0110.271,0004.289,0000.716,0166
 
000445731,000000000,000000000,0109.232,0004.583,0000.483,0166
 
000445755,000000000,000000000,0110.637,0004.307,0000.479,0166
 
000445779,000000000,000000000,0092.494,0011.891,-005.687,0167
 
000445803,000000000,-00000007,0110.085,0004.289,0000.477,0166
 
000445827,000000001,-00000013,0109.688,0004.823,0000.483,0167
 
000445851,000000002,-00000014,0112.368,0003.380,0000.725,0168
 
000445875,000000002,000000231,0111.740,0003.591,0000.959,0167
 
000445899,000000000,-00000025,0111.793,0003.862,0000.242,0167
 
000445923,000000002,-00000025,0109.450,0004.823,0000.483,0167
 
000445947,000000003,-00000025,0111.587,0004.052,0000.239,0167
 
000445971,000000002,000000231,0110.098,0004.823,0000.483,0167
 
000445995,000000002,-00000025,0107.904,0005.280,0000.963,0167
 
000446019,000000002,-00000025,0109.259,0004.621,0001.219,0167
 
000446043,000000002,-00006940,0112.264,0003.637,0000.486,0167
 
000446067,000000001,-00000029,0110.749,0003.636,0000.971,0167
 
000446091,000000002,-00000028,0110.060,0004.803,0000.241,0179
 
000446115,000000000,-00000026,0112.297,0003.830,0000.479,0179
 
000446139,000000001,-00000028,0111.742,0003.829,0000.959,0177
 
000446163,000000001,-00000032,0113.135,0003.126,0001.444,0179
 
000446187,000000003,-00000049,0111.677,0004.120,0000.486,0179
 
000446211,000000003,-00000049,0110.221,0004.764,0000.239,0179
 
000446235,000000002,-00000032,0111.988,0003.591,0000.959,0179
 
000446259,000000001,-00000031,0109.358,0005.000,0000.716,0179
 
000446283,000000001,-00000032,0111.262,0004.085,0000.481,0179
 
000446307,000000001,-00000049,0110.971,0004.084,0001.444,0006
 
000446331,000000002,-00000049,0112.597,0003.352,0001.198,0006
 
000446355,000000001,-00000049,0109.738,0004.823,0000.725,0006
 
000446379,000000000,-00000049,0111.283,0003.861,0001.450,0006
 
000446403,000000000,-00000049,0110.768,0004.289,0000.955,0006
 
000446427,000000000,-00000049,0111.561,0003.830,0000.479,0166
 
000446451,-00000002,-00000049,0110.384,0004.325,0000.481,0166
 
000446475,-00000002,-00000049,0110.944,0004.362,0000.243,0006
 
000446499,-00000002,-00000049,0111.465,0004.803,-000.481,0166
 
000446523,-00000002,-00000049,0109.296,0005.326,0000.243,0006
 
000446547,-00000001,-00000049,0110.985,0004.287,0001.909,0166
 
000446571,-00000004,-00000049,0108.312,0005.471,0001.909,0166
 
000446595,-00000007,-00000049,0115.489,0003.324,-000.713,0166
 
000446619,-00000007,-00000049,0107.986,0005.758,0000.481,0167
 
000446643,-00000004,-00000049,0113.698,0003.394,0000.971,0166
 
000446667,000000249,-00000049,0112.826,0003.844,0001.685,0166
 
000446691,-00000007,-00000050,0111.121,0004.823,0000.483,0167
 
000446715,-00000008,-00000050,0113.652,0003.830,0000.240,0166
 
000446739,-00000007,-00000050,0115.233,0003.338,0000.239,0166
 
000446763,-00000004,-00000049,0113.370,0004.120,0000.728,0166
 
000446787,-00000001,-00012337,0115.387,0003.606,-000.241,0167
 
000446811,000000000,-00000049,0112.342,0005.237,0000.000,0167
 
000446834,-00000001,-00000049,0111.344,0005.216,0000.000,0167
 
000446859,000000000,-00000049,0113.975,0004.052,0000.477,0167
 
000446883,000000000,-00000049,0113.438,0004.380,0000.244,0167
 
000446907,000000003,-00000049,0113.863,0004.564,-000.241,0179
 
000446931,000000002,-00000049,0111.502,0004.842,0001.699,0179
 
000446955,000000003,-00000049,0114.048,0004.325,0000.241,0166
 
000446979,000000000,-00000052,0116.785,0003.113,0000.479,0179
 
000447003,000000000,-00000053,0115.155,0003.846,0000.000,0168
 
000447027,000000000,-00000055,0115.827,0003.126,0000.481,0166
 
000447051,000000001,-00000052,0113.823,0004.545,0000.719,0167
 
000447075,000000001,-00000050,0112.056,0004.801,0001.685,0006
 
000447099,000000001,-00000052,0114.905,0003.878,0000.486,0167
 
000447123,000000001,-00012337,0113.712,0004.564,0000.000,0007
 
000447147,000000000,-00012337,0116.125,0003.113,0000.479,0167
 
000447171,000000000,-00012337,0111.339,0004.863,0001.219,0167
 
000447195,-00000001,-00000049,0114.750,0003.380,0000.967,0166
 
000447219,-00000002,-00000049,0113.088,0004.343,0000.967,0006
 
000447243,-00000001,-00000049,0112.112,0005.042,0000.241,0167
 
000447267,-00000001,-00000049,0112.296,0004.823,0000.483,0166
 
000447291,-00000001,-00000049,0115.764,0003.325,0000.475,0166
 
000447315,-00000002,-00000049,0114.842,0003.620,0001.450,0167
 
000447339,-00000002,-00000049,0112.518,0005.021,0000.479,0006
 
000447363,-00000004,-00000049,0113.530,0004.325,0000.722,0166
 
000447387,-00000007,-00000049,0114.630,0003.846,0000.722,0166
 
000447411,-00000007,-00000049,0114.244,0004.380,0000.488,0167
 
000447435,-00000007,-00000049,0117.198,0003.352,0000.000,0167
 
000447459,-00001543,-00012337,0114.902,0003.798,0000.475,0166
 
000447483,-00000007,-00000049,0114.487,0004.361,0000.728,0167
 
000447507,-00000004,-00000049,0111.009,0005.589,0001.219,0167
 
000447531,-00000007,-00000052,0114.696,0004.343,0000.967,0166
 
000447555,-00000007,-00000055,0116.750,0004.069,-000.240,0166
 
000447579,-00000007,-00000049,0114.227,0004.361,0000.971,0179
 
000447603,-00001543,-00000256,0115.796,0003.830,0000.719,0168
 
000447627,-00000007,-00000050,0116.760,0003.606,0000.481,0166
 
000447651,-00000004,-00000055,0112.931,0005.237,0000.716,0179
 
000447675,-00000004,-00000056,0115.500,0004.068,0000.719,0179
 
000447699,-00000002,-00000056,0110.992,0006.157,0000.713,0179
 
000447723,-00000001,-00000056,0119.306,0003.409,-000.488,0179
 
000447747,-00000002,-00000055,0112.963,0005.021,0000.719,0179
 
000447771,-00000004,-00000055,0118.180,0002.874,0000.719,0179
 
000447795,-00000004,-00000060,0119.278,0002.646,0000.722,0179
 
000447819,-00000004,-00000058,0115.003,0004.844,0000.728,0179
 
000447843,-00000004,-00000058,0112.095,0005.782,0000.725,0006
 
000447867,-00000004,-00000060,0115.089,0004.034,0001.189,0167
 
000447891,-00000004,-00000063,0117.424,0003.798,0000.238,0006
 
000447915,-00000004,-00000062,0111.708,0005.972,0000.000,0006
 
000447938,-00000004,-00000061,0120.109,0003.113,0000.000,0006
 
000447963,-00000004,-00000061,0118.267,0003.352,0000.719,0167
 
000447987,-00000001,-00000060,0117.573,0003.380,0000.725,0007
 
000448011,-00000001,-00000058,0115.102,0005.042,0000.000,0006
 
000448035,-00000001,-00000055,0116.660,0003.590,0001.198,0007
 
000448059,-00000001,-00000056,0117.372,0003.829,0000.959,0006
 
000448083,-00000002,-00000055,0115.382,0004.325,0000.481,0166
 
000448107,-00000001,-00000052,0116.457,0004.289,0000.477,0166
 
000448131,-00000002,-00000055,0116.302,0004.271,0000.238,0166
 
000448155,-00000004,-00000056,0114.426,0004.704,0000.943,0167
 
000448179,-00000002,-00000056,0113.154,0004.959,0000.474,0167
 
000448203,-00000002,-00000057,0113.564,0005.021,0000.719,0167
 
000448227,-00000004,-00000057,0117.755,0003.846,0000.000,0167
 
000448251,-00000007,-00000060,0113.957,0004.324,0001.444,0007
 
000448275,-00000007,-00000062,0115.767,0004.602,0000.971,0167
 
000448299,-00000007,-00000063,0116.463,0004.508,0000.238,0167
 
000448323,-00000772,-00000062,0114.885,0004.844,0000.000,0006
 
000448347,-00000004,-00000062,0116.267,0004.362,0000.243,0167
 
000448371,-00000007,-00000063,0116.687,0004.068,0000.959,0167
 
000448395,-00000007,-00000064,0117.098,0003.878,0000.486,0167
 
000448419,-00000007,-00000063,0114.639,0005.021,0000.000,0169
 
000448443,-00000004,000000159,0118.091,0003.798,-000.238,0166
 
000448467,-00000004,-00000097,0117.301,0003.798,0000.475,0168
 
000448491,-00000007,-00000097,0116.348,0004.564,0000.000,0168
 
000448515,-00000008,-00000097,0114.998,0004.083,0001.925,0166
 
000448539,-00000013,-00000097,0115.412,0004.526,0000.955,0166
 
000448563,-00000013,-00000097,0118.747,0003.126,0000.722,0179
 
000448587,-00000013,-00000097,0119.876,0002.899,0000.242,0167
 
000448611,-00000008,-00000097,0118.263,0003.606,0000.722,0006
 
000448635,-00000013,-00000097,0113.916,0005.259,0000.959,0006
 
000448659,-00000013,-00000097,0115.899,0004.324,0000.963,0006
 
000448683,-00000013,-00000097,0117.199,0004.068,0000.479,0166
 
000448707,-00000007,-00000097,0120.148,0003.366,0000.000,0167
 
000448731,-00000007,-00000097,0117.935,0003.636,0000.728,0166
 
000448755,-00000007,-00000063,0121.127,0002.147,0000.716,0167
 
000448779,000000249,-00000058,0114.507,0005.303,0000.000,0167
 
000448803,-00000008,-00000060,0117.569,0004.034,0000.951,0168
 
000448827,-00000007,-00000058,0117.285,0004.085,0001.204,0167
 
000448851,-00000007,-00000055,0117.597,0004.343,0000.242,0166
 
000448875,-00000007,-00000052,0121.429,0002.657,0000.483,0166
 
000448899,-00000007,-00000049,0119.730,0003.113,0000.240,0167
 
000448923,-00000002,-00012337,0116.782,0004.307,0000.240,0166
 
000448947,000000000,-00000049,0118.209,0003.846,0000.722,0167
 
000448971,000000000,-00000049,0116.227,0004.545,0000.479,0167
 
000448995,-00000002,-00000049,0116.521,0004.380,0000.244,0167
 
000449019,-00000001,-00000049,0116.396,0004.325,0000.481,0167
 
000449043,-00000001,-00000049,0116.068,0004.744,0000.475,0167
 
000449067,-00000001,000000207,0115.551,0005.064,0000.000,0179
 
000449091,-00000001,-00000049,0114.659,0005.303,0000.483,0167
 
000449115,000000000,-00000049,0113.570,0005.280,0001.204,0167
 
000449139,000000000,000000207,0115.658,0004.361,0000.728,0179
 
000449163,-00000001,-00000049,0115.591,0004.343,0000.725,0179
 
000449187,000000000,000000207,0116.051,0004.361,0000.486,0179
 
000449211,-00000002,-00000049,0116.620,0004.307,0000.479,0179
 
000449235,-00000004,-00000032,0117.026,0004.052,0000.239,0179
 
000449259,-00000004,-00000031,0119.009,0003.100,0000.477,0179
 
000449283,-00000002,-00000030,0115.831,0004.325,0000.722,0006
 
000449307,-00000001,-00000029,0117.463,0003.606,0000.481,0166
 
000449331,000000000,-00000029,0115.344,0004.289,0000.955,0006
 
000449355,000000000,-00000027,0118.991,0003.381,0000.483,0167
 
000449379,000000000,-00000025,0118.374,0003.113,0000.479,0006
 
000449403,000000001,-00000025,0112.523,0005.021,0000.959,0006
 
000449427,000000000,-00006169,0116.992,0003.621,0000.483,0167
 
000449451,-00000001,-00000025,0114.251,0004.545,0000.479,0166
 
000449475,-00000002,-00000025,0115.985,0004.085,0000.481,0006
 
000449499,-00000004,-00000025,0117.357,0003.591,0000.479,0166
 
000449523,-00000002,-00000025,0114.653,0004.343,0000.483,0167
 
000449547,-00000772,-00000772,0116.069,0004.052,0000.239,0168
 
000449571,-00000002,-00000025,0117.235,0003.606,0000.722,0168
 
000449595,-00000001,-00000025,0115.606,0004.289,0000.477,0006
 
000449619,-00000002,-00000015,0114.957,0004.325,0000.481,0166
 
000449643,-00000001,-00000014,0112.676,0005.042,0000.481,0167
 
000449667,-00000001,-00000014,0115.374,0004.343,0000.483,0167
 
000449691,-00000002,-00000014,0115.101,0004.307,0000.479,0167
 
000449715,-00000002,-00000013,0113.684,0004.564,0000.481,0167
 
000449739,000000000,-00000014,0115.589,0004.102,0000.725,0167
 
000449763,000000252,-00000015,0110.754,0005.325,0001.214,0167
 
000449787,-00000004,-00000025,0115.126,0003.862,0000.725,0167
 
000449811,000000249,000000231,0116.289,0003.113,0000.000,0167
 
000449835,-00000772,-00000256,0115.656,0004.086,-000.241,0166
 
000449859,-00000002,-00000016,0116.148,0003.715,0000.000,0006
 
000449883,-00000001,-00000014,0114.177,0004.085,0000.481,0167
 
000449907,000000000,-00000013,0113.513,0004.325,0000.722,0168
 
000449931,000000000,-00000013,0114.511,0003.862,0000.483,0179
 
000449955,-00000001,-00000007,0114.460,0004.086,0000.241,0179
 
000449979,000000000,-00000007,0115.057,0004.052,0000.239,0166
 
000450003,000000000,-00000007,0113.297,0004.583,0000.242,0166
 
000450027,000000000,-00000007,0113.949,0004.783,0000.240,0006
 
000450051,000000000,-00000007,0117.206,0003.606,0000.481,0167
 
000450075,-00000001,-00000004,0116.213,0003.352,0000.479,0006
 
000450099,-00000001,-00000002,0113.751,0004.120,0000.486,0167
 
000450123,000000000,-00000002,0113.782,0004.068,0000.719,0006
 
000450147,000000000,-00000002,0113.972,0004.102,0000.725,0167
 
000450171,000000000,-00000002,0114.979,0003.846,0000.481,0006
 
000450195,000000000,-00000001,0112.266,0005.000,0000.477,0167
 
000450219,000000000,-00000001,0112.849,0004.764,0000.239,0167
 
000450243,000000000,-00000004,0112.215,0004.803,0000.481,0167
 
000450267,000000000,-00000004,0112.312,0004.526,0000.477,0166
 
000450291,-00000001,-00000004,0113.834,0003.846,0000.481,0166
 
000450315,000000000,-00000004,0114.018,0004.085,0000.481,0166
 
000450339,000000000,-00000002,0114.375,0003.814,0000.477,0166
 
000450363,-00000001,000000000,0113.469,0004.307,0000.479,0166
 
000450387,000000000,-00000001,0112.290,0004.583,0000.483,0166
 
000450411,000000000,000000000,0113.766,0004.325,0000.481,0166
 
000450435,000000000,000000000,0113.549,0003.846,0000.481,0166
 
000450459,000000000,-00000002,0114.411,0003.814,0000.239,0166
 
000450483,000000000,-00000001,0113.417,0004.583,0000.242,0166
 
000450507,000000000,000000000,0113.029,0004.051,0000.716,0166
 
000450531,000000000,000000000,0113.071,0004.307,0000.479,0166
 
000450555,000000000,000000000,0114.135,0004.085,0000.481,0166
 
000450579,000000000,000000000,0113.245,0004.325,0000.481,0166
 
000450603,000000000,-00000001,0112.461,0004.864,0000.244,0166
 
000450627,000000000,-00000001,0112.027,0004.823,0000.483,0166
 
000450651,000000000,000000252,0114.381,0003.862,0000.483,0166
 
000450675,000000001,-00000001,0112.802,0004.361,0000.486,0179
 
000450699,000000000,-00000001,0112.460,0004.545,0000.479,0166
 
000450723,000000000,000000000,0111.888,0004.823,0000.725,0166
 
000450747,000000000,000000000,0113.161,0004.343,0000.242,0166
 
000450771,000000000,000000000,0115.126,0003.591,0000.240,0167
 
000450795,000000000,000000000,0113.607,0004.325,0000.241,0179
 
000450819,000000000,000000000,0112.622,0004.343,0000.242,0166
 
000450843,000000000,000000000,0111.675,0004.564,0000.241,0006
 
000450867,000000000,000000000,0113.672,0004.086,0000.241,0166
 
000450891,000000000,000000000,0112.685,0004.343,0000.242,0167
 
000450915,000000000,000000000,0112.331,0004.343,0000.725,0166
 
000450939,000000000,000000000,0112.822,0004.051,0000.955,0167
 
000450963,000000000,000000000,0112.595,0004.325,0000.481,0167
 
000450987,000000000,000000000,0111.313,0004.583,0000.483,0166
 
000451011,000000000,000000000,0112.793,0004.583,0000.242,0167
 
000451035,000000000,000000000,0113.369,0004.343,0000.483,0166
 
000451059,000000000,000000000,0113.590,0004.343,0000.483,0166
 
000451083,000000000,000000000,0113.875,0003.830,0000.479,0166
 
000451107,000000000,000000000,0112.840,0004.603,0000.243,0166
 
000451131,000000000,000000000,0112.013,0004.343,0000.483,0167
 
000451155,000000000,000000000,0112.645,0004.325,0000.722,0173
 
000451179,000000000,000000000,0111.642,0004.545,0000.719,0166
 
000451203,000000000,000000000,0113.419,0004.307,0000.240,0166
 
000451227,000000000,000000000,0113.616,0004.035,0000.713,0166
 
000451251,000000000,000000000,0113.853,0004.325,0000.241,0166
 
000451275,000000000,000000000,0111.914,0004.783,0000.479,0166
 
000451299,000000000,000000000,0113.680,0004.052,0000.477,0166
 
000451323,000000000,000000000,0112.724,0004.545,0000.479,0166
 
000451347,000000000,000000000,0113.223,0004.564,0000.481,0166
 
000451371,000000000,000000000,0113.961,0004.325,0000.241,0166
 
000451395,000000000,000000000,0113.104,0004.583,0000.483,0166
 
000451419,000000000,000000000,0113.038,0004.307,0000.479,0166
 
000451443,000000000,000000000,0112.117,0004.602,0000.971,0166
 
000451467,000000000,000000000,0112.943,0004.343,0000.483,0166
 
000451491,000000000,000000000,0112.848,0004.343,0000.483,0166
 
000451515,000000000,000000000,0113.774,0004.035,0000.713,0166
 
000451539,000000000,000000000,0112.491,0004.362,0000.243,0166
 
000451563,000000000,000000000,0113.733,0004.138,0000.244,0167
 
000451587,000000000,000000000,0113.557,0004.307,0000.479,0166
 
000451611,000000000,000000000,0112.936,0004.564,0000.481,0166
 
000451635,000000000,000000000,0111.599,0004.564,0000.481,0006
 
000451659,000000000,000000000,0112.070,0004.564,0000.241,0167
 
000451683,000000000,000000000,0112.571,0004.545,0000.719,0167
 
000451707,000000000,000000000,0114.018,0004.343,0000.242,0006
 
000451731,000000000,000000000,0112.566,0004.325,0000.722,0167
 
000451755,000000000,000000000,0112.773,0004.325,0000.481,0006
 
000451779,000000000,000000000,0114.428,0004.343,0000.483,0173
 
000451803,000000000,000000000,0112.474,0004.545,0000.719,0166
 
000451827,000000000,000000000,0113.135,0004.362,0000.243,0166
 
000451851,000000000,000000000,0113.865,0004.068,0000.479,0167
 
