000236771,000000000,000000000,0111.146,0004.583,0000.483,0290
 
000236796,000000000,000000000,0109.247,0005.063,0000.725,0318
 
000236820,000000000,000000000,0110.615,0004.583,0000.242,0320
 
000236844,000000000,000000000,0111.099,0004.325,0000.481,0314
 
000236868,000000000,000000000,0111.195,0004.069,0000.240,0314
 
000236892,000000000,000000000,0110.854,0004.622,0000.488,0314
 
000236916,000000000,000000000,0109.887,0004.823,0000.483,0320
 
000236940,000000000,000000000,0110.176,0004.603,0000.486,0289
 
000236964,000000000,000000000,0110.744,0004.325,0000.722,0320
 
000236988,000000000,000000000,0110.885,0004.545,0000.479,0289
 
000237012,000000000,000000000,0110.396,0004.361,0000.486,0321
 
000237036,000000000,000000000,0110.887,0004.583,0000.483,0320
 
000237060,000000000,000000000,0110.807,0004.803,0000.241,0289
 
000237084,000000000,000000000,0111.144,0004.325,0000.481,0289
 
000237108,000000000,000000000,0110.564,0004.343,0000.725,0289
 
000237132,000000000,000000000,0110.696,0004.564,0000.481,0310
 
000237156,000000000,000000000,0110.026,0004.603,0000.486,0310
 
000237180,000000000,000000000,0111.042,0004.271,0000.238,0320
 
000237204,000000000,000000000,0110.307,0004.564,0000.722,0310
 
000237228,000000000,000000000,0111.784,0004.068,0000.479,0310
 
000237252,000000000,000000000,0110.408,0004.583,0000.242,0310
 
000237276,000000000,000000000,0110.621,0004.583,0000.242,0310
 
000237300,000000000,000000000,0110.870,0004.622,0000.488,0310
 
000237324,000000000,000000000,0109.580,0004.545,0000.479,0310
 
000237348,000000000,000000000,0110.747,0004.583,0000.483,0310
 
000237372,000000000,000000000,0110.594,0004.343,0000.483,0310
 
000237396,000000000,000000000,0109.859,0004.583,0000.483,0310
 
000237420,000000000,000000000,0110.250,0004.325,0000.481,0310
 
000237444,000000000,000000000,0110.845,0004.325,0000.481,0314
 
000237468,000000000,000000000,0110.315,0004.583,0000.483,0314
 
000237492,000000000,000000000,0110.272,0004.343,0000.483,0314
 
000237516,000000000,000000000,0110.481,0004.343,0000.242,0314
 
000237540,000000000,000000000,0111.484,0004.085,0000.481,0314
 
000237564,000000000,000000000,0110.392,0004.325,0000.722,0310
 
000237588,000000000,000000000,0110.106,0004.307,0000.719,0310
 
000237612,000000000,000000000,0111.703,0003.846,0000.241,0314
 
000237636,000000000,000000000,0110.477,0004.343,0000.483,0320
 
000237660,000000000,000000000,0110.390,0004.103,0000.483,0320
 
000237684,000000000,000000000,0111.146,0004.085,0000.481,0320
 
000237708,000000000,000000000,0110.121,0005.085,0000.486,0289
 
000237732,000000000,000000000,0110.851,0004.564,0000.481,0320
 
000237756,000000000,000000000,0109.835,0004.103,0000.483,0314
 
000237780,000000000,000000000,0111.449,0004.068,0000.479,0289
 
000237804,000000000,000000000,0110.966,0004.085,0000.481,0289
 
000237828,000000000,000000000,0110.561,0003.895,0000.244,0289
 
000237852,000000000,000000000,0110.888,0003.862,0000.242,0289
 
000237876,000000000,000000000,0111.626,0004.103,0000.242,0289
 
000237900,000000000,000000000,0111.113,0004.068,0000.479,0311
 
000237924,000000000,000000000,0111.252,0003.846,0000.241,0310
 
000237948,000000000,000000000,0110.340,0004.068,0000.959,0289
 
000237972,000000000,000000000,0111.245,0004.035,0000.475,0289
 
000237996,000000000,000000000,0110.522,0004.325,0000.481,0310
 
000238020,000000000,000000000,0111.138,0004.069,0000.240,0310
 
000238044,000000000,000000000,0109.735,0004.325,0000.481,0310
 
000238068,-00000001,-00000004,0106.765,0005.996,0000.722,0310
 
000238092,000000000,-00000013,0107.454,0005.782,0000.242,0310
 
000238116,000000000,-00000025,0109.349,0004.564,0000.481,0310
 
000238140,000000000,-00000025,0108.892,0004.783,0000.479,0314
 
000238164,000000001,-00000028,0109.005,0004.783,0000.240,0310
 
000238188,000000000,-00000049,0110.107,0003.652,0000.731,0310
 
000238212,000000000,-00000049,0106.694,0005.972,0000.000,0311
 
000238236,000000000,-00000049,0107.844,0005.451,0000.475,0289
 
000238260,-00000001,-00000049,0108.703,0005.000,0000.477,0310
 
000238284,-00000001,-00000049,0108.794,0004.508,0000.000,0310
 
000238308,-00000002,-00000052,0111.161,0003.324,0000.951,0310
 
000238332,-00000002,-00000052,0110.455,0003.814,0000.000,0314
 
000238356,-00000001,-00000049,0108.780,0004.602,0000.728,0310
 
000238380,-00000002,-00000052,0109.593,0003.635,0001.699,0320
 
000238404,-00000002,-00000054,0109.991,0003.576,0000.000,0321
 
000238428,-00000004,-00000057,0107.833,0005.021,0000.479,0313
 
000238452,-00000004,-00000059,0109.941,0003.846,0000.722,0289
 
000238476,-00000002,-00000057,0108.842,0004.583,0000.483,0289
 
000238500,-00000001,-00000055,0109.602,0003.366,0000.963,0289
 
000238524,-00000004,-00000055,0108.076,0004.342,0001.450,0289
 
000238548,-00000007,-00000055,0106.916,0005.127,0001.224,0289
 
000238572,-00000007,-00000057,0108.848,0003.878,0000.728,0289
 
000238596,-00000007,-00000064,0108.401,0003.862,0000.725,0289
 
000238620,-00000007,-00000097,0111.495,0002.635,0000.479,0310
 
000238644,-00000002,-00000097,0107.621,0004.906,0000.492,0289
 
000238668,-00000002,-00000062,0110.890,0002.646,0000.241,0310
 
000238692,-00000002,-00000061,0111.686,0002.406,0000.481,0310
 
000238716,-00000001,-00000063,0107.992,0004.380,0000.488,0310
 
000238740,-00000001,-00000062,0108.633,0004.361,0000.486,0310
 
000238764,000000000,-00000057,0109.554,0003.798,0000.238,0310
 
000238788,000000002,-00000052,0108.000,0004.584,0000.000,0310
 
000238812,000000002,-00000055,0108.318,0004.307,0000.240,0289
 
000238836,000000001,-00000060,0106.308,0005.083,0001.456,0310
 
000238860,000000000,-00000063,0106.670,0004.680,0001.481,0310
 
000238884,000000000,-00000062,0110.045,0003.166,0000.488,0310
 
000238908,-00000004,-00000061,0105.100,0005.972,0000.240,0310
 
000238932,-00000004,-00000064,0109.142,0003.814,0000.955,0310
 
000238956,-00000002,-00000097,0108.283,0004.085,0000.481,0314
 
000238980,-00000002,-00000097,0109.452,0003.668,0000.490,0310
 
000239004,-00000001,-00000097,0108.689,0004.018,-000.237,0310
 
000239028,000000000,-00000063,0107.381,0004.641,0000.979,0310
 
000239052,-00000001,-00000060,0108.874,0003.380,0001.209,0320
 
000239076,000000000,-00000060,0111.335,0001.893,0000.474,0310
 
000239100,-00000001,-00000058,0108.118,0004.398,0000.735,0320
 
000239124,-00000001,-00000056,0111.346,0003.166,-000.975,0319
 
000239148,-00000002,-00000056,0105.184,0006.047,0000.243,0320
 
000239172,-00000001,-00000057,0107.168,0005.085,0000.243,0320
 
000239196,-00000001,-00000060,0108.522,0004.236,0000.000,0316
 
000239220,000000001,-00000060,0108.624,0004.069,0000.240,0310
 
000239244,000000001,-00000059,0107.754,0004.564,0000.722,0289
 
000239268,000000000,-00000058,0108.367,0004.343,0000.483,0289
 
000239292,000000000,-00000058,0108.501,0004.307,0000.719,0289
 
000239316,-00000004,-00000057,0108.404,0004.545,0000.240,0289
 
000239340,-00000004,-00000055,0110.036,0003.862,0000.000,0288
 
000239364,-00000004,-00000052,0107.067,0004.864,0000.731,0310
 
000239388,-00000004,-00000049,0106.907,0004.602,0000.971,0289
 
000239412,-00000002,-00000049,0109.073,0003.591,0000.959,0310
 
000239436,000000000,-00000049,0110.094,0002.886,0001.204,0310
 
000239460,000000000,-00000049,0110.020,0002.911,0000.728,0310
 
000239484,000000001,-00000049,0108.348,0004.137,0000.731,0310
 
000239508,000000001,-00000049,0109.236,0003.576,0000.716,0310
 
000239532,000000002,-00000049,0109.047,0003.324,0000.951,0310
 
000239556,000000003,-00000049,0107.160,0005.064,0000.242,0310
 
000239580,000000001,-00000049,0108.556,0003.591,0000.240,0310
 
000239604,000000001,-00000049,0108.480,0004.052,0000.239,0310
 
000239628,000000000,-00000049,0108.577,0003.606,0000.481,0310
 
000239652,000000000,-00000049,0108.650,0003.862,0000.725,0310
 
000239676,000000000,-00000049,0107.994,0004.307,0000.479,0310
 
000239700,000000000,-00000049,0107.255,0004.823,0000.725,0310
 
000239724,-00000001,-00000032,0108.174,0003.830,0000.479,0310
 
000239748,000000000,-00000029,0108.273,0004.120,0000.728,0314
 
000239772,000000000,-00000029,0107.708,0004.583,0000.483,0310
 
000239796,-00000001,-00000030,0109.102,0003.814,-000.239,0310
 
000239820,-00000001,-00000026,0107.977,0003.845,0000.963,0311
 
000239844,-00000002,-00000025,0109.458,0003.139,0000.725,0320
 
000239868,-00000002,-00000025,0109.195,0003.621,0000.483,0319
 
000239892,000000000,-00000025,0107.543,0004.564,0000.241,0319
 
000239916,-00000001,-00000025,0108.929,0004.120,0000.486,0289
 
000239940,-00000001,-00000025,0108.442,0004.085,0000.481,0321
 
000239964,-00000001,-00000013,0108.282,0004.085,0000.481,0289
 
000239988,-00000001,-00000013,0109.283,0003.621,0000.242,0289
 
000240012,000000000,-00000007,0109.142,0003.637,0000.486,0289
 
000240036,000000000,-00000002,0109.267,0003.862,0000.242,0289
 
000240060,000000000,-00000001,0108.471,0004.325,0000.241,0320
 
000240084,000000000,000000000,0109.814,0003.830,0000.479,0289
 
000240108,000000000,000000000,0108.792,0004.120,0000.486,0289
 
000240132,000000000,000000000,0108.207,0004.120,0000.243,0310
 
000240156,000000000,000000000,0109.255,0003.879,0000.000,0289
 
000240180,000000000,000000000,0108.237,0004.103,0000.242,0314
 
000240204,000000000,-00000002,0108.656,0004.069,0000.000,0314
 
000240228,000000000,-00000007,0108.675,0004.086,0000.241,0289
 
000240252,000000000,-00000013,0108.369,0004.085,0000.481,0314
 
000240276,000000000,-00000013,0107.765,0004.603,0000.486,0310
 
000240300,000000000,-00000013,0109.235,0003.637,0000.486,0310
 
000240324,000000000,-00000007,0108.953,0003.862,0000.483,0310
 
000240348,000000000,-00000002,0107.870,0004.085,0000.481,0310
 
000240372,000000000,000000000,0108.541,0004.138,0000.244,0310
 
000240396,000000000,000000000,0107.802,0004.343,0000.483,0310
 
000240420,000000000,000000000,0108.666,0003.846,0000.481,0310
 
000240444,000000000,000000000,0109.043,0003.830,0000.479,0313
 
000240468,000000000,000000000,0108.815,0003.878,0000.486,0314
 
000240492,000000000,000000000,0108.179,0004.086,0000.241,0314
 
000240516,000000000,000000000,0108.835,0004.085,0000.481,0314
 
000240540,000000000,000000000,0108.548,0004.103,0000.483,0313
 
000240564,000000000,000000000,0108.284,0004.068,0000.479,0320
 
000240588,000000000,000000000,0109.881,0003.591,0000.479,0320
 
000240612,000000000,000000000,0108.944,0004.103,0000.483,0320
 
000240636,000000000,000000000,0108.363,0004.325,0000.481,0320
 
000240660,000000000,000000000,0108.187,0004.325,0000.241,0320
 
000240684,000000000,000000000,0108.102,0004.103,0000.483,0314
 
000240708,000000000,000000000,0107.848,0004.068,0000.719,0320
 
000240732,000000000,000000000,0108.373,0004.103,0000.483,0314
 
000240756,000000000,000000000,0108.529,0004.085,0000.481,0320
 
000240780,000000000,000000000,0108.144,0004.086,0000.241,0289
 
000240804,000000000,000000000,0108.495,0004.085,0000.481,0320
 
000240828,000000000,000000000,0108.977,0004.085,0000.481,0289
 
000240852,000000000,000000000,0108.688,0004.068,0000.719,0289
 
000240876,000000000,000000000,0107.862,0004.824,0000.000,0290
 
000240900,000000000,000000000,0108.764,0004.086,0000.241,0314
 
000240924,000000000,000000000,0108.832,0004.085,0000.481,0313
 
000240948,000000000,000000000,0109.156,0003.846,0000.722,0310
 
000240972,000000000,000000000,0109.357,0003.814,0000.477,0310
 
000240996,000000000,000000000,0108.344,0004.380,0000.488,0310
 
000241020,000000000,000000000,0108.881,0004.103,0000.242,0310
 
000241044,000000000,000000000,0108.174,0004.583,0000.483,0311
 
000241068,000000000,000000000,0107.715,0004.307,0000.479,0310
 
000241092,000000000,000000000,0109.117,0004.085,0000.481,0310
 
000241116,000000000,000000000,0107.201,0004.603,0000.243,0310
 
000241140,000000000,000000000,0108.452,0004.307,0000.479,0311
 
000241164,000000000,000000000,0108.290,0004.085,0000.481,0310
 
000241188,000000000,000000000,0109.187,0003.606,0000.241,0314
 
000241212,000000000,000000000,0108.401,0003.846,0000.481,0314
 
000241236,000000000,000000000,0108.563,0004.085,0000.481,0313
 
000241260,000000000,000000000,0108.668,0004.052,0000.239,0314
 
000241284,000000000,000000000,0107.854,0004.325,0000.241,0314
 
000241308,000000000,000000000,0108.214,0004.086,0000.241,0320
 
000241332,000000000,000000000,0108.312,0004.035,0000.475,0320
 
000241356,000000000,000000000,0108.269,0004.545,0000.479,0320
 
000241380,000000000,000000000,0108.259,0004.068,0000.479,0310
 
000241404,000000000,000000000,0109.089,0004.068,0000.479,0320
 
