000249170,000000000,000000000,0113.051,0004.085,0000.481,0310
 
000249194,000000000,000000000,0112.042,0004.583,0000.483,0310
 
000249218,000000000,000000000,0112.436,0004.603,0000.243,0309
 
000249242,000000000,000000000,0113.069,0004.343,0000.242,0309
 
000249266,000000000,000000000,0112.616,0004.325,0000.241,0289
 
000249290,000000000,000000000,0111.717,0004.783,0000.719,0289
 
000249314,000000000,000000000,0113.263,0004.545,0000.479,0309
 
000249338,000000000,000000000,0112.561,0004.864,0000.244,0310
 
000249362,000000000,000000000,0112.848,0004.362,0000.243,0310
 
000249386,000000000,000000000,0111.966,0004.564,0000.000,0310
 
000249410,000000000,000000000,0112.511,0004.622,0000.488,0289
 
000249434,000000000,000000000,0114.160,0004.085,0000.722,0289
 
000249458,000000000,000000000,0112.648,0004.307,0000.479,0320
 
000249482,000000000,000000000,0113.191,0004.361,0000.486,0320
 
000249506,000000000,000000000,0112.424,0004.763,0000.477,0320
 
000249530,000000000,000000000,0111.936,0004.803,0000.481,0320
 
000249554,000000000,000000000,0113.304,0003.845,0000.963,0289
 
000249578,000000000,000000000,0113.771,0004.325,0000.481,0320
 
000249602,000000000,000000000,0112.231,0004.583,0000.483,0320
 
000249626,000000000,000000000,0112.020,0004.803,0000.241,0290
 
000249650,000000000,000000000,0112.428,0004.583,0000.483,0289
 
000249674,000000000,000000000,0112.953,0004.325,0000.722,0289
 
000249698,000000000,000000000,0112.937,0004.362,0000.243,0289
 
000249722,000000000,000000000,0112.570,0004.325,0000.481,0290
 
000249746,000000000,000000000,0111.445,0005.303,0000.483,0290
 
000249770,000000000,000000000,0113.387,0003.830,0000.240,0290
 
000249794,000000000,000000000,0113.387,0003.830,0000.719,0290
 
000249818,000000000,000000000,0112.795,0004.289,0000.477,0290
 
000249842,000000000,000000000,0114.199,0003.830,0000.479,0289
 
000249866,000000001,000000000,0113.124,0004.103,0000.483,0289
 
000249890,000000000,000000000,0112.101,0004.343,0000.725,0289
 
000249914,000000000,000000000,0113.117,0004.361,0000.486,0289
 
000249938,000000000,000000000,0112.749,0004.307,0000.240,0290
 
000249962,000000000,000000000,0112.858,0004.325,0000.481,0290
 
000249986,000000000,000000000,0113.161,0004.325,0000.722,0289
 
000250010,000000000,000000000,0113.278,0004.103,0000.242,0309
 
000250034,000000000,000000000,0112.211,0004.361,0000.486,0310
 
000250058,000000000,000000000,0112.137,0004.343,0000.725,0290
 
000250082,000000000,000000000,0112.957,0004.380,0000.488,0310
 
000250106,000000000,000000000,0113.622,0003.830,0000.479,0309
 
000250130,000000000,000000000,0112.644,0004.361,0000.486,0320
 
000250154,000000000,000000000,0113.176,0004.137,0000.488,0320
 
000250178,000000000,000000000,0113.725,0004.085,0000.481,0320
 
000250202,000000000,000000000,0112.389,0004.603,0000.243,0320
 
000250226,000000000,000000000,0112.094,0004.068,0000.719,0310
 
000250250,000000000,000000000,0113.108,0004.343,0000.483,0315
 
000250274,000000000,000000000,0112.518,0004.583,0000.242,0320
 
000250298,000000000,000000000,0113.281,0004.069,0000.240,0319
 
000250322,000000000,000000000,0112.632,0004.343,0000.725,0320
 
000250346,000000000,000000000,0112.970,0004.102,0000.725,0289
 
000250370,000000000,000000000,0113.393,0004.102,0000.725,0289
 
000250394,000000000,000000000,0113.145,0004.343,0000.000,0290
 
000250418,000000000,000000000,0112.693,0004.361,0000.486,0313
 
000250442,000000000,000000000,0113.865,0004.085,0000.481,0289
 
000250466,000000000,000000000,0112.854,0004.325,0000.481,0289
 
000250490,000000000,000000000,0112.875,0003.830,0000.479,0290
 
000250514,000000000,000000000,0112.627,0004.361,0000.486,0290
 
000250538,000000000,000000000,0112.997,0004.343,0000.483,0290
 
000250562,000000000,000000000,0113.257,0004.343,0000.483,0290
 
000250586,000000000,000000000,0112.624,0004.325,0000.481,0290
 
000250610,000000000,000000000,0112.686,0004.085,0000.481,0289
 
000250634,000000000,000000000,0113.371,0004.325,0000.000,0290
 
000250658,000000000,000000000,0112.116,0004.362,0000.243,0289
 
000250682,000000000,000000000,0112.496,0004.068,0000.479,0311
 
000250706,000000000,000000000,0113.146,0004.343,0000.242,0309
 
000250730,000000000,000000000,0113.908,0003.606,0000.481,0290
 
000250754,000000000,000000000,0113.674,0003.862,0000.725,0290
 
000250778,000000000,000000000,0113.148,0004.103,0000.483,0289
 
000250802,000000000,000000000,0112.917,0004.103,0000.483,0310
 
000250826,000000000,000000000,0112.141,0004.343,0000.483,0309
 
000250850,000000000,000000000,0113.241,0004.085,0000.722,0309
 
000250874,000000000,-00000002,0111.187,0005.303,0000.483,0320
 
000250898,000000000,-00000013,0113.053,0003.637,0000.243,0320
 
000250922,-00000001,-00000014,0111.420,0004.343,0000.483,0320
 
000250946,000000000,-00000015,0107.691,0006.046,0000.728,0320
 
000250970,-00000002,-00000025,0109.726,0005.085,0000.728,0320
 
000250994,-00000004,-00000025,0109.793,0004.803,0000.481,0320
 
000251018,-00000004,-00000026,0110.699,0004.622,0000.731,0320
 
000251042,-00000004,-00000025,0108.996,0005.325,0000.971,0320
 
000251066,-00000002,-00000026,0111.616,0003.830,0000.719,0320
 
000251090,-00000004,-00000026,0110.734,0004.085,0000.722,0289
 
000251114,-00000004,-00000028,0110.433,0004.583,0000.483,0289
 
000251138,-00000004,-00000029,0109.719,0004.602,0000.971,0290
 
000251162,-00000004,-00000031,0107.788,0006.182,0000.716,0290
 
000251186,-00000004,-00000049,0109.580,0004.863,0001.219,0290
 
000251210,-00000007,-00000049,0108.056,0005.710,0000.716,0290
 
000251234,-00000013,-00000049,0109.530,0004.823,0000.725,0290
 
000251258,-00000013,-00000054,0112.546,0002.923,0000.244,0289
 
000251282,-00000013,-00000056,0109.044,0004.864,0000.488,0289
 
000251306,-00000007,-00000056,0112.853,0002.874,0000.479,0289
 
000251330,-00000004,-00000053,0111.793,0003.100,0000.716,0289
 
000251354,-00000002,-00000052,0109.768,0004.173,0000.738,0290
 
000251378,000000000,-00000049,0110.791,0004.120,0000.243,0289
 
000251402,000000000,-00000050,0109.057,0004.763,0000.955,0309
 
000251426,000000000,-00000055,0109.229,0004.822,0001.450,0309
 
000251450,000000000,-00000056,0108.902,0004.602,0000.971,0290
 
000251474,000000000,-00000060,0111.706,0003.338,0000.000,0290
 
000251498,-00000001,-00000060,0109.734,0004.489,0000.474,0289
 
000251522,-00000004,-00000058,0108.530,0004.803,0000.481,0313
 
000251546,-00000004,-00000056,0109.846,0003.636,0000.728,0289
 
000251570,-00000004,-00000057,0110.437,0003.437,0001.721,0310
 
000251594,-00000004,-00000058,0110.101,0003.394,0000.971,0289
 
000251618,-00000004,-00000057,0110.610,0003.366,0000.722,0320
 
000251642,-00000002,-00000052,0110.654,0003.366,0000.481,0320
 
000251666,-00000002,-00000049,0108.959,0004.361,0000.486,0320
 
000251690,-00000004,-00000049,0110.382,0003.381,0000.000,0313
 
000251714,-00000004,-00000050,0109.089,0004.120,0000.728,0289
 
000251738,-00000002,-00000050,0111.416,0002.874,-000.240,0313
 
000251762,-00000001,-00000050,0110.777,0003.621,0000.725,0320
 
000251786,-00000002,-00000049,0110.546,0003.409,0000.000,0310
 
000251810,-00000001,-00000049,0109.710,0004.325,0000.000,0310
 
000251834,-00000001,-00000049,0107.047,0005.042,0000.481,0315
 
000251858,-00000001,-00000049,0109.648,0004.052,0000.000,0289
 
000251882,000000000,-00000049,0110.560,0003.381,0000.242,0311
 
000251906,000000000,-00000053,0108.352,0004.137,0000.488,0289
 
000251930,000000003,-00000054,0108.827,0004.564,0000.241,0290
 
000251954,000000003,-00000054,0109.184,0003.667,0000.735,0290
 
000251978,000000003,-00000058,0109.036,0004.052,-000.477,0290
 
000252002,000000001,-00000060,0109.256,0004.035,0000.475,0290
 
000252026,000000003,-00000059,0106.473,0005.303,0000.725,0290
 
000252050,000000001,-00000057,0108.313,0004.307,0000.479,0289
 
000252074,000000000,-00000056,0109.604,0003.381,0000.483,0289
 
000252098,000000000,-00000053,0110.074,0003.100,0000.239,0289
 
000252122,-00000001,-00000049,0106.529,0004.622,0000.731,0290
 
000252146,-00000001,-00000049,0110.705,0002.886,0000.241,0289
 
000252170,-00000001,-00000049,0110.831,0002.911,0000.486,0290
 
000252194,-00000002,-00000049,0107.904,0004.362,0000.000,0309
 
000252218,-00000002,-00000032,0107.953,0004.085,0000.722,0289
 
000252242,-00000002,-00000049,0106.684,0004.803,0000.722,0311
 
000252266,-00000004,-00000049,0108.784,0003.621,0000.483,0310
 
000252290,-00000004,-00000049,0108.095,0003.605,0001.444,0310
 
000252314,-00000004,-00000049,0109.306,0003.621,0000.242,0310
 
000252338,-00000004,-00000049,0107.846,0003.861,0001.209,0310
 
000252362,-00000004,-00000049,0107.137,0004.545,0000.719,0310
 
000252386,-00000007,-00000049,0107.176,0004.307,0000.719,0320
 
000252410,-00000008,-00000049,0104.919,0005.370,0001.224,0320
 
000252434,-00000007,-00000049,0108.865,0003.366,0000.481,0320
 
000252458,-00000004,-00000049,0108.877,0003.338,0000.000,0320
 
000252482,-00000004,-00000049,0107.833,0003.846,0000.000,0289
 
000252506,-00000002,-00000049,0105.748,0004.783,0000.240,0310
 
000252530,-00000004,-00000049,0107.183,0004.120,0000.971,0290
 
000252554,-00000004,-00000049,0107.113,0004.102,0000.725,0320
 
000252578,-00000004,-00000049,0108.648,0003.637,0000.000,0289
 
000252602,-00000002,-00000049,0107.482,0003.830,0000.240,0290
 
000252626,-00000002,-00000049,0108.164,0003.606,0000.481,0289
 
000252650,000000000,-00000049,0107.428,0004.068,0000.479,0289
 
000252674,-00000002,-00000049,0107.178,0004.120,0000.243,0289
 
000252698,-00000004,-00000049,0106.341,0004.564,0000.722,0290
 
000252722,-00000002,-00000032,0106.959,0004.307,0000.479,0290
 
000252746,-00000002,-00000032,0107.597,0003.621,0000.725,0290
 
000252770,-00000002,-00000049,0107.687,0003.636,0000.728,0290
 
000252794,-00000002,-00000031,0108.101,0003.366,0000.481,0290
 
000252818,-00000004,-00000028,0107.871,0003.846,0000.241,0290
 
000252842,-00000004,-00000025,0108.899,0003.621,0000.483,0289
 
000252866,-00000002,-00000025,0107.768,0003.846,0000.241,0289
 
000252890,-00000001,-00000025,0107.884,0003.846,0000.241,0289
 
000252914,-00000001,-00000025,0107.985,0003.621,0000.483,0309
 
000252938,-00000001,-00000025,0107.537,0003.912,0000.245,0289
 
000252962,000000000,-00000025,0107.430,0004.138,0000.244,0309
 
000252986,000000000,-00000025,0106.664,0004.343,0000.483,0290
 
000253010,000000000,-00000025,0106.667,0004.583,0000.725,0289
 
000253034,000000000,-00000025,0108.212,0003.830,0000.479,0310
 
000253058,000000000,-00000025,0107.180,0003.862,0000.483,0315
 
000253082,000000000,-00000025,0106.795,0004.307,0000.719,0310
 
000253106,000000000,-00000025,0107.616,0004.120,0000.728,0309
 
000253130,000000000,-00000025,0106.617,0004.783,0000.479,0320
 
000253154,-00000002,-00000025,0108.212,0003.636,0000.728,0320
 
000253178,-00000002,-00000025,0108.478,0003.395,0000.486,0320
 
000253202,-00000002,-00000015,0108.297,0003.381,0000.483,0320
 
000253226,-00000001,-00000013,0107.836,0003.352,0000.479,0320
 
000253250,000000000,-00000013,0107.327,0004.271,0000.475,0320
 
000253274,000000000,-00000013,0108.123,0003.814,0000.477,0320
 
000253298,000000000,-00000013,0109.690,0003.113,0000.240,0320
 
000253322,000000000,-00000007,0108.895,0003.126,0000.241,0320
 
000253346,000000000,-00000002,0107.701,0004.086,0000.241,0321
 
000253370,000000000,000000000,0108.291,0003.606,0000.241,0320
 
000253394,000000000,000000000,0106.113,0004.325,0000.722,0320
 
000253418,000000000,000000000,0106.376,0004.343,0000.483,0289
 
000253442,000000000,000000000,0107.085,0004.325,0000.481,0289
 
000253466,000000000,000000000,0107.360,0004.103,0000.242,0289
 
000253490,000000000,000000000,0108.359,0003.591,0000.719,0289
 
000253514,000000000,000000000,0108.686,0003.381,0000.242,0289
 
000253538,000000000,000000000,0108.245,0003.846,0000.241,0290
 
000253562,000000000,000000000,0107.592,0004.103,0000.000,0290
 
000253586,000000000,000000000,0107.217,0004.085,0000.481,0289
 
000253610,000000000,000000000,0107.848,0004.034,0000.951,0309
 
000253634,000000000,000000000,0106.285,0004.603,0000.486,0289
 
000253658,000000000,000000000,0106.765,0004.325,0000.481,0290
 
000253682,000000000,000000000,0107.470,0004.103,0000.483,0309
 
000253706,000000000,000000000,0107.993,0003.862,0000.725,0289
 
000253730,000000000,000000000,0107.052,0004.068,0000.479,0309
 
000253754,000000000,000000000,0107.360,0004.120,0000.243,0309
 
000253778,000000000,000000000,0107.502,0004.102,0000.725,0315
 
000253802,000000000,000000000,0107.355,0004.325,0000.241,0315
 
000253826,000000000,000000000,0108.118,0003.830,0000.479,0310
 
000253850,000000000,000000000,0108.248,0003.830,0000.479,0310
 
000253874,000000000,000000000,0107.685,0004.343,0000.000,0314
 
000253898,000000000,000000000,0108.138,0003.846,0000.481,0289
 
000253922,000000000,000000000,0107.536,0004.343,0000.242,0290
 
000253946,000000000,000000000,0107.279,0004.325,0000.481,0320
 
000253970,000000000,000000000,0107.345,0004.068,0000.479,0290
 
000253994,000000000,000000000,0107.061,0004.380,0000.731,0289
 
000254018,000000000,000000000,0107.011,0004.361,0000.728,0289
 
000254042,000000000,000000000,0107.768,0004.086,0000.241,0289
 
000254066,000000000,000000000,0107.519,0004.068,0000.479,0289
 
000254090,000000000,000000000,0107.941,0003.846,0000.722,0289
 
000254114,000000000,000000000,0108.052,0003.862,0000.242,0289
 
000254138,000000000,000000000,0107.346,0004.362,0000.000,0289
 
000254162,000000000,000000000,0108.019,0003.862,0000.242,0314
 
000254186,000000000,000000000,0108.453,0004.086,0000.241,0289
 
000254210,000000000,000000000,0108.317,0003.846,0000.481,0290
 
000254234,000000000,000000000,0107.410,0004.103,0000.483,0290
 
000254258,000000000,000000000,0107.806,0004.120,0000.000,0289
 
000254282,000000000,000000000,0107.723,0004.068,0000.479,0289
 
000254306,000000000,000000000,0107.225,0003.846,0000.481,0289
 
000254330,000000000,000000000,0107.937,0004.103,0000.242,0289
 
000254354,000000000,000000000,0107.543,0004.325,0000.481,0290
 
000254378,000000000,000000000,0106.991,0004.325,0000.000,0290
 
000254402,000000000,000000000,0107.809,0003.846,0000.481,0290
 
000254426,000000000,000000000,0107.416,0004.103,0000.242,0311
 
000254450,000000000,000000000,0107.969,0003.878,0000.486,0309
 
000254474,000000000,000000000,0107.657,0004.086,0000.241,0309
 
000254498,000000000,000000000,0107.515,0004.086,0000.000,0290
 
000254522,000000000,000000000,0107.804,0004.068,0000.719,0290
 
000254546,000000000,000000000,0107.271,0004.052,0000.477,0315
 
000254570,000000000,000000000,0107.333,0004.325,0000.000,0315
 
000254594,000000000,000000000,0107.321,0004.069,0000.240,0289
 
000254618,000000000,000000000,0107.409,0004.069,0000.240,0315
 
000254642,000000000,000000000,0108.436,0003.846,0000.481,0320
 
000254666,000000000,000000000,0108.265,0003.798,0000.713,0320
 
000254690,000000000,000000000,0107.934,0003.862,0000.725,0320
 
000254714,000000000,000000000,0107.756,0003.862,0000.242,0320
 
000254738,000000000,000000000,0107.847,0004.120,0000.243,0289
 
