000215478,000000000,000000000,0104.086,0017.833,0000.562,0312
 
000215495,000000000,000000000,0104.324,0016.811,0000.557,0310
 
000215513,000000000,000000000,0103.992,0015.810,0000.561,0288
 
000215531,000000000,000000000,0103.703,0014.811,0000.584,0314
 
000215549,000000000,000000000,0103.484,0013.891,0000.607,0316
 
000215567,000000000,000000000,0103.308,0013.137,0000.606,0316
 
000215585,000000000,000000000,0103.160,0012.382,0000.583,0316
 
000215603,000000000,000000000,0103.059,0011.726,0000.565,0316
 
000215621,000000000,000000000,0103.005,0011.121,0000.566,0316
 
000215639,000000000,000000000,0102.970,0010.565,0000.566,0316
 
000215657,000000000,000000000,0102.975,0010.063,0000.587,0316
 
000215675,000000000,000000000,0103.010,0009.545,0000.586,0315
 
000215693,000000000,000000000,0103.059,0009.069,0000.585,0310
 
000215711,000000000,000000000,0103.119,0008.634,0000.606,0310
 
000215729,000000000,000000000,0103.192,0008.260,0000.585,0310
 
000215747,000000000,000000000,0103.288,0007.958,0000.567,0310
 
000215765,000000000,000000000,0103.397,0007.625,0000.570,0289
 
000215783,000000000,000000000,0103.517,0007.343,0000.551,0310
 
000215801,000000000,000000000,0103.646,0007.080,0000.555,0315
 
000215819,000000000,000000000,0103.793,0006.802,0000.537,0310
 
000215837,000000000,000000000,0103.937,0006.567,0000.541,0289
 
000215855,000000000,000000000,0104.093,0006.350,0000.544,0321
 
000215873,000000000,000000000,0104.251,0006.150,0000.546,0321
 
000215891,000000000,000000000,0104.435,0005.966,0000.551,0321
 
000215909,000000000,000000000,0104.604,0005.801,0000.535,0309
 
000215927,000000000,000000000,0104.781,0005.645,0000.520,0321
 
000215945,000000000,000000000,0104.964,0005.524,0000.528,0321
 
000215963,000000000,000000000,0105.157,0005.429,0000.534,0320
 
000215981,000000000,000000000,0105.324,0005.325,0000.541,0321
 
000215999,000000000,000000000,0105.506,0005.223,0000.525,0321
 
000216017,000000000,000000000,0105.682,0005.129,0000.512,0316
 
000216035,000000000,000000000,0105.863,0005.002,0000.517,0316
 
000216053,000000000,000000000,0106.047,0004.925,0000.522,0321
 
000216071,000000000,000000000,0106.239,0004.856,0000.527,0321
 
000216089,000000000,000000000,0106.434,0004.794,0000.533,0289
 
000216107,000000000,000000000,0106.612,0004.754,0000.520,0288
 
000216125,000000000,000000000,0106.785,0004.697,0000.526,0289
 
000216143,000000000,000000000,0106.965,0004.628,0000.530,0289
 
000216161,000000000,000000000,0107.138,0004.563,0000.555,0289
 
000216179,000000000,000000000,0107.319,0004.502,0000.579,0288
 
000216197,000000000,000000000,0107.485,0004.449,0000.562,0320
 
000216215,000000000,000000000,0107.640,0004.421,0000.528,0289
 
000216233,000000000,000000000,0107.818,0004.394,0000.534,0316
 
000216251,000000000,000000000,0107.987,0004.369,0000.539,0289
 
000216269,000000000,000000000,0108.146,0004.345,0000.524,0314
 
000216287,000000000,000000000,0108.308,0004.304,0000.528,0289
 
000216305,000000000,000000000,0108.458,0004.327,0000.514,0314
 
000216323,000000000,000000000,0108.613,0004.306,0000.520,0289
 
000216341,000000000,000000000,0108.776,0004.286,0000.528,0289
 
000216359,000000000,000000000,0108.923,0004.286,0000.514,0289
 
000216377,000000000,000000000,0109.071,0004.248,0000.520,0289
 
000216395,000000000,000000000,0109.230,0004.210,0000.527,0289
 
000216413,000000000,000000000,0109.383,0004.180,0000.533,0316
 
000216431,000000000,000000000,0109.520,0004.209,0000.538,0310
 
000216449,000000000,000000000,0109.667,0004.181,0000.525,0309
 
000216467,000000000,000000000,0109.812,0004.174,0000.532,0289
 
000216485,000000000,000000000,0109.946,0004.150,0000.518,0289
 
000216503,000000000,000000000,0110.079,0004.127,0000.507,0289
 
000216521,000000000,000000000,0110.213,0004.104,0000.475,0310
 
000216539,000000000,000000000,0110.342,0004.061,0000.464,0320
 
000216557,000000000,000000000,0110.459,0004.041,0000.475,0289
 
000216575,000000000,000000000,0110.579,0004.027,0000.486,0315
 
000216593,000000000,000000000,0110.702,0004.013,0000.476,0321
 
000216611,000000000,000000000,0110.823,0004.017,0000.465,0310
 
000216629,000000000,000000000,0110.958,0004.024,0000.474,0310
 
000216647,000000000,000000000,0111.072,0004.029,0000.484,0320
 
000216665,000000000,000000000,0111.183,0004.034,0000.494,0320
 
000216683,000000000,000000000,0111.289,0004.055,0000.483,0321
 
000216701,000000000,000000000,0111.400,0004.036,0000.492,0321
 
000216719,000000000,000000000,0111.506,0004.036,0000.518,0320
 
000216737,000000000,000000000,0111.597,0004.018,0000.504,0320
 
000216755,000000000,000000000,0111.697,0003.980,0000.511,0321
 
000216773,000000000,000000000,0111.793,0004.009,0000.500,0321
 
000216791,000000000,000000000,0111.891,0004.037,0000.508,0315
 
000216809,000000000,000000000,0111.987,0004.040,0000.496,0320
 
000216827,000000000,000000000,0112.083,0004.043,0000.486,0320
 
000216845,000000000,000000000,0112.159,0004.066,0000.458,0288
 
000216863,000000000,000000000,0112.249,0004.048,0000.468,0316
 
000216881,000000000,000000000,0112.338,0004.030,0000.477,0288
 
000216899,000000000,000000000,0112.416,0004.055,0000.486,0289
 
000216917,000000000,000000000,0112.488,0004.039,0000.476,0289
 
000216935,000000000,000000000,0112.569,0004.043,0000.484,0289
 
000216953,000000000,000000000,0112.657,0004.046,0000.492,0311
 
000216971,000000000,000000000,0112.730,0004.029,0000.482,0320
 
000216989,000000000,000000000,0112.798,0004.014,0000.474,0289
 
000217007,000000000,000000000,0112.877,0004.004,0000.446,0288
 
000217025,000000000,000000000,0112.948,0003.991,0000.458,0309
 
000217043,000000000,000000000,0113.015,0003.983,0000.433,0288
 
000217061,000000000,000000000,0113.088,0003.967,0000.447,0311
 
000217079,000000000,000000000,0113.164,0003.954,0000.479,0314
 
000217097,000000000,000000000,0113.227,0003.966,0000.487,0314
 
000217115,000000000,000000000,0113.305,0003.972,0000.515,0288
 
000217133,000000000,000000000,0113.354,0003.980,0000.521,0314
 
000217151,000000000,000000000,0113.395,0003.987,0000.529,0311
 
000217169,000000000,000000000,0113.445,0003.975,0000.495,0316
 
000217187,000000000,000000000,0113.511,0004.001,0000.482,0316
 
000217205,000000000,000000000,0113.581,0003.973,0000.510,0316
 
000217223,000000000,000000000,0113.638,0003.965,0000.516,0316
 
000217241,000000000,000000000,0113.699,0003.976,0000.523,0316
 
000217259,000000000,000000000,0113.758,0003.984,0000.511,0319
 
000217277,000000000,000000000,0113.824,0003.972,0000.518,0320
 
000217295,000000000,000000000,0113.876,0003.982,0000.524,0316
 
000217313,000000000,000000000,0113.939,0003.990,0000.530,0319
 
000217331,000000000,000000000,0113.984,0004.017,0000.554,0315
 
000217349,000000000,000000000,0114.031,0004.023,0000.558,0321
 
000217367,000000000,000000000,0114.088,0004.029,0000.523,0315
 
000217385,000000000,000000000,0114.134,0004.034,0000.529,0315
 
000217403,000000000,000000000,0114.177,0004.020,0000.516,0321
 
000217421,000000000,000000000,0114.226,0004.026,0000.524,0321
 
000217439,000000000,000000000,0114.257,0004.010,0000.548,0321
 
000217457,000000000,000000000,0114.300,0003.996,0000.533,0321
 
000217475,000000000,000000000,0114.346,0003.983,0000.518,0321
 
000217493,000000000,000000000,0114.388,0004.010,0000.506,0321
 
000217511,000000000,000000000,0114.444,0003.997,0000.493,0320
 
000217529,000000000,000000000,0114.492,0003.986,0000.483,0321
 
000217547,000000000,000000000,0114.528,0003.975,0000.472,0316
 
000217565,000000000,000000000,0114.565,0003.942,0000.482,0321
 
000217583,000000000,000000000,0114.604,0003.956,0000.489,0321
 
000217601,000000000,000000000,0114.657,0003.968,0000.497,0315
 
000217619,000000000,000000000,0114.692,0003.978,0000.524,0316
 
000217637,000000000,000000000,0114.731,0003.988,0000.549,0320
 
000217655,000000000,000000000,0114.767,0003.979,0000.553,0289
 
000217673,000000000,000000000,0114.802,0003.969,0000.535,0320
 
000217691,000000000,000000000,0114.826,0003.999,0000.540,0289
 
000217709,000000000,000000000,0114.863,0004.008,0000.543,0321
 
000217727,000000000,000000000,0114.899,0004.036,0000.566,0289
 
000217745,000000000,000000000,0114.918,0004.041,0000.589,0311
 
000217763,000000000,000000000,0114.945,0004.025,0000.589,0289
 
000217781,000000000,000000000,0114.972,0004.033,0000.590,0314
 
000217799,000000000,000000000,0115.001,0004.040,0000.589,0288
 
000217817,000000000,000000000,0115.034,0004.028,0000.610,0289
 
000217835,000000000,000000000,0115.051,0004.037,0000.590,0314
 
000217853,000000000,000000000,0115.076,0004.061,0000.589,0289
 
000217871,000000000,000000000,0115.098,0004.064,0000.589,0317
 
000217889,000000000,000000000,0115.120,0004.050,0000.571,0316
 
000217907,000000000,000000000,0115.130,0004.016,0000.552,0289
 
000217925,000000000,000000000,0115.148,0004.004,0000.536,0289
 
000217943,000000000,000000000,0115.179,0003.994,0000.522,0288
 
000217961,000000000,000000000,0115.202,0003.985,0000.527,0316
 
000217979,000000000,000000000,0115.219,0003.973,0000.512,0320
 
000217997,000000000,000000000,0115.231,0003.965,0000.500,0320
 
000218015,000000000,000000000,0115.244,0003.976,0000.508,0319
 
000218033,000000000,000000000,0115.262,0003.987,0000.516,0319
 
000218051,000000000,000000000,0115.283,0003.980,0000.521,0320
 
000218069,000000000,000000000,0115.307,0003.990,0000.524,0320
 
000218087,000000000,000000000,0115.323,0003.980,0000.529,0315
 
000218105,000000000,000000000,0115.347,0003.971,0000.534,0315
 
000218123,000000000,000000000,0115.377,0003.984,0000.537,0315
 
000218141,000000000,000000000,0115.406,0003.994,0000.561,0315
 
000218159,000000000,000000000,0115.424,0004.001,0000.544,0315
 
000218177,000000000,000000000,0115.442,0003.989,0000.565,0315
 
000218195,000000000,000000000,0115.460,0003.999,0000.548,0321
 
000218213,000000000,000000000,0115.487,0004.029,0000.554,0321
 
000218231,000000000,000000000,0115.497,0004.016,0000.538,0321
 
000218249,000000000,000000000,0115.520,0004.026,0000.523,0321
 
000218267,000000000,000000000,0115.524,0004.033,0000.510,0321
 
000218285,000000000,000000000,0115.531,0004.020,0000.517,0320
 
000218303,000000000,000000000,0115.540,0004.047,0000.523,0321
 
000218321,000000000,000000000,0115.553,0004.033,0000.527,0321
 
000218339,000000000,000000000,0115.561,0004.020,0000.534,0316
 
000218357,000000000,000000000,0115.581,0004.047,0000.519,0316
 
000218375,000000000,000000000,0115.601,0004.052,0000.523,0321
 
000218393,000000000,000000000,0115.617,0004.056,0000.527,0289
 
000218411,000000000,000000000,0115.634,0004.061,0000.513,0321
 
000218429,000000000,000000000,0115.648,0004.067,0000.500,0321
 
000218447,000000000,000000000,0115.669,0004.050,0000.507,0289
 
000218465,000000000,000000000,0115.689,0004.073,0000.494,0289
 
000218483,000000000,000000000,0115.700,0004.073,0000.500,0311
 
000218501,000000000,000000000,0115.716,0004.056,0000.507,0289
 
000218519,000000000,000000000,0115.721,0004.061,0000.514,0289
 
000218537,000000000,000000000,0115.739,0004.067,0000.519,0289
 
000218555,000000000,000000000,0115.744,0004.050,0000.524,0314
 
000218573,000000000,000000000,0115.758,0004.055,0000.528,0314
 
000218591,000000000,000000000,0115.776,0004.061,0000.532,0289
 
000218609,000000000,000000000,0115.789,0004.063,0000.536,0316
 
000218627,000000000,000000000,0115.802,0004.048,0000.542,0314
 
000218645,000000000,000000000,0115.802,0004.035,0000.566,0289
 
000218663,000000000,000000000,0115.826,0004.037,0000.569,0316
 
000218681,000000000,000000000,0115.840,0004.045,0000.572,0289
 
000218699,000000000,000000000,0115.842,0004.011,0000.573,0289
 
000218717,000000000,000000000,0115.841,0004.019,0000.575,0320
 
000218735,000000000,000000000,0115.842,0004.027,0000.557,0289
 
000218753,000000000,000000000,0115.843,0004.034,0000.540,0320
 
000218771,000000000,000000000,0115.848,0004.041,0000.525,0320
 
000218789,000000000,000000000,0115.867,0004.028,0000.529,0320
 
000218807,000000000,000000000,0115.874,0004.034,0000.535,0316
 
000218825,000000000,000000000,0115.884,0004.038,0000.557,0320
 
000218843,000000000,000000000,0115.898,0004.023,0000.559,0320
 
000218861,000000000,000000000,0115.909,0004.011,0000.563,0315
 
000218879,000000000,000000000,0115.921,0003.999,0000.566,0320
 
000218897,000000000,000000000,0115.937,0003.991,0000.530,0315
 
000218915,000000000,000000000,0115.940,0003.982,0000.496,0315
 
000218933,000000000,000000000,0115.956,0003.971,0000.482,0321
 
000218951,000000000,000000000,0115.952,0004.002,0000.490,0315
 
000218969,000000000,000000000,0115.955,0003.992,0000.479,0321
 
000218987,000000000,000000000,0115.964,0003.980,0000.487,0320
 
000219005,000000000,000000000,0115.963,0003.989,0000.493,0320
 
000219023,000000000,000000000,0115.974,0003.979,0000.499,0321
 
000219041,000000000,000000000,0115.977,0003.968,0000.506,0321
 
000219059,000000000,000000000,0115.996,0003.999,0000.513,0321
 
000219077,000000000,000000000,0115.999,0004.027,0000.517,0320
 
000219095,000000000,000000000,0116.010,0004.073,0000.522,0315
 
000219113,000000000,000000000,0116.014,0004.079,0000.526,0321
 
000219131,000000000,000000000,0116.005,0004.102,0000.512,0316
 
000219149,000000000,000000000,0116.015,0004.105,0000.519,0321
 
000219167,000000000,000000000,0116.027,0004.086,0000.524,0321
 
000219185,000000000,000000000,0116.037,0004.073,0000.511,0289
 
000219203,000000000,000000000,0116.060,0004.055,0000.556,0289
 
000219221,000000000,000000000,0116.067,0004.061,0000.558,0289
 
000219239,000000000,000000000,0116.083,0004.067,0000.561,0289
 
000219257,000000000,000000000,0116.076,0004.049,0000.582,0289
 
000219275,000000000,000000000,0116.063,0004.034,0000.561,0289
 
000219293,000000000,000000000,0116.063,0004.043,0000.563,0289
 
000219311,000000000,000000000,0116.049,0004.050,0000.546,0289
 
000219329,000000000,000000000,0116.057,0004.075,0000.549,0288
 
000219347,000000000,000000000,0116.059,0004.080,0000.553,0314
 
000219365,000000000,000000000,0116.060,0004.081,0000.574,0288
 
000219383,000000000,000000000,0116.072,0004.064,0000.555,0289
 
000219401,000000000,000000000,0116.069,0004.049,0000.538,0289
 
000219419,000000000,000000000,0116.072,0004.018,0000.524,0288
 
000219437,000000000,000000000,0116.073,0004.027,0000.529,0289
 
000219455,000000000,000000000,0116.073,0004.036,0000.533,0289
 
000219473,000000000,000000000,0116.089,0004.043,0000.519,0289
 
000219491,000000000,000000000,0116.094,0004.051,0000.503,0289
 
000219509,000000000,000000000,0116.094,0004.036,0000.509,0288
 
000219527,000000000,000000000,0116.103,0004.043,0000.496,0316
 
000219545,000000000,000000000,0116.106,0004.050,0000.503,0289
 
000219563,000000000,000000000,0116.120,0004.057,0000.508,0289
 
000219581,000000000,000000000,0116.122,0004.023,0000.533,0316
 
000219599,000000000,000000000,0116.127,0004.033,0000.558,0320
 
000219617,000000000,000000000,0116.123,0004.041,0000.560,0315
 
000219635,000000000,000000000,0116.117,0004.029,0000.562,0321
 
000219653,000000000,000000000,0116.127,0004.020,0000.543,0321
 
000219671,000000000,000000000,0116.132,0004.007,0000.546,0315
 
000219689,000000000,000000000,0116.142,0004.014,0000.529,0315
 
000219707,000000000,000000000,0116.154,0004.003,0000.512,0321
 
000219725,000000000,000000000,0116.163,0003.990,0000.498,0321
 
000219743,000000000,000000000,0116.155,0003.978,0000.504,0321
 
000219761,000000000,000000000,0116.146,0003.990,0000.492,0321
 
000219779,000000000,000000000,0116.148,0004.021,0000.517,0320
 
000219797,000000000,000000000,0116.144,0004.011,0000.521,0320
 
000219815,000000000,000000000,0116.138,0004.002,0000.507,0320
 
000219833,000000000,000000000,0116.129,0004.011,0000.533,0321
 
000219851,000000000,000000000,0116.130,0003.997,0000.517,0321
 
000219869,000000000,000000000,0116.143,0004.008,0000.542,0320
 
000219887,000000000,000000000,0116.142,0004.017,0000.563,0316
 
000219905,000000000,000000000,0116.150,0004.010,0000.584,0320
 
000219923,000000000,000000000,0116.145,0004.038,0000.565,0321
 
000219941,000000000,000000000,0116.154,0004.046,0000.587,0311
 
000219959,000000000,000000000,0116.144,0004.053,0000.587,0289
 
000219977,000000000,000000000,0116.155,0004.079,0000.569,0288
 
000219995,000000000,000000000,0116.149,0004.064,0000.569,0289
 
000220013,000000000,000000000,0116.157,0004.089,0000.568,0320
 
000220031,000000000,000000000,0116.155,0004.093,0000.549,0315
 
000220049,000000000,000000000,0116.143,0004.098,0000.531,0314
 
000220067,000000000,000000000,0116.149,0004.099,0000.553,0288
 
000220085,000000000,000000000,0116.146,0004.101,0000.554,0311
 
000220103,000000000,000000000,0116.140,0004.121,0000.555,0288
 
000220121,000000000,000000000,0116.139,0004.123,0000.538,0314
 
000220139,000000000,000000000,0116.136,0004.126,0000.521,0316
 
000220157,000000000,000000000,0116.139,0004.124,0000.527,0289
 
000220175,000000000,000000000,0116.131,0004.123,0000.510,0316
 
000220193,000000000,000000000,0116.133,0004.123,0000.494,0316
 
000220211,000000000,000000000,0116.134,0004.143,0000.501,0316
 
000220229,000000000,000000000,0116.134,0004.142,0000.507,0310
 
000220247,000000000,000000000,0116.134,0004.105,0000.475,0316
 
000220265,000000000,000000000,0116.130,0004.087,0000.483,0316
 
000220283,000000000,000000000,0116.129,0004.094,0000.490,0320
 
000220301,000000000,000000000,0116.138,0004.098,0000.496,0288
 
000220319,000000000,000000000,0116.135,0004.082,0000.504,0320
 
000220337,000000000,000000000,0116.120,0004.087,0000.510,0319
 
000220355,000000000,000000000,0116.113,0004.091,0000.515,0319
 
000220373,000000000,000000000,0116.108,0004.071,0000.500,0320
 
000220391,000000000,000000000,0116.116,0004.055,0000.506,0315
 
000220409,000000000,000000000,0116.119,0004.045,0000.512,1023
 
000220427,000000000,000000000,0116.126,0004.009,0000.536,1023
 
000220445,000000000,000000000,0116.124,0004.001,0000.541,1023
 
000220463,000000000,000000000,0116.128,0004.013,0000.526,1023
 
000220481,000000000,000000000,0116.131,0004.000,0000.511,1023
 
000220499,000000000,000000000,0116.128,0004.008,0000.497,1023
 
000220517,000000000,000000000,0116.120,0004.018,0000.484,1023
 
000220535,000000000,000000000,0116.118,0004.009,0000.492,1023
 
000220553,000000000,000000000,0116.122,0003.999,0000.460,1023
 
000220571,000000000,000000000,0116.119,0003.990,0000.450,1023
 
000220589,000000000,000000000,0116.128,0003.978,0000.479,1023
 
000220607,000000000,000000000,0116.132,0003.972,0000.469,1023
 
000220625,000000000,000000000,0116.146,0003.967,0000.478,1023
 
000220643,000000000,000000000,0116.151,0003.981,0000.467,1023
 
000220661,000000000,000000000,0116.153,0004.031,0000.456,1023
 
000220679,000000000,000000000,0116.154,0004.079,0000.448,1023
 
000220697,000000000,000000000,0116.171,0004.084,0000.477,1023
 
000220715,000000000,000000000,0116.187,0004.088,0000.505,1023
 
000220733,000000000,000000000,0116.187,0004.051,0000.491,1023
 
000220751,000000000,000000000,0116.181,0004.017,0000.517,1023
 
000220769,000000000,000000000,0116.194,0004.028,0000.522,1023
 
000220787,000000000,000000000,0116.198,0004.019,0000.508,1023
 
000220805,000000000,000000000,0116.217,0004.008,0000.511,1023
 
000220823,000000000,000000000,0116.223,0004.022,0000.499,1023
 
000220841,000000000,000000000,0116.255,0004.035,0000.490,1023
 
000220859,000000000,000000000,0116.264,0004.021,0000.497,1023
 
000220877,000000000,000000000,0116.265,0004.027,0000.504,1023
 
000220895,000000000,000000000,0116.288,0004.035,0000.510,1023
 
000220913,000000000,000000000,0116.315,0004.044,0000.518,1023
 
000220931,000000000,000000000,0116.310,0004.072,0000.523,1023
 
000220949,000000000,000000000,0116.319,0004.078,0000.529,1023
 
000220967,000000000,000000000,0116.318,0004.079,0000.532,1023
 
000220985,000000000,000000000,0116.325,0004.102,0000.536,1023
 
000221003,000000000,000000000,0116.315,0004.124,0000.540,1023
 
000221021,000000000,000000000,0116.320,0004.124,0000.543,1023
 
000221039,000000000,000000000,0116.323,0004.108,0000.528,1023
 
000221057,000000000,000000000,0116.322,0004.109,0000.530,1023
 
000221075,000000000,000000000,0116.321,0004.113,0000.517,1023
 
000221093,000000000,000000000,0116.326,0004.096,0000.523,1023
 
000221111,000000000,000000000,0116.320,0004.081,0000.526,1023
 
000221129,000000000,000000000,0116.318,0004.105,0000.511,1023
 
000221147,000000000,000000000,0116.314,0004.125,0000.516,1023
 
000221165,000000000,000000000,0116.306,0004.144,0000.517,1023
 
000221183,000000000,000000000,0116.307,0004.141,0000.502,1023
 
000221201,000000000,000000000,0116.304,0004.160,0000.486,1023
 
000221219,000000000,000000000,0116.283,0004.137,0000.493,1023
 
000221237,000000000,000000000,0116.276,0004.136,0000.517,1023
 
000221255,000000000,000000000,0116.278,0004.155,0000.501,1023
 
000221273,000000000,000000000,0116.267,0004.135,0000.505,1023
 
000221291,000000000,000000000,0116.263,0004.156,0000.488,1023
 
000221309,000000000,000000000,0116.238,0004.175,0000.474,1023
 
000221327,000000000,000000000,0116.195,0004.194,0000.458,1023
 
000221345,000000000,000000000,0116.139,0004.192,0000.484,1023
 
000221363,000000000,000000000,0116.101,0004.186,0000.468,1023
 
000221381,000000000,000000000,0116.048,0004.145,0000.453,1023
 
000221399,000000000,000000000,0116.008,0004.088,0000.439,1023
 
000221417,000000000,000000000,0115.991,0004.073,0000.431,1023
 
000221435,000000000,000000000,0115.977,0004.079,0000.440,1023
 
000221453,000000000,000000000,0115.945,0004.103,0000.447,1023
 
000221471,000000000,000000000,0115.908,0004.108,0000.437,1023
 
000221489,000000000,000000000,0115.879,0004.111,0000.427,1023
 
000221507,000000000,000000000,0115.854,0004.113,0000.457,1023
 
000221525,000000000,000000000,0115.841,0004.057,0000.484,1023
 
000221543,000000000,000000000,0115.830,0004.064,0000.471,1023
 
000221561,000000000,000000000,0115.835,0004.033,0000.496,1023
 
000221579,000000000,000000000,0115.846,0004.039,0000.483,1023
 
000221597,000000000,000000000,0115.853,0004.047,0000.490,1023
 
000221615,000000000,000000000,0115.854,0004.055,0000.496,1023
 
000221633,000000000,000000000,0115.854,0004.064,0000.485,1023
 
000221651,000000000,000000000,0115.856,0004.073,0000.472,1023
 
000221669,000000000,000000000,0115.852,0004.079,0000.498,1023
 
000221687,000000000,000000000,0115.865,0004.085,0000.525,1023
 
000221705,000000000,000000000,0115.863,0004.072,0000.530,1023
 
000221723,000000000,000000000,0115.844,0004.039,0000.511,1023
 
000221741,000000000,000000000,0115.819,0004.046,0000.495,1023
 
000221759,000000000,000000000,0115.767,0004.113,0000.461,1023
 
000221777,000000000,000000000,0115.669,0004.117,0000.464,1023
 
000221795,000000000,000000000,0115.539,0004.218,0000.466,1023
 
000221813,000000000,000000000,0115.368,0004.311,0000.465,1023
 
000221831,000000000,000000000,0115.190,0004.356,0000.444,1023
 
000221849,000000000,000000000,0115.015,0004.304,0000.406,1023
 
000221867,000000000,000000000,0114.850,0004.276,0000.429,1023
 
000221885,000000000,000000000,0114.687,0004.231,0000.432,1023
 
000221903,000000000,000000000,0114.545,0004.206,0000.435,1023
 
000221921,000000000,000000000,0114.414,0004.184,0000.440,1023
 
000221939,000000000,000000000,0114.298,0004.163,0000.444,1023
 
000221957,000000000,000000000,0114.175,0004.143,0000.428,1023
 
000221975,000000000,000000000,0114.072,0004.125,0000.415,1023
 
000221993,000000000,000000000,0113.976,0004.106,0000.404,1023
 
000222011,000000000,000000000,0113.892,0004.090,0000.413,1023
 
000222029,000000000,000000000,0113.823,0004.056,0000.419,1023
 
000222047,000000000,000000000,0113.750,0004.082,0000.426,1023
 
000222065,000000000,000000000,0113.658,0004.068,0000.434,1023
 
000222083,000000000,000000000,0113.576,0004.074,0000.461,1023
 
000222101,000000000,000000000,0113.469,0004.099,0000.446,1023
 
000222119,000000000,000000000,0113.357,0004.125,0000.431,1023
 
000222137,000000000,000000000,0113.216,0004.149,0000.414,1023
 
000222155,000000000,000000000,0113.075,0004.150,0000.417,1023
 
000222173,000000000,000000000,0112.923,0004.150,0000.419,1023
 
000222191,000000000,000000000,0112.793,0004.130,0000.404,1023
 
000222209,000000000,000000000,0112.685,0004.073,0000.411,1023
 
000222227,000000000,000000000,0112.596,0004.061,0000.400,1023
 
000222245,000000000,000000000,0112.503,0004.049,0000.407,1023
 
000222263,000000000,000000000,0112.410,0004.058,0000.415,1023
 
000222281,000000000,000000000,0112.313,0004.066,0000.423,1023
 
000222299,000000000,000000000,0112.203,0004.092,0000.427,1023
 
000222317,000000000,000000000,0112.082,0004.098,0000.451,1023
 
000222335,000000000,000000000,0111.948,0004.082,0000.415,1023
 
000222353,000000000,000000000,0111.814,0004.070,0000.421,1023
 
000222371,000000000,000000000,0111.682,0004.076,0000.446,1023
 
000222389,000000000,000000000,0111.584,0004.041,0000.450,1023
 
000222407,000000000,000000000,0111.481,0004.051,0000.454,1023
 
000222425,000000000,000000000,0111.386,0004.058,0000.458,1023
 
000222443,000000000,000000000,0111.288,0004.065,0000.461,1023
 
000222461,000000000,000000000,0111.184,0004.054,0000.445,1023
 
000222479,000000000,000000000,0111.070,0004.064,0000.447,1023
 
000222497,000000000,000000000,0110.955,0004.094,0000.449,1023
 
000222515,000000000,000000000,0110.821,0004.119,0000.451,1023
 
000222533,000000000,000000000,0110.695,0004.123,0000.451,1023
 
000222551,000000000,000000000,0110.544,0004.107,0000.432,1023
 
000222569,000000000,000000000,0110.434,0004.072,0000.416,1023
 
000222587,000000000,000000000,0110.346,0004.040,0000.460,1023
 
000222605,000000000,000000000,0110.259,0004.012,0000.500,1023
 
000222623,000000000,000000000,0110.172,0004.006,0000.500,1023
 
000222641,000000000,000000000,0110.091,0004.002,0000.482,1023
 
000222659,000000000,000000000,0109.989,0003.999,0000.484,1023
 
000222677,000000000,000000000,0109.893,0003.996,0000.488,1023
 
000222695,000000000,000000000,0109.798,0003.990,0000.491,1023
 
000222713,000000000,000000000,0109.695,0003.983,0000.492,1023
 
000222731,000000000,000000000,0109.588,0004.036,0000.474,1023
 
000222749,000000000,000000000,0109.481,0004.044,0000.475,1023
 
000222767,000000000,000000000,0109.345,0004.052,0000.474,1023
 
000222785,000000000,000000000,0109.210,0004.021,0000.456,1023
 
000222803,000000000,000000000,0109.068,0004.011,0000.460,1023
 
000222821,000000000,000000000,0108.956,0003.987,0000.479,1023
 
000222839,000000000,000000000,0108.859,0003.963,0000.461,1023
 
000222857,000000000,000000000,0108.780,0003.960,0000.464,1023
 
000222875,000000000,000000000,0108.695,0003.980,0000.465,1023
 
000222893,000000000,000000000,0108.609,0003.976,0000.467,1023
 
000222911,000000000,000000000,0108.510,0003.971,0000.490,1023
 
000222929,000000000,000000000,0108.430,0003.965,0000.512,1023
 
000222947,000000000,000000000,0108.337,0003.958,0000.509,1023
 
000222965,000000000,000000000,0108.251,0003.995,0000.528,1023
 
000222983,000000000,000000000,0108.159,0004.008,0000.526,1023
 
000223001,000000000,000000000,0108.071,0003.984,0000.504,1023
 
000223019,000000000,000000000,0107.978,0003.979,0000.505,1023
 
000223037,000000000,000000000,0107.896,0003.995,0000.505,1023
 
000223055,000000000,000000000,0107.819,0003.968,0000.503,1023
 
000223073,000000000,000000000,0107.749,0003.984,0000.485,1023
 
000223091,000000000,000000000,0107.700,0003.998,0000.469,1023
 
000223109,000000000,000000000,0107.637,0003.973,0000.473,1023
 
000223127,000000000,000000000,0107.590,0003.988,0000.477,1023
 
000223145,000000000,000000000,0107.529,0003.986,0000.463,1023
 
000223163,000000000,000000000,0107.466,0003.980,0000.469,1023
 
000223181,000000000,000000000,0107.403,0003.995,0000.473,1023
 
000223199,000000000,000000000,0107.342,0004.008,0000.478,1023
 
000223217,000000000,000000000,0107.300,0004.002,0000.501,1023
 
000223235,000000000,000000000,0107.268,0004.017,0000.502,1023
 
000223253,000000000,000000000,0107.235,0004.031,0000.504,1023
 
000223271,000000000,000000000,0107.186,0004.000,0000.505,1023
 
000223289,000000000,000000000,0107.138,0003.998,0000.488,1023
 
000223307,000000000,000000000,0107.090,0004.014,0000.490,1023
 
000223325,000000000,000000000,0107.033,0004.009,0000.492,1023
 
000223343,000000000,000000000,0106.980,0004.022,0000.475,1023
 
000223361,000000000,000000000,0106.923,0004.074,0000.479,1023
 
000223379,000000000,000000000,0106.854,0004.083,0000.483,1023
 
000223397,000000000,000000000,0106.787,0004.091,0000.467,1023
 
000223415,000000000,000000000,0106.737,0004.097,0000.453,1023
 
000223433,000000000,000000000,0106.669,0004.064,0000.459,1023
 
000223451,000000000,000000000,0106.628,0004.053,0000.465,1023
 
000223469,000000000,000000000,0106.583,0004.043,0000.452,1023
 
000223487,000000000,000000000,0106.551,0004.035,0000.478,1023
 
000223505,000000000,000000000,0106.528,0004.006,0000.463,1023
 
000223523,000000000,000000000,0106.500,0003.980,0000.470,1023
 
000223541,000000000,000000000,0106.473,0003.974,0000.455,1023
 
000223559,000000000,000000000,0106.469,0003.992,0000.462,1023
 
000223577,000000000,000000000,0106.462,0004.007,0000.468,1023
 
000223595,000000000,000000000,0106.443,0004.038,0000.475,1023
 
000223613,000000000,000000000,0106.429,0004.070,0000.500,1023
 
000223631,000000000,000000000,0106.417,0004.042,0000.503,1023
 
000223649,000000000,000000000,0106.400,0004.034,0000.488,1023
 
000223667,000000000,000000000,0106.387,0004.025,0000.475,1023
 
000223685,000000000,000000000,0106.383,0004.018,0000.500,1023
 
000223703,000000000,000000000,0106.381,0004.052,0000.485,1023
 
000223721,000000000,000000000,0106.359,0004.104,0000.508,1023
 
000223739,000000000,000000000,0106.346,0004.151,0000.531,1023
 
000223757,000000000,000000000,0106.332,0004.136,0000.515,1023
 
000223775,000000000,000000000,0106.322,0004.159,0000.500,1023
 
000223793,000000000,000000000,0106.307,0004.158,0000.503,1023
 
000223811,000000000,000000000,0106.290,0004.138,0000.486,1023
 
000223829,000000000,000000000,0106.287,0004.142,0000.491,1023
 
000223847,000000000,000000000,0106.283,0004.143,0000.515,1023
 
000223865,000000000,000000000,0106.273,0004.145,0000.518,1023
 
000223883,000000000,000000000,0106.246,0004.146,0000.520,1023
 
000223901,000000000,000000000,0106.229,0004.148,0000.521,1023
 
000223919,000000000,000000000,0106.229,0004.130,0000.543,1023
 
000223937,000000000,000000000,0106.218,0004.156,0000.543,1023
 
000223955,000000000,000000000,0106.197,0004.141,0000.542,1023
 
000223973,000000000,000000000,0106.178,0004.125,0000.524,1023
 
000223991,000000000,000000000,0106.167,0004.108,0000.526,1023
 
000224009,000000000,000000000,0106.161,0004.074,0000.526,1023
 
000224027,000000000,000000000,0106.155,0004.083,0000.509,1023
 
000224045,000000000,000000000,0106.145,0004.110,0000.513,1023
 
000224063,000000000,000000000,0106.143,0004.135,0000.516,1023
 
000224081,000000000,000000000,0106.133,0004.117,0000.539,1023
 
000224099,000000000,000000000,0106.117,0004.122,0000.540,1023
 
000224117,000000000,000000000,0106.111,0004.107,0000.542,1023
 
000224135,000000000,000000000,0106.108,0004.091,0000.525,1023
 
000224153,000000000,000000000,0106.087,0004.076,0000.525,1023
 
000224171,000000000,000000000,0106.088,0004.044,0000.527,1023
 
000224189,000000000,000000000,0106.096,0004.036,0000.530,1023
 
000224207,000000000,000000000,0106.082,0004.046,0000.533,1023
 
000224225,000000000,000000000,0106.076,0004.054,0000.535,1023
 
000224243,000000000,000000000,0106.075,0004.043,0000.556,1023
 
000224261,000000000,000000000,0106.070,0004.093,0000.557,1023
 
000224279,000000000,000000000,0106.057,0004.082,0000.538,1023
 
000224297,000000000,000000000,0106.053,0004.071,0000.518,1023
 
000224315,000000000,000000000,0106.048,0004.079,0000.540,1023
 
000224333,000000000,000000000,0106.047,0004.065,0000.541,1023
 
000224351,000000000,000000000,0106.038,0004.055,0000.541,1023
 
000224369,000000000,000000000,0106.047,0004.045,0000.581,0321
 
000224387,000000000,000000000,0106.042,0004.035,0000.618,0316
 
000224405,000000000,000000000,0106.043,0004.048,0000.611,0311
 
000224423,000000000,000000000,0106.033,0004.058,0000.606,0311
 
000224441,000000000,000000000,0106.034,0004.084,0000.602,0316
 
000224459,000000000,000000000,0106.027,0004.092,0000.598,0289
 
000224477,000000000,000000000,0106.028,0004.097,0000.594,0316
 
000224495,000000000,000000000,0106.022,0004.083,0000.572,0311
 
000224513,000000000,000000000,0106.036,0004.088,0000.570,0289
 
000224531,000000000,000000000,0106.020,0004.095,0000.569,0311
 
000224549,000000000,000000000,0106.016,0004.081,0000.585,0320
 
000224567,000000000,000000000,0105.996,0004.088,0000.601,0320
 
000224585,000000000,000000000,0105.994,0004.075,0000.597,0289
 
000224603,000000000,000000000,0105.964,0004.063,0000.592,0289
 
000224621,000000000,000000000,0105.870,0004.073,0000.588,0290
 
000224639,000000000,000000000,0105.869,0004.063,0000.586,0289
 
000224657,000000000,000000000,0105.880,0004.071,0000.564,0289
 
000224675,000000000,000000000,0105.877,0004.078,0000.563,0290
 
000224693,000000000,000000000,0105.881,0004.084,0000.561,0289
 
000224711,000000000,000000000,0105.889,0004.052,0000.542,0310
 
000224729,000000000,000000000,0105.895,0004.022,0000.523,0310
 
000224747,000000000,000000000,0105.894,0004.033,0000.544,0310
 
000224765,000000000,000000000,0105.891,0004.026,0000.527,0310
 
000224783,000000000,000000000,0105.887,0004.056,0000.529,0310
 
000224801,000000000,000000000,0105.893,0004.044,0000.531,0309
 
000224819,000000000,000000000,0105.897,0004.036,0000.533,0310
 
000224837,000000000,000000000,0105.893,0004.045,0000.533,0310
 
000224855,000000000,000000000,0105.906,0004.055,0000.534,0310
 
000224873,000000000,000000000,0105.890,0004.026,0000.516,0310
 
000224891,000000000,000000000,0105.886,0004.037,0000.498,0310
 
000224909,000000000,000000000,0105.876,0004.050,0000.520,0310
 
000224927,000000000,000000000,0105.864,0004.039,0000.504,0311
 
000224945,000000000,000000000,0105.852,0004.031,0000.507,0310
 
000224963,000000000,000000000,0105.847,0004.043,0000.492,0310
 
000224981,000000000,000000000,0105.850,0004.037,0000.477,0311
 
000224999,000000000,000000000,0105.856,0004.028,0000.464,0320
 
000225017,000000000,000000000,0105.861,0004.021,0000.451,0320
 
000225035,000000000,000000000,0105.854,0004.033,0000.420,0310
 
000225053,000000000,000000000,0105.860,0004.043,0000.430,0320
 
000225071,000000000,000000000,0105.877,0004.033,0000.439,0314
 
000225089,000000000,000000000,0105.874,0004.046,0000.430,0311
 
000225107,000000000,000000000,0105.879,0004.058,0000.477,0311
 
000225125,000000000,000000000,0105.885,0004.068,0000.484,0320
 
000225143,000000000,000000000,0105.886,0004.058,0000.449,0311
 
000225161,000000000,000000000,0105.895,0004.046,0000.456,0289
 
000225179,000000000,000000000,0105.889,0004.035,0000.463,0316
 
000225197,000000000,000000000,0105.888,0004.083,0000.430,0311
 
000225215,000000000,000000000,0105.879,0004.071,0000.478,0311
 
000225233,000000000,000000000,0105.872,0004.061,0000.520,0290
 
000225251,000000000,000000000,0105.884,0004.091,0000.503,0289
 
000225269,000000000,000000000,0105.892,0004.079,0000.508,0289
 
000225287,000000000,000000000,0105.883,0004.106,0000.512,0289
 
000225305,000000000,000000000,0105.885,0004.093,0000.515,0288
 
000225323,000000000,000000000,0105.878,0004.080,0000.517,0288
 
000225341,000000000,000000000,0105.880,0004.070,0000.520,0289
 
000225359,000000000,000000000,0105.868,0004.060,0000.522,0316
 
000225377,000000000,000000000,0105.869,0004.068,0000.523,0315
 
000225395,000000000,000000000,0105.867,0004.057,0000.506,0289
 
000225413,000000000,000000000,0105.869,0004.047,0000.490,0289
 
000225431,000000000,000000000,0105.880,0004.037,0000.514,0289
 
000225449,000000000,000000000,0105.868,0004.052,0000.516,0316
 
000225467,000000000,000000000,0105.860,0004.082,0000.519,0310
 
000225485,000000000,000000000,0105.843,0004.091,0000.522,0320
 
000225503,000000000,000000000,0105.842,0004.100,0000.527,0310
 
000225521,000000000,000000000,0105.844,0004.128,0000.530,0310
 
000225539,000000000,000000000,0105.841,0004.112,0000.549,0310
 
000225557,000000000,000000000,0105.848,0004.098,0000.549,0310
 
000225575,000000000,000000000,0105.844,0004.085,0000.566,0310
 
000225593,000000000,000000000,0105.832,0004.072,0000.565,0310
 
000225611,000000000,000000000,0105.836,0004.081,0000.563,0310
 
000225629,000000000,000000000,0105.819,0004.089,0000.563,0310
 
000225647,000000000,000000000,0105.808,0004.076,0000.561,0310
 
000225665,000000000,000000000,0105.808,0004.067,0000.561,0310
 
000225683,000000000,000000000,0105.816,0004.057,0000.560,0310
 
000225701,000000000,000000000,0105.811,0004.049,0000.540,0310
 
000225719,000000000,000000000,0105.815,0004.044,0000.522,0311
 
000225737,000000000,000000000,0105.807,0004.057,0000.524,0311
 
000225755,000000000,000000000,0105.805,0004.067,0000.506,0311
 
000225773,000000000,000000000,0105.814,0004.057,0000.509,0310
 
000225791,000000000,000000000,0105.827,0004.046,0000.513,0311
 
000225809,000000000,000000000,0105.826,0004.056,0000.515,0314
 
000225827,000000000,000000000,0105.840,0004.067,0000.516,0311
 
000225845,000000000,000000000,0105.834,0004.060,0000.538,0311
 
000225863,000000000,000000000,0105.838,0004.089,0000.521,0311
 
000225881,000000000,000000000,0105.832,0004.097,0000.523,0311
 
000225899,000000000,000000000,0105.826,0004.085,0000.504,0311
 
000225917,000000000,000000000,0105.833,0004.074,0000.488,0316
 
000225935,000000000,000000000,0105.828,0004.064,0000.473,0320
 
000225953,000000000,000000000,0105.839,0004.072,0000.480,0289
 
000225971,000000000,000000000,0105.819,0004.061,0000.487,0289
 
000225989,000000000,000000000,0105.817,0004.052,0000.493,0289
 
000226007,000000000,000000000,0105.828,0004.061,0000.518,0289
 
000226025,000000000,000000000,0105.843,0004.050,0000.539,0289
 
000226043,000000000,000000000,0105.844,0004.062,0000.539,0316
 
000226061,000000000,000000000,0105.849,0004.053,0000.522,0289
 
000226079,000000000,000000000,0105.846,0004.047,0000.524,0288
 
000226097,000000000,000000000,0105.852,0004.078,0000.544,0316
 
000226115,000000000,000000000,0105.853,0004.106,0000.546,0289
 
000226133,000000000,000000000,0105.859,0004.113,0000.545,0290
 
000226151,000000000,000000000,0105.849,0004.120,0000.544,0290
 
000226169,000000000,000000000,0105.840,0004.087,0000.485,0290
 
000226187,000000000,000000000,0105.832,0004.093,0000.509,0289
 
000226205,000000000,000000000,0105.831,0004.084,0000.512,0310
 
000226223,000000000,000000000,0105.833,0004.075,0000.515,0320
 
000226241,000000000,000000000,0105.847,0004.085,0000.518,0310
 
000226259,000000000,000000000,0105.846,0004.074,0000.517,0310
 
000226277,000000000,000000000,0105.853,0004.103,0000.521,0310
 
000226295,000000000,000000000,0105.853,0004.090,0000.522,0310
 
000226313,000000000,000000000,0105.855,0004.080,0000.524,0310
 
000226331,000000000,000000000,0105.848,0004.048,0000.526,0310
 
000226349,000000000,000000000,0105.859,0004.038,0000.529,0310
 
000226367,000000000,000000000,0105.863,0004.008,0000.529,0310
 
000226385,000000000,000000000,0105.882,0004.002,0000.551,0310
 
000226403,000000000,000000000,0105.881,0003.999,0000.531,0310
 
000226421,000000000,000000000,0105.876,0004.033,0000.532,0310
 
000226439,000000000,000000000,0105.876,0004.045,0000.534,0310
 
000226457,000000000,000000000,0105.872,0004.076,0000.535,0311
 
000226475,000000000,000000000,0105.867,0004.106,0000.536,0320
 
000226493,000000000,000000000,0105.884,0004.053,0000.536,0320
 
000226511,000000000,000000000,0105.872,0004.066,0000.518,0311
 
000226529,000000000,000000000,0105.888,0004.055,0000.540,0316
 
000226547,000000000,000000000,0105.896,0004.004,0000.560,0310
 
000226565,000000000,000000000,0105.902,0004.038,0000.558,0310
 
000226583,000000000,000000000,0105.900,0004.029,0000.557,0321
 
000226601,000000000,000000000,0105.905,0004.040,0000.536,0314
 
000226619,000000000,000000000,0105.918,0004.053,0000.516,0320
 
000226637,000000000,000000000,0105.923,0004.042,0000.519,0311
 
000226655,000000000,000000000,0105.924,0004.036,0000.503,0316
 
000226673,000000000,000000000,0105.919,0004.031,0000.505,0311
 
000226691,000000000,000000000,0105.913,0004.024,0000.508,0311
 
000226709,000000000,000000000,0105.923,0004.017,0000.491,0311
 
000226727,000000000,000000000,0105.906,0004.013,0000.495,0289
 
000226745,000000000,000000000,0105.918,0003.985,0000.498,0289
 
000226763,000000000,000000000,0105.922,0004.000,0000.522,0288
 
000226781,000000000,000000000,0105.929,0004.016,0000.543,0288
 
000226799,000000000,000000000,0105.934,0004.050,0000.544,0289
 
000226817,000000000,000000000,0105.950,0004.061,0000.526,0289
 
000226835,000000000,000000000,0105.959,0004.035,0000.507,0288
 
000226853,000000000,000000000,0105.959,0004.026,0000.491,0320
 
000226871,000000000,000000000,0105.960,0004.021,0000.494,0289
 
000226889,000000000,000000000,0105.959,0004.016,0000.517,0289
 
000226907,000000000,000000000,0105.973,0003.990,0000.557,0289
 
000226925,000000000,000000000,0105.992,0004.006,0000.557,0289
 
000226943,000000000,000000000,0106.002,0004.020,0000.556,0289
 
000226961,000000000,000000000,0106.002,0003.990,0000.574,0310
 
000226979,000000000,000000000,0106.004,0004.009,0000.572,0309
 
000226997,000000000,000000000,0106.009,0004.022,0000.569,0310
 
000227015,000000000,000000000,0106.004,0004.037,0000.547,0317
 
000227033,000000000,000000000,0105.991,0004.050,0000.527,0310
 
000227051,000000000,000000000,0105.985,0004.042,0000.529,0310
 
000227069,000000000,000000000,0105.981,0004.032,0000.509,0310
 
000227087,000000000,000000000,0105.975,0004.025,0000.512,0310
 
000227105,000000000,000000000,0105.964,0004.019,0000.514,0310
 
000227123,000000000,000000000,0105.971,0004.011,0000.516,0290
 
000227141,000000000,000000000,0105.965,0003.986,0000.478,0310
 
000227159,000000000,000000000,0105.957,0004.004,0000.463,0310
 
000227177,000000000,000000000,0105.957,0004.018,0000.468,0311
 
000227195,000000000,000000000,0105.955,0004.031,0000.473,0311
 
000227213,000000000,000000000,0105.969,0004.044,0000.479,0311
 
000227231,000000000,000000000,0105.963,0004.055,0000.483,0311
 
000227249,000000000,000000000,0105.946,0004.048,0000.488,0311
 
000227267,000000000,000000000,0105.940,0004.042,0000.492,0311
 
000227285,000000000,000000000,0105.958,0004.032,0000.533,0320
 
000227303,000000000,000000000,0105.958,0004.122,0000.533,0311
 
000227321,000000000,000000000,0105.950,0004.066,0000.552,0311
 
000227339,000000000,000000000,0105.955,0004.077,0000.572,0311
 
000227357,000000000,000000000,0105.944,0004.108,0000.570,0311
 
000227375,000000000,000000000,0105.928,0004.096,0000.567,0289
 
000227393,000000000,000000000,0105.928,0004.087,0000.545,0288
 
000227411,000000000,000000000,0105.931,0004.094,0000.544,0320
 
000227429,000000000,000000000,0105.931,0004.101,0000.543,0289
 
000227447,000000000,000000000,0105.937,0004.110,0000.543,0289
 
000227465,000000000,000000000,0105.940,0004.116,0000.543,0289
 
000227483,000000000,000000000,0105.938,0004.086,0000.582,0289
 
000227501,000000000,000000000,0105.922,0004.115,0000.579,0289
 
000227519,000000000,000000000,0105.924,0004.142,0000.595,0289
 
000227537,000000000,000000000,0105.910,0004.147,0000.571,0309
 
000227555,000000000,000000000,0105.917,0004.150,0000.549,0289
 
000227573,000000000,000000000,0105.913,0004.153,0000.528,0310
 
000227591,000000000,000000000,0105.896,0004.155,0000.509,0288
 
000227609,000000000,000000000,0105.889,0004.138,0000.511,0310
 
000227627,000000000,000000000,0105.884,0004.123,0000.532,0310
 
000227645,000000000,000000000,0105.876,0004.126,0000.571,0289
 
000227663,000000000,000000000,0105.883,0004.133,0000.568,0289
 
000227681,000000000,000000000,0105.874,0004.118,0000.567,0321
 
000227699,000000000,000000000,0105.862,0004.107,0000.565,0289
 
000227717,000000000,000000000,0105.860,0004.135,0000.563,0310
 
000227735,000000000,000000000,0105.857,0004.139,0000.561,0310
 
000227753,000000000,000000000,0105.856,0004.143,0000.559,0310
 
000227771,000000000,000000000,0105.855,0004.151,0000.556,0310
 
000227789,000000000,000000000,0105.849,0004.158,0000.536,0311
 
000227807,000000000,000000000,0105.843,0004.142,0000.555,0310
 
000227825,000000000,000000000,0105.844,0004.146,0000.552,0310
 
000227843,000000000,000000000,0105.836,0004.108,0000.552,0310
 
000227861,000000000,000000000,0105.834,0004.097,0000.551,0316
 
000227879,000000000,000000000,0105.841,0004.125,0000.569,0310
 
000227897,000000000,000000000,0105.829,0004.114,0000.548,0314
 
000227915,000000000,000000000,0105.828,0004.103,0000.528,0311
 
000227933,000000000,000000000,0105.832,0004.090,0000.529,0310
 
000227951,000000000,000000000,0105.840,0004.096,0000.509,0311
 
000227969,000000000,000000000,0105.843,0004.104,0000.512,0314
 
000227987,000000000,000000000,0105.849,0004.075,0000.533,0311
 
000228005,000000000,000000000,0105.843,0004.084,0000.552,0311
 
000228023,000000000,000000000,0105.838,0004.093,0000.551,0288
 
000228041,000000000,000000000,0105.852,0004.080,0000.550,0321
 
000228059,000000000,000000000,0105.843,0004.073,0000.549,0311
 
000228077,000000000,000000000,0105.843,0004.067,0000.548,0289
 
000228095,000000000,000000000,0105.853,0004.058,0000.548,0316
 
000228113,000000000,000000000,0105.848,0004.051,0000.549,0311
 
000228131,000000000,000000000,0105.849,0004.062,0000.530,0288
 
000228149,000000000,000000000,0105.842,0004.073,0000.532,0314
 
000228167,000000000,000000000,0105.836,0004.062,0000.512,0289
 
000228185,000000000,000000000,0105.839,0004.073,0000.514,0289
 
000228203,000000000,000000000,0105.839,0004.044,0000.496,0289
 
000228221,000000000,000000000,0105.831,0004.055,0000.483,0320
 
000228239,000000000,000000000,0105.841,0004.067,0000.468,0289
 
000228257,000000000,000000000,0105.841,0004.079,0000.455,0316
 
000228275,000000000,000000000,0105.834,0004.071,0000.443,0310
 
000228293,000000000,000000000,0105.850,0004.083,0000.433,0289
 
000228311,000000000,000000000,0105.849,0004.073,0000.441,0288
 
000228329,000000000,000000000,0105.866,0004.084,0000.447,0289
 
000228347,000000000,000000000,0105.877,0004.096,0000.475,0289
 
000228365,000000000,000000000,0105.900,0004.084,0000.500,0289
 
000228383,000000000,000000000,0105.895,0004.076,0000.505,0289
 
000228401,000000000,000000000,0105.895,0004.067,0000.509,0289
 
000228419,000000000,000000000,0105.883,0004.038,0000.531,0290
 
000228437,000000000,000000000,0105.888,0004.031,0000.533,0289
 
000228455,000000000,000000000,0105.884,0004.062,0000.534,0310
 
000228473,000000000,000000000,0105.897,0004.053,0000.515,0310
 
000228491,000000000,000000000,0105.897,0004.068,0000.496,0309
 
000228509,000000000,000000000,0105.881,0004.080,0000.498,0317
 
000228527,000000000,000000000,0105.877,0004.089,0000.501,0310
 
000228545,000000000,000000000,0105.882,0004.080,0000.504,0309
 
000228563,000000000,000000000,0105.878,0004.071,0000.507,0310
 
000228581,000000000,000000000,0105.898,0004.003,0000.491,0310
 
000228599,000000000,000000000,0105.895,0004.059,0000.496,0310
 
000228617,000000000,000000000,0105.894,0004.069,0000.519,0310
 
000228635,000000000,000000000,0105.901,0004.062,0000.522,0310
 
000228653,000000000,000000000,0105.898,0004.074,0000.504,0310
 
000228671,000000000,000000000,0105.914,0004.083,0000.525,0310
 
000228689,000000000,000000000,0105.921,0004.092,0000.527,0310
 
000228707,000000000,000000000,0105.923,0004.099,0000.529,0311
 
000228725,000000000,000000000,0105.922,0004.070,0000.531,0311
 
000228743,000000000,000000000,0105.912,0004.062,0000.549,0311
 
000228761,000000000,000000000,0105.909,0004.055,0000.528,0311
 
000228779,000000000,000000000,0105.919,0004.046,0000.529,0321
 
000228797,000000000,000000000,0105.926,0004.059,0000.530,0311
 
000228815,000000000,000000000,0105.917,0004.091,0000.513,0311
 
000228833,000000000,000000000,0105.917,0004.099,0000.514,0320
 
000228851,000000000,000000000,0105.909,0004.128,0000.497,0316
 
000228869,000000000,000000000,0105.909,0004.155,0000.482,0311
 
000228887,000000000,000000000,0105.908,0004.121,0000.487,0311
 
000228905,000000000,000000000,0105.902,0004.124,0000.530,0289
 
000228923,000000000,000000000,0105.896,0004.111,0000.530,0289
 
000228941,000000000,000000000,0105.897,0004.120,0000.529,0289
 
000228959,000000000,000000000,0105.896,0004.127,0000.528,0289
 
000228977,000000000,000000000,0105.895,0004.138,0000.530,0289
 
000228995,000000000,000000000,0105.891,0004.123,0000.529,0311
 
000229013,000000000,000000000,0105.903,0004.131,0000.530,0316
 
000229031,000000000,000000000,0105.903,0004.138,0000.532,0290
 
000229049,000000000,000000000,0105.895,0004.144,0000.551,0288
 
000229067,000000000,000000000,0105.890,0004.113,0000.531,0288
 
000229085,000000000,000000000,0105.879,0004.119,0000.512,0316
 
000229103,000000000,000000000,0105.858,0004.106,0000.513,0289
 
000229121,000000000,000000000,0105.835,0004.132,0000.515,0290
 
000229139,000000000,000000000,0105.840,0004.120,0000.498,0289
 
000229157,000000000,000000000,0105.827,0004.125,0000.501,0290
 
000229175,000000000,000000000,0105.841,0004.150,0000.502,0289
 
000229193,000000000,000000000,0105.837,0004.174,0000.505,0289
 
000229211,000000000,000000000,0105.832,0004.136,0000.505,0310
 
000229229,000000000,000000000,0105.819,0004.144,0000.508,0310
 
000229247,000000000,000000000,0105.826,0004.128,0000.510,0310
 
000229265,000000000,000000000,0105.819,0004.134,0000.531,0309
 
000229283,000000000,000000000,0105.810,0004.122,0000.530,0310
 
000229301,000000000,000000000,0105.823,0004.092,0000.529,0289
 
000229319,000000000,000000000,0105.827,0004.102,0000.528,0310
 
000229337,000000000,000000000,0105.834,0004.131,0000.529,0310
 
000229355,000000000,000000000,0105.841,0004.157,0000.528,0310
 
000229373,000000000,000000000,0105.828,0004.121,0000.528,0310
 
000229391,000000000,000000000,0105.825,0004.127,0000.528,0310
 
000229409,000000000,000000000,0105.818,0004.115,0000.530,0310
 
000229427,000000000,000000000,0105.811,0004.124,0000.532,0311
 
000229445,000000000,000000000,0105.799,0004.132,0000.532,0310
 
000229463,000000000,000000000,0105.792,0004.136,0000.552,0311
 
000229481,000000000,000000000,0105.787,0004.139,0000.530,0311
 
000229499,000000000,000000000,0105.786,0004.125,0000.550,0311
 
000229517,000000000,000000000,0105.804,0004.111,0000.567,0310
 
000229535,000000000,000000000,0105.810,0004.120,0000.544,0311
 
000229553,000000000,000000000,0105.798,0004.107,0000.525,0314
 
