000007017,000000000,000000000,0102.012,0008.646,0000.296,0310
 
000007035,000000000,000000000,0101.975,0008.110,0000.276,0321
 
000007053,000000000,000000000,0101.896,0007.893,0000.270,0310
 
000007071,000000000,000000000,0101.840,0007.660,0000.241,0311
 
000007090,000000000,000000000,0101.795,0007.479,0000.218,0310
 
000007108,000000000,000000000,0101.790,0007.316,0000.215,0314
 
000007126,000000000,000000000,0101.761,0007.116,0000.213,0290
 
000007144,000000000,000000000,0101.742,0006.931,0000.211,0289
 
000007162,000000000,000000000,0101.742,0006.784,0000.228,0290
 
000007180,000000000,000000000,0101.751,0006.660,0000.223,0290
 
000007198,000000000,000000000,0101.764,0006.546,0000.200,0309
 
000007216,000000000,000000000,0101.758,0006.446,0000.200,0310
 
000007234,000000000,000000000,0101.773,0006.342,0000.217,0290
 
000007253,000000000,000000000,0101.802,0006.236,0000.216,0310
 
000007271,000000000,000000000,0101.816,0006.138,0000.234,0310
 
000007289,000000000,000000000,0101.830,0006.076,0000.229,0289
 
000007307,000000000,000000000,0101.856,0006.014,0000.226,0290
 
000007325,000000000,000000000,0101.886,0005.928,0000.203,0290
 
000007343,000000000,000000000,0101.915,0005.867,0000.183,0290
 
000007361,000000000,000000000,0101.956,0005.795,0000.162,0310
 
000007379,000000000,000000000,0101.997,0005.714,0000.145,0313
 
000007397,000000000,000000000,0102.046,0005.620,0000.169,0319
 
000007416,000000000,000000000,0102.086,0005.574,0000.172,0311
 
000007434,000000000,000000000,0102.120,0005.558,0000.156,0310
 
000007452,000000000,000000000,0102.170,0005.516,0000.159,0290
 
000007470,000000000,000000000,0102.217,0005.480,0000.161,0310
 
000007488,000000000,000000000,0102.264,0005.426,0000.163,0290
 
000007506,000000000,000000000,0102.318,0005.378,0000.166,0289
 
000007524,000000000,000000000,0102.359,0005.347,0000.189,0310
 
000007542,000000000,000000000,0102.396,0005.319,0000.192,0312
 
000007560,000000000,000000000,0102.449,0005.313,0000.191,0312
 
000007578,000000000,000000000,0102.504,0005.256,0000.191,0310
 
000007597,000000000,000000000,0102.553,0005.234,0000.173,0315
 
000007615,000000000,000000000,0102.605,0005.213,0000.175,0289
 
000007633,000000000,000000000,0102.655,0005.171,0000.194,0290
 
000007651,000000000,000000000,0102.647,0005.142,0000.208,0290
 
000007669,000000000,-00000004,0102.573,0005.152,0000.199,0289
 
000007687,000000000,-00000007,0102.431,0005.290,0000.223,0289
 
000007705,000000000,-00000013,0102.261,0005.308,0000.223,0310
 
000007723,000000000,-00000013,0102.077,0005.239,0000.201,0309
 
000007741,000000000,-00000014,0101.910,0005.170,0000.167,0321
 
000007760,000000000,-00000013,0101.739,0005.172,0000.176,0310
 
000007778,000000000,-00000013,0101.585,0005.166,0000.166,0290
 
000007796,000000000,-00000013,0101.469,0005.060,0000.156,0289
 
000007814,000000000,-00000013,0101.382,0004.957,0000.149,0290
 
000007832,000000000,-00000013,0101.355,0004.852,0000.148,0321
 
000007850,000000000,-00000013,0101.406,0004.879,0000.191,0289
 
000007868,-00000002,-00000016,0101.538,0004.965,0000.201,0310
 
000007886,-00000004,-00000025,0101.713,0005.030,0000.212,0313
 
000007905,-00000004,-00000025,0101.837,0005.120,0000.220,0320
 
000007923,-00000004,-00000025,0101.935,0005.173,0000.224,0310
 
000007941,-00000004,-00000028,0102.049,0005.200,0000.230,0290
 
000007959,-00000002,-00000031,0102.112,0005.183,0000.234,0290
 
000007977,-00000002,-00000032,0102.162,0005.170,0000.234,0289
 
000007995,-00000001,-00000049,0102.200,0005.253,0000.257,0315
 
000008013,-00000001,-00000049,0102.243,0005.422,0000.333,0321
 
000008031,-00000001,-00000049,0102.255,0005.389,0000.325,0315
 
000008050,-00000002,-00000049,0102.250,0005.457,0000.332,0310
 
000008068,-00000004,-00000049,0102.267,0005.433,0000.309,0311
 
000008086,-00000002,-00000049,0102.281,0005.340,0000.283,0289
 
000008104,000000000,-00000049,0102.265,0005.257,0000.243,0290
 
000008122,000000001,-00000049,0102.226,0005.159,0000.201,0290
 
000008140,000000002,-00000049,0102.201,0005.181,0000.242,0310
 
000008158,000000001,-00000049,0102.192,0005.204,0000.274,0310
 
000008176,000000002,-00000049,0102.179,0005.176,0000.309,0310
 
000008195,000000003,-00000049,0102.159,0005.189,0000.337,0319
 
000008213,000000003,-00000049,0102.117,0005.160,0000.366,0311
 
000008231,000000003,-00000049,0102.033,0005.208,0000.349,0289
 
000008249,000000003,-00000049,0101.975,0005.347,0000.356,0290
 
000008267,000000002,-00000049,0101.933,0005.358,0000.359,0309
 
000008285,000000003,-00000049,0101.848,0005.278,0000.322,0290
 
000008303,000000002,-00000053,0101.788,0005.349,0000.367,0310
 
000008321,000000002,-00000057,0101.742,0005.418,0000.409,0320
 
000008340,-00000001,-00000059,0101.753,0005.500,0000.491,0310
 
000008358,-00000007,-00000097,0101.735,0005.557,0000.581,0310
 
000008376,-00000007,-00000097,0101.776,0005.440,0000.615,0289
 
000008394,-00000007,-00000097,0101.786,0005.437,0000.543,0289
 
000008412,-00000007,-00000097,0101.819,0005.451,0000.545,0290
 
000008430,-00000007,-00000097,0101.809,0005.415,0000.521,0315
 
000008448,-00000007,-00000097,0101.832,0005.333,0000.481,0319
 
000008466,-00000007,-00000097,0101.899,0005.440,0000.526,0310
 
000008484,-00000004,-00000097,0101.921,0005.542,0000.562,0310
 
000008503,-00000001,-00000097,0101.885,0005.441,0000.500,0310
 
000008521,000000000,-00000064,0101.871,0005.300,0000.382,0290
 
000008539,000000002,-00000062,0101.918,0005.218,0000.299,0290
 
000008557,000000004,-00000097,0101.945,0005.364,0000.315,0289
 
000008575,000000005,-00000097,0101.948,0005.429,0000.270,0312
 
000008593,000000007,-00000097,0101.951,0005.436,0000.347,0318
 
000008611,000000005,-00000097,0101.961,0005.556,0000.411,0313
 
000008629,000000003,-00000097,0101.964,0005.574,0000.284,0312
 
000008648,000000002,-00000097,0101.968,0005.438,0000.336,0312
 
000008666,000000003,-00000097,0101.984,0005.315,0000.386,0290
 
000008684,000000001,-00000097,0102.009,0005.395,0000.437,0289
 
000008702,000000000,-00000097,0102.078,0005.589,0000.447,0289
 
000008720,-00000004,-00000097,0102.124,0005.402,0000.586,0315
 
000008738,-00000002,-00000097,0102.178,0005.446,0000.604,0289
 
000008756,-00000001,-00000097,0102.185,0005.456,0000.636,0310
 
000008774,-00000001,-00000097,0102.180,0005.465,0000.545,0321
 
000008793,-00000002,-00000097,0102.168,0005.300,0000.450,0311
 
000008811,-00000001,-00000097,0102.175,0005.329,0000.436,0289
 
000008829,000000000,-00000097,0102.221,0005.352,0000.428,0289
 
000008847,000000000,-00000097,0102.237,0005.359,0000.510,0289
 
000008865,-00000002,-00000097,0102.270,0005.323,0000.449,0321
 
000008883,-00000002,-00000097,0102.287,0005.234,0000.455,0289
 
000008901,-00000002,-00000097,0102.305,0005.122,0000.482,0310
 
000008919,000000000,-00000097,0102.319,0005.012,0000.465,0310
 
000008938,-00000001,-00000097,0102.308,0005.039,0000.470,0311
 
000008956,-00000001,-00000097,0102.298,0004.867,0000.453,0289
 
000008974,-00000002,-00000097,0102.314,0005.031,0000.533,0290
 
000008992,-00000001,-00000097,0102.344,0005.134,0000.375,0290
 
000009010,-00000001,-00000097,0102.412,0005.232,0000.224,0310
 
000009028,-00000001,-00000097,0102.487,0005.248,0000.374,0320
 
000009046,-00000002,-00000097,0102.489,0005.337,0000.424,0310
 
000009064,-00000004,-00000097,0102.540,0005.224,0000.417,0314
 
000009083,-00000002,-00000097,0102.592,0005.279,0000.335,0311
 
000009101,-00000004,-00000097,0102.688,0005.319,0000.377,0290
 
000009119,-00000007,-00000097,0102.755,0005.332,0000.394,0290
 
000009137,-00000007,-00000100,0102.825,0005.481,0000.493,0290
 
000009155,-00000007,-00000098,0102.894,0005.267,0000.519,0290
 
000009173,-00000008,-00000098,0102.954,0005.059,0000.547,0310
 
000009191,-00000013,-00000100,0103.031,0005.241,0000.640,0319
 
000009209,-00000007,-00000100,0103.059,0005.174,0000.692,0310
 
000009228,-00000007,-00000097,0103.094,0005.001,0000.665,0310
 
000009246,-00000007,-00000097,0103.214,0005.069,0000.660,0310
 
000009264,-00000004,-00000097,0103.314,0005.017,0000.619,0289
 
000009282,-00000004,-00000097,0103.302,0004.782,0000.649,0289
 
000009300,-00000002,-00000097,0103.291,0004.748,0000.525,0289
 
000009318,-00000001,-00000097,0103.293,0004.680,0000.463,0289
 
000009336,000000000,-00000097,0103.294,0004.624,0000.408,0310
 
000009354,000000002,-00000097,0103.273,0004.457,0000.379,0318
 
000009373,000000001,-00000097,0103.279,0004.420,0000.368,0310
 
000009391,000000000,-00000097,0103.291,0004.507,0000.364,0310
 
000009409,000000000,-00000097,0103.272,0004.658,0000.318,0289
 
000009427,000000001,-00000097,0103.294,0004.698,0000.374,0290
 
000009445,000000002,-00000061,0103.222,0004.670,0000.406,0290
 
000009463,000000005,-00000049,0102.995,0004.577,0000.364,0310
 
000009481,000000004,-00000049,0103.096,0004.337,0000.531,0315
 
000009499,000000003,-00000059,0103.183,0004.504,0000.566,0311
 
000009518,000000001,-00000097,0103.236,0004.618,0000.619,0311
 
000009536,-00000002,-00000097,0103.317,0004.709,0000.662,0316
 
000009554,-00000007,-00000097,0103.364,0004.966,0000.632,0289
 
000009572,-00000008,-00000097,0103.277,0005.106,0000.624,0311
 
000009590,-00000008,-00000097,0103.313,0005.253,0000.771,0289
 
000009608,-00000013,-00000097,0103.364,0005.419,0000.701,0310
 
000009626,-00000013,-00000097,0103.457,0005.331,0000.640,0289
 
000009644,-00000013,-00000097,0103.504,0005.395,0000.721,0313
 
000009663,-00000013,-00000097,0103.538,0005.321,0000.610,0312
 
000009681,-00000013,-00000097,0103.525,0005.150,0000.493,0310
 
000009699,-00000007,-00000097,0103.591,0005.122,0000.531,0290
 
000009717,-00000004,-00000097,0103.645,0005.020,0000.556,0315
 
000009735,-00000004,-00000097,0103.727,0005.183,0000.490,0289
 
000009753,-00000001,-00000097,0103.742,0005.331,0000.447,0318
 
000009771,000000000,-00000097,0103.724,0005.218,0000.515,0314
 
000009789,-00000001,-00000097,0103.764,0005.264,0000.544,0316
 
000009808,-00000002,-00000097,0103.725,0005.283,0000.500,0310
 
000009826,-00000001,-00000097,0103.728,0005.316,0000.456,0315
 
000009844,-00000002,-00000097,0103.753,0005.425,0000.505,0289
 
000009862,-00000004,-00000097,0103.750,0005.437,0000.548,0289
 
000009880,-00000002,-00000097,0103.734,0005.743,0000.752,0289
 
000009898,-00000004,-00000097,0103.801,0006.364,0001.002,0310
 
000009916,-00000004,-00000097,0103.804,0006.297,0001.187,0320
 
000009934,-00000004,-00000097,0103.800,0005.599,0001.200,0289
 
000009953,-00000007,-00000097,0103.718,0005.169,0000.849,0316
 
000009971,-00000007,-00000097,0103.726,0004.658,0000.596,0312
 
000009989,-00000007,-00000097,0103.740,0004.320,0000.426,0290
 
000010007,-00000004,-00000097,0103.764,0004.171,0000.232,0310
 
000010025,-00000007,-00000097,0103.754,0003.985,0000.002,0310
 
000010043,-00000002,-00000097,0103.784,0003.864,-000.165,0312
 
000010061,-00000002,-00000097,0103.777,0003.656,-000.215,0310
 
000010079,-00000002,-00000097,0103.857,0003.820,-000.239,0321
 
000010098,-00000002,-00000097,0103.958,0003.864,-000.147,0310
 
000010116,-00000002,-00000097,0104.019,0004.166,-000.076,0310
 
000010134,-00000001,-00000063,0104.079,0004.281,-000.020,0290
 
000010152,-00000001,-00000097,0104.121,0004.470,0000.026,0289
 
000010170,-00000002,-00000097,0104.161,0004.458,0000.125,0309
 
000010188,-00000002,-00000064,0104.186,0004.486,0000.219,0312
 
000010206,-00000002,-00000097,0104.202,0004.489,0000.226,0320
 
000010224,-00000001,-00000097,0104.297,0004.491,0000.236,0310
 
000010243,-00000002,-00000097,0104.351,0004.639,0000.262,0310
 
000010261,-00000004,-00000097,0104.461,0004.580,0000.233,0289
 
000010279,-00000004,-00000097,0104.567,0004.632,0000.249,0290
 
000010297,-00000004,-00000097,0104.634,0004.493,0000.261,0290
 
000010315,-00000004,-00000097,0104.672,0004.570,0000.251,0312
 
000010333,-00000004,-00000097,0104.735,0004.657,0000.245,0310
 
000010351,-00000002,-00000097,0104.833,0004.668,0000.263,0313
 
000010369,-00000001,-00000097,0104.907,0004.701,0000.275,0311
 
000010388,000000000,-00000097,0104.953,0004.661,0000.302,0310
 
000010406,000000000,-00000064,0104.977,0004.649,0000.284,0289
 
000010424,000000001,-00000063,0105.010,0004.819,0000.252,0289
 
000010442,000000001,-00000063,0105.061,0004.816,0000.276,0289
 
000010460,000000000,-00000063,0105.079,0004.730,0000.261,0318
 
000010478,-00000001,-00000060,0105.102,0004.829,0000.267,0310
 
000010496,-00000001,-00000057,0105.118,0004.916,0000.290,0311
 
000010514,-00000001,-00000055,0105.119,0004.935,0000.255,0310
 
000010533,000000000,-00000055,0105.128,0004.944,0000.225,0315
 
000010551,000000001,-00000054,0105.160,0004.796,0000.293,0290
 
000010569,000000002,-00000052,0105.153,0004.754,0000.279,0309
 
000010587,000000000,-00000050,0105.208,0004.832,0000.265,0309
 
000010605,000000000,-00000050,0105.225,0004.898,0000.250,0320
 
000010623,-00000002,-00000049,0105.228,0004.908,0000.280,0315
 
000010641,-00000001,-00000049,0105.220,0004.953,0000.263,0289
 
000010660,-00000001,-00000049,0105.236,0005.036,0000.307,0290
 
000010678,-00000002,-00000049,0105.229,0005.161,0000.308,0310
 
000010696,-00000004,-00000049,0105.265,0005.200,0000.331,0289
 
000010714,-00000004,-00000049,0105.300,0005.247,0000.352,0290
 
000010732,-00000001,-00000049,0105.349,0005.234,0000.392,0290
 
000010750,-00000002,-00000049,0105.303,0005.162,0000.464,0290
 
000010768,-00000001,-00000049,0105.248,0005.167,0000.488,0289
 
000010786,-00000002,-00000049,0105.259,0005.216,0000.475,0310
 
000010804,000000000,-00000049,0105.283,0005.300,0000.487,0316
 
000010823,-00000001,-00000049,0105.326,0005.332,0000.519,0310
 
000010841,-00000001,-00000049,0105.396,0005.323,0000.454,0290
 
000010859,-00000002,-00000049,0105.453,0005.301,0000.450,0290
 
000010877,-00000002,-00000049,0105.513,0005.286,0000.448,0291
 
000010895,-00000001,-00000049,0105.516,0005.225,0000.462,0310
 
000010913,-00000001,-00000031,0105.524,0005.159,0000.455,0314
 
000010931,000000000,-00000031,0105.540,0005.177,0000.450,0310
 
000010949,-00000001,-00000029,0105.546,0005.060,0000.445,0290
 
000010968,000000000,-00000026,0105.538,0005.004,0000.420,0315
 
000010986,000000000,-00000025,0105.526,0004.895,0000.453,0290
 
000011004,000000000,-00000025,0105.510,0004.948,0000.460,0290
 
000011022,000000001,-00000025,0105.518,0005.033,0000.432,0289
 
000011040,000000000,-00000025,0105.518,0005.118,0000.405,0321
 
000011058,-00000001,-00000025,0105.541,0005.129,0000.460,0310
 
000011076,-00000004,-00000025,0105.566,0005.133,0000.492,0320
 
000011094,-00000002,-00000025,0105.570,0005.127,0000.486,0319
 
000011113,-00000001,-00000025,0105.561,0005.024,0000.516,0309
 
000011131,-00000001,-00000025,0105.546,0004.988,0000.505,0290
 
000011149,-00000001,-00000025,0105.533,0005.091,0000.477,0289
 
000011167,-00000001,-00000025,0105.534,0005.055,0000.470,0289
 
000011185,-00000002,-00000025,0105.564,0004.969,0000.480,0315
 
000011203,-00000002,-00000016,0105.615,0004.918,0000.457,0313
 
000011221,-00000002,-00000013,0105.600,0004.871,0000.427,0310
 
000011239,000000000,-00000013,0105.600,0004.789,0000.418,0318
 
000011258,000000000,-00000007,0105.590,0004.735,0000.391,0310
 
000011276,000000000,-00000002,0105.598,0004.690,0000.367,0290
 
000011294,-00000001,-00000001,0105.604,0004.666,0000.365,0289
 
000011312,000000000,000000000,0105.620,0004.683,0000.362,0289
 
000011330,000000000,-00000001,0105.600,0004.727,0000.339,0289
 
000011348,000000000,-00000002,0105.555,0004.827,0000.315,0312
 
000011366,-00000001,-00000004,0105.547,0004.867,0000.312,0320
 
000011384,000000000,-00000007,0105.536,0004.891,0000.314,0310
 
000011403,000000000,-00000013,0105.568,0004.920,0000.298,0320
 
000011421,000000000,-00000013,0105.589,0004.885,0000.301,0311
 
000011439,000000001,-00000013,0105.590,0004.838,0000.284,0289
 
000011457,000000000,-00000013,0105.578,0004.799,0000.268,0290
 
000011475,000000001,-00000007,0105.565,0004.813,0000.273,0289
 
000011493,000000000,-00000007,0105.555,0004.794,0000.278,0310
 
000011511,000000001,-00000007,0105.526,0004.809,0000.280,0312
 
000011529,000000000,-00000004,0105.520,0004.760,0000.284,0317
 
000011548,000000000,-00000002,0105.530,0004.728,0000.288,0310
 
000011566,000000001,-00000001,0105.543,0004.696,0000.293,0310
 
000011584,000000000,000000000,0105.547,0004.641,0000.277,0290
 
000011602,000000000,000000000,0105.548,0004.674,0000.263,0289
 
000011620,000000000,000000000,0105.554,0004.694,0000.251,0289
 
000011638,000000000,000000000,0105.574,0004.679,0000.259,0314
 
000011656,000000000,000000000,0105.588,0004.703,0000.248,0310
 
000011674,000000000,000000000,0105.601,0004.724,0000.237,0314
 
000011692,000000000,000000000,0105.610,0004.729,0000.246,0311
 
000011711,000000000,000000000,0105.620,0004.734,0000.235,0289
 
000011729,000000000,000000000,0105.627,0004.736,0000.225,0312
 
000011747,000000000,000000000,0105.632,0004.741,0000.234,0290
 
000011765,000000000,000000000,0105.654,0004.759,0000.282,0290
 
000011783,000000000,000000000,0105.666,0004.759,0000.288,0289
 
000011801,000000000,000000000,0105.669,0004.759,0000.271,0289
 
000011819,000000000,000000000,0105.669,0004.774,0000.277,0312
 
000011837,000000000,000000000,0105.686,0004.776,0000.283,0311
 
000011855,000000000,000000000,0105.682,0004.794,0000.288,0290
 
000011874,000000000,000000000,0105.680,0004.792,0000.311,0310
 
000011892,000000000,000000000,0105.684,0004.788,0000.334,0315
 
000011910,000000000,000000000,0105.700,0004.787,0000.336,0290
 
000011928,000000000,000000000,0105.700,0004.804,0000.318,0289
 
000011946,000000000,000000000,0105.699,0004.797,0000.301,0289
 
000011964,000000000,000000000,0105.710,0004.812,0000.325,0288
 
000011982,000000000,000000000,0105.719,0004.807,0000.326,0311
 
000012000,000000000,000000000,0105.739,0004.822,0000.327,0310
 
000012019,000000000,000000000,0105.753,0004.859,0000.328,0310
 
000012037,000000000,000000000,0105.758,0004.852,0000.329,0310
 
000012055,000000000,000000000,0105.753,0004.847,0000.293,0288
 
000012073,000000000,000000000,0105.759,0004.839,0000.260,0290
 
000012091,000000000,000000000,0105.751,0004.825,0000.247,0290
 
000012109,000000000,000000000,0105.769,0004.820,0000.255,0290
 
000012127,000000000,000000000,0105.786,0004.857,0000.264,0319
 
000012145,000000000,000000000,0105.785,0004.847,0000.271,0310
 
000012163,000000000,000000000,0105.791,0004.862,0000.276,0311
 
000012182,000000000,000000000,0105.808,0004.853,0000.281,0311
 
000012200,000000000,000000000,0105.800,0004.845,0000.287,0312
 
000012218,000000000,000000000,0105.811,0004.834,0000.311,0290
 
000012236,000000000,000000000,0105.805,0004.822,0000.333,0289
 
000012254,000000000,000000000,0105.811,0004.871,0000.335,0289
 
000012272,000000000,000000000,0105.813,0004.902,0000.315,0314
 
000012290,000000000,000000000,0105.817,0004.926,0000.299,0309
 
000012308,000000000,000000000,0105.812,0004.949,0000.284,0310
 
000012326,000000000,000000000,0105.802,0004.947,0000.308,0321
 
000012345,000000000,000000000,0105.808,0004.929,0000.330,0320
 
000012363,000000000,000000000,0105.818,0004.956,0000.313,0315
 
000012381,000000000,000000000,0105.810,0004.957,0000.336,0289
 
000012399,000000000,000000000,0105.824,0004.957,0000.357,0289
 
000012417,000000000,000000000,0105.821,0004.915,0000.338,0310
 
000012435,000000000,000000000,0105.832,0004.902,0000.298,0320
 
000012453,000000000,000000000,0105.836,0004.909,0000.302,0311
 
000012471,000000000,000000000,0105.841,0004.912,0000.306,0317
 
000012489,000000000,000000000,0105.838,0004.918,0000.291,0315
 
000012508,000000000,000000000,0105.835,0004.925,0000.276,0309
 
000012526,000000000,000000000,0105.853,0004.926,0000.263,0310
 
000012544,000000000,000000000,0105.849,0004.928,0000.271,0290
 
