000261974,000000000,000000000,0110.366,0004.603,0000.486,0310
 
000261999,000000000,000000000,0111.068,0004.325,0000.481,0289
 
000262023,000000000,000000000,0110.554,0004.564,0000.481,0321
 
000262047,000000000,000000000,0110.942,0004.325,0000.722,0314
 
000262071,000000000,000000000,0110.331,0004.545,0000.479,0321
 
000262095,000000000,000000000,0111.548,0004.103,0000.242,0289
 
000262119,000000000,000000000,0111.413,0004.307,0000.479,0320
 
000262143,000000000,000000000,0111.497,0003.846,0000.241,0320
 
000262167,000000000,000000000,0110.545,0004.564,0000.722,0289
 
000262191,000000000,000000000,0110.808,0004.603,0000.486,0289
 
000262215,000000000,000000000,0110.508,0004.289,0000.716,0314
 
000262239,000000000,000000000,0110.481,0004.583,0000.483,0321
 
000262263,000000000,000000000,0110.906,0004.343,0000.483,0310
 
000262287,000000000,000000000,0111.717,0004.085,0000.481,0320
 
000262311,000000000,000000000,0110.456,0004.583,0000.483,0309
 
000262335,000000000,000000000,0110.956,0004.343,0000.242,0310
 
000262359,000000000,000000000,0111.887,0003.862,0000.242,0309
 
000262383,000000000,000000000,0112.257,0004.085,0000.481,0310
 
000262407,000000000,000000000,0110.277,0004.583,0000.242,0310
 
000262431,000000000,000000000,0110.667,0004.603,0000.000,0310
 
000262455,000000000,000000000,0112.137,0004.120,0000.486,0310
 
000262479,000000000,000000000,0110.113,0004.564,0000.481,0312
 
000262503,000000000,000000000,0111.777,0003.862,0000.483,0310
 
000262527,000000000,000000000,0111.435,0004.343,0000.483,0310
 
000262551,000000000,000000000,0110.515,0004.343,0000.242,0310
 
000262575,000000000,000000000,0111.053,0004.564,0000.481,0313
 
000262599,000000000,000000000,0110.791,0004.343,0000.242,0314
 
000262623,000000000,000000000,0112.225,0003.606,0000.963,0314
 
000262647,000000000,000000000,0111.512,0004.325,0000.481,0314
 
000262671,000000000,000000000,0110.645,0004.823,0000.483,0310
 
000262695,000000000,000000000,0111.456,0004.103,0000.242,0314
 
000262719,000000000,000000000,0111.167,0004.603,0000.243,0320
 
000262743,000000000,000000000,0111.290,0004.325,0000.722,0314
 
000262767,000000000,000000000,0110.643,0004.824,0000.242,0314
 
000262791,000000000,000000000,0110.716,0004.564,0000.722,0314
 
000262815,000000000,000000000,0110.548,0004.603,0000.486,0314
 
000262839,000000000,000000000,0110.656,0004.343,0000.242,0321
 
000262863,000000000,000000000,0110.219,0004.583,0000.725,0320
 
000262887,000000000,000000000,0111.967,0004.086,0000.000,0321
 
000262911,000000000,000000000,0111.536,0004.085,0000.481,0310
 
000262935,000000000,000000000,0111.631,0004.325,0000.481,0289
 
000262959,000000000,000000000,0110.934,0004.361,0000.486,0289
 
000262983,000000000,000000000,0111.276,0003.830,0000.240,0289
 
000263007,000000000,000000000,0110.074,0004.844,0000.728,0289
 
000263031,000000000,000000000,0110.829,0004.343,0000.483,0310
 
000263055,000000000,000000000,0111.010,0004.361,0000.486,0310
 
000263079,000000000,000000000,0111.288,0004.343,0000.725,0310
 
000263103,000000000,000000000,0110.315,0004.068,0000.719,0310
 
000263127,000000000,000000000,0110.287,0004.603,0000.243,0310
 
000263151,000000000,000000000,0110.839,0004.603,0000.486,0311
 
000263175,000000000,000000000,0110.766,0004.583,0000.242,0314
 
000263199,000000000,000000000,0111.223,0004.085,0000.481,0310
 
000263223,000000000,000000000,0110.651,0004.325,0000.481,0310
 
000263247,000000000,000000000,0111.420,0004.343,0000.483,0310
 
000263271,000000000,000000000,0109.511,0004.844,0000.486,0310
 
000263295,000000000,000000000,0111.548,0004.103,0000.242,0310
 
000263319,000000000,000000000,0110.161,0004.325,0000.722,0310
 
000263343,000000000,000000000,0111.059,0004.361,0000.728,0314
 
000263367,000000000,000000000,0110.580,0004.583,0000.483,0314
 
000263391,000000000,000000000,0110.858,0004.325,0000.481,0314
 
000263415,000000000,000000000,0111.385,0004.103,0000.000,0314
 
000263439,000000000,000000000,0110.997,0004.085,0000.481,0290
 
000263463,000000000,000000000,0110.820,0004.289,0000.716,0289
 
000263487,000000000,000000000,0110.253,0004.325,0000.722,0321
 
000263511,000000000,000000000,0109.886,0004.603,0000.243,0314
 
000263535,000000000,000000000,0111.421,0004.069,0000.240,0314
 
000263559,000000000,000000000,0111.176,0004.343,0000.483,0320
 
000263583,000000000,000000000,0111.047,0004.085,0000.722,0289
 
000263607,000000000,000000000,0110.781,0004.343,0000.483,0320
 
000263631,000000000,000000000,0110.677,0004.361,0000.486,0320
 
000263655,000000000,000000000,0109.775,0004.102,0000.725,0289
 
000263679,000000000,000000000,0111.024,0004.325,0000.481,0320
 
000263703,000000000,000000000,0111.176,0003.830,0000.719,0289
 
000263727,000000000,000000000,0109.933,0004.361,0000.486,0289
 
000263751,000000000,000000000,0111.001,0004.362,0000.243,0289
 
000263775,000000000,000000000,0111.592,0004.085,0000.722,0289
 
000263799,000000000,000000000,0111.794,0003.878,0000.243,0310
 
000263823,000000000,000000000,0110.864,0004.343,0000.725,0321
 
000263847,000000000,-00000001,0109.874,0004.564,0000.481,0290
 
000263871,000000000,-00000007,0108.767,0004.844,0000.728,0310
 
000263895,000000000,-00000013,0110.094,0004.085,0000.722,0310
 
000263919,000000000,-00000013,0111.026,0003.606,0000.481,0310
 
000263943,000000000,-00000013,0109.859,0004.137,0000.488,0310
 
000263967,000000000,-00000013,0108.998,0004.583,0000.242,0310
 
000263991,-00000001,-00000014,0108.796,0004.564,0000.481,0310
 
000264015,000000000,-00000016,0109.098,0004.343,0000.483,0310
 
000264039,-00000001,-00000025,0109.136,0004.343,0000.483,0310
 
000264063,000000000,-00000025,0108.545,0005.085,0000.728,0314
 
000264087,000000000,-00000028,0106.637,0005.734,0000.479,0310
 
000264111,-00000002,-00000049,0109.116,0004.602,0000.971,0310
 
000264135,-00000004,-00000049,0104.667,0006.850,0001.475,0310
 
000264159,-00000004,-00000052,0109.400,0004.307,0000.240,0310
 
000264183,-00000007,-00000060,0107.374,0005.348,0000.731,0310
 
000264207,-00000004,-00000061,0108.937,0004.325,0000.241,0310
 
000264231,-00000002,-00000060,0109.903,0003.621,0000.725,0320
 
000264255,-00000002,-00000061,0109.523,0004.103,0000.000,0316
 
000264279,-00000004,-00000063,0110.683,0003.380,0001.209,0289
 
000264303,-00000001,-00000064,0108.655,0003.830,0000.479,0290
 
000264327,-00000001,-00000063,0109.673,0003.324,0000.713,0320
 
000264351,-00000002,-00000061,0110.410,0003.380,0000.725,0319
 
000264375,000000000,-00000055,0112.419,0002.148,0000.477,0319
 
000264399,-00000001,-00000049,0109.087,0003.591,0000.719,0289
 
000264423,-00000002,-00000049,0110.619,0002.862,0000.716,0289
 
000264447,-00000002,-00000049,0109.538,0003.814,0000.239,0289
 
000264471,-00000001,-00000049,0109.082,0003.606,0000.722,0289
 
000264495,000000000,-00000049,0109.096,0004.103,0000.242,0289
 
000264519,-00000001,-00000049,0109.811,0003.591,0000.719,0289
 
000264543,-00000002,-00000049,0106.846,0005.063,0000.967,0310
 
000264567,-00000004,-00000049,0107.773,0004.564,0000.241,0310
 
000264591,-00000004,-00000049,0106.765,0004.803,0000.963,0289
 
000264615,-00000004,-00000049,0107.986,0004.102,0000.725,0310
 
000264639,-00000004,-00000049,0107.468,0004.622,0000.975,0310
 
000264663,-00000004,-00000049,0107.269,0005.000,0000.477,0310
 
000264687,-00000004,-00000049,0108.485,0004.086,0000.241,0310
 
000264711,-00000004,-00000049,0107.202,0004.622,0000.731,0310
 
000264735,-00000004,-00000049,0107.310,0004.865,0000.000,0310
 
000264759,-00000001,-00000050,0107.188,0004.564,0000.000,0310
 
000264783,000000000,-00000053,0108.528,0003.862,0000.725,0320
 
000264807,000000000,-00000055,0109.494,0003.153,0000.728,0314
 
000264831,-00000001,-00000055,0108.745,0003.591,0000.000,0310
 
000264855,000000000,-00000055,0108.821,0003.395,0000.728,0289
 
000264879,000000000,-00000053,0107.422,0004.583,0000.242,0310
 
000264903,000000000,-00000055,0107.587,0004.325,0000.481,0310
 
000264927,000000001,-00000054,0108.035,0003.846,0000.481,0310
 
000264951,000000003,-00000052,0108.276,0003.928,0000.738,0314
 
000264975,000000001,-00000049,0106.913,0004.803,0000.722,0310
 
000264999,000000000,-00000050,0107.042,0004.362,0000.243,0310
 
000265023,-00000001,-00000052,0107.800,0003.830,0000.719,0313
 
000265047,000000000,-00000052,0108.352,0003.423,0000.979,0289
 
000265071,-00000002,-00000049,0107.498,0004.307,0000.479,0320
 
000265095,-00000004,-00000049,0109.420,0003.366,0000.241,0320
 
000265119,-00000004,-00000049,0107.956,0004.622,0000.244,0320
 
000265143,-00000004,-00000049,0107.897,0003.783,0000.474,0320
 
000265167,-00000002,-00000049,0108.677,0003.113,0000.719,0314
 
000265191,-00000001,-00000049,0108.682,0003.606,0000.241,0289
 
000265215,000000000,-00000049,0107.885,0003.878,0000.728,0289
 
000265239,000000000,-00000049,0106.986,0004.325,0000.241,0289
 
000265263,000000000,-00000049,0107.420,0004.343,0000.242,0289
 
000265287,000000000,-00000049,0107.724,0004.052,0000.239,0289
 
000265311,-00000002,-00000049,0106.905,0004.583,0000.483,0289
 
000265335,-00000004,-00000049,0107.201,0005.021,0000.479,0289
 
000265359,-00000002,-00000049,0106.987,0004.325,0000.241,0289
 
000265383,-00000001,-00000049,0107.943,0003.652,0000.731,0310
 
000265407,000000000,-00000049,0108.463,0003.352,0001.198,0310
 
000265431,-00000004,-00000049,0108.814,0003.366,0000.722,0310
 
000265455,-00000004,-00000049,0108.571,0003.591,0000.000,0290
 
000265479,-00000002,-00000049,0108.308,0003.352,0000.479,0290
 
000265503,-00000002,-00000049,0108.749,0003.153,0000.486,0314
 
000265527,-00000002,-00000049,0108.041,0003.606,0000.722,0310
 
000265551,-00000001,-00000049,0107.682,0003.606,0000.963,0290
 
000265575,-00000002,-00000032,0107.725,0003.894,0000.975,0310
 
000265599,-00000004,-00000032,0108.701,0003.576,0000.239,0310
 
000265623,-00000004,-00000031,0107.895,0003.830,0000.240,0310
 
000265647,-00000002,-00000028,0108.565,0003.637,0000.486,0310
 
000265671,-00000001,-00000027,0107.436,0003.814,0000.716,0310
 
000265695,-00000001,-00000028,0107.057,0004.564,0000.241,0310
 
000265719,-00000002,-00000029,0106.351,0004.325,0000.481,0310
 
000265743,-00000001,-00000028,0105.945,0004.783,0000.479,0310
 
000265767,-00000002,-00000027,0107.806,0003.845,0000.963,0310
 
000265791,-00000001,-00000028,0107.612,0003.862,0000.725,0321
 
000265815,-00000001,-00000025,0107.118,0004.069,0000.240,0310
 
000265839,000000000,-00000026,0106.360,0004.622,0000.731,0314
 
000265863,-00000002,-00000028,0108.633,0003.366,0000.241,0314
 
000265887,-00000004,-00000025,0107.361,0004.069,0000.240,0320
 
000265911,-00000004,-00000025,0106.152,0004.545,0000.479,0314
 
000265935,-00000004,-00000025,0106.558,0004.120,0000.728,0321
 
000265959,-00000004,-00000025,0107.693,0003.862,0000.483,0289
 
000265983,-00000004,-00000025,0106.843,0004.361,0000.486,0289
 
000266007,-00000002,-00000025,0107.871,0003.846,0000.000,0289
 
000266031,-00000001,-00000025,0107.556,0003.814,0000.477,0310
 
000266055,000000000,-00000025,0108.074,0003.862,0000.242,0310
 
000266079,000000000,-00000025,0107.518,0003.878,0000.243,0289
 
000266103,-00000001,-00000025,0106.527,0004.583,0000.483,0289
 
000266127,-00000002,-00000025,0108.004,0004.103,0000.483,0310
 
000266151,-00000001,-00000016,0107.086,0004.622,0000.488,0310
 
000266175,-00000001,-00000016,0107.539,0003.846,0000.241,0291
 
000266199,-00000001,-00000016,0107.340,0004.325,0000.241,0310
 
000266223,-00000002,-00000015,0108.335,0003.606,0000.481,0310
 
000266247,000000000,-00000013,0108.167,0004.086,0000.241,0310
 
000266271,000000000,-00000013,0108.520,0003.621,0000.242,0310
 
000266295,000000000,-00000007,0106.741,0004.564,0000.481,0310
 
000266319,000000000,-00000007,0107.828,0004.103,0000.000,0310
 
000266343,000000000,-00000008,0107.893,0003.830,0000.719,0289
 
000266367,-00000001,-00000008,0107.063,0004.051,0000.716,0313
 
000266391,-00000001,-00000007,0107.878,0004.103,0000.483,0314
 
000266415,-00000001,-00000007,0106.817,0004.602,0000.728,0310
 
000266439,000000000,-00000008,0106.930,0004.325,0000.481,0314
 
000266463,000000000,-00000007,0105.745,0005.021,0000.479,0314
 
000266487,-00000001,-00000007,0107.753,0004.068,0000.479,0314
 
000266511,000000000,-00000007,0108.648,0003.606,0000.481,0314
 
000266535,000000000,-00000004,0109.237,0003.366,0000.241,0314
 
000266559,000000000,-00000001,0107.423,0003.846,0000.241,0314
 
000266583,000000000,000000000,0107.772,0004.085,0000.481,0314
 
000266607,000000000,000000000,0108.116,0003.830,0000.719,0321
 
000266631,000000000,000000000,0107.868,0004.103,0000.242,0321
 
000266655,000000000,000000000,0107.887,0004.325,0000.241,0321
 
000266679,000000000,000000000,0106.828,0004.545,0000.479,0321
 
000266703,000000000,000000000,0107.625,0004.086,0000.241,0320
 
000266727,000000000,000000000,0107.600,0004.085,0000.481,0321
 
000266751,000000000,000000000,0108.075,0003.846,0000.241,0320
 
000266775,000000000,000000000,0108.374,0004.120,0000.000,0289
 
000266799,000000000,000000000,0107.989,0004.086,0000.241,0310
 
000266823,000000000,000000000,0107.471,0004.399,0000.490,0314
 
000266847,000000000,000000000,0108.280,0004.103,0000.483,0290
 
000266871,000000000,000000000,0107.678,0004.289,0000.239,0320
 
000266895,000000000,000000000,0108.883,0004.086,0000.000,0290
 
000266919,000000000,000000000,0108.212,0003.846,0000.481,0289
 
000266943,000000000,000000000,0108.058,0004.086,0000.241,0314
 
000266967,000000000,000000000,0107.519,0004.343,0000.483,0310
 
000266991,000000000,000000000,0107.184,0004.325,0000.481,0310
 
000267015,000000000,000000000,0107.584,0004.361,0000.486,0314
 
000267039,000000000,000000000,0108.994,0003.606,0000.241,0310
 
000267063,000000000,000000000,0108.396,0003.814,0000.716,0310
 
000267087,000000000,000000000,0108.322,0003.814,0000.477,0310
 
000267111,000000000,000000000,0108.110,0004.068,0000.479,0310
 
000267135,000000000,000000000,0107.060,0004.325,0000.241,0310
 
000267159,000000000,000000000,0107.010,0004.343,0000.967,0310
 
000267183,000000000,000000000,0108.765,0003.846,0000.241,0310
 
000267207,000000000,000000000,0107.422,0004.085,0000.722,0314
 
000267231,000000000,000000000,0108.150,0004.085,0000.481,0314
 
000267255,000000000,000000000,0107.115,0004.545,0000.479,0314
 
000267279,000000000,000000000,0108.004,0004.325,0000.481,0313
 
000267303,000000000,000000000,0108.922,0003.846,0000.722,0320
 
000267327,000000000,000000000,0107.491,0004.289,0000.477,0314
 
000267351,000000000,000000000,0108.138,0003.846,0000.481,0320
 
000267375,000000000,000000000,0107.973,0004.325,0000.722,0320
 
000267399,000000000,000000000,0107.976,0004.086,0000.241,0321
 
000267423,000000000,000000000,0108.026,0004.103,0000.242,0320
 
000267447,000000000,000000000,0107.778,0004.103,0000.242,0320
 
000267471,000000000,000000000,0107.804,0003.862,0000.483,0321
 
000267495,000000000,000000000,0108.705,0003.862,0000.242,0320
 
000267519,000000000,000000000,0108.117,0004.086,0000.241,0320
 
000267543,000000000,000000000,0108.111,0004.138,0000.244,0321
 
000267567,000000000,000000000,0108.467,0004.085,0000.722,0289
 
000267591,000000000,000000000,0107.768,0004.086,0000.241,0289
 
000267615,000000000,000000000,0108.696,0003.846,0000.481,0321
 
000267639,000000000,000000000,0108.215,0004.325,0000.481,0310
 
000267663,000000000,000000000,0107.632,0004.343,0000.242,0289
 
000267687,000000000,000000000,0107.621,0004.307,0000.479,0310
 
000267711,000000000,000000000,0108.735,0003.606,0000.241,0310
 
000267735,000000000,000000000,0107.896,0004.380,0000.731,0289
 
000267759,000000000,000000000,0108.393,0003.830,0000.479,0310
 
000267783,000000000,000000000,0107.680,0004.103,0000.483,0310
 
000267807,000000000,000000000,0107.900,0004.103,0000.483,0310
 
000267831,000000000,000000000,0108.510,0003.830,0000.479,0312
 
000267855,000000000,000000000,0108.244,0004.068,0000.479,0310
 
