000277596,000000000,000000000,0091.680,-014.993,-000.205,0315
 
000277613,000000000,000000000,0092.160,-013.526,-000.123,0312
 
000277631,000000000,000000000,0093.024,-012.120,-000.039,0321
 
000277649,000000000,000000000,0093.880,-010.831,0000.032,0289
 
000277667,000000000,000000000,0094.706,-009.625,0000.097,0289
 
000277685,000000000,000000000,0095.502,-008.499,0000.172,0321
 
000277703,000000000,000000000,0096.274,-007.460,0000.240,0320
 
000277721,000000000,000000000,0097.016,-006.511,0000.261,0321
 
000277739,000000000,000000000,0097.732,-005.657,0000.299,0316
 
000277757,000000000,000000000,0098.409,-004.842,0000.351,0310
 
000277775,000000000,000000000,0099.066,-004.101,0000.359,0321
 
000277793,000000000,000000000,0099.687,-003.435,0000.403,0311
 
000277811,000000000,000000000,0100.280,-002.822,0000.423,0321
 
000277829,000000000,000000000,0100.856,-002.239,0000.422,0321
 
000277847,000000000,000000000,0101.399,-001.704,0000.420,0289
 
000277865,000000000,000000000,0101.915,-001.210,0000.417,0289
 
000277883,000000000,000000000,0102.411,-000.726,0000.435,0289
 
000277901,000000000,000000000,0102.895,-000.329,0000.430,0289
 
000277919,000000000,000000000,0103.354,0000.048,0000.424,0289
 
000277937,000000000,000000000,0103.788,0000.405,0000.419,0288
 
000277955,000000000,000000000,0104.207,0000.733,0000.433,0289
 
000277973,000000000,000000000,0104.601,0001.040,0000.444,0289
 
000277991,000000000,000000000,0104.975,0001.305,0000.434,0288
 
000278009,000000000,000000000,0105.337,0001.528,0000.445,0289
 
000278027,000000000,000000000,0105.682,0001.732,0000.454,0289
 
000278045,000000000,000000000,0106.009,0001.941,0000.445,0316
 
000278063,000000000,000000000,0106.322,0002.149,0000.454,0289
 
000278081,000000000,000000000,0106.617,0002.362,0000.461,0316
 
000278099,000000000,000000000,0106.910,0002.521,0000.469,0316
 
000278117,000000000,000000000,0107.181,0002.665,0000.458,0289
 
000278135,000000000,000000000,0107.440,0002.817,0000.466,0289
 
000278153,000000000,000000000,0107.684,0002.957,0000.454,0289
 
000278171,000000000,000000000,0107.924,0003.066,0000.445,0288
 
000278189,000000000,000000000,0108.145,0003.168,0000.435,0289
 
000278207,000000000,000000000,0108.372,0003.261,0000.463,0289
 
000278225,000000000,000000000,0108.596,0003.367,0000.433,0310
 
000278243,000000000,000000000,0108.819,0003.483,0000.445,0319
 
000278261,000000000,000000000,0109.017,0003.553,0000.454,0289
 
000278279,000000000,000000000,0109.199,0003.634,0000.462,0289
 
000278297,000000000,000000000,0109.394,0003.710,0000.489,0321
 
000278315,000000000,000000000,0109.576,0003.760,0000.492,0321
 
000278333,000000000,000000000,0109.756,0003.807,0000.476,0320
 
000278351,000000000,000000000,0109.921,0003.849,0000.463,0321
 
000278369,000000000,000000000,0110.085,0003.888,0000.450,0321
 
000278387,000000000,000000000,0110.246,0003.924,0000.458,0321
 
000278405,000000000,000000000,0110.404,0003.997,0000.445,0321
 
000278423,000000000,000000000,0110.560,0004.046,0000.433,0321
 
000278441,000000000,000000000,0110.703,0004.088,0000.462,0321
 
000278459,000000000,000000000,0110.834,0004.109,0000.468,0320
 
000278477,000000000,000000000,0110.977,0004.110,0000.455,0321
 
000278495,000000000,000000000,0111.107,0004.145,0000.462,0321
 
000278513,000000000,000000000,0111.243,0004.175,0000.469,0321
 
000278531,000000000,000000000,0111.359,0004.207,0000.475,0320
 
000278549,000000000,000000000,0111.480,0004.219,0000.481,0316
 
000278567,000000000,000000000,0111.589,0004.246,0000.486,0316
 
000278585,000000000,000000000,0111.689,0004.274,0000.472,0321
 
000278603,000000000,000000000,0111.790,0004.295,0000.477,0316
 
000278621,000000000,000000000,0111.897,0004.318,0000.462,0289
 
000278639,000000000,000000000,0111.990,0004.319,0000.467,0289
 
000278657,000000000,000000000,0112.076,0004.319,0000.470,0288
 
000278675,000000000,000000000,0112.175,0004.319,0000.473,0289
 
000278693,000000000,000000000,0112.254,0004.378,0000.477,0289
 
000278711,000000000,000000000,0112.350,0004.413,0000.483,0321
 
000278729,000000000,000000000,0112.439,0004.423,0000.510,0314
 
000278747,000000000,000000000,0112.503,0004.436,0000.512,0289
 
000278765,000000000,000000000,0112.567,0004.445,0000.514,0289
 
000278783,000000000,000000000,0112.647,0004.476,0000.517,0314
 
000278801,000000000,000000000,0112.728,0004.484,0000.519,0316
 
000278819,000000000,000000000,0112.792,0004.474,0000.521,0316
 
000278837,000000000,000000000,0112.859,0004.463,0000.521,0289
 
000278855,000000000,000000000,0112.938,0004.448,0000.503,0316
 
000278873,000000000,000000000,0113.005,0004.437,0000.525,0317
 
000278891,000000000,000000000,0113.073,0004.431,0000.526,0316
 
000278909,000000000,000000000,0113.144,0004.446,0000.527,0319
 
000278927,000000000,000000000,0113.198,0004.458,0000.530,0319
 
000278945,000000000,000000000,0113.261,0004.470,0000.531,0289
 
000278963,000000000,000000000,0113.330,0004.459,0000.512,0316
 
000278981,000000000,000000000,0113.390,0004.429,0000.497,0320
 
000278999,000000000,000000000,0113.455,0004.403,0000.480,0319
 
000279017,000000000,000000000,0113.507,0004.400,0000.484,0321
 
000279035,000000000,000000000,0113.569,0004.415,0000.467,0315
 
000279053,000000000,000000000,0113.618,0004.387,0000.453,0321
 
000279071,000000000,000000000,0113.672,0004.382,0000.440,0321
 
000279089,000000000,000000000,0113.729,0004.381,0000.447,0321
 
000279107,000000000,000000000,0113.783,0004.399,0000.452,0315
 
000279125,000000000,000000000,0113.844,0004.438,0000.440,0320
 
000279143,000000000,000000000,0113.903,0004.450,0000.429,0315
 
000279161,000000000,000000000,0113.962,0004.461,0000.418,0320
 
000279179,000000000,000000000,0114.001,0004.454,0000.391,0321
 
000279197,000000000,000000000,0114.064,0004.460,0000.402,0321
 
000279215,000000000,000000000,0114.116,0004.467,0000.392,0321
 
000279233,000000000,000000000,0114.160,0004.456,0000.422,0321
 
000279251,000000000,000000000,0114.207,0004.447,0000.450,0321
 
000279269,000000000,000000000,0114.242,0004.476,0000.456,0321
 
000279287,000000000,000000000,0114.284,0004.465,0000.481,0321
 
000279305,000000000,000000000,0114.308,0004.475,0000.485,0321
 
000279323,000000000,000000000,0114.349,0004.484,0000.488,0321
 
000279341,000000000,000000000,0114.374,0004.474,0000.493,0288
 
000279359,000000000,000000000,0114.415,0004.464,0000.497,0321
 
000279377,000000000,000000000,0114.465,0004.513,0000.500,0289
 
000279395,000000000,000000000,0114.493,0004.500,0000.502,0311
 
000279413,000000000,000000000,0114.517,0004.487,0000.487,0289
 
000279431,000000000,000000000,0114.541,0004.493,0000.493,0311
 
000279449,000000000,000000000,0114.586,0004.501,0000.513,0321
 
000279467,000000000,000000000,0114.602,0004.505,0000.494,0289
 
000279485,000000000,000000000,0114.626,0004.509,0000.477,0314
 
000279503,000000000,000000000,0114.665,0004.515,0000.482,0289
 
000279521,000000000,000000000,0114.712,0004.515,0000.506,0315
 
000279539,000000000,000000000,0114.747,0004.497,0000.489,0314
 
000279557,000000000,000000000,0114.777,0004.483,0000.493,0316
 
000279575,000000000,000000000,0114.809,0004.468,0000.497,0316
 
000279593,000000000,000000000,0114.836,0004.460,0000.481,0289
 
000279611,000000000,000000000,0114.861,0004.428,0000.505,0316
 
000279629,000000000,000000000,0114.889,0004.399,0000.526,0316
 
000279647,000000000,000000000,0114.906,0004.412,0000.507,0311
 
000279665,000000000,000000000,0114.931,0004.446,0000.472,0289
 
000279683,000000000,000000000,0114.955,0004.416,0000.478,0319
 
000279701,000000000,000000000,0114.984,0004.450,0000.483,0315
 
000279719,000000000,000000000,0115.005,0004.460,0000.508,0320
 
000279737,000000000,000000000,0115.018,0004.442,0000.550,0289
 
000279755,000000000,000000000,0115.035,0004.451,0000.548,0289
 
000279773,000000000,000000000,0115.061,0004.441,0000.548,0315
 
000279791,000000000,000000000,0115.096,0004.433,0000.546,0321
 
000279809,000000000,000000000,0115.106,0004.443,0000.526,0320
 
000279827,000000000,000000000,0115.116,0004.470,0000.509,0315
 
000279845,000000000,000000000,0115.142,0004.457,0000.491,0315
 
000279863,000000000,000000000,0115.175,0004.448,0000.511,0321
 
000279881,000000000,000000000,0115.193,0004.441,0000.514,0320
 
000279899,000000000,000000000,0115.214,0004.412,0000.517,0321
 
000279917,000000000,000000000,0115.240,0004.427,0000.518,0321
 
000279935,000000000,000000000,0115.262,0004.436,0000.518,0321
 
000279953,000000000,000000000,0115.270,0004.445,0000.518,0319
 
000279971,000000000,000000000,0115.279,0004.438,0000.482,0321
 
000279989,000000000,000000000,0115.286,0004.470,0000.468,0320
 
000280007,000000000,000000000,0115.311,0004.481,0000.454,0321
 
000280025,000000000,000000000,0115.326,0004.509,0000.480,0320
 
000280043,000000000,000000000,0115.340,0004.495,0000.467,0321
 
000280061,000000000,000000000,0115.359,0004.521,0000.452,0321
 
000280079,000000000,000000000,0115.386,0004.504,0000.459,0289
 
000280097,000000000,000000000,0115.398,0004.466,0000.444,0289
 
000280115,000000000,000000000,0115.401,0004.432,0000.432,0311
 
000280133,000000000,000000000,0115.413,0004.426,0000.421,0289
 
000280151,000000000,000000000,0115.427,0004.476,0000.432,0311
 
000280169,000000000,000000000,0115.453,0004.502,0000.438,0311
 
000280187,000000000,000000000,0115.470,0004.527,0000.445,0289
 
000280205,000000000,000000000,0115.490,0004.529,0000.452,0289
 
000280223,000000000,000000000,0115.506,0004.550,0000.441,0321
 
000280241,000000000,000000000,0115.508,0004.532,0000.447,0314
 
000280259,000000000,000000000,0115.508,0004.514,0000.454,0288
 
000280277,000000000,000000000,0115.505,0004.496,0000.461,0314
 
000280295,000000000,000000000,0115.515,0004.482,0000.466,0289
 
000280313,000000000,000000000,0115.523,0004.469,0000.491,0289
 
000280331,000000000,000000000,0115.528,0004.457,0000.475,0316
 
000280349,000000000,000000000,0115.550,0004.447,0000.460,0315
 
000280367,000000000,000000000,0115.561,0004.438,0000.466,0310
 
000280385,000000000,000000000,0115.558,0004.470,0000.436,0289
 
000280403,000000000,000000000,0115.588,0004.497,0000.443,0319
 
000280421,000000000,000000000,0115.610,0004.505,0000.429,0319
 
000280439,000000000,000000000,0115.619,0004.510,0000.418,0320
 
000280457,000000000,000000000,0115.641,0004.496,0000.408,0321
 
000280475,000000000,000000000,0115.664,0004.476,0000.458,0319
 
000280493,000000000,000000000,0115.679,0004.485,0000.464,0319
 
000280511,000000000,000000000,0115.689,0004.455,0000.472,0321
 
000280529,000000000,000000000,0115.680,0004.446,0000.457,0321
 
000280547,000000000,000000000,0115.696,0004.477,0000.463,0315
 
000280565,000000000,000000000,0115.691,0004.483,0000.449,0315
 
000280583,000000000,000000000,0115.684,0004.471,0000.435,0320
 
000280601,000000000,000000000,0115.689,0004.458,0000.423,0315
 
000280619,000000000,000000000,0115.691,0004.425,0000.413,0321
 
000280637,000000000,000000000,0115.689,0004.417,0000.423,0320
 
000280655,000000000,000000000,0115.690,0004.427,0000.413,0321
 
000280673,000000000,000000000,0115.700,0004.437,0000.442,0320
 
000280691,000000000,000000000,0115.704,0004.449,0000.431,0316
 
000280709,000000000,000000000,0115.715,0004.478,0000.438,0315
 
000280727,000000000,000000000,0115.738,0004.483,0000.464,0320
 
000280745,000000000,000000000,0115.748,0004.510,0000.450,0315
 
000280763,000000000,000000000,0115.749,0004.533,0000.436,0316
 
000280781,000000000,000000000,0115.759,0004.528,0000.464,0320
 
000280799,000000000,000000000,0115.769,0004.550,0000.430,0289
 
000280817,000000000,000000000,0115.781,0004.530,0000.417,0321
 
000280835,000000000,000000000,0115.773,0004.490,0000.424,0315
 
000280853,000000000,000000000,0115.783,0004.478,0000.395,0314
 
000280871,000000000,000000000,0115.796,0004.506,0000.406,0311
 
000280889,000000000,000000000,0115.796,0004.508,0000.416,0289
 
000280907,000000000,000000000,0115.802,0004.513,0000.407,0311
 
000280925,000000000,000000000,0115.793,0004.516,0000.397,0289
 
000280943,000000000,000000000,0115.791,0004.536,0000.427,0289
 
000280961,000000000,000000000,0115.789,0004.539,0000.418,0314
 
000280979,000000000,000000000,0115.804,0004.538,0000.407,0314
 
000280997,000000000,000000000,0115.814,0004.519,0000.418,0289
 
000281015,000000000,000000000,0115.818,0004.522,0000.409,0289
 
000281033,000000000,000000000,0115.827,0004.546,0000.419,0319
 
000281051,000000000,000000000,0115.830,0004.525,0000.409,0316
 
000281069,000000000,000000000,0115.831,0004.549,0000.400,0316
 
000281087,000000000,000000000,0115.833,0004.570,0000.392,0289
 
000281105,000000000,000000000,0115.835,0004.525,0000.422,0315
 
000281123,000000000,000000000,0115.848,0004.510,0000.412,0316
 
000281141,000000000,000000000,0115.832,0004.495,0000.404,0289
 
000281159,000000000,000000000,0115.847,0004.480,0000.414,0316
 
000281177,000000000,000000000,0115.855,0004.485,0000.423,0319
 
000281195,000000000,000000000,0115.856,0004.490,0000.451,0320
 
000281213,000000000,000000000,0115.862,0004.493,0000.458,0316
 
000281231,000000000,000000000,0115.867,0004.499,0000.424,0314
 
000281249,000000000,000000000,0115.878,0004.505,0000.395,0320
 
000281267,000000000,000000000,0115.896,0004.473,0000.387,0321
 
000281285,000000000,000000000,0115.896,0004.483,0000.380,0320
 
000281303,000000000,000000000,0115.898,0004.470,0000.391,0321
 
000281321,000000000,000000000,0115.901,0004.456,0000.403,0321
 
000281339,000000000,000000000,0115.901,0004.462,0000.393,0315
 
000281357,000000000,000000000,0115.915,0004.467,0000.384,0315
 
000281375,000000000,000000000,0115.911,0004.475,0000.377,0321
 
000281393,000000000,000000000,0115.910,0004.500,0000.390,0321
 
000281411,000000000,000000000,0115.905,0004.523,0000.403,0321
 
000281429,000000000,000000000,0115.910,0004.500,0000.414,0320
 
000281447,000000000,000000000,0115.908,0004.485,0000.385,0320
 
000281465,000000000,000000000,0115.929,0004.468,0000.415,0321
 
000281483,000000000,000000000,0115.938,0004.417,0000.405,1023
 
000281501,000000000,000000000,0115.937,0004.429,0000.416,1023
 
000281519,000000000,000000000,0115.932,0004.457,0000.424,1023
 
000281537,000000000,000000000,0115.932,0004.464,0000.414,1023
 
000281555,000000000,000000000,0115.937,0004.490,0000.423,1023
 
000281573,000000000,000000000,0115.949,0004.514,0000.431,1023
 
000281591,000000000,000000000,0115.947,0004.494,0000.439,1023
 
000281609,000000000,000000000,0115.964,0004.498,0000.426,1023
 
000281627,000000000,000000000,0115.961,0004.502,0000.433,1023
 
000281645,000000000,000000000,0115.951,0004.505,0000.441,1023
 
000281663,000000000,000000000,0115.949,0004.530,0000.431,1023
 
000281681,000000000,000000000,0115.938,0004.513,0000.439,1023
 
000281699,000000000,000000000,0115.940,0004.556,0000.447,1023
 
000281717,000000000,000000000,0115.924,0004.557,0000.454,1023
 
000281735,000000000,000000000,0115.916,0004.557,0000.460,1023
 
000281753,000000000,000000000,0115.925,0004.532,0000.466,1023
 
000281771,000000000,000000000,0115.923,0004.534,0000.472,1023
 
000281789,000000000,000000000,0115.922,0004.511,0000.457,1023
 
000281807,000000000,000000000,0115.920,0004.496,0000.443,1023
 
000281825,000000000,000000000,0115.912,0004.483,0000.431,1023
 
000281843,000000000,000000000,0115.926,0004.490,0000.457,1023
 
000281861,000000000,000000000,0115.919,0004.474,0000.462,1023
 
000281879,000000000,000000000,0115.886,0004.501,0000.446,1023
 
000281897,000000000,000000000,0115.866,0004.525,0000.430,1023
 
000281915,000000000,000000000,0115.795,0004.565,0000.415,1023
 
000281933,000000000,000000000,0115.710,0004.602,0000.402,1023
 
000281951,000000000,000000000,0115.623,0004.620,0000.406,1023
 
000281969,000000000,000000000,0115.549,0004.596,0000.411,1023
 
000281987,000000000,000000000,0115.467,0004.592,0000.397,1023
 
000282005,000000000,000000000,0115.393,0004.569,0000.405,1023
 
000282023,000000000,000000000,0115.312,0004.568,0000.408,1023
 
000282041,000000000,000000000,0115.225,0004.568,0000.414,1023
 
000282059,000000000,000000000,0115.143,0004.550,0000.416,1023
 
000282077,000000000,000000000,0115.058,0004.530,0000.420,1023
 
000282095,000000000,000000000,0114.976,0004.551,0000.425,1023
 
000282113,000000000,000000000,0114.900,0004.530,0000.409,1023
 
000282131,000000000,000000000,0114.815,0004.550,0000.415,1023
 
000282149,000000000,000000000,0114.725,0004.548,0000.437,1023
 
000282167,000000000,000000000,0114.621,0004.509,0000.438,1023
 
000282185,000000000,000000000,0114.514,0004.531,0000.421,1023
 
000282203,000000000,000000000,0114.394,0004.552,0000.401,1023
 
000282221,000000000,000000000,0114.259,0004.592,0000.384,1023
 
000282239,000000000,000000000,0114.133,0004.573,0000.388,1023
 
000282257,000000000,000000000,0113.978,0004.569,0000.353,1023
 
000282275,000000000,000000000,0113.817,0004.568,0000.356,1023
 
000282293,000000000,000000000,0113.670,0004.588,0000.359,1023
 
000282311,000000000,000000000,0113.497,0004.604,0000.381,1023
 
000282329,000000000,000000000,0113.300,0004.619,0000.379,1023
 
000282347,000000000,000000000,0113.089,0004.652,0000.377,1023
 
000282365,000000000,000000000,0112.835,0004.683,0000.373,1023
 
000282383,000000000,000000000,0112.578,0004.689,0000.368,1023
 
000282401,000000000,000000000,0112.310,0004.669,0000.383,1023
 
000282419,000000000,000000000,0112.066,0004.677,0000.398,1023
 
000282437,000000000,000000000,0111.830,0004.588,0000.372,1023
 
000282455,000000000,000000000,0111.572,0004.583,0000.348,1023
 
000282473,000000000,000000000,0111.299,0004.637,0000.347,1023
 
000282491,000000000,000000000,0111.014,0004.630,0000.346,1023
 
000282509,000000000,000000000,0110.759,0004.565,0000.326,1023
 
000282527,000000000,000000000,0110.470,0004.507,0000.306,1023
 
000282545,000000000,000000000,0110.168,0004.469,0000.286,1023
 
000282563,000000000,000000000,0109.821,0004.515,0000.285,1023
 
000282581,000000000,000000000,0109.498,0004.539,0000.281,1023
 
000282599,000000000,000000000,0109.167,0004.544,0000.316,1023
 
000282617,000000000,000000000,0108.779,0004.604,0000.292,1023
 
000282635,000000000,000000000,0108.402,0004.580,0000.271,1023
 
000282653,000000000,000000000,0108.056,0004.521,0000.251,1023
 
000282671,000000000,000000000,0107.692,0004.525,0000.252,1023
 
000282689,000000000,000000000,0107.366,0004.526,0000.254,1023
 
000282707,000000000,000000000,0107.059,0004.469,0000.276,1023
 
000282725,000000000,000000000,0106.731,0004.452,0000.258,1023
 
000282743,000000000,000000000,0106.388,0004.459,0000.259,1023
 
000282761,000000000,000000000,0106.065,0004.466,0000.298,1023
 
000282779,000000000,000000000,0105.726,0004.402,0000.297,1023
 
000282797,000000000,000000000,0105.377,0004.473,0000.314,1023
 
000282815,000000000,000000000,0105.035,0004.482,0000.309,1023
 
000282833,000000000,000000000,0104.707,0004.429,0000.285,1023
 
000282851,000000000,000000000,0104.368,0004.383,0000.266,1023
 
000282869,000000000,000000000,0104.028,0004.396,0000.264,1023
 
000282887,000000000,000000000,0103.678,0004.391,0000.265,1023
 
000282905,000000000,000000000,0103.339,0004.365,0000.264,1023
 
000282923,000000000,000000000,0102.945,0004.419,0000.243,1023
 
000282941,000000000,000000000,0102.559,0004.449,0000.243,1023
 
000282959,000000000,000000000,0102.207,0004.380,0000.246,1023
 
000282977,000000000,000000000,0101.869,0004.374,0000.248,1023
 
000282995,000000000,000000000,0101.520,0004.407,0000.289,1023
 
000283013,000000000,000000000,0101.166,0004.437,0000.322,1023
 
000283031,000000000,000000000,0100.829,0004.388,0000.336,1023
 
000283049,000000000,000000000,0100.477,0004.386,0000.350,1023
 
000283067,000000000,000000000,0100.145,0004.398,0000.363,1023
 
000283085,000000000,000000000,0099.851,0004.316,0000.357,1023
 
000283103,000000000,000000000,0099.549,0004.313,0000.354,1023
 
000283121,000000000,000000000,0099.241,0004.352,0000.350,1023
 
000283139,000000000,000000000,0098.938,0004.349,0000.345,1023
 
000283157,000000000,000000000,0098.693,0004.289,0000.362,1023
 
000283175,000000000,000000000,0098.455,0004.233,0000.381,1023
 
000283193,000000000,000000000,0098.205,0004.222,0000.377,1023
 
000283211,000000000,000000000,0097.930,0004.232,0000.335,1023
 
000283229,000000000,000000000,0097.617,0004.275,0000.312,1023
 
000283247,000000000,000000000,0097.322,0004.297,0000.311,1023
 
000283265,000000000,000000000,0096.994,0004.299,0000.311,1023
 
000283283,000000000,000000000,0096.629,0004.321,0000.309,1023
 
000283301,000000000,000000000,0096.283,0004.398,0000.325,1023
 
000283319,000000000,000000000,0095.932,0004.355,0000.319,1023
 
000283337,000000000,000000000,0095.551,0004.314,0000.314,1023
 
000283355,000000000,000000000,0095.144,0004.375,0000.307,1023
 
000283373,000000000,000000000,0094.762,0004.387,0000.303,1023
 
000283391,000000000,000000000,0094.376,0004.367,0000.299,1023
 
000283409,000000000,000000000,0093.991,0004.424,0000.314,1023
 
000283427,000000000,000000000,0093.639,0004.398,0000.329,1023
 
000283445,000000000,000000000,0093.280,0004.395,0000.305,1023
 
000283463,000000000,000000000,0092.920,0004.392,0000.321,1023
 
000283481,000000000,000000000,0092.632,0004.311,0000.320,1023
 
000283499,000000000,000000000,0092.378,0004.233,0000.323,1023
 
000283517,000000000,000000000,0092.138,0004.179,0000.325,1023
 
000283535,000000000,000000000,0091.907,0004.112,0000.325,1023
 
000283553,000000000,000000000,0091.661,0004.150,0000.326,1023
 
000283571,000000000,000000000,0091.417,0004.204,0000.324,1023
 
000283589,000000000,000000000,0091.186,0004.213,0000.320,1023
 
000283607,000000000,000000000,0090.966,0004.239,0000.325,1023
 
000283625,000000000,000000000,0090.744,0004.263,0000.363,1023
 
000283643,000000000,000000000,0090.515,0004.267,0000.358,1023
 
000283661,000000000,000000000,0090.312,0004.271,0000.361,1023
 
000283679,000000000,000000000,0090.109,0004.255,0000.362,1023
 
000283697,000000000,000000000,0089.905,0004.257,0000.379,1023
 
000283715,000000000,000000000,0089.708,0004.261,0000.379,1023
 
000283733,000000000,000000000,0089.509,0004.261,0000.402,1023
 
000283751,000000000,000000000,0089.315,0004.285,0000.399,1023
 
000283769,000000000,000000000,0089.092,0004.348,0000.396,1023
 
000283787,000000000,000000000,0088.864,0004.344,0000.393,1023
 
000283805,000000000,000000000,0088.633,0004.360,0000.390,1023
 
000283823,000000000,000000000,0088.377,0004.377,0000.387,1023
 
000283841,000000000,000000000,0088.140,0004.410,0000.405,1023
 
000283859,000000000,000000000,0087.874,0004.382,0000.400,1023
 
000283877,000000000,000000000,0087.634,0004.396,0000.398,1023
 
000283895,000000000,000000000,0087.408,0004.393,0000.413,1023
 
000283913,000000000,000000000,0087.180,0004.406,0000.409,1023
 
000283931,000000000,000000000,0086.958,0004.398,0000.386,1023
 
000283949,000000000,000000000,0086.729,0004.372,0000.384,1023
 
000283967,000000000,000000000,0086.483,0004.404,0000.362,1023
 
000283985,000000000,000000000,0086.282,0004.431,0000.344,1023
 
000284003,000000000,000000000,0086.091,0004.343,0000.347,1023
 
000284021,000000000,000000000,0085.943,0004.277,0000.353,1023
 
000284039,000000000,000000000,0085.828,0004.264,0000.340,1023
 
000284057,000000000,000000000,0085.720,0004.248,0000.367,1023
 
000284075,000000000,000000000,0085.605,0004.273,0000.392,1023
 
000284093,000000000,000000000,0085.497,0004.319,0000.377,1023
 
000284111,000000000,000000000,0085.371,0004.338,0000.400,1023
 
000284129,000000000,000000000,0085.248,0004.376,0000.421,1023
 
000284147,000000000,000000000,0085.117,0004.410,0000.440,1023
 
000284165,000000000,000000000,0084.983,0004.400,0000.457,1023
 
000284183,000000000,000000000,0084.852,0004.377,0000.454,1023
 
000284201,000000000,000000000,0084.740,0004.370,0000.472,1023
 
000284219,000000000,000000000,0084.655,0004.327,0000.489,1023
 
000284237,000000000,000000000,0084.573,0004.311,0000.469,1023
 
000284255,000000000,000000000,0084.517,0004.330,0000.469,1023
 
000284273,000000000,000000000,0084.470,0004.329,0000.471,1023
 
000284291,000000000,000000000,0084.433,0004.328,0000.472,1023
 
000284309,000000000,000000000,0084.389,0004.345,0000.472,1023
 
000284327,000000000,000000000,0084.352,0004.338,0000.495,1023
 
000284345,000000000,000000000,0084.306,0004.335,0000.494,1023
 
000284363,000000000,000000000,0084.254,0004.330,0000.492,1023
 
000284381,000000000,000000000,0084.196,0004.307,0000.529,1023
 
000284399,000000000,000000000,0084.148,0004.306,0000.506,1023
 
000284417,000000000,000000000,0084.085,0004.324,0000.503,1023
 
000284435,000000000,000000000,0084.020,0004.341,0000.500,1023
 
000284453,000000000,000000000,0083.952,0004.358,0000.498,1023
 
000284471,000000000,000000000,0083.895,0004.356,0000.478,1023
 
000284489,000000000,000000000,0083.810,0004.334,0000.497,1023
 
000284507,000000000,000000000,0083.721,0004.391,0000.493,1023
 
000284525,000000000,000000000,0083.634,0004.403,0000.508,1023
 
000284543,000000000,000000000,0083.540,0004.376,0000.524,1023
 
000284561,000000000,000000000,0083.491,0004.330,0000.520,1023
 
000284579,000000000,000000000,0083.460,0004.312,0000.537,1023
 
000284597,000000000,000000000,0083.430,0004.310,0000.534,1023
 
000284615,000000000,000000000,0083.395,0004.310,0000.531,1023
 
000284633,000000000,000000000,0083.366,0004.310,0000.530,1023
 
000284651,000000000,000000000,0083.331,0004.347,0000.546,1023
 
000284669,000000000,000000000,0083.307,0004.365,0000.562,1023
 
000284687,000000000,000000000,0083.294,0004.337,0000.577,1023
 
000284705,000000000,000000000,0083.272,0004.331,0000.593,1023
 
000284723,000000000,000000000,0083.255,0004.350,0000.606,1023
 
000284741,000000000,000000000,0083.250,0004.345,0000.618,1023
 
000284759,000000000,000000000,0083.248,0004.322,0000.610,1023
 
000284777,000000000,000000000,0083.236,0004.300,0000.600,1023
 
000284795,000000000,000000000,0083.222,0004.262,0000.592,1023
 
000284813,000000000,000000000,0083.212,0004.248,0000.587,1023
 
000284831,000000000,000000000,0083.205,0004.253,0000.561,1023
 
000284849,000000000,000000000,0083.199,0004.276,0000.556,1023
 
000284867,000000000,000000000,0083.185,0004.278,0000.552,1023
 
000284885,000000000,000000000,0083.183,0004.261,0000.567,1023
 
000284903,000000000,000000000,0083.171,0004.264,0000.562,1023
 
000284921,000000000,000000000,0083.156,0004.246,0000.577,1023
 
000284939,000000000,000000000,0083.139,0004.228,0000.590,1023
 
000284957,000000000,000000000,0083.125,0004.212,0000.622,1023
 
000284975,000000000,000000000,0083.123,0004.257,0000.630,1023
 
000284993,000000000,000000000,0083.114,0004.303,0000.621,1023
 
000285011,000000000,000000000,0083.103,0004.321,0000.611,1023
 
000285029,000000000,000000000,0083.097,0004.341,0000.603,1023
 
000285047,000000000,000000000,0083.096,0004.333,0000.594,1023
 
000285065,000000000,000000000,0083.072,0004.329,0000.568,1023
 
000285083,000000000,000000000,0083.069,0004.329,0000.563,1023
 
000285101,000000000,000000000,0083.051,0004.328,0000.557,1023
 
000285119,000000000,000000000,0083.057,0004.325,0000.533,1023
 
000285137,000000000,000000000,0083.055,0004.320,0000.492,1023
 
000285155,000000000,000000000,0083.053,0004.318,0000.493,1023
 
000285173,000000000,000000000,0083.054,0004.318,0000.492,1023
 
000285191,000000000,000000000,0083.048,0004.355,0000.512,1023
 
000285209,000000000,000000000,0083.045,0004.368,0000.512,1023
 
000285227,000000000,000000000,0083.043,0004.365,0000.532,1023
 
000285245,000000000,000000000,0083.038,0004.360,0000.511,1023
 
000285263,000000000,000000000,0083.034,0004.355,0000.493,1023
 
000285281,000000000,000000000,0083.027,0004.351,0000.494,1023
 
000285299,000000000,000000000,0083.014,0004.349,0000.495,1023
 
000285317,000000000,000000000,0082.993,0004.342,0000.514,1023
 
000285335,000000000,000000000,0082.989,0004.318,0000.532,1023
 
000285353,000000000,000000000,0082.981,0004.377,0000.530,0320
 
000285371,000000000,000000000,0082.966,0004.387,0000.548,0318
 
000285389,000000000,000000000,0082.961,0004.380,0000.565,0316
 
000285407,000000000,000000000,0082.959,0004.369,0000.559,0317
 
000285425,000000000,000000000,0082.946,0004.358,0000.554,0320
 
000285443,000000000,000000000,0082.946,0004.352,0000.551,0310
 
000285461,000000000,000000000,0082.941,0004.325,0000.566,0310
 
000285479,000000000,000000000,0082.954,0004.324,0000.560,0318
 
000285497,000000000,000000000,0082.946,0004.343,0000.555,0321
 
000285515,000000000,000000000,0082.941,0004.317,0000.550,0290
 
000285533,000000000,000000000,0082.936,0004.317,0000.547,0317
 
000285551,000000000,000000000,0082.919,0004.338,0000.564,0290
 
000285569,000000000,000000000,0082.915,0004.354,0000.579,0310
 
000285587,000000000,000000000,0082.912,0004.369,0000.595,0310
 
000285605,000000000,000000000,0082.918,0004.347,0000.609,0318
 
000285623,000000000,000000000,0082.903,0004.360,0000.603,0310
 
000285641,000000000,000000000,0082.903,0004.332,0000.635,0321
 
000285659,000000000,000000000,0082.902,0004.348,0000.645,0321
 
000285677,000000000,000000000,0082.898,0004.363,0000.633,0311
 
000285695,000000000,000000000,0082.908,0004.358,0000.623,0311
 
000285713,000000000,000000000,0082.897,0004.354,0000.613,0311
 
000285731,000000000,000000000,0082.889,0004.348,0000.605,0310
 
000285749,000000000,000000000,0082.878,0004.344,0000.598,0311
 
000285767,000000000,000000000,0082.879,0004.361,0000.591,0311
 
000285785,000000000,000000000,0082.872,0004.391,0000.601,0311
 
000285803,000000000,000000000,0082.859,0004.365,0000.614,0314
 
000285821,000000000,000000000,0082.852,0004.379,0000.645,0311
 
000285839,000000000,000000000,0082.841,0004.350,0000.633,0311
 
000285857,000000000,000000000,0082.855,0004.342,0000.623,0311
 
000285875,000000000,000000000,0082.842,0004.356,0000.615,0316
 
000285893,000000000,000000000,0082.845,0004.353,0000.626,0314
 
000285911,000000000,000000000,0082.843,0004.349,0000.637,0316
 
000285929,000000000,000000000,0082.840,0004.363,0000.628,0316
 
000285947,000000000,000000000,0082.833,0004.321,0000.599,0311
 
000285965,000000000,000000000,0082.829,0004.356,0000.591,0311
 
000285983,000000000,000000000,0082.819,0004.368,0000.603,0316
 
000286001,000000000,000000000,0082.812,0004.363,0000.615,0320
 
000286019,000000000,000000000,0082.796,0004.375,0000.606,0320
 
000286037,000000000,000000000,0082.805,0004.387,0000.599,0320
 
000286055,000000000,000000000,0082.804,0004.399,0000.591,0316
 
000286073,000000000,000000000,0082.806,0004.409,0000.585,0321
 
000286091,000000000,000000000,0082.789,0004.379,0000.578,0317
 
000286109,000000000,000000000,0082.785,0004.369,0000.571,0316
 
000286127,000000000,000000000,0082.789,0004.361,0000.547,0320
 
000286145,000000000,000000000,0082.800,0004.352,0000.563,0289
 
000286163,000000000,000000000,0082.789,0004.328,0000.576,0289
 
000286181,000000000,000000000,0082.769,0004.328,0000.570,0315
 
000286199,000000000,000000000,0082.771,0004.323,0000.545,0314
 
000286217,000000000,000000000,0082.777,0004.321,0000.543,0310
 
000286235,000000000,000000000,0082.773,0004.316,0000.538,0317
 
000286253,000000000,000000000,0082.776,0004.331,0000.535,0310
 
000286271,000000000,000000000,0082.767,0004.349,0000.515,0310
 
000286289,000000000,000000000,0082.755,0004.343,0000.514,0310
 
000286307,000000000,000000000,0082.748,0004.355,0000.512,0321
 
000286325,000000000,000000000,0082.741,0004.348,0000.512,0310
 
000286343,000000000,000000000,0082.740,0004.342,0000.513,0310
 
000286361,000000000,000000000,0082.728,0004.352,0000.532,0310
 
000286379,000000000,000000000,0082.727,0004.344,0000.530,0321
 
000286397,000000000,000000000,0082.719,0004.337,0000.529,0290
 
000286415,000000000,000000000,0082.726,0004.334,0000.489,0311
 
000286433,000000000,000000000,0082.731,0004.325,0000.489,0311
 
000286451,000000000,000000000,0082.732,0004.342,0000.491,0311
 
000286469,000000000,000000000,0082.726,0004.317,0000.493,0311
 
000286487,000000000,000000000,0082.727,0004.313,0000.493,0311
 
000286505,000000000,000000000,0082.718,0004.310,0000.494,0320
 
000286523,000000000,000000000,0082.722,0004.304,0000.515,0314
 
000286541,000000000,000000000,0082.733,0004.300,0000.534,0311
 
000286559,000000000,000000000,0082.729,0004.318,0000.532,0320
 
000286577,000000000,000000000,0082.734,0004.312,0000.549,0314
 
000286595,000000000,000000000,0082.721,0004.288,0000.584,0320
 
000286613,000000000,000000000,0082.718,0004.286,0000.577,0316
 
000286631,000000000,000000000,0082.707,0004.283,0000.570,0316
 
000286649,000000000,000000000,0082.710,0004.301,0000.566,0316
 
000286667,000000000,000000000,0082.706,0004.335,0000.542,0316
 
000286685,000000000,000000000,0082.715,0004.327,0000.538,0316
 
000286703,000000000,000000000,0082.716,0004.321,0000.536,0316
 
000286721,000000000,000000000,0082.715,0004.356,0000.552,0290
 
000286739,000000000,000000000,0082.721,0004.329,0000.569,0289
 
000286757,000000000,000000000,0082.720,0004.326,0000.566,0314
 
000286775,000000000,000000000,0082.722,0004.358,0000.562,0320
 
000286793,000000000,000000000,0082.724,0004.330,0000.577,0320
 
000286811,000000000,000000000,0082.719,0004.326,0000.573,0316
 
000286829,000000000,000000000,0082.721,0004.303,0000.587,0317
 
000286847,000000000,000000000,0082.733,0004.298,0000.581,0317
 
000286865,000000000,000000000,0082.730,0004.296,0000.575,0289
 
000286883,000000000,000000000,0082.737,0004.294,0000.570,0317
 
000286901,000000000,000000000,0082.724,0004.290,0000.585,0317
 
000286919,000000000,000000000,0082.721,0004.330,0000.598,0317
 
000286937,000000000,000000000,0082.726,0004.346,0000.608,0320
 
000286955,000000000,000000000,0082.709,0004.298,0000.618,0290
 
000286973,000000000,000000000,0082.703,0004.315,0000.609,0310
 
000286991,000000000,000000000,0082.707,0004.330,0000.620,0290
 
000287009,000000000,000000000,0082.710,0004.325,0000.631,0321
 
000287027,000000000,000000000,0082.717,0004.321,0000.642,0290
 
000287045,000000000,000000000,0082.708,0004.320,0000.651,0310
 
000287063,000000000,000000000,0082.706,0004.339,0000.660,0290
 
000287081,000000000,000000000,0082.721,0004.335,0000.667,0310
 
000287099,000000000,000000000,0082.714,0004.329,0000.671,0289
 
000287117,000000000,000000000,0082.709,0004.324,0000.659,0310
 
000287135,000000000,000000000,0082.711,0004.338,0000.667,0311
 
000287153,000000000,000000000,0082.697,0004.334,0000.692,0311
 
000287171,000000000,000000000,0082.700,0004.330,0000.678,0311
 
000287189,000000000,000000000,0082.693,0004.327,0000.667,0311
 
000287207,000000000,000000000,0082.698,0004.362,0000.675,0311
 
000287225,000000000,000000000,0082.702,0004.373,0000.680,0311
 
000287243,000000000,000000000,0082.690,0004.365,0000.648,0314
 
000287261,000000000,000000000,0082.678,0004.356,0000.657,0311
 
000287279,000000000,000000000,0082.682,0004.388,0000.665,0320
 
000287297,000000000,000000000,0082.684,0004.379,0000.653,0311
 
000287315,000000000,000000000,0082.683,0004.366,0000.662,0314
 
000287333,000000000,000000000,0082.674,0004.355,0000.649,0311
 
000287351,000000000,000000000,0082.665,0004.347,0000.638,0316
 
000287369,000000000,000000000,0082.667,0004.358,0000.667,0316
 
000287387,000000000,000000000,0082.672,0004.368,0000.653,0316
 
000287405,000000000,000000000,0082.668,0004.379,0000.642,0316
 
000287423,000000000,000000000,0082.656,0004.350,0000.631,0316
 
000287441,000000000,000000000,0082.652,0004.343,0000.623,0311
 
000287459,000000000,000000000,0082.636,0004.335,0000.635,0316
 
000287477,000000000,000000000,0082.645,0004.311,0000.643,0316
 
000287495,000000000,000000000,0082.643,0004.327,0000.632,0290
 
000287513,000000000,000000000,0082.635,0004.342,0000.623,0320
 
000287531,000000000,000000000,0082.635,0004.332,0000.631,0320
 
000287549,000000000,000000000,0082.613,0004.350,0000.603,0314
 
000287567,000000000,000000000,0082.598,0004.360,0000.596,0317
 
000287585,000000000,000000000,0082.584,0004.334,0000.590,0318
 
000287603,000000000,000000000,0082.575,0004.370,0000.585,0320
 
000287621,000000000,000000000,0082.575,0004.378,0000.597,0317
 
000287639,000000000,000000000,0082.582,0004.349,0000.589,0317
 
000287657,000000000,000000000,0082.583,0004.361,0000.599,0317
 
000287675,000000000,000000000,0082.580,0004.370,0000.612,0317
 
000287693,000000000,000000000,0082.595,0004.342,0000.660,0318
 
000287711,000000000,000000000,0082.583,0004.356,0000.668,0310
 
000287729,000000000,000000000,0082.596,0004.369,0000.656,0320
 
000287747,000000000,000000000,0082.599,0004.361,0000.644,0310
 
000287765,000000000,000000000,0082.592,0004.376,0000.634,0310
 
000287783,000000000,000000000,0082.592,0004.362,0000.642,0310
 
000287801,000000000,000000000,0082.588,0004.354,0000.632,0310
 
000287819,000000000,000000000,0082.590,0004.365,0000.643,0314
 
000287837,000000000,000000000,0082.590,0004.379,0000.651,0310
 
000287855,000000000,000000000,0082.569,0004.325,0000.660,0290
 
000287873,000000000,000000000,0082.573,0004.303,0000.630,0310
 
000287891,000000000,000000000,0082.578,0004.318,0000.639,0311
 
000287909,000000000,000000000,0082.575,0004.352,0000.649,0311
 
000287927,000000000,000000000,0082.571,0004.347,0000.639,0311
 
000287945,000000000,000000000,0082.566,0004.341,0000.627,0311
 
000287963,000000000,000000000,0082.568,0004.335,0000.618,0311
 
000287981,000000000,000000000,0082.587,0004.328,0000.611,0311
 
000287999,000000000,000000000,0082.589,0004.320,0000.604,0311
 
000288017,000000000,000000000,0082.586,0004.333,0000.597,0320
 
000288035,000000000,000000000,0082.582,0004.385,0000.610,0311
 
000288053,000000000,000000000,0082.581,0004.355,0000.641,0311
 
000288071,000000000,000000000,0082.576,0004.369,0000.650,0310
 
000288089,000000000,000000000,0082.575,0004.402,0000.603,0316
 
000288107,000000000,000000000,0082.575,0004.412,0000.577,0316
 
000288125,000000000,000000000,0082.570,0004.422,0000.589,0316
 
000288143,000000000,000000000,0082.561,0004.389,0000.585,0316
 
000288161,000000000,000000000,0082.559,0004.361,0000.579,0316
 
000288179,000000000,000000000,0082.564,0004.350,0000.552,0316
 
000288197,000000000,000000000,0082.558,0004.343,0000.547,0316
 
000288215,000000000,000000000,0082.558,0004.315,0000.562,0316
 
000288233,000000000,000000000,0082.557,0004.328,0000.557,0316
 
000288251,000000000,000000000,0082.549,0004.341,0000.553,0316
 
000288269,000000000,000000000,0082.544,0004.334,0000.531,0316
 
000288287,000000000,000000000,0082.542,0004.331,0000.491,0316
 
000288305,000000000,000000000,0082.540,0004.326,0000.490,0315
 
000288323,000000000,000000000,0082.547,0004.320,0000.491,0288
 
000288341,000000000,000000000,0082.554,0004.333,0000.492,0317
 
000288359,000000000,000000000,0082.558,0004.364,0000.512,0316
 
000288377,000000000,000000000,0082.565,0004.377,0000.551,0289
 
000288395,000000000,000000000,0082.564,0004.390,0000.548,0318
 
000288413,000000000,000000000,0082.560,0004.358,0000.582,0318
 
000288431,000000000,000000000,0082.577,0004.371,0000.577,0289
 
000288449,000000000,000000000,0082.580,0004.422,0000.591,0321
 
000288467,000000000,000000000,0082.580,0004.408,0000.603,0310
 
000288485,000000000,000000000,0082.583,0004.396,0000.616,0321
 
000288503,000000000,000000000,0082.582,0004.400,0000.606,0318
 
000288521,000000000,000000000,0082.589,0004.368,0000.618,0317
 
000288539,000000000,000000000,0082.591,0004.340,0000.609,0310
 
000288557,000000000,000000000,0082.589,0004.372,0000.621,0321
 
000288575,000000000,000000000,0082.596,0004.343,0000.631,0321
 
000288593,000000000,000000000,0082.604,0004.337,0000.621,0310
 
000288611,000000000,000000000,0082.607,0004.330,0000.612,0321
 
000288629,000000000,000000000,0082.592,0004.325,0000.603,0310
 
000288647,000000000,000000000,0082.607,0004.319,0000.615,0321
 
000288665,000000000,000000000,0082.602,0004.318,0000.609,0290
 
000288683,000000000,000000000,0082.577,0004.331,0000.619,0289
 
000288701,000000000,000000000,0082.588,0004.363,0000.631,0311
 
000288719,000000000,000000000,0082.598,0004.373,0000.622,0311
 
000288737,000000000,000000000,0082.598,0004.382,0000.633,0311
 
000288755,000000000,000000000,0082.595,0004.390,0000.623,0311
 
000288773,000000000,000000000,0082.597,0004.382,0000.633,0311
 
000288791,000000000,000000000,0082.597,0004.371,0000.643,0314
 
000288809,000000000,000000000,0082.585,0004.382,0000.651,0314
 
000288827,000000000,000000000,0082.593,0004.352,0000.640,0311
 
000288845,000000000,000000000,0082.575,0004.345,0000.649,0320
 
000288863,000000000,000000000,0082.561,0004.355,0000.638,0311
 
000288881,000000000,000000000,0082.569,0004.343,0000.626,0311
 
000288899,000000000,000000000,0082.563,0004.318,0000.616,0316
 
000288917,000000000,000000000,0082.560,0004.314,0000.627,0316
 
000288935,000000000,000000000,0082.565,0004.288,0000.617,0316
 
000288953,000000000,000000000,0082.585,0004.265,0000.609,0315
 
000288971,000000000,000000000,0082.584,0004.284,0000.601,0316
 
000288989,000000000,000000000,0082.579,0004.300,0000.615,0316
 
000289007,000000000,000000000,0082.579,0004.316,0000.608,0316
 
000289025,000000000,000000000,0082.584,0004.312,0000.599,0316
 
