000224528,000000000,000000000,0110.849,0004.343,0000.242,0310
 
000224553,000000000,000000000,0110.669,0004.642,0000.245,0314
 
000224577,000000000,000000000,0111.062,0004.343,0000.242,0310
 
000224601,000000000,000000000,0110.374,0004.603,0000.243,0310
 
000224625,000000000,000000000,0109.828,0004.583,0000.725,0313
 
000224649,000000000,000000000,0110.197,0004.844,0000.243,0310
 
000224673,000000000,000000000,0110.589,0004.380,0000.488,0313
 
000224697,000000000,000000000,0110.824,0004.583,0000.967,0310
 
000224721,000000000,000000000,0110.987,0004.583,0000.483,0311
 
000224745,000000000,000000000,0111.139,0004.120,0000.728,0310
 
000224769,000000000,000000000,0110.912,0004.362,0000.243,0310
 
000224793,000000000,000000000,0111.432,0004.361,0000.486,0310
 
000224817,000000000,000000000,0110.582,0004.343,0000.725,0310
 
000224841,000000000,000000000,0110.794,0004.307,0000.719,0314
 
000224865,000000000,000000000,0110.390,0004.603,0000.486,0314
 
000224889,000000000,000000000,0111.011,0004.603,0000.486,0314
 
000224913,000000000,000000000,0110.097,0004.622,0000.488,0314
 
000224937,000000000,000000000,0110.704,0004.583,0000.483,0313
 
000224961,000000000,000000000,0110.960,0004.325,0000.722,0314
 
000224985,000000000,000000000,0111.934,0004.343,0000.242,0320
 
000225009,000000000,000000000,0111.374,0004.361,0000.486,0320
 
000225033,000000000,000000000,0110.774,0004.362,0000.243,0313
 
000225057,000000000,000000000,0110.019,0004.343,0000.483,0320
 
000225081,000000000,000000000,0110.671,0004.361,0000.486,0320
 
000225105,000000000,000000000,0111.031,0004.325,0000.241,0320
 
000225129,000000000,000000000,0111.267,0004.103,0000.483,0311
 
000225153,000000000,000000000,0110.514,0004.325,0000.241,0320
 
000225177,000000000,000000000,0109.868,0004.844,0000.486,0310
 
000225201,000000000,000000000,0110.103,0004.602,0000.971,0310
 
000225225,000000000,000000000,0112.003,0004.085,0000.481,0289
 
000225249,000000000,000000000,0110.217,0004.361,0000.728,0310
 
000225273,000000000,000000000,0110.536,0004.325,0000.722,0314
 
000225297,000000000,000000000,0110.126,0004.844,0000.486,0310
 
000225321,000000000,000000000,0111.860,0004.103,0000.483,0310
 
000225345,000000000,000000000,0110.702,0004.583,0000.483,0314
 
000225369,000000000,000000000,0111.123,0004.343,0000.242,0310
 
000225393,000000000,000000000,0110.949,0004.085,0000.481,0310
 
000225417,000000000,000000000,0110.627,0004.361,0000.486,0310
 
000225441,000000000,000000000,0110.887,0004.325,0000.481,0310
 
000225465,000000000,000000000,0110.373,0004.583,0000.242,0310
 
000225489,000000000,000000000,0109.376,0004.803,0000.722,0320
 
000225513,000000000,000000000,0110.917,0004.343,0000.483,0319
 
000225537,000000000,000000000,0111.130,0004.068,0000.479,0320
 
000225561,000000000,000000000,0110.109,0004.603,0000.243,0320
 
000225585,000000000,000000000,0110.539,0004.361,0000.486,0320
 
000225609,000000000,000000000,0111.144,0004.325,0000.481,0289
 
000225633,000000000,000000000,0110.572,0004.325,0000.481,0289
 
000225657,000000000,000000000,0110.425,0004.325,0000.241,0289
 
000225681,000000000,000000000,0110.156,0004.343,0000.242,0289
 
000225705,000000000,000000000,0110.355,0004.325,0000.481,0289
 
000225729,000000000,000000000,0110.972,0004.343,0000.725,0289
 
000225753,000000000,000000000,0111.249,0004.085,0000.481,0289
 
000225777,000000000,000000000,0110.518,0004.361,0000.971,0289
 
000225801,000000000,000000000,0110.098,0004.343,0000.242,0289
 
000225825,000000000,000000000,0110.529,0004.120,0000.486,0310
 
000225849,000000000,000000000,0110.631,0004.085,0000.481,0310
 
000225873,000000000,000000000,0110.706,0004.343,0000.483,0310
 
000225897,000000000,000000000,0110.697,0004.085,0000.481,0310
 
000225921,000000000,000000000,0110.290,0004.361,0000.486,0310
 
000225945,000000000,000000000,0110.551,0004.343,0000.483,0310
 
000225969,000000000,000000000,0111.811,0004.085,0000.481,0310
 
000225993,000000000,000000000,0111.854,0003.862,0000.483,0310
 
000226017,000000000,000000000,0110.024,0004.583,0000.725,0310
 
000226041,000000000,000000000,0111.298,0004.103,0000.483,0310
 
000226065,000000000,000000000,0111.169,0004.102,0000.725,0310
 
000226089,000000000,000000000,0109.932,0004.603,0000.486,0310
 
000226113,000000000,000000000,0110.088,0004.307,0000.479,0310
 
000226137,000000000,000000000,0110.705,0004.085,0000.481,0314
 
000226161,000000000,000000000,0110.986,0004.086,0000.241,0314
 
000226185,000000000,000000000,0110.568,0004.051,0000.955,0314
 
000226209,000000000,000000000,0111.126,0004.603,0000.486,0314
 
000226233,000000000,000000000,0110.133,0004.622,0000.488,0321
 
000226257,000000000,000000000,0110.825,0004.085,0000.481,0320
 
000226281,000000000,000000000,0110.999,0004.120,0000.486,0320
 
000226305,000000000,000000000,0111.300,0003.830,0000.479,0314
 
000226329,000000000,000000000,0110.585,0004.343,0000.483,0320
 
000226353,000000000,000000000,0110.190,0004.399,0000.245,0320
 
000226377,000000000,000000000,0110.567,0004.085,0000.481,0320
 
000226401,000000000,000000000,0111.868,0003.621,0000.483,0320
 
000226425,000000000,000000000,0111.153,0004.307,0000.240,0289
 
000226449,000000000,000000000,0110.454,0004.085,0000.481,0320
 
000226473,000000000,000000000,0110.740,0004.103,0000.483,0314
 
000226497,000000000,000000000,0111.024,0004.068,0000.479,0321
 
000226521,000000000,000000000,0111.014,0004.307,0000.719,0321
 
000226545,000000000,000000000,0110.437,0004.564,0000.481,0289
 
000226569,000000000,000000000,0112.244,0003.846,0000.241,0290
 
000226593,000000000,000000000,0110.331,0004.325,0000.481,0311
 
000226617,000000000,000000000,0111.128,0004.103,0000.242,0311
 
000226641,000000000,000000000,0110.180,0004.343,0000.725,0289
 
000226665,000000000,000000000,0110.108,0004.583,0000.483,0289
 
000226689,000000000,000000000,0109.652,0004.583,0000.483,0310
 
000226713,000000000,000000000,0110.727,0004.068,0000.719,0310
 
000226737,000000000,000000000,0111.277,0004.343,0000.242,0310
 
000226761,000000000,000000000,0110.820,0004.103,0000.242,0310
 
000226785,000000000,000000000,0111.154,0004.103,0000.000,0310
 
000226809,000000000,-00000004,0109.570,0004.803,0000.481,0314
 
000226833,000000003,-00000013,0110.038,0004.085,0000.722,0313
 
000226857,000000004,-00000016,0110.538,0003.862,0000.242,0310
 
000226881,000000004,-00000025,0111.331,0003.395,0000.728,0310
 
000226905,000000002,-00000016,0109.828,0004.307,0000.719,0310
 
000226929,000000003,-00000015,0108.170,0005.042,0000.722,0310
 
000226953,000000004,-00000025,0105.792,0005.971,0000.479,0310
 
000226977,000000001,-00000025,0110.014,0003.798,0000.475,0320
 
000227001,000000000,-00000025,0110.340,0003.606,0000.481,0310
 
000227025,000000000,-00000026,0108.903,0004.603,0000.486,0320
 
000227049,000000000,-00000028,0107.140,0005.542,0000.967,0319
 
000227073,000000000,-00000032,0108.491,0004.602,0000.971,0320
 
000227097,000000000,-00000049,0109.753,0004.137,0000.731,0314
 
000227121,000000000,-00000049,0108.432,0004.507,0000.713,0289
 
000227145,000000001,-00000049,0108.338,0004.864,0000.488,0289
 
000227169,000000001,-00000052,0109.121,0003.862,0000.483,0289
 
000227193,000000000,-00000056,0107.609,0004.844,0000.728,0289
 
000227217,-00000002,-00000058,0109.044,0004.343,0000.483,0289
 
000227241,-00000001,-00000060,0109.491,0003.652,0000.731,0288
 
000227265,-00000001,-00000061,0110.349,0003.380,0000.725,0289
 
000227289,-00000002,-00000061,0109.317,0003.621,0000.483,0289
 
000227313,-00000001,-00000062,0110.055,0003.311,0000.237,0289
 
000227337,000000000,-00000063,0109.864,0003.606,0000.000,0289
 
000227361,000000000,-00000063,0107.243,0005.021,0000.000,0310
 
000227385,000000001,-00000097,0107.247,0004.583,0000.483,0314
 
000227409,000000000,-00000097,0106.986,0004.641,0001.224,0310
 
000227433,000000000,-00000064,0109.424,0003.366,0000.241,0310
 
000227457,000000000,-00000059,0108.772,0003.394,0001.456,0310
 
000227481,000000000,-00000057,0107.152,0004.583,0000.483,0289
 
000227505,-00000001,-00000057,0109.518,0003.846,0000.481,0310
 
000227529,-00000004,-00000055,0109.991,0003.113,0000.479,0310
 
000227553,-00000007,-00000049,0108.807,0003.814,-000.239,0310
 
000227577,-00000004,-00000050,0109.950,0003.126,0000.241,0310
 
000227601,-00000002,-00000050,0109.858,0003.153,0000.486,0310
 
000227625,-00000002,-00000049,0107.264,0004.686,0000.235,0310
 
000227649,-00000001,-00000052,0108.497,0004.086,0000.000,0311
 
000227673,-00000001,-00000052,0108.467,0003.591,0000.479,0289
 
000227697,-00000004,-00000052,0107.547,0004.086,0000.241,0289
 
000227721,000000000,-00000055,0107.653,0003.590,0001.678,0310
 
000227745,000000001,-00000055,0108.954,0003.366,0000.481,0310
 
000227769,000000000,-00000057,0106.457,0004.602,0001.214,0319
 
000227793,-00000001,-00000061,0105.885,0004.841,0001.941,0320
 
000227817,-00000004,-00000064,0105.404,0005.237,0000.955,0289
 
000227841,-00000004,-00000097,0107.264,0004.325,0000.481,0314
 
000227865,-00000004,-00000097,0106.449,0004.939,0000.000,0321
 
000227889,-00000007,-00000097,0108.467,0003.591,0000.479,0289
 
000227913,-00000007,-00000097,0107.331,0004.705,-000.707,0289
 
000227937,-00000002,-00000097,0108.912,0003.591,-000.240,0289
 
000227961,-00000001,-00000062,0109.340,0003.126,0000.722,0289
 
000227985,-00000001,-00000059,0108.501,0003.366,0000.722,0289
 
000228009,000000000,-00000055,0110.342,0002.691,0000.245,0289
 
000228033,000000000,-00000052,0108.845,0003.637,0000.000,0288
 
000228057,000000001,-00000050,0106.768,0004.622,0000.731,0310
 
000228081,000000000,-00000050,0106.598,0004.641,0001.469,0310
 
000228105,000000000,-00000050,0106.882,0005.042,0000.481,0290
 
000228129,000000000,-00000053,0106.355,0005.000,0000.477,0290
 
000228153,-00000001,-00000054,0108.657,0003.798,0000.000,0310
 
000228177,000000000,-00000056,0108.493,0003.652,0000.244,0310
 
000228201,000000000,-00000054,0108.561,0003.636,0000.728,0310
 
000228225,000000000,-00000054,0108.500,0003.862,0000.967,0310
 
000228249,-00000002,-00000053,0109.716,0002.624,0000.000,0310
 
000228273,000000000,-00000053,0107.760,0004.307,0000.240,0321
 
000228297,000000000,-00000052,0107.415,0004.289,0000.477,0314
 
000228321,000000001,-00000052,0109.313,0003.338,0000.000,0310
 
000228345,000000000,-00000050,0109.145,0003.100,0000.955,0321
 
000228369,000000000,-00000049,0108.817,0003.088,0000.238,0321
 
000228393,000000000,-00000049,0109.765,0002.850,0000.951,0313
 
000228417,000000000,-00000049,0108.613,0003.814,0000.955,0311
 
000228441,000000000,-00000049,0108.792,0003.814,0000.239,0310
 
000228465,000000000,-00000032,0108.185,0003.814,0000.477,0310
 
000228489,-00000001,-00000032,0107.186,0004.343,0000.242,0320
 
000228513,-00000001,-00000049,0108.440,0003.830,0000.479,0310
 
000228537,-00000001,-00000032,0109.947,0002.862,0000.000,0320
 
000228561,-00000002,-00000031,0108.303,0003.845,0000.963,0314
 
000228585,-00000001,-00000026,0107.464,0004.343,0000.242,0321
 
000228609,-00000001,-00000025,0108.207,0004.120,0000.243,0289
 
000228633,-00000001,-00000025,0107.650,0004.120,0000.971,0289
 
000228657,-00000001,-00000025,0108.558,0004.120,0000.486,0321
 
000228681,-00000001,-00000025,0108.596,0003.561,0000.951,0289
 
000228705,000000000,-00000025,0106.144,0005.259,0000.479,0289
 
000228729,000000000,-00000025,0109.304,0003.668,0000.245,0289
 
000228753,000000000,-00000025,0107.857,0004.103,0000.242,0320
 
000228777,-00000001,-00000016,0108.079,0004.069,0000.240,0320
 
000228801,000000000,-00000014,0108.977,0003.606,0000.722,0289
 
000228825,-00000001,-00000013,0107.362,0004.103,0000.242,0310
 
000228849,-00000001,-00000013,0107.537,0004.844,0000.243,0310
 
000228873,000000000,-00000013,0107.537,0004.325,0000.241,0310
 
000228897,000000000,-00000013,0108.507,0003.878,0000.243,0289
 
000228921,000000000,-00000013,0108.551,0003.366,0000.241,0310
 
000228945,000000000,-00000007,0108.632,0003.621,0000.483,0310
 
000228969,-00000001,-00000004,0109.186,0003.637,0000.243,0310
 
000228993,000000000,-00000001,0108.170,0003.862,0000.483,0289
 
000229017,000000000,000000000,0109.108,0003.591,0000.719,0310
 
000229041,000000000,000000000,0108.064,0003.878,0000.243,0310
 
000229065,000000000,000000000,0107.643,0004.102,0000.725,0310
 
000229089,000000000,000000000,0108.135,0004.103,0000.483,0310
 
000229113,000000000,000000000,0108.114,0004.085,0000.481,0310
 
000229137,000000000,000000000,0107.835,0004.068,0000.719,0314
 
000229161,000000000,000000000,0107.852,0004.343,0000.483,0313
 
000229185,000000000,000000000,0107.392,0004.906,0000.000,0311
 
000229209,000000000,000000000,0108.297,0003.830,0000.240,0289
 
000229233,000000000,000000000,0108.508,0004.103,0000.483,0289
 
000229257,000000000,000000000,0108.415,0003.830,0000.479,0320
 
000229281,000000000,000000000,0108.536,0003.846,0000.241,0320
 
000229305,000000000,000000000,0108.442,0004.343,0000.242,0320
 
000229329,000000000,000000000,0106.698,0004.545,0000.479,0320
 
000229353,000000000,000000000,0108.500,0004.103,0000.483,0320
 
000229377,000000000,000000000,0108.646,0004.085,0000.722,0320
 
000229401,000000000,000000000,0108.104,0004.085,0000.481,0313
 
000229425,000000000,000000000,0108.981,0004.120,0000.243,0314
 
000229449,000000000,000000000,0108.589,0004.068,0000.479,0320
 
000229473,000000000,000000000,0108.924,0004.085,0000.481,0314
 
000229497,000000000,000000000,0107.432,0004.102,0000.725,0320
 
000229521,000000000,000000000,0107.830,0004.103,0000.242,0320
 
000229545,000000000,000000000,0107.858,0004.120,0000.486,0320
 
000229569,000000000,000000000,0107.960,0004.085,0000.481,0314
 
000229593,000000000,000000000,0108.069,0004.052,0000.477,0321
 
000229617,000000000,000000000,0108.060,0004.325,0000.722,0321
 
000229641,000000000,000000000,0107.625,0004.086,0000.241,0289
 
000229665,000000000,000000000,0107.833,0004.380,0000.244,0320
 
000229689,000000000,000000000,0108.822,0004.085,0000.481,0310
 
000229713,000000000,000000000,0108.788,0004.085,0000.481,0310
 
000229737,000000000,000000000,0108.295,0003.846,0000.481,0309
 
000229761,000000000,000000000,0108.688,0004.086,0000.241,0310
 
000229785,000000000,000000000,0108.115,0004.103,0000.242,0289
 
000229809,000000000,000000000,0109.531,0003.862,0000.483,0289
 
000229833,000000000,000000000,0108.122,0003.798,0000.713,0310
 
000229857,000000000,000000000,0107.671,0004.343,0000.483,0310
 
000229881,000000000,000000000,0108.122,0004.085,0000.481,0310
 
000229905,000000000,000000000,0108.258,0004.085,0000.481,0310
 
000229929,000000000,000000000,0108.603,0003.846,0000.481,0310
 
000229953,000000000,000000000,0107.435,0004.068,0000.719,0310
 
000229977,000000000,000000000,0108.390,0004.068,0000.479,0314
 
000230001,000000000,000000000,0107.662,0004.085,0000.481,0314
 
000230025,000000000,000000000,0107.914,0004.362,0000.243,0313
 
