000336800,000000000,000000000,0110.735,0004.744,0000.238,0169
 
000336824,000000000,000000000,0112.398,0004.325,0000.000,0007
 
000336848,000000000,000000000,0113.239,0003.878,0000.486,0166
 
000336872,000000000,000000000,0111.821,0004.399,0000.245,0178
 
000336896,000000000,000000000,0113.461,0002.286,0003.662,0006
 
000336920,000000000,000000000,0109.403,0005.347,0001.219,0006
 
000336944,000000000,000000000,0114.388,0002.862,0000.477,0006
 
000336968,000000000,000000000,0110.314,0005.106,0000.488,0167
 
000336992,000000000,000000000,0109.919,0004.864,0000.731,0166
 
000337016,000000000,000000000,0111.002,0004.380,0000.731,0166
 
000337040,000000000,000000000,0111.236,0004.380,0000.244,0167
 
000337064,000000000,000000000,0111.611,0004.103,0000.483,0166
 
000337088,000000000,000000000,0110.492,0004.120,0000.971,0167
 
000337112,000000000,000000000,0111.937,0004.361,0000.486,0167
 
000337136,000000000,000000000,0110.555,0004.379,0001.219,0167
 
000337160,000000000,000000000,0110.933,0004.307,0000.240,0168
 
000337184,000000000,000000000,0111.041,0004.102,0000.725,0007
 
000337208,000000000,000000000,0111.492,0004.102,0000.725,0006
 
000337232,000000000,000000000,0111.833,0004.103,0000.483,0006
 
000337256,000000000,000000000,0111.280,0004.137,0000.488,0007
 
000337280,000000000,000000000,0111.698,0003.846,0000.722,0006
 
000337304,000000000,000000000,0110.450,0004.103,0000.483,0007
 
000337328,000000000,000000000,0111.127,0004.325,0000.481,0006
 
000337352,000000000,000000000,0111.136,0004.343,0000.483,0007
 
000337376,000000000,000000000,0112.041,0004.325,0000.481,0006
 
000337400,000000000,000000000,0112.245,0003.621,0000.483,0006
 
000337424,000000000,000000000,0113.307,0003.606,0000.241,0006
 
000337448,000000000,000000000,0111.740,0004.343,0000.242,0006
 
000337472,000000000,000000000,0111.588,0004.343,0000.725,0006
 
000337496,000000000,000000000,0111.801,0004.361,0000.728,0006
 
000337520,000000000,000000000,0111.016,0004.325,0000.722,0006
 
000337544,000000000,000000000,0112.051,0003.862,0000.725,0006
 
000337568,000000000,000000000,0109.856,0004.603,0000.486,0006
 
000337592,000000000,000000000,0111.615,0004.103,0000.483,0006
 
000337616,000000000,000000000,0111.448,0004.361,0000.486,0006
 
000337640,000000000,000000000,0111.097,0004.085,0000.481,0006
 
000337664,000000000,000000000,0112.088,0004.052,0000.477,0007
 
000337688,000000000,000000000,0111.005,0004.120,0000.971,0007
 
000337712,000000000,000000000,0110.596,0004.085,0000.722,0006
 
000337736,000000000,000000000,0112.134,0004.343,0000.242,0007
 
000337760,000000000,000000000,0111.768,0003.846,0000.481,0006
 
000337784,000000000,000000000,0111.677,0004.085,0000.722,0006
 
000337808,000000000,000000000,0110.163,0004.361,0000.971,0006
 
000337832,000000000,000000000,0111.517,0004.085,0000.481,0007
 
000337856,000000000,000000000,0111.393,0003.862,0000.242,0167
 
000337880,000000000,000000000,0112.117,0004.120,0000.486,0166
 
000337904,000000000,000000000,0112.350,0004.085,0000.481,0166
 
000337928,000000000,000000000,0111.382,0004.102,0000.967,0166
 
000337952,000000000,000000000,0112.324,0003.621,0000.242,0178
 
000337976,000000000,000000000,0110.668,0004.103,0000.483,0006
 
000338000,000000000,000000000,0111.808,0003.845,0000.963,0007
 
000338024,000000000,000000000,0111.155,0004.343,0000.725,0006
 
000338048,000000000,000000000,0112.084,0003.862,0000.483,0007
 
000338072,000000000,000000000,0110.342,0004.361,0000.486,0006
 
000338096,000000000,000000000,0112.085,0003.862,0000.483,0007
 
000338120,000000000,000000000,0111.848,0004.085,0000.722,0006
 
000338144,000000000,000000000,0112.134,0003.878,0000.486,0006
 
000338168,000000000,000000000,0111.268,0004.103,0000.483,0006
 
000338192,000000000,000000000,0111.951,0004.103,0000.483,0006
 
000338216,000000000,000000000,0111.784,0004.103,0000.483,0166
 
000338240,000000000,000000000,0111.534,0004.584,0000.000,0178
 
000338264,000000000,000000000,0111.630,0004.102,0000.725,0006
 
000338288,000000000,000000000,0112.218,0003.846,0000.241,0006
 
000338312,000000000,000000000,0111.456,0004.325,0000.481,0006
 
000338336,000000000,000000000,0111.175,0003.862,0000.483,0006
 
000338360,000000000,000000000,0110.729,0004.289,0000.477,0006
 
000338384,000000000,000000000,0112.110,0003.862,0000.483,0006
 
000338408,000000000,000000000,0111.507,0003.846,0000.722,0006
 
000338432,000000000,000000000,0111.169,0004.343,0000.483,0007
 
000338456,000000000,000000000,0111.148,0004.120,0000.486,0007
 
000338480,000000000,000000000,0111.881,0003.591,0000.719,0007
 
000338504,000000000,000000000,0111.506,0004.103,0000.242,0006
 
000338528,000000000,000000000,0110.124,0004.564,0000.481,0007
 
000338552,000000000,000000000,0112.817,0004.085,0000.481,0167
 
000338576,000000000,000000000,0112.888,0003.576,0000.716,0006
 
000338600,000000000,000000000,0112.428,0003.895,0000.000,0167
 
000338624,000000000,000000000,0111.478,0003.846,0000.722,0006
 
000338648,000000000,000000000,0112.369,0004.103,0000.483,0167
 
000338672,000000000,000000000,0112.067,0004.068,0000.479,0166
 
000338696,000000000,000000000,0111.248,0003.878,0000.971,0006
 
000338720,000000000,000000000,0112.323,0004.103,0000.242,0006
 
000338744,000000000,000000000,0112.067,0003.846,0000.722,0006
 
000338768,000000000,000000000,0112.184,0003.846,0000.481,0007
 
000338792,000000000,000000000,0111.559,0004.103,0000.483,0007
 
000338816,000000000,000000000,0111.357,0003.830,0000.479,0006
 
000338840,000000000,000000000,0110.446,0004.361,0000.728,0006
 
000338864,000000000,000000000,0111.877,0004.103,0000.483,0006
 
000338888,000000000,000000000,0110.607,0004.068,0000.959,0007
 
000338912,000000000,000000000,0110.919,0004.120,0000.486,0167
 
000338936,000000000,000000000,0111.155,0004.103,0000.242,0006
 
000338960,000000000,000000000,0111.734,0004.068,0000.479,0166
 
000338984,000000000,000000000,0112.564,0003.846,0000.241,0007
 
000339008,000000000,000000000,0111.924,0003.814,0000.477,0006
 
000339032,000000000,000000000,0112.022,0003.862,0000.725,0006
 
000339056,000000000,000000000,0111.756,0004.103,0000.242,0006
 
000339080,000000000,000000000,0111.848,0004.102,0000.725,0006
 
000339104,000000000,000000000,0110.887,0003.862,0000.967,0006
 
000339128,000000000,000000000,0111.216,0004.120,0000.243,0006
 
000339152,000000000,000000000,0111.260,0003.846,0000.481,0006
 
000339176,000000000,000000000,0111.212,0004.085,0000.481,0007
 
000339200,000000000,000000000,0111.528,0004.120,0000.486,0007
 
000339224,000000000,000000000,0110.663,0004.103,0000.483,0007
 
000339248,000000000,000000000,0110.418,0004.325,0000.481,0006
 
000339272,000000000,000000000,0112.043,0003.621,0000.483,0007
 
000339296,000000000,000000000,0112.065,0003.814,0000.716,0007
 
000339320,000000000,000000000,0111.416,0004.343,0000.483,0007
 
000339344,000000000,000000000,0110.496,0004.361,0000.486,0167
 
000339368,000000000,000000000,0110.039,0004.343,0000.483,0167
 
000339392,000000000,000000000,0110.856,0004.307,0000.479,0006
 
000339416,000000000,000000000,0112.328,0004.103,0000.483,0006
 
000339440,000000000,000000000,0110.351,0004.325,0000.481,0007
 
000339464,000000000,000000000,0110.887,0004.343,0000.483,0006
 
000339488,000000000,000000000,0111.037,0004.068,0000.719,0006
 
000339512,000000000,000000000,0111.164,0004.085,0000.963,0006
 
000339536,000000000,000000000,0112.378,0003.846,0000.000,0007
 
000339560,000000000,000000000,0111.291,0004.085,0000.481,0006
 
000339584,000000000,000000000,0112.091,0003.862,0000.725,0006
 
000339608,000000000,000000000,0111.018,0004.120,0000.486,0166
 
000339632,000000000,000000000,0111.902,0004.103,0000.483,0006
 
000339656,000000000,000000000,0112.120,0003.846,0000.481,0006
 
000339680,000000000,000000000,0110.429,0004.307,0000.479,0006
 
000339704,000000000,000000000,0111.090,0004.051,0000.716,0006
 
000339728,000000000,000000000,0111.850,0004.343,0000.483,0006
 
000339752,000000000,000000000,0112.181,0004.120,0000.486,0006
 
000339776,000000000,000000000,0112.141,0003.606,0000.722,0006
 
000339800,000000000,000000000,0112.222,0004.068,0000.719,0006
 
000339824,000000000,000000000,0109.776,0004.564,0000.722,0006
 
000339848,000000000,000000000,0111.758,0004.103,0000.483,0007
 
000339872,000000000,000000000,0111.427,0004.068,0000.479,0006
 
000339896,000000000,000000000,0112.257,0004.085,0000.481,0006
 
000339920,000000000,000000000,0111.708,0003.862,0000.483,0006
 
000339944,000000000,000000000,0111.880,0004.085,0000.722,0007
 
000339968,000000000,000000000,0111.989,0004.085,0000.481,0006
 
000339992,000000000,000000000,0111.989,0004.103,0000.483,0007
 
000340016,000000000,000000000,0112.430,0003.576,0000.716,0007
 
000340040,000000000,000000000,0110.073,0004.325,0000.481,0006
 
000340064,000000000,000000000,0110.880,0004.361,0000.486,0007
 
000340088,000000000,000000000,0112.176,0003.846,0000.481,0006
 
000340112,000000000,000000000,0111.591,0004.343,0000.483,0006
 
000340136,000000000,000000000,0111.194,0004.085,0000.722,0006
 
000340160,000000000,000000000,0111.291,0004.289,0000.477,0007
 
000340184,000000000,000000000,0111.757,0003.862,0000.725,0006
 
000340208,000000000,000000000,0112.224,0003.591,0000.959,0006
 
000340232,000000000,000000000,0111.399,0004.103,0000.483,0006
 
000340256,000000000,000000000,0111.626,0004.103,0000.483,0006
 
000340280,000000000,000000000,0112.981,0003.591,0000.479,0006
 
000340304,000000000,000000000,0111.630,0004.102,0000.725,0006
 
000340328,000000000,000000000,0110.312,0004.564,0000.481,0006
 
000340352,000000000,000000000,0111.704,0004.120,0000.486,0007
 
000340376,000000000,000000000,0111.890,0004.085,0000.481,0166
 
000340400,000000000,000000000,0112.202,0003.830,0000.719,0166
 
000340424,000000000,000000000,0112.804,0003.830,0000.719,0166
 
000340448,000000000,000000000,0111.100,0004.068,0000.479,0166
 
000340472,000000000,000000000,0111.926,0003.846,0000.241,0167
 
000340496,000000000,000000000,0111.912,0004.068,0000.479,0167
 
000340520,000000000,-00000002,0102.306,0007.960,0000.486,0167
 
000340544,000000000,-00000014,0109.478,0005.215,0000.713,0167
 
000340568,-00000004,-00000025,0111.062,0004.289,0000.716,0166
 
000340592,-00000004,000000231,0109.359,0005.085,0000.728,0166
 
000340616,-00000004,-00000025,0111.174,0004.361,0000.486,0006
 
000340640,-00000004,-00000025,0113.856,0003.606,0000.000,0166
 
000340664,-00000001,-00006169,0112.250,0004.325,0000.481,0006
 
000340688,-00000001,-00000025,0112.669,0003.366,0000.963,0006
 
000340712,000000000,-00000014,0110.387,0004.583,0000.483,0178
 
000340736,000000000,-00000013,0111.734,0004.102,0000.725,0006
 
000340760,000000000,-00000013,0111.945,0003.846,0000.722,0177
 
000340784,000000000,-00000013,0111.952,0003.576,0000.955,0006
 
000340808,000000000,-00000013,0111.660,0003.878,0000.728,0006
 
000340832,-00000001,-00000013,0111.846,0003.911,0000.490,0007
 
000340856,-00000001,-00000013,0111.461,0004.289,0000.239,0006
 
000340880,-00000001,000000243,0112.078,0003.846,0000.481,0006
 
000340904,-00000002,-00000013,0109.565,0005.021,0000.719,0006
 
000340928,-00000002,-00006169,0109.843,0005.042,0000.481,0006
 
000340952,-00000002,-00000025,0109.025,0005.062,0001.209,0007
 
000340976,-00000002,-00000028,0110.601,0004.307,0000.719,0006
 
000341000,-00000004,-00000030,0110.565,0004.343,0000.242,0006
 
000341024,-00000002,-00000032,0109.742,0004.844,0000.486,0006
 
000341048,000000000,-00000049,0111.009,0004.052,0000.477,0006
 
000341072,-00000001,-00000049,0112.089,0003.878,0000.486,0006
 
000341096,000000001,-00000031,0111.094,0003.878,0000.728,0006
 
000341120,000000002,-00000028,0110.907,0003.845,0000.963,0007
 
000341144,000000000,-00000025,0110.256,0004.343,0000.967,0006
 
000341168,-00000001,-00000025,0110.678,0004.343,0000.967,0006
 
000341192,000000000,-00000026,0110.992,0004.361,0000.728,0006
 
000341216,000000000,-00000026,0112.133,0003.846,0000.481,0167
 
000341240,000000000,-00000025,0112.697,0003.846,0000.481,0167
 
000341264,000000001,000000231,0112.427,0003.591,0000.719,0006
 
000341288,000000001,000000231,0113.569,0003.152,0001.214,0167
 
000341312,000000000,-00000025,0112.988,0003.637,0000.486,0006
 
000341336,000000000,-00006169,0111.971,0003.846,0000.722,0167
 
000341360,-00000002,-00000014,0113.223,0003.591,0000.000,0006
 
000341384,-00000001,-00000014,0113.390,0003.621,0000.725,0006
 
000341408,-00000001,-00000014,0111.889,0004.085,0000.722,0006
 
000341432,-00000002,-00000015,0110.171,0005.063,0000.483,0178
 
000341456,-00000001,-00000025,0112.303,0003.878,0000.486,0167
 
000341480,-00000002,000000231,0112.512,0003.814,0000.477,0006
 
000341504,-00000001,-00000025,0109.583,0005.280,0000.963,0006
 
000341528,000000000,-00000026,0108.766,0005.543,0000.725,0006
 
000341552,-00000001,-00000028,0108.929,0005.542,0001.209,0006
 
000341576,-00000002,-00000049,0111.867,0004.622,0000.000,0178
 
000341600,-00000004,-00000049,0109.983,0005.519,-000.722,0006
 
000341624,-00000004,-00000049,0114.544,0003.100,0000.239,0006
 
000341648,-00000002,-00000049,0113.692,0003.591,0000.240,0006
 
000341672,000000000,-00000049,0111.664,0004.380,0000.488,0006
 
000341696,-00000001,-00000049,0111.575,0004.564,0000.722,0006
 
000341720,-00000001,-00000031,0114.859,0003.126,0000.481,0006
 
000341744,000000001,-00000029,0112.414,0003.862,0000.967,0006
 
000341768,000000001,-00000026,0112.809,0004.137,0000.731,0006
 
000341792,000000000,-00000028,0112.286,0004.783,0000.240,0006
 
000341816,000000003,-00000028,0110.881,0005.064,0000.000,0006
 
000341840,000000004,-00000027,0113.118,0004.035,0000.713,0006
 
000341864,000000002,-00000030,0113.658,0003.862,0000.483,0006
 
000341888,000000000,-00000032,0113.299,0003.846,0000.481,0007
 
000341912,000000001,-00000032,0114.106,0003.606,0000.722,0006
 
000341936,000000002,-00000031,0112.252,0004.526,0000.716,0006
 
000341960,000000001,-00000030,0112.438,0004.361,0000.728,0167
 
000341984,000000000,-00000030,0113.295,0003.830,0000.719,0006
 
000342008,000000000,-00000049,0113.812,0004.362,0000.243,0167
 
000342032,000000000,-00000049,0113.884,0003.846,0000.722,0006
 
000342056,-00000001,-00000049,0114.649,0003.606,0000.481,0167
 
000342080,000000000,-00000049,0110.884,0005.303,0000.967,0006
 
000342104,000000000,-00012337,0112.516,0004.583,0000.967,0166
 
000342128,000000000,-00000049,0113.894,0004.307,0000.479,0006
 
000342152,000000001,-00000049,0113.316,0003.846,0000.722,0166
 
000342176,000000000,-00000032,0109.878,0005.543,0000.242,0006
 
000342200,000000000,-00000049,0110.556,0005.042,0000.963,0178
 
000342224,000000000,-00000049,0113.882,0003.830,0000.719,0006
 
000342248,000000000,-00000049,0112.088,0004.085,0000.722,0006
 
000342272,-00000002,-00000032,0112.003,0005.042,0000.481,0006
 
000342296,-00000001,-00000031,0113.722,0003.846,0000.722,0006
 
000342320,-00000002,-00000049,0112.965,0004.583,0000.242,0167
 
000342344,-00000772,000000252,0115.053,0003.621,0000.725,0006
 
000342368,-00000004,-00000049,0113.731,0004.343,0000.242,0166
 
000342392,-00000004,-00000049,0113.541,0004.380,0000.244,0178
 
000342416,-00000004,-00000049,0110.334,0005.497,0000.479,0178
 
000342440,-00000002,-00000049,0114.267,0004.102,0000.725,0007
 
000342464,-00000004,-00000049,0110.284,0005.758,0000.722,0007
 
000342488,-00000004,-00000049,0111.836,0005.021,0000.959,0007
 
000342512,-00000007,-00000049,0115.729,0003.606,0000.241,0006
 
000342536,-00000007,-00000049,0113.023,0004.823,0000.483,0007
 
000342560,-00000004,-00000049,0114.586,0003.845,0000.963,0006
 
000342584,-00000004,-00000049,0116.075,0003.606,0000.481,0006
 
000342608,-00000002,-00000049,0112.797,0004.783,0000.719,0166
 
000342632,-00000772,000000207,0114.934,0003.894,0001.219,0006
 
000342656,-00000004,-00012337,0116.166,0003.352,0000.719,0006
 
000342680,-00000001,-00012337,0115.340,0004.155,0000.245,0006
 
000342704,000000000,000000207,0114.499,0004.325,0000.481,0006
 
000342728,000000000,-00000030,0114.526,0004.343,0000.483,0167
 
000342752,000000000,-00000031,0115.104,0004.343,0000.000,0007
 
000342776,000000000,-00000032,0116.010,0003.862,0000.483,0006
 
000342800,-00000002,-00000032,0117.021,0003.100,0000.477,0007
 
000342824,-00000001,-00000031,0114.039,0004.824,0000.242,0167
 
000342848,-00000001,-00000031,0113.179,0004.307,0000.479,0007
 
000342872,-00000001,-00000030,0116.814,0003.166,0000.975,0167
 
000342896,-00000772,-00000029,0116.966,0003.591,0000.240,0006
 
000342920,-00000002,-00000026,0114.312,0004.583,0000.725,0006
 
000342944,-00000002,-00006169,0116.601,0003.366,0000.481,0006
 
000342968,000000000,-00006169,0116.970,0003.409,0000.488,0007
 
000342992,000000000,-00000025,0116.488,0003.606,0000.722,0006
 
000343016,000000000,-00000025,0114.127,0005.064,0000.242,0167
 
000343040,-00000001,-00000025,0113.691,0005.064,0000.242,0006
 
000343064,-00000001,-00000025,0115.081,0004.526,0000.239,0006
 
000343088,-00000001,-00000025,0116.556,0003.637,0000.243,0006
 
000343112,-00000001,-00000025,0115.505,0004.103,0000.483,0006
 
000343136,-00000001,-00000025,0113.984,0004.783,0000.719,0007
 
000343160,-00000001,-00000025,0115.198,0004.583,0000.242,0006
 
000343184,-00000001,-00000025,0114.697,0004.325,0000.481,0007
 
000343208,-00000001,-00000025,0115.748,0003.814,0000.716,0007
 
000343232,000000000,000000231,0114.949,0004.545,0000.479,0006
 
000343256,000000000,-00000025,0114.740,0004.583,0000.483,0006
 
000343280,000000000,-00000025,0115.429,0004.343,0000.483,0006
 
000343304,-00000001,-00000025,0115.176,0004.564,0000.241,0007
 
000343328,000000000,-00000026,0113.716,0004.864,0000.731,0007
 
000343352,000000001,-00000026,0112.992,0004.724,0000.710,0006
 
000343376,000000002,-00000028,0115.136,0004.343,0000.242,0006
 
000343400,000000002,-00000029,0114.722,0004.307,0000.479,0007
 
000343424,000000000,-00006940,0117.183,0003.606,0000.722,0006
 
000343448,-00000002,-00000027,0116.941,0003.830,0000.479,0006
 
000343472,-00000001,-00000026,0115.875,0004.069,0000.240,0166
 
000343496,-00000001,-00000025,0116.035,0004.085,0000.481,0006
 
000343520,-00000001,-00000025,0114.608,0004.803,0000.722,0006
 
000343544,-00000002,-00000025,0115.365,0004.325,0000.481,0167
 
000343568,-00000002,-00000025,0116.363,0003.830,0000.719,0006
 
000343592,-00000001,-00000016,0113.736,0004.783,0000.479,0167
 
000343616,-00000002,-00000025,0114.630,0004.325,0000.722,0006
 
000343640,-00000002,-00000025,0115.815,0004.085,0000.481,0166
 
000343664,-00000001,-00006169,0114.955,0004.361,0000.728,0006
 
000343688,000000000,-00000025,0115.870,0004.085,0000.481,0006
 
000343712,-00000001,-00000016,0116.038,0003.830,0000.719,0006
 
000343736,000000000,-00000015,0116.414,0003.591,0000.959,0177
 
000343760,-00000001,000000243,0118.143,0003.637,0000.243,0007
 
000343784,000000000,-00000008,0114.633,0004.564,0000.481,0178
 
000343808,-00000001,-00000007,0116.650,0004.068,0000.479,0006
 
000343832,000000000,-00000004,0116.951,0003.846,0000.241,0006
 
000343856,-00000001,-00000001,0115.607,0004.361,0000.486,0007
 
000343880,000000000,-00000001,0115.172,0004.545,0000.240,0006
 
000343904,000000000,000000000,0116.055,0004.068,0000.479,0006
 
000343928,000000000,-00000001,0116.417,0004.035,0000.713,0006
 
000343952,000000000,000000252,0115.155,0004.564,0000.481,0006
 
000343976,000000000,-00000007,0114.777,0004.545,0000.240,0007
 
000344000,-00000001,-00000013,0117.164,0003.830,0000.479,0007
 
000344024,000000000,-00000013,0115.209,0003.829,0001.198,0006
 
000344048,000000000,000000243,0116.614,0003.862,0000.725,0006
 
000344072,-00000001,-00000007,0117.972,0003.606,0000.481,0006
 
000344096,000000000,-00000004,0115.080,0004.325,0000.481,0007
 
000344120,000000000,-00000007,0115.460,0004.307,0000.479,0006
 
000344144,-00000001,-00000007,0115.433,0004.102,0000.725,0006
 
000344168,-00000001,-00000008,0116.083,0004.103,0000.483,0007
 
000344192,-00000001,-00000013,0113.919,0005.042,0000.722,0167
 
000344216,-00000001,-00000013,0115.703,0004.325,0000.722,0006
 
000344240,-00000001,-00000013,0116.646,0003.846,0000.481,0166
 
000344264,-00000002,-00000013,0118.594,0002.911,0000.243,0006
 
000344288,000000000,-00000013,0117.864,0003.352,0000.479,0167
 
000344312,000000000,-00000007,0117.608,0003.352,0000.479,0006
 
000344336,000000000,-00000001,0116.595,0004.085,0000.481,0167
 
000344360,000000000,000000000,0115.409,0004.307,0000.719,0006
 
000344384,000000000,000000000,0115.773,0004.085,0000.481,0167
 
000344408,000000000,000000000,0115.201,0004.343,0000.242,0006
 
000344432,000000000,000000000,0115.407,0004.343,0000.483,0006
 
000344456,000000000,000000000,0115.288,0004.564,0000.481,0006
 
000344480,000000000,000000000,0115.148,0004.325,0000.722,0178
 
000344504,000000000,000000000,0115.737,0004.289,0000.477,0007
 
000344528,000000000,000000000,0115.452,0004.343,0000.242,0006
 
000344552,000000000,000000000,0116.857,0004.343,0000.242,0006
 
000344576,000000000,-00000001,0116.330,0004.103,0000.483,0006
 
000344600,000000000,-00000001,0116.193,0003.591,0000.959,0006
 
000344624,000000000,-00000002,0114.569,0004.602,0000.728,0006
 
000344648,000000000,-00000002,0115.277,0004.361,0000.486,0006
 
000344672,-00000001,-00000001,0115.905,0004.307,0000.479,0007
 
000344696,000000000,-00000001,0115.250,0004.325,0000.481,0006
 
000344720,000000000,000000000,0115.214,0004.343,0000.242,0006
 
000344744,000000000,000000000,0115.230,0004.307,0000.479,0006
 
000344768,000000000,000000000,0115.940,0004.307,0000.479,0006
 
000344792,000000000,000000000,0114.738,0004.662,0000.492,0006
 
000344816,000000000,-00000001,0115.096,0004.380,0000.488,0006
 
000344840,000000000,-00000001,0116.069,0003.862,0000.725,0006
 
000344864,000000000,-00000001,0116.147,0003.862,0000.483,0006
 
000344888,-00000001,-00000001,0115.455,0004.120,0000.486,0006
 
000344912,000000000,000000000,0116.257,0003.846,0000.241,0006
 
000344936,000000000,000000000,0116.067,0004.068,0000.479,0006
 
000344960,000000000,000000000,0114.877,0004.325,0000.722,0166
 
000344984,000000000,000000000,0116.220,0004.120,0000.243,0006
 
000345008,000000000,000000000,0115.771,0004.120,0000.486,0006
 
000345032,000000000,000000000,0116.276,0004.103,0000.242,0006
 
000345056,000000000,000000000,0116.773,0003.846,0000.481,0006
 
000345080,000000000,000000000,0115.439,0004.583,0000.242,0167
 
000345104,000000000,000000000,0115.379,0004.343,0000.483,0167
 
000345128,000000000,000000000,0114.458,0004.545,0000.479,0006
 
000345152,000000000,000000000,0116.120,0004.068,0000.479,0167
 
000345176,000000000,-00000001,0114.193,0004.564,0000.481,0006
 
000345200,000000000,-00000001,0115.666,0004.052,0000.239,0178
 
000345224,000000000,-00000002,0115.904,0004.085,0000.481,0167
 
000345248,000000000,000000000,0114.815,0004.289,0000.477,0007
 
000345272,000000000,000000000,0114.636,0004.307,0000.479,0007
 
000345296,000000000,000000000,0114.402,0004.603,0000.486,0007
 
000345320,000000000,000000000,0114.623,0004.361,0000.728,0007
 
000345344,000000000,000000000,0115.140,0004.564,0000.241,0006
 
000345368,000000000,000000000,0115.602,0004.362,0000.243,0006
 
000345392,000000000,000000000,0114.696,0004.564,0000.481,0006
 
000345416,000000000,000000000,0115.292,0004.051,0000.716,0178
 
000345440,000000000,000000000,0114.357,0004.603,0000.486,0006
 
000345464,000000000,000000000,0115.871,0004.086,0000.241,0006
 
000345488,000000000,000000000,0115.249,0004.583,0000.483,0006
 
000345512,000000000,000000000,0115.740,0004.086,0000.241,0006
 
000345536,000000000,000000000,0115.681,0004.343,0000.967,0006
 
000345560,000000000,000000000,0115.694,0004.343,0000.483,0006
 
000345584,000000000,000000000,0115.360,0004.325,0000.481,0007
 
000345608,000000000,000000000,0114.394,0004.545,0000.479,0006
 
000345632,000000000,000000000,0115.119,0004.583,0000.483,0006
 
000345656,000000000,000000000,0115.538,0004.325,0000.241,0166
 
000345680,000000000,000000000,0115.678,0004.103,0000.483,0166
 
000345704,000000000,000000000,0116.626,0004.120,0000.486,0006
 
000345728,000000000,000000000,0115.121,0004.603,0000.243,0006
 
000345752,000000000,000000000,0114.653,0004.307,0000.479,0006
 
000345776,000000000,000000000,0114.745,0004.325,0000.481,0167
 
000345800,000000000,000000000,0114.733,0004.583,0000.483,0007
 
000345824,000000000,000000000,0115.699,0004.068,0000.719,0167
 
000345848,000000000,000000000,0115.829,0004.103,0000.483,0007
 
000345872,000000000,000000000,0114.932,0004.325,0000.481,0167
 
000345896,000000000,000000000,0116.510,0003.846,0000.481,0006
 
000345920,000000000,000000000,0115.703,0004.325,0000.481,0167
 
000345944,000000000,000000000,0115.322,0004.325,0000.241,0167
 
000345968,000000000,000000000,0115.518,0004.307,0000.240,0006
 
000345992,000000000,000000000,0117.090,0004.069,0000.240,0177
 
000346016,000000000,000000000,0116.218,0004.343,0000.483,0178
 
000346040,000000000,000000000,0114.514,0004.564,0000.481,0006
 
000346064,000000000,000000000,0115.517,0004.583,0000.242,0007
 
000346088,000000000,000000000,0115.642,0004.103,0000.242,0006
 
000346112,000000000,000000000,0115.202,0004.361,0000.486,0007
 
