000077974,000000000,000000000,0109.611,-000.358,0029.192,0311
 
000077993,000000000,000000000,0109.968,0000.030,0026.902,0289
 
000078013,000000000,000000000,0109.864,0000.410,0024.698,0321
 
000078033,000000000,000000000,0109.736,0000.742,0022.590,0310
 
000078053,000000000,000000000,0109.595,0001.083,0020.743,0290
 
000078073,000000000,000000000,0109.466,0001.378,0018.996,0289
 
000078093,000000000,000000000,0109.329,0001.629,0017.370,0309
 
000078113,000000000,000000000,0109.199,0001.878,0015.897,0289
 
000078133,000000000,000000000,0109.066,0002.103,0014.550,0309
 
000078153,000000000,000000000,0108.945,0002.310,0013.298,0309
 
000078173,000000000,000000000,0108.849,0002.497,0012.180,0289
 
000078193,000000000,000000000,0108.735,0002.668,0011.141,0309
 
000078213,000000000,000000000,0108.645,0002.819,0010.190,0310
 
000078233,000000000,000000000,0108.560,0002.959,0009.302,0310
 
000078253,000000000,000000000,0108.468,0003.065,0008.519,0320
 
000078273,000000000,000000000,0108.381,0003.203,0007.793,0289
 
000078293,000000000,000000000,0108.309,0003.306,0007.129,0290
 
000078313,000000000,000000000,0108.240,0003.401,0006.523,0290
 
000078333,000000000,000000000,0108.184,0003.486,0005.970,0289
 
000078353,000000000,000000000,0108.137,0003.545,0005.471,0289
 
000078373,000000000,000000000,0108.086,0003.597,0004.982,0314
 
000078393,000000000,000000000,0108.035,0003.664,0004.555,0310
 
000078413,000000000,000000000,0107.998,0003.724,0004.171,0289
 
000078433,000000000,000000000,0107.968,0003.800,0003.822,0314
 
000078453,000000000,000000000,0107.946,0003.828,0003.500,0310
 
000078473,000000000,000000000,0107.931,0003.887,0003.211,0310
 
000078493,000000000,000000000,0107.912,0004.127,0002.941,0320
 
000078513,000000000,000000000,0108.071,0003.661,0002.909,0310
 
000078533,000000000,000000000,0108.232,0003.557,0002.791,0310
 
000078553,000000000,000000000,0108.421,0003.808,0002.565,0289
 
000078573,000000003,000000005,0108.590,0004.169,0001.916,0310
 
000078593,000000010,000000015,0108.780,0004.536,0001.302,0290
 
000078613,000000013,000000019,0108.756,0004.863,0001.393,0290
 
000078633,000000007,000000012,0108.755,0004.959,0001.415,0310
 
000078653,000000002,000000001,0108.733,0004.651,0001.300,0310
 
000078673,000000006,000000001,0108.767,0004.667,0001.179,0321
 
000078693,000000020,000000000,0108.945,0004.448,0000.984,0317
 
000078713,000000022,000000000,0108.955,0004.394,0000.413,0290
 
000078733,000000011,000000000,0109.013,0004.439,0000.958,0320
 
000078753,000000001,000000000,0109.033,0004.434,0000.961,0318
 
000078773,000000000,000000000,0109.026,0004.385,0000.864,0290
 
000078793,000000000,000000000,0109.023,0004.390,0000.811,0320
 
000078813,000000000,000000000,0109.042,0004.347,0000.772,0290
 
000078833,000000000,000000000,0109.144,0004.335,0000.718,0289
 
000078853,000000000,-00000001,0109.295,0004.338,0000.700,0319
 
000078873,000000000,-00000003,0109.523,0004.326,0000.665,0320
 
000078893,000000003,-00000007,0109.818,0004.290,0000.640,0290
 
000078913,000000006,-00000008,0110.104,0004.333,0000.414,0290
 
000078933,000000009,-00000007,0110.415,0004.237,0000.188,0289
 
000078953,000000008,-00000007,0110.618,0004.224,0000.280,0289
 
000078973,000000005,-00000002,0110.720,0004.253,0000.353,0321
 
000078993,000000003,-00000004,0110.897,0004.251,0000.404,0321
 
000079013,000000004,-00000007,0111.145,0004.289,0000.330,0310
 
000079033,000000003,-00000008,0111.361,0004.323,0000.317,0314
 
000079053,000000002,-00000007,0111.456,0004.208,0000.371,0309
 
000079073,000000001,-00000004,0111.482,0004.147,0000.372,0309
 
000079093,000000002,-00000002,0111.496,0004.137,0000.335,0314
 
000079113,000000003,-00000001,0111.517,0004.124,0000.295,0310
 
000079133,000000002,-00000001,0111.551,0004.143,0000.281,0310
 
000079153,000000002,-00000001,0111.589,0004.176,0000.245,0321
 
000079173,000000002,-00000001,0111.599,0004.165,0000.218,0310
 
000079193,000000003,-00000002,0111.622,0004.174,0000.205,0310
 
000079213,000000002,-00000002,0111.631,0004.129,0000.284,0316
 
000079233,000000002,-00000001,0111.652,0004.146,0000.252,0310
 
000079253,000000001,-00000001,0111.656,0004.152,0000.299,0310
 
000079273,000000002,-00000001,0111.663,0004.136,0000.304,0289
 
000079293,000000000,-00000001,0111.676,0004.108,0000.286,0310
 
000079313,000000000,000000000,0111.706,0004.130,0000.296,0289
 
000079333,000000000,000000000,0111.718,0004.129,0000.263,0316
 
000079353,000000000,000000000,0111.745,0004.154,0000.256,0310
 
000079373,000000000,000000000,0111.769,0004.160,0000.226,0289
 
000079393,000000000,000000000,0111.788,0004.153,0000.221,0321
 
000079413,000000000,000000000,0111.813,0004.172,0000.195,0310
 
000079433,000000000,000000000,0111.842,0004.167,0000.192,0289
 
000079453,000000000,000000000,0111.854,0004.136,0000.168,0321
 
000079473,000000000,000000000,0111.872,0004.137,0000.145,0318
 
000079493,000000000,000000000,0111.895,0004.163,0000.124,0289
 
000079513,000000000,000000000,0111.913,0004.181,0000.105,0320
 
000079533,000000000,000000000,0111.937,0004.220,0000.087,0318
 
000079553,000000000,000000000,0111.968,0004.233,0000.113,0289
 
000079573,000000000,000000000,0111.988,0004.239,0000.137,0309
 
000079593,000000000,000000000,0112.014,0004.247,0000.137,0318
 
000079613,000000000,000000000,0112.035,0004.231,0000.115,0290
 
000079633,000000000,000000000,0112.049,0004.217,0000.118,0290
 
000079653,000000000,000000000,0112.077,0004.248,0000.100,0289
 
000079673,000000000,000000000,0112.101,0004.233,0000.125,0290
 
000079693,000000000,000000000,0112.140,0004.219,0000.149,0314
 
000079713,000000000,000000000,0112.141,0004.231,0000.128,0310
 
000079733,000000000,000000000,0112.181,0004.260,0000.130,0310
 
000079753,000000000,000000000,0112.190,0004.244,0000.110,0290
 
000079773,000000000,000000000,0112.210,0004.268,0000.112,0289
 
000079793,000000000,000000000,0112.249,0004.271,0000.114,0290
 
000079813,000000000,000000000,0112.270,0004.251,0000.136,0319
 
000079833,000000000,000000000,0112.299,0004.230,0000.136,0310
 
000079853,000000000,000000000,0112.309,0004.236,0000.155,0310
 
000079873,000000000,000000000,0112.340,0004.219,0000.155,0314
 
000079893,000000000,000000000,0112.358,0004.204,0000.132,0310
 
000079913,000000000,000000000,0112.366,0004.208,0000.113,0310
 
000079933,000000000,000000000,0112.381,0004.214,0000.115,0321
 
000079953,000000000,000000000,0112.398,0004.241,0000.120,0310
 
000079973,000000000,000000000,0112.415,0004.222,0000.103,0310
 
000079993,000000000,000000000,0112.439,0004.249,0000.106,0314
 
000080013,000000000,-00000004,0112.837,0004.262,0000.136,0310
 
000080033,-00000001,-00000013,0113.173,0004.224,0000.113,0289
 
000080053,-00000004,-00000015,0113.431,0004.138,0000.130,0290
 
000080073,-00000002,-00000016,0113.637,0004.276,0000.163,0290
 
000080093,-00000002,-00000025,0113.807,0004.415,0000.178,0289
 
000080113,-00000004,-00000025,0113.913,0004.541,0000.185,0290
 
000080133,-00000004,-00000025,0113.896,0004.550,0000.223,0310
 
000080153,-00000006,-00000032,0113.848,0004.562,0000.191,0289
 
000080173,-00000008,-00000049,0113.824,0004.651,0000.230,0290
 
000080193,-00000007,-00000049,0113.746,0004.722,0000.253,0310
 
000080213,-00000013,-00000049,0113.691,0004.721,0000.265,0290
 
000080233,-00000008,-00000049,0113.734,0004.719,0000.386,0314
 
000080253,-00000013,-00000049,0113.704,0004.942,0000.454,0310
 
000080273,-00000008,-00000045,0113.630,0004.755,0000.428,0290
 
000080293,-00000007,-00000049,0113.490,0004.782,0000.353,0289
 
000080313,-00000007,-00000049,0113.332,0004.736,0000.283,0310
 
000080333,-00000007,-00000049,0113.032,0004.703,0000.256,0289
 
000080353,-00000004,-00000043,0112.784,0004.715,0000.146,0289
 
000080373,-00000003,-00000049,0112.593,0004.724,0000.176,0310
 
000080393,-00000002,-00000049,0112.402,0004.532,0000.188,0290
 
000080413,-00000001,-00000049,0112.261,0004.400,0000.157,0290
 
000080433,-00000001,-00000049,0112.296,0004.348,0000.128,0290
 
000080453,-00000001,-00000049,0112.317,0004.147,0000.082,0290
 
000080473,-00000002,-00000043,0112.351,0004.194,0000.129,0314
 
000080493,-00000001,-00000044,0112.436,0004.264,0000.227,0310
 
000080513,-00000002,-00000049,0112.463,0004.353,0000.289,0290
 
000080533,-00000002,-00000050,0112.429,0004.360,0000.342,0290
 
000080553,-00000001,-00000053,0112.423,0004.414,0000.349,0312
 
000080573,-00000002,-00000055,0112.364,0004.425,0000.330,0289
 
000080593,-00000001,-00000059,0112.178,0004.395,0000.209,0314
 
000080613,000000000,-00000058,0112.010,0004.492,0000.251,0310
 
000080633,000000000,-00000061,0111.888,0004.513,0000.263,0310
 
000080653,000000000,-00000062,0111.687,0004.353,0000.304,0309
 
000080673,000000001,-00000062,0111.559,0004.470,0000.306,0310
 
000080693,000000001,-00000062,0111.469,0004.461,0000.306,0310
 
000080713,000000001,-00000061,0111.390,0004.424,0000.291,0314
 
000080733,000000002,-00000061,0111.313,0004.560,0000.251,0310
 
000080753,000000002,-00000060,0111.255,0004.513,0000.328,0310
 
000080773,000000002,-00000060,0111.173,0004.512,0000.289,0290
 
000080793,000000001,-00000059,0111.109,0004.518,0000.298,0310
 
000080813,000000000,-00000059,0111.136,0004.463,0000.351,0310
 
000080833,000000000,-00000058,0111.151,0004.531,0000.356,0290
 
000080853,-00000002,-00000059,0111.159,0004.357,0000.341,0310
 
000080873,-00000002,-00000057,0111.185,0004.434,0000.327,0289
 
000080893,-00000002,-00000054,0111.186,0004.456,0000.313,0310
 
000080913,-00000001,-00000053,0111.185,0004.480,0000.257,0310
 
000080933,-00000001,-00000056,0111.247,0004.504,0000.256,0289
 
000080953,-00000001,-00000058,0111.285,0004.496,0000.274,0321
 
000080973,-00000001,-00000056,0111.258,0004.468,0000.310,0310
 
000080993,-00000001,-00000054,0111.259,0004.321,0000.321,0289
 
000081013,-00000002,-00000054,0111.299,0004.314,0000.310,0320
 
000081033,-00000003,-00000053,0111.319,0004.300,0000.358,0289
 
000081053,-00000002,-00000053,0111.371,0004.216,0000.368,0290
 
000081073,-00000002,-00000049,0111.410,0004.153,0000.398,0289
 
000081093,-00000002,-00000049,0111.437,0004.090,0000.360,0310
 
000081113,-00000001,-00000049,0111.421,0004.063,0000.343,0289
 
000081133,000000000,-00000045,0111.391,0004.146,0000.310,0309
 
000081153,000000000,-00000049,0111.395,0004.246,0000.276,0290
 
000081173,000000000,-00000049,0111.333,0004.333,0000.221,0289
 
000081193,000000000,-00000046,0111.299,0004.350,0000.214,0312
 
000081213,000000000,-00000049,0111.236,0004.339,0000.167,0310
 
000081233,000000000,-00000051,0111.152,0004.375,0000.076,0289
 
000081253,000000000,-00000054,0111.106,0004.307,0000.125,0314
 
000081273,000000000,-00000054,0111.115,0004.434,0000.191,0310
 
000081293,000000000,-00000054,0111.032,0004.464,0000.186,0290
 
000081313,-00000002,-00000052,0110.964,0004.388,0000.204,0319
 
000081333,-00000002,-00000052,0110.982,0004.319,0000.178,0310
 
000081353,-00000001,-00000049,0110.912,0004.113,0000.173,0310
 
000081373,-00000001,-00000049,0110.952,0004.090,0000.244,0314
 
000081393,-00000004,-00000049,0111.047,0004.036,0000.241,0309
 
000081413,-00000004,-00000049,0111.126,0003.940,0000.322,0310
 
000081433,-00000003,-00000049,0111.151,0003.922,0000.314,0316
 
000081453,-00000004,-00000037,0111.194,0003.932,0000.328,0310
 
000081473,-00000003,-00000049,0111.219,0003.857,0000.318,0290
 
000081493,-00000004,-00000029,0111.217,0003.763,0000.352,0314
 
000081513,-00000001,-00000025,0111.247,0003.720,0000.318,0289
 
000081533,-00000002,-00000025,0111.244,0003.684,0000.286,0310
 
000081553,-00000001,-00000025,0111.253,0003.651,0000.256,0314
 
000081573,000000000,-00000016,0111.253,0003.600,0000.251,0310
 
000081593,000000000,-00000013,0111.253,0003.551,0000.289,0310
 
000081613,000000000,-00000013,0111.272,0003.553,0000.279,0290
 
000081633,000000000,-00000013,0111.290,0003.657,0000.294,0310
 
000081653,000000000,-00000013,0111.305,0003.754,0000.266,0289
 
000081673,000000000,-00000013,0111.294,0003.799,0000.259,0290
 
000081693,000000000,-00000013,0111.268,0003.819,0000.252,0310
 
000081713,-00000002,-00000013,0111.239,0003.878,0000.310,0289
 
000081733,-00000002,-00000016,0111.230,0003.932,0000.322,0290
 
000081753,-00000002,-00000025,0111.237,0003.982,0000.311,0310
 
000081773,-00000002,-00000025,0111.226,0003.983,0000.300,0289
 
000081793,-00000002,-00000025,0111.249,0004.005,0000.314,0310
 
000081813,-00000002,-00000025,0111.268,0004.050,0000.326,0315
 
000081833,-00000001,-00000016,0111.292,0004.003,0000.314,0290
 
000081853,-00000002,-00000015,0111.291,0003.984,0000.323,0290
 
000081873,-00000002,-00000014,0111.290,0003.990,0000.313,0310
 
000081893,-00000001,-00000013,0111.283,0003.929,0000.280,0289
 
000081913,000000000,-00000013,0111.283,0003.878,0000.232,0309
 
000081933,-00000001,-00000008,0111.290,0003.915,0000.230,0309
 
000081953,-00000001,-00000007,0111.282,0003.898,0000.228,0290
 
000081973,-00000001,-00000007,0111.280,0003.929,0000.224,0309
 
000081993,-00000001,-00000013,0111.231,0003.979,0000.198,0289
 
000082013,000000000,-00000013,0111.189,0004.005,0000.175,0310
 
000082033,-00000001,-00000008,0111.152,0004.005,0000.196,0321
 
000082053,000000000,-00000007,0111.125,0003.987,0000.194,0289
 
000082073,000000000,-00000004,0111.123,0003.965,0000.194,0289
 
000082093,000000000,-00000002,0111.143,0003.950,0000.218,0314
 
000082113,000000000,000000000,0111.147,0003.961,0000.214,0321
 
000082133,000000000,000000000,0111.139,0003.967,0000.214,0290
 
000082153,000000000,000000000,0111.139,0004.018,0000.192,0314
 
000082173,000000000,000000000,0111.144,0004.039,0000.191,0310
 
000082193,000000000,000000000,0111.143,0004.034,0000.212,0289
 
000082213,000000000,000000000,0111.139,0004.032,0000.209,0289
 
000082233,000000000,000000000,0111.128,0004.101,0000.188,0310
 
000082253,000000000,000000000,0111.132,0004.097,0000.191,0310
 
000082273,000000000,000000000,0111.123,0004.135,0000.171,0289
 
000082293,000000000,000000000,0111.128,0004.146,0000.193,0310
 
000082313,000000000,000000000,0111.127,0004.133,0000.172,0310
 
000082333,000000000,000000000,0111.119,0004.148,0000.154,0290
 
000082353,000000000,000000000,0111.112,0004.156,0000.158,0310
 
000082373,000000000,000000000,0111.102,0004.185,0000.141,0289
 
000082393,000000000,000000000,0111.111,0004.193,0000.148,0289
 
000082413,000000000,000000000,0111.121,0004.177,0000.153,0310
 
000082433,000000000,000000000,0111.130,0004.184,0000.140,0289
 
000082453,000000000,000000000,0111.131,0004.192,0000.146,0321
 
000082473,000000000,000000000,0111.132,0004.200,0000.172,0318
 
000082493,000000000,000000000,0111.128,0004.206,0000.175,0289
 
000082513,000000000,000000000,0111.125,0004.214,0000.157,0320
 
000082533,000000000,000000000,0111.121,0004.218,0000.138,0310
 
000082553,000000000,000000000,0111.103,0004.199,0000.142,0289
 
000082573,000000000,000000000,0111.115,0004.182,0000.126,0320
 
000082593,000000000,000000000,0111.109,0004.191,0000.153,0320
 
000082613,000000000,000000000,0111.105,0004.177,0000.136,0289
 
000082633,000000000,000000000,0111.116,0004.208,0000.123,0320
 
000082653,000000000,000000000,0111.116,0004.212,0000.107,0289
 
000082673,000000000,000000000,0111.123,0004.216,0000.095,0289
 
000082693,000000000,000000000,0111.124,0004.220,0000.105,0320
 
000082713,000000000,000000000,0111.134,0004.222,0000.157,0320
 
000082733,000000000,000000000,0111.133,0004.228,0000.161,0290
 
000082753,000000000,000000000,0111.151,0004.256,0000.163,0290
 
000082773,000000000,000000000,0111.154,0004.258,0000.146,0310
 
000082793,000000000,000000000,0111.166,0004.259,0000.173,0310
 
000082813,000000000,000000000,0111.164,0004.259,0000.176,0310
 
000082833,000000000,000000000,0111.158,0004.258,0000.178,0289
 
000082853,000000000,000000000,0111.164,0004.261,0000.180,0310
 
