002719328,-00000043,000000051,0000.000,0000.000,0000.000,
 
002719348,000000000,000000000,0000.000,0000.000,0000.000,
 
002719368,000000000,000000000,0000.000,0000.000,0000.000,
 
002719388,000000000,000000000,0000.000,0000.000,0000.000,
 
002719408,000000000,000000000,0000.000,0000.000,0000.000,
 
002719428,000000000,000000000,0000.000,0000.000,0000.000,
 
002719448,000000000,000000000,0000.000,0000.000,0000.000,
 
002719468,000000000,000000000,0000.000,0000.000,0000.000,
 
002719488,000000000,000000000,0000.000,0000.000,0000.000,
 
002719508,000000000,000000000,0000.000,0000.000,0000.000,
 
002719528,000000000,000000000,0000.000,0000.000,0000.000,
 
002719548,000000000,000000000,0000.000,0000.000,0000.000,
 
002719568,000000000,000000000,0000.000,0000.000,0000.000,
 
002719588,000000000,000000000,0000.000,0000.000,0000.000,
 
002719608,000000000,000000000,0000.000,0000.000,0000.000,
 
002719628,000000000,000000000,0000.000,0000.000,0000.000,
 
002719648,000000000,000000000,0000.000,0000.000,0000.000,
 
002719668,000000000,000000000,0000.000,0000.000,0000.000,
 
002719688,000000000,000000000,0000.000,0000.000,0000.000,
 
002719708,000000000,000000000,0000.000,0000.000,0000.000,
 
002719728,000000000,000000000,0000.000,0000.000,0000.000,
 
002719748,000000000,000000000,0000.000,0000.000,0000.000,
 
002719768,000000000,000000000,0000.000,0000.000,0000.000,
 
002719788,000000000,000000000,0000.000,0000.000,0000.000,
 
002719808,000000000,000000000,0000.000,0000.000,0000.000,
 
002719828,000000000,000000000,0000.000,0000.000,0000.000,
 
002719848,000000000,000000000,0000.000,0000.000,0000.000,
 
002719868,000000000,000000000,0000.000,0000.000,0000.000,
 
002719888,000000000,000000000,0000.000,0000.000,0000.000,
 
002719908,000000000,000000000,0000.000,0000.000,0000.000,
 
002719928,000000000,000000000,0000.000,0000.000,0000.000,
 
002719948,000000000,000000000,0000.000,0000.000,0000.000,
 
002719968,000000000,000000000,0000.000,0000.000,0000.000,
 
002719988,000000000,000000000,0000.000,0000.000,0000.000,
 
002720008,000000000,000000000,0000.000,0000.000,0000.000,
 
002720028,000000000,000000000,0000.000,0000.000,0000.000,
 
002720048,000000000,000000000,0000.000,0000.000,0000.000,
 
002720068,000000000,000000000,0000.000,0000.000,0000.000,
 
002720088,000000000,000000000,0000.000,0000.000,0000.000,
 
002720108,000000000,000000000,0000.000,0000.000,0000.000,
 
002720128,000000000,000000000,0000.000,0000.000,0000.000,
 
002720148,000000000,000000000,0000.000,0000.000,0000.000,
 
002720168,000000000,000000000,0000.000,0000.000,0000.000,
 
002720188,000000000,000000000,0000.000,0000.000,0000.000,
 
002720208,000000000,000000000,0000.000,0000.000,0000.000,
 
002720228,000000000,000000000,0000.000,0000.000,0000.000,
 
002720248,000000000,000000000,0000.000,0000.000,0000.000,
 
002720268,000000000,000000000,0000.000,0000.000,0000.000,
 
002720288,000000000,000000000,0000.000,0000.000,0000.000,
 
002720308,000000000,000000000,0000.000,0000.000,0000.000,
 
002720328,000000000,000000000,0000.000,0000.000,0000.000,
 
002720348,000000000,000000000,0000.000,0000.000,0000.000,
 
002720368,000000000,000000000,0000.000,0000.000,0000.000,
 
002720388,000000000,000000000,0000.000,0000.000,0000.000,
 
002720408,000000000,000000000,0000.000,0000.000,0000.000,
 
002720428,000000000,000000000,0000.000,0000.000,0000.000,
 
002720448,000000000,000000000,0000.000,0000.000,0000.000,
 
002720468,000000000,000000000,0000.000,0000.000,0000.000,
 
002720488,000000000,000000000,0000.000,0000.000,0000.000,
 
002720508,000000000,000000000,0000.000,0000.000,0000.000,
 
002720528,000000000,000000000,0000.000,0000.000,0000.000,
 
002720548,000000000,000000000,0000.000,0000.000,0000.000,
 
002720568,000000000,000000000,0000.000,0000.000,0000.000,
 
002720588,000000000,000000000,0000.000,0000.000,0000.000,
 
002720608,000000000,000000000,0000.000,0000.000,0000.000,
 
002720628,000000000,000000000,0000.000,0000.000,0000.000,
 
002720648,000000000,000000000,0000.000,0000.000,0000.000,
 
002720668,000000000,000000000,0000.000,0000.000,0000.000,
 
002720688,000000000,000000000,0000.000,0000.000,0000.000,
 
002720708,000000000,000000000,0000.000,0000.000,0000.000,
 
002720728,000000000,000000000,0000.000,0000.000,0000.000,
 
002720748,000000000,000000000,0000.000,0000.000,0000.000,
 
002720768,000000000,000000000,0000.000,0000.000,0000.000,
 
002720788,000000000,000000000,0000.000,0000.000,0000.000,
 
002720808,000000000,000000000,0000.000,0000.000,0000.000,
 
002720828,000000000,000000000,0000.000,0000.000,0000.000,
 
002720848,000000000,000000000,0000.000,0000.000,0000.000,
 
002720868,000000000,000000000,0000.000,0000.000,0000.000,
 
002720888,000000000,000000000,0000.000,0000.000,0000.000,
 
002720908,000000000,000000000,0000.000,0000.000,0000.000,
 
002720928,000000000,000000000,0000.000,0000.000,0000.000,
 
002720948,000000000,000000000,0000.000,0000.000,0000.000,
 
002720968,000000000,000000000,0000.000,0000.000,0000.000,
 
002720988,000000000,000000000,0000.000,0000.000,0000.000,
 
002721008,000000000,000000000,0000.000,0000.000,0000.000,
 
002721028,000000000,000000000,0000.000,0000.000,0000.000,
 
002721048,000000000,000000000,0000.000,0000.000,0000.000,
 
002721068,000000000,000000000,0000.000,0000.000,0000.000,
 
002721088,000000000,000000000,0000.000,0000.000,0000.000,
 
002721108,000000000,000000000,0000.000,0000.000,0000.000,
 
002721128,000000000,000000000,0000.000,0000.000,0000.000,
 
002721148,000000000,000000000,0000.000,0000.000,0000.000,
 
002721168,000000000,000000000,0000.000,0000.000,0000.000,
 
002721188,000000000,000000000,0000.000,0000.000,0000.000,
 
002721208,000000000,000000000,0000.000,0000.000,0000.000,
 
002721228,000000000,000000000,0000.000,0000.000,0000.000,
 
002721248,000000000,000000000,0000.000,0000.000,0000.000,
 
002721268,000000000,000000000,0000.000,0000.000,0000.000,
 
002721288,000000000,000000000,0000.000,0000.000,0000.000,
 
002721308,000000000,000000000,0000.000,0000.000,0000.000,
 
002721328,000000000,000000000,0000.000,0000.000,0000.000,
 
002721348,000000000,-00000001,0000.000,0000.000,0000.000,
 
002721368,000000000,-00000004,0000.000,0000.000,0000.000,
 
002721388,000000000,-00000007,0000.000,0000.000,0000.000,
 
002721408,000000000,-00000002,0000.000,0000.000,0000.000,
 
002721428,000000000,000000000,0000.000,0000.000,0000.000,
 
002721448,000000000,000000000,0000.000,0000.000,0000.000,
 
002721468,000000000,000000000,0000.000,0000.000,0000.000,
 
002721488,000000000,000000000,0000.000,0000.000,0000.000,
 
002721508,000000000,000000000,0000.000,0000.000,0000.000,
 
002721528,000000000,000000000,0000.000,0000.000,0000.000,
 
002721548,000000000,000000000,0000.000,0000.000,0000.000,
 
002721568,000000000,000000000,0000.000,0000.000,0000.000,
 
002721588,000000000,000000000,0000.000,0000.000,0000.000,
 
002721608,000000000,000000000,0000.000,0000.000,0000.000,
 
002721628,000000000,000000000,0000.000,0000.000,0000.000,
 
002721648,000000000,000000000,0000.000,0000.000,0000.000,
 
002721668,000000000,000000000,0000.000,0000.000,0000.000,
 
002721688,000000000,000000000,0000.000,0000.000,0000.000,
 
002721708,000000000,-00000001,0000.000,0000.000,0000.000,
 
002721728,000000000,-00000007,0000.000,0000.000,0000.000,
 
002721748,-00000003,-00000008,0000.000,0000.000,0000.000,
 
002721768,-00000004,-00000009,0000.000,0000.000,0000.000,
 
002721788,-00000004,-00000009,0000.000,0000.000,0000.000,
 
002721808,-00000004,-00000012,0000.000,0000.000,0000.000,
 
002721828,-00000007,-00000015,0000.000,0000.000,0000.000,
 
002721848,-00000004,-00000025,0000.000,0000.000,0000.000,
 
002721868,-00000003,-00000016,0000.000,0000.000,0000.000,
 
002721888,-00000004,-00000016,0000.000,0000.000,0000.000,
 
002721908,-00000003,-00000025,0000.000,0000.000,0000.000,
 
002721928,-00000003,-00000015,0000.000,0000.000,0000.000,
 
002721948,-00000003,-00000015,0000.000,0000.000,0000.000,
 
002721968,-00000003,-00000015,0000.000,0000.000,0000.000,
 
002721988,-00000002,-00000014,0000.000,0000.000,0000.000,
 
002722008,-00000002,-00000013,0000.000,0000.000,0000.000,
 
002722028,-00000001,-00000013,0000.000,0000.000,0000.000,
 
002722048,-00000001,-00000008,0000.000,0000.000,0000.000,
 
002722068,-00000001,-00000013,0000.000,0000.000,0000.000,
 
002722088,000000000,-00000013,0000.000,0000.000,0000.000,
 
002722108,000000000,-00000015,0000.000,0000.000,0000.000,
 
002722128,-00000001,-00000015,0000.000,0000.000,0000.000,
 
002722148,000000000,-00000025,0000.000,0000.000,0000.000,
 
002722168,-00000001,-00000025,0000.000,0000.000,0000.000,
 
002722188,-00000001,-00000016,0000.000,0000.000,0000.000,
 
002722208,000000000,-00000025,0000.000,0000.000,0000.000,
 
002722228,000000000,-00000025,0000.000,0000.000,0000.000,
 
002722248,000000000,-00000025,0000.000,0000.000,0000.000,
 
002722268,000000000,-00000025,0000.000,0000.000,0000.000,
 
002722288,-00000001,-00000025,0000.000,0000.000,0000.000,
 
002722308,-00000001,-00000025,0000.000,0000.000,0000.000,
 
002722328,000000000,-00000021,0000.000,0000.000,0000.000,
 
002722348,000000000,-00000021,0000.000,0000.000,0000.000,
 
002722368,000000000,-00000024,0000.000,0000.000,0000.000,
 
002722388,000000000,-00000025,0000.000,0000.000,0000.000,
 
002722408,000000000,-00000028,0000.000,0000.000,0000.000,
 
002722428,000000000,-00000030,0000.000,0000.000,0000.000,
 
002722448,000000000,-00000032,0000.000,0000.000,0000.000,
 
002722468,000000000,-00000034,0000.000,0000.000,0000.000,
 
002722488,000000000,-00000036,0000.000,0000.000,0000.000,
 
002722508,000000001,-00000036,0000.000,0000.000,0000.000,
 
002722528,000000002,-00000049,0000.000,0000.000,0000.000,
 
002722548,000000004,-00000049,0000.000,0000.000,0000.000,
 
002722568,000000003,-00000049,0000.000,0000.000,0000.000,
 
002722588,000000002,-00000037,0000.000,0000.000,0000.000,
 
002722608,000000001,-00000039,0000.000,0000.000,0000.000,
 
002722628,000000002,-00000038,0000.000,0000.000,0000.000,
 
002722648,000000002,-00000037,0000.000,0000.000,0000.000,
 
002722668,000000002,-00000034,0000.000,0000.000,0000.000,
 
002722688,000000000,-00000033,0000.000,0000.000,0000.000,
 
002722708,000000000,-00000032,0000.000,0000.000,0000.000,
 
002722728,000000000,-00000031,0000.000,0000.000,0000.000,
 
002722748,000000000,-00000029,0000.000,0000.000,0000.000,
 
002722768,-00000001,-00000029,0000.000,0000.000,0000.000,
 
002722788,000000001,-00000031,0000.000,0000.000,0000.000,
 
002722808,000000002,-00000032,0000.000,0000.000,0000.000,
 
002722828,000000002,-00000030,0000.000,0000.000,0000.000,
 
002722848,000000001,-00000030,0000.000,0000.000,0000.000,
 
002722868,000000001,-00000030,0000.000,0000.000,0000.000,
 
002722888,000000002,-00000031,0000.000,0000.000,0000.000,
 
002722908,000000001,-00000029,0000.000,0000.000,0000.000,
 
002722928,000000000,-00000028,0000.000,0000.000,0000.000,
 
002722948,000000000,-00000027,0000.000,0000.000,0000.000,
 
002722968,000000001,-00000026,0000.000,0000.000,0000.000,
 
002722988,000000001,-00000027,0000.000,0000.000,0000.000,
 
002723008,000000001,-00000026,0000.000,0000.000,0000.000,
 
002723028,000000001,-00000027,0000.000,0000.000,0000.000,
 
002723048,000000001,-00000030,0000.000,0000.000,0000.000,
 
002723068,000000001,-00000032,0000.000,0000.000,0000.000,
 
002723088,000000001,-00000036,0000.000,0000.000,0000.000,
 
002723108,000000000,-00000037,0000.000,0000.000,0000.000,
 
002723128,000000001,-00000038,0000.000,0000.000,0000.000,
 
002723148,000000001,-00000049,0000.000,0000.000,0000.000,
 
002723168,000000001,-00000049,0000.000,0000.000,0000.000,
 
002723188,000000000,-00000039,0000.000,0000.000,0000.000,
 
002723208,000000000,-00000041,0000.000,0000.000,0000.000,
 
002723228,-00000001,-00000040,0000.000,0000.000,0000.000,
 
002723248,-00000001,-00000041,0000.000,0000.000,0000.000,
 
002723268,000000000,-00000049,0000.000,0000.000,0000.000,
 
002723288,000000000,-00000043,0000.000,0000.000,0000.000,
 
002723308,000000000,-00000045,0000.000,0000.000,0000.000,
 
002723328,000000000,-00000046,0000.000,0000.000,0000.000,
 
002723348,000000002,-00000049,0000.000,0000.000,0000.000,
 
002723368,000000002,-00000049,0000.000,0000.000,0000.000,
 
002723388,000000001,-00000045,0000.000,0000.000,0000.000,
 
002723408,000000000,-00000046,0000.000,0000.000,0000.000,
 
002723428,000000001,-00000045,0000.000,0000.000,0000.000,
 
002723448,000000002,-00000049,0000.000,0000.000,0000.000,
 
002723468,000000001,-00000049,0000.000,0000.000,0000.000,
 
002723488,000000000,-00000044,0000.000,0000.000,0000.000,
 
002723508,000000000,-00000043,0000.000,0000.000,0000.000,
 
002723528,000000000,-00000043,0000.000,0000.000,0000.000,
 
002723548,000000000,-00000049,0000.000,0000.000,0000.000,
 
002723568,000000000,-00000049,0000.000,0000.000,0000.000,
 
002723588,000000000,-00000042,0000.000,0000.000,0000.000,
 
002723608,000000000,-00000041,0000.000,0000.000,0000.000,
 
002723628,-00000001,-00000041,0000.000,0000.000,0000.000,
 
002723648,000000000,-00000049,0000.000,0000.000,0000.000,
 
002723668,000000000,-00000049,0000.000,0000.000,0000.000,
 
002723688,000000000,-00000041,0000.000,0000.000,0000.000,
 
002723708,-00000001,-00000044,0000.000,0000.000,0000.000,
 
002723728,-00000001,-00000044,0000.000,0000.000,0000.000,
 
002723748,000000000,-00000049,0000.000,0000.000,0000.000,
 
002723768,000000000,-00000046,0000.000,0000.000,0000.000,
 
002723788,000000000,-00000048,0000.000,0000.000,0000.000,
 
002723808,000000001,-00000050,0000.000,0000.000,0000.000,
 
002723828,000000001,-00000053,0000.000,0000.000,0000.000,
 
002723848,000000003,-00000055,0000.000,0000.000,0000.000,
 
002723868,000000002,-00000056,0000.000,0000.000,0000.000,
 
002723888,000000001,-00000054,0000.000,0000.000,0000.000,
 
002723908,000000001,-00000054,0000.000,0000.000,0000.000,
 
002723928,000000001,-00000056,0000.000,0000.000,0000.000,
 
002723948,000000001,-00000057,0000.000,0000.000,0000.000,
 
002723968,000000002,-00000056,0000.000,0000.000,0000.000,
 
002723988,000000003,-00000055,0000.000,0000.000,0000.000,
 
002724008,000000002,-00000055,0000.000,0000.000,0000.000,
 
002724028,000000002,-00000055,0000.000,0000.000,0000.000,
 
002724048,000000002,-00000053,0000.000,0000.000,0000.000,
 
002724068,000000002,-00000050,0000.000,0000.000,0000.000,
 
002724088,000000003,-00000049,0000.000,0000.000,0000.000,
 
002724108,000000004,-00000049,0000.000,0000.000,0000.000,
 
002724128,000000003,-00000047,0000.000,0000.000,0000.000,
 
002724148,000000004,-00000045,0000.000,0000.000,0000.000,
 
002724168,000000002,-00000049,0000.000,0000.000,0000.000,
 
002724188,000000004,-00000042,0000.000,0000.000,0000.000,
 
002724208,000000003,-00000041,0000.000,0000.000,0000.000,
 
002724228,000000003,-00000037,0000.000,0000.000,0000.000,
 
002724248,000000002,-00000049,0000.000,0000.000,0000.000,
 
002724268,000000002,-00000036,0000.000,0000.000,0000.000,
 
002724288,000000002,-00000034,0000.000,0000.000,0000.000,
 
002724308,000000001,-00000031,0000.000,0000.000,0000.000,
 
002724328,000000001,-00000028,0000.000,0000.000,0000.000,
 
002724348,000000002,-00000027,0000.000,0000.000,0000.000,
 
002724368,000000003,-00000026,0000.000,0000.000,0000.000,
 
002724388,000000001,-00000027,0000.000,0000.000,0000.000,
 
002724408,000000001,-00000027,0000.000,0000.000,0000.000,
 
002724428,000000002,-00000031,0000.000,0000.000,0000.000,
 
002724448,000000001,-00000032,0000.000,0000.000,0000.000,
 
002724468,000000002,-00000049,0000.000,0000.000,0000.000,
 
002724488,000000001,-00000036,0000.000,0000.000,0000.000,
 
002724508,000000000,-00000036,0000.000,0000.000,0000.000,
 
002724528,000000000,-00000037,0000.000,0000.000,0000.000,
 
002724548,000000001,-00000049,0000.000,0000.000,0000.000,
 
002724568,000000000,-00000035,0000.000,0000.000,0000.000,
 
002724588,000000001,-00000036,0000.000,0000.000,0000.000,
 
002724608,000000001,-00000049,0000.000,0000.000,0000.000,
 
002724628,000000000,-00000036,0000.000,0000.000,0000.000,
 
002724648,-00000001,-00000034,0000.000,0000.000,0000.000,
 
002724668,-00000001,-00000049,0000.000,0000.000,0000.000,
 
002724688,-00000001,-00000032,0000.000,0000.000,0000.000,
 
002724708,-00000002,-00000032,0000.000,0000.000,0000.000,
 
002724728,-00000002,-00000031,0000.000,0000.000,0000.000,
 
002724748,-00000002,-00000049,0000.000,0000.000,0000.000,
 
002724768,000000000,-00000033,0000.000,0000.000,0000.000,
 
002724788,000000000,-00000032,0000.000,0000.000,0000.000,
 
002724808,000000000,-00000032,0000.000,0000.000,0000.000,
 
002724828,000000000,-00000033,0000.000,0000.000,0000.000,
 
002724848,-00000001,-00000036,0000.000,0000.000,0000.000,
 
002724868,000000000,-00000037,0000.000,0000.000,0000.000,
 
002724888,-00000001,-00000049,0000.000,0000.000,0000.000,
 
002724908,-00000001,-00000037,0000.000,0000.000,0000.000,
 
002724928,000000000,-00000039,0000.000,0000.000,0000.000,
 
002724948,000000000,-00000049,0000.000,0000.000,0000.000,
 
002724968,000000000,-00000039,0000.000,0000.000,0000.000,
 
002724988,000000002,-00000038,0000.000,0000.000,0000.000,
 
002725008,000000000,-00000049,0000.000,0000.000,0000.000,
 
002725028,000000000,-00000041,0000.000,0000.000,0000.000,
 
002725048,-00000001,-00000043,0000.000,0000.000,0000.000,
 
002725068,-00000001,-00000049,0000.000,0000.000,0000.000,
 
002725088,-00000001,-00000045,0000.000,0000.000,0000.000,
 
002725108,-00000001,-00000045,0000.000,0000.000,0000.000,
 
002725128,000000000,-00000049,0000.000,0000.000,0000.000,
 
002725148,000000000,-00000046,0000.000,0000.000,0000.000,
 
002725168,000000000,-00000046,0000.000,0000.000,0000.000,
 
002725188,000000002,-00000049,0000.000,0000.000,0000.000,
 
002725208,000000003,-00000043,0000.000,0000.000,0000.000,
 
002725228,000000003,-00000039,0000.000,0000.000,0000.000,
 
002725248,000000002,-00000049,0000.000,0000.000,0000.000,
 
002725268,000000003,-00000034,0000.000,0000.000,0000.000,
 
002725288,000000002,-00000033,0000.000,0000.000,0000.000,
 
002725308,000000001,-00000049,0000.000,0000.000,0000.000,
 
002725328,000000002,-00000033,0000.000,0000.000,0000.000,
 
002725348,000000001,-00000031,0000.000,0000.000,0000.000,
 
002725368,000000000,-00000030,0000.000,0000.000,0000.000,
 
002725388,000000000,-00000029,0000.000,0000.000,0000.000,
 
002725408,000000001,-00000029,0000.000,0000.000,0000.000,
 
002725428,000000000,-00000030,0000.000,0000.000,0000.000,
 
002725448,-00000001,-00000031,0000.000,0000.000,0000.000,
 
002725468,-00000001,-00000030,0000.000,0000.000,0000.000,
 
002725488,000000000,-00000031,0000.000,0000.000,0000.000,
 
002725508,000000000,-00000031,0000.000,0000.000,0000.000,
 
002725528,000000001,-00000030,0000.000,0000.000,0000.000,
 
002725548,000000000,-00000029,0000.000,0000.000,0000.000,
 
002725568,000000001,-00000031,0000.000,0000.000,0000.000,
 
002725588,000000001,-00000032,0000.000,0000.000,0000.000,
 
002725608,000000000,-00000033,0000.000,0000.000,0000.000,
 
002725628,000000000,-00000032,0000.000,0000.000,0000.000,
 
002725648,000000000,-00000030,0000.000,0000.000,0000.000,
 
002725668,000000001,-00000028,0000.000,0000.000,0000.000,
 
002725688,000000000,-00000029,0000.000,0000.000,0000.000,
 
002725708,000000000,-00000030,0000.000,0000.000,0000.000,
 
002725728,000000001,-00000032,0000.000,0000.000,0000.000,
 
002725748,000000002,-00000032,0000.000,0000.000,0000.000,
 
002725768,000000000,-00000049,0000.000,0000.000,0000.000,
 
002725788,000000000,-00000031,0000.000,0000.000,0000.000,
 
002725808,000000000,-00000029,0000.000,0000.000,0000.000,
 
002725828,000000001,-00000029,0000.000,0000.000,0000.000,
 
002725848,000000000,-00000027,0000.000,0000.000,0000.000,
 
002725868,000000000,-00000025,0000.000,0000.000,0000.000,
 
002725888,000000000,-00000024,0000.000,0000.000,0000.000,
 
002725908,000000000,-00000024,0000.000,0000.000,0000.000,
 
002725928,-00000001,-00000025,0000.000,0000.000,0000.000,
 
002725948,-00000001,-00000022,0000.000,0000.000,0000.000,
 
002725968,000000000,-00000025,0000.000,0000.000,0000.000,
 
002725988,-00000001,-00000025,0000.000,0000.000,0000.000,
 
002726008,000000000,-00000022,0000.000,0000.000,0000.000,
 
002726028,000000000,-00000025,0000.000,0000.000,0000.000,
 
002726048,000000000,-00000021,0000.000,0000.000,0000.000,
 
002726068,000000000,-00000025,0000.000,0000.000,0000.000,
 
002726088,000000000,-00000025,0000.000,0000.000,0000.000,
 
002726108,000000000,-00000020,0000.000,0000.000,0000.000,
 
002726128,000000000,-00000025,0000.000,0000.000,0000.000,
 
002726148,-00000002,-00000021,0000.000,0000.000,0000.000,
 
002726168,000000000,-00000025,0000.000,0000.000,0000.000,
 
002726188,000000000,-00000019,0000.000,0000.000,0000.000,
 
002726208,000000000,-00000017,0000.000,0000.000,0000.000,
 
002726228,-00000001,-00000016,0000.000,0000.000,0000.000,
 
002726248,-00000001,-00000013,0000.000,0000.000,0000.000,
 
002726268,-00000001,-00000013,0000.000,0000.000,0000.000,
 
002726288,-00000001,-00000011,0000.000,0000.000,0000.000,
 
002726308,-00000001,-00000013,0000.000,0000.000,0000.000,
 
002726328,-00000001,-00000013,0000.000,0000.000,0000.000,
 
002726348,-00000001,-00000010,0000.000,0000.000,0000.000,
 
002726368,-00000001,-00000013,0000.000,0000.000,0000.000,
 
002726388,-00000001,-00000012,0000.000,0000.000,0000.000,
 
002726408,-00000001,-00000013,0000.000,0000.000,0000.000,
 
002726428,-00000002,-00000013,0000.000,0000.000,0000.000,
 
002726448,-00000001,-00000011,0000.000,0000.000,0000.000,
 
002726468,-00000001,-00000013,0000.000,0000.000,0000.000,
 
002726488,000000000,-00000010,0000.000,0000.000,0000.000,
 
002726508,000000000,-00000013,0000.000,0000.000,0000.000,
 
002726528,-00000001,-00000008,0000.000,0000.000,0000.000,
 
002726548,-00000001,-00000007,0000.000,0000.000,0000.000,
 
002726568,-00000001,-00000008,0000.000,0000.000,0000.000,
 
002726588,-00000001,-00000007,0000.000,0000.000,0000.000,
 
002726608,-00000002,-00000008,0000.000,0000.000,0000.000,
 
002726628,-00000001,-00000007,0000.000,0000.000,0000.000,
 
002726648,-00000001,-00000008,0000.000,0000.000,0000.000,
 
002726668,-00000001,-00000013,0000.000,0000.000,0000.000,
 
002726688,-00000001,-00000009,0000.000,0000.000,0000.000,
 
002726708,-00000002,-00000013,0000.000,0000.000,0000.000,
 
002726728,-00000001,-00000008,0000.000,0000.000,0000.000,
 
002726748,-00000001,-00000008,0000.000,0000.000,0000.000,
 
002726768,-00000001,-00000007,0000.000,0000.000,0000.000,
 
002726788,-00000001,-00000006,0000.000,0000.000,0000.000,
 
002726808,-00000001,-00000007,0000.000,0000.000,0000.000,
 
002726828,000000000,-00000004,0000.000,0000.000,0000.000,
 
002726848,-00000001,-00000007,0000.000,0000.000,0000.000,
 
002726868,000000000,-00000007,0000.000,0000.000,0000.000,
 
002726888,000000000,-00000004,0000.000,0000.000,0000.000,
 
002726908,000000000,-00000004,0000.000,0000.000,0000.000,
 
002726928,000000000,-00000003,0000.000,0000.000,0000.000,
 
002726948,000000000,-00000001,0000.000,0000.000,0000.000,
 
002726968,000000000,000000000,0000.000,0000.000,0000.000,
 
002726988,000000000,000000000,0000.000,0000.000,0000.000,
 
002727008,000000000,000000000,0000.000,0000.000,0000.000,
 
002727028,000000000,000000000,0000.000,0000.000,0000.000,
 
002727048,000000000,000000000,0000.000,0000.000,0000.000,
 
002727068,000000000,000000000,0000.000,0000.000,0000.000,
 
002727088,000000000,000000000,0000.000,0000.000,0000.000,
 
002727108,000000000,000000000,0000.000,0000.000,0000.000,
 
002727128,000000000,000000000,0000.000,0000.000,0000.000,
 
002727148,000000000,000000000,0000.000,0000.000,0000.000,
 
002727168,000000000,000000000,0000.000,0000.000,0000.000,
 
002727188,000000000,000000000,0000.000,0000.000,0000.000,
 
002727208,000000000,000000000,0000.000,0000.000,0000.000,
 
002727228,000000000,000000000,0000.000,0000.000,0000.000,
 
002727248,000000000,000000000,0000.000,0000.000,0000.000,
 
002727268,000000000,000000000,0000.000,0000.000,0000.000,
 
002727288,000000000,000000000,0000.000,0000.000,0000.000,
 
002727308,000000000,000000000,0000.000,0000.000,0000.000,
 
002727328,000000000,000000000,0000.000,0000.000,0000.000,
 
002727348,000000000,000000000,0000.000,0000.000,0000.000,
 
002727368,000000000,000000000,0000.000,0000.000,0000.000,
 
002727388,000000000,000000000,0000.000,0000.000,0000.000,
 
002727408,000000000,000000000,0000.000,0000.000,0000.000,
 
002727428,000000000,000000000,0000.000,0000.000,0000.000,
 
002727448,000000000,000000000,0000.000,0000.000,0000.000,
 
002727468,000000000,000000000,0000.000,0000.000,0000.000,
 
002727488,000000000,000000000,0000.000,0000.000,0000.000,
 
002727508,000000000,000000000,0000.000,0000.000,0000.000,
 
002727528,000000000,000000000,0000.000,0000.000,0000.000,
 
002727548,000000000,000000000,0000.000,0000.000,0000.000,
 
002727568,000000000,-00000001,0000.000,0000.000,0000.000,
 
002727588,-00000003,-00000007,0000.000,0000.000,0000.000,
 
002727608,-00000006,-00000015,0000.000,0000.000,0000.000,
 
002727628,-00000007,-00000017,0000.000,0000.000,0000.000,
 
002727648,-00000007,-00000012,0000.000,0000.000,0000.000,
 
002727668,-00000003,-00000007,0000.000,0000.000,0000.000,
 
002727688,000000000,-00000001,0000.000,0000.000,0000.000,
 
002727708,000000000,000000000,0000.000,0000.000,0000.000,
 
002727728,000000000,000000000,0000.000,0000.000,0000.000,
 
002727748,000000000,000000000,0000.000,0000.000,0000.000,
 
002727768,000000000,000000000,0000.000,0000.000,0000.000,
 
002727788,000000000,000000000,0000.000,0000.000,0000.000,
 
002727808,000000000,000000000,0000.000,0000.000,0000.000,
 
002727828,000000000,000000000,0000.000,0000.000,0000.000,
 
002727848,000000000,000000000,0000.000,0000.000,0000.000,
 
002727868,000000000,000000000,0000.000,0000.000,0000.000,
 
002727888,000000000,000000000,0000.000,0000.000,0000.000,
 
002727908,000000000,000000000,0000.000,0000.000,0000.000,
 
002727928,000000000,000000000,0000.000,0000.000,0000.000,
 
002727948,000000000,000000000,0000.000,0000.000,0000.000,
 
002727968,000000000,000000000,0000.000,0000.000,0000.000,
 
002727988,000000000,000000000,0000.000,0000.000,0000.000,
 
002728008,000000000,000000000,0000.000,0000.000,0000.000,
 
002728028,000000000,000000000,0000.000,0000.000,0000.000,
 
002728048,000000000,000000000,0000.000,0000.000,0000.000,
 
002728068,000000000,000000000,0000.000,0000.000,0000.000,
 
002728088,000000000,000000000,0000.000,0000.000,0000.000,
 
002728108,000000000,000000000,0000.000,0000.000,0000.000,
 
002728128,000000000,000000000,0000.000,0000.000,0000.000,
 
002728148,000000000,000000000,0000.000,0000.000,0000.000,
 
002728168,000000000,000000000,0000.000,0000.000,0000.000,
 
002728188,000000000,000000000,0000.000,0000.000,0000.000,
 
002728208,000000000,000000000,0000.000,0000.000,0000.000,
 
002728228,000000000,000000000,0000.000,0000.000,0000.000,
 
002728248,000000000,000000000,0000.000,0000.000,0000.000,
 
002728268,000000000,000000000,0000.000,0000.000,0000.000,
 
002728288,000000000,000000000,0000.000,0000.000,0000.000,
 
002728308,000000000,000000000,0000.000,0000.000,0000.000,
 
002728328,000000000,000000000,0000.000,0000.000,0000.000,
 
002728348,000000000,000000000,0000.000,0000.000,0000.000,
 
002728368,000000000,000000000,0000.000,0000.000,0000.000,
 
002728388,000000000,000000000,0000.000,0000.000,0000.000,
 
002728408,000000000,000000000,0000.000,0000.000,0000.000,
 
002728428,000000000,000000000,0000.000,0000.000,0000.000,
 
002728448,000000000,000000000,0000.000,0000.000,0000.000,
 
002728468,000000000,000000000,0000.000,0000.000,0000.000,
 
002728488,000000000,000000000,0000.000,0000.000,0000.000,
 
002728508,000000000,000000000,0000.000,0000.000,0000.000,
 
002728528,000000000,000000000,0000.000,0000.000,0000.000,
 
002728548,000000000,000000000,0000.000,0000.000,0000.000,
 
002728568,000000000,000000000,0000.000,0000.000,0000.000,
 
002728588,000000000,000000000,0000.000,0000.000,0000.000,
 
002728608,000000000,000000000,0000.000,0000.000,0000.000,
 
002728628,000000000,000000000,0000.000,0000.000,0000.000,
 
002728648,000000000,000000000,0000.000,0000.000,0000.000,
 
002728668,000000000,000000000,0000.000,0000.000,0000.000,
 
002728688,000000000,000000000,0000.000,0000.000,0000.000,
 
002728708,000000000,000000000,0000.000,0000.000,0000.000,
 
002728728,000000000,000000000,0000.000,0000.000,0000.000,
 
002728748,000000000,000000000,0000.000,0000.000,0000.000,
 
002728768,000000000,000000000,0000.000,0000.000,0000.000,
 
002728788,000000000,000000000,0000.000,0000.000,0000.000,
 
002728808,000000000,000000000,0000.000,0000.000,0000.000,
 
002728828,000000000,000000000,0000.000,0000.000,0000.000,
 
002728848,000000000,000000000,0000.000,0000.000,0000.000,
 
002728868,000000000,000000000,0000.000,0000.000,0000.000,
 
002728888,000000000,000000000,0000.000,0000.000,0000.000,
 
002728908,000000000,000000000,0000.000,0000.000,0000.000,
 
002728928,000000000,000000000,0000.000,0000.000,0000.000,
 
002728948,000000000,000000000,0000.000,0000.000,0000.000,
 
002728968,000000000,000000000,0000.000,0000.000,0000.000,
 
002728988,000000000,000000000,0000.000,0000.000,0000.000,
 
002729008,000000000,000000000,0000.000,0000.000,0000.000,
 
002729028,000000000,000000000,0000.000,0000.000,0000.000,
 
002729048,000000000,000000000,0000.000,0000.000,0000.000,
 
002729068,000000000,000000000,0000.000,0000.000,0000.000,
 
002729088,000000000,000000000,0000.000,0000.000,0000.000,
 
002729108,000000000,000000000,0000.000,0000.000,0000.000,
 
002729128,000000000,000000000,0000.000,0000.000,0000.000,
 
002729148,000000000,000000000,0000.000,0000.000,0000.000,
 
002729168,000000000,000000000,0000.000,0000.000,0000.000,
 
002729188,000000000,000000000,0000.000,0000.000,0000.000,
 
002729208,000000000,000000000,0000.000,0000.000,0000.000,
 
002729228,000000000,000000000,0000.000,0000.000,0000.000,
 
002729248,000000000,000000000,0000.000,0000.000,0000.000,
 
002729268,000000000,000000000,0000.000,0000.000,0000.000,
 
002729288,000000000,000000000,0000.000,0000.000,0000.000,
 
002729308,000000000,000000000,0000.000,0000.000,0000.000,
 
002729328,000000000,000000000,0000.000,0000.000,0000.000,
 
002729348,000000000,000000000,0000.000,0000.000,0000.000,
 
002729368,000000000,000000000,0000.000,0000.000,0000.000,
 
002729388,000000000,000000000,0000.000,0000.000,0000.000,
 
002729408,000000000,000000000,0000.000,0000.000,0000.000,
 
002729428,000000000,000000000,0000.000,0000.000,0000.000,
 
002729448,000000000,000000000,0000.000,0000.000,0000.000,
 
002729468,000000000,000000000,0000.000,0000.000,0000.000,
 
002729488,000000000,000000000,0000.000,0000.000,0000.000,
 
002729508,000000000,000000000,0000.000,0000.000,0000.000,
 
002729528,000000000,000000000,0000.000,0000.000,0000.000,
 
002729548,000000000,000000000,0000.000,0000.000,0000.000,
 
002729568,000000000,000000000,0000.000,0000.000,0000.000,
 
002729588,000000000,000000000,0000.000,0000.000,0000.000,
 
002729608,000000000,000000000,0000.000,0000.000,0000.000,
 
002729628,000000000,000000000,0000.000,0000.000,0000.000,
 
002729648,000000000,000000000,0000.000,0000.000,0000.000,
 
002729668,000000000,000000000,0000.000,0000.000,0000.000,
 
002729688,000000000,000000000,0000.000,0000.000,0000.000,
 
002729708,000000000,000000000,0000.000,0000.000,0000.000,
 
002729728,000000000,000000000,0000.000,0000.000,0000.000,
 
002729748,000000000,000000000,0000.000,0000.000,0000.000,
 
002729768,000000000,000000000,0000.000,0000.000,0000.000,
 
002729788,000000000,000000000,0000.000,0000.000,0000.000,
 
002729808,000000000,000000000,0000.000,0000.000,0000.000,
 
002729828,000000000,000000000,0000.000,0000.000,0000.000,
 
002729848,000000000,000000000,0000.000,0000.000,0000.000,
 
002729868,000000000,000000000,0000.000,0000.000,0000.000,
 
002729888,000000000,000000000,0000.000,0000.000,0000.000,
 
002729908,000000000,000000000,0000.000,0000.000,0000.000,
 
002729928,000000000,000000000,0000.000,0000.000,0000.000,
 
002729948,000000000,000000000,0000.000,0000.000,0000.000,
 
002729968,000000000,000000000,0000.000,0000.000,0000.000,
 
002729988,000000000,000000000,0000.000,0000.000,0000.000,
 
002730008,000000000,000000000,0000.000,0000.000,0000.000,
 
002730028,000000000,000000000,0000.000,0000.000,0000.000,
 
002730048,000000000,000000000,0000.000,0000.000,0000.000,
 
002730068,000000000,000000000,0000.000,0000.000,0000.000,
 
002730088,000000000,000000000,0000.000,0000.000,0000.000,
 
002730108,000000000,000000000,0000.000,0000.000,0000.000,
 
002730128,000000000,000000000,0000.000,0000.000,0000.000,
 
002730148,000000000,000000000,0000.000,0000.000,0000.000,
 
002730168,000000000,000000000,0000.000,0000.000,0000.000,
 
002730188,000000000,000000000,0000.000,0000.000,0000.000,
 
002730208,000000000,000000000,0000.000,0000.000,0000.000,
 
002730228,000000000,000000000,0000.000,0000.000,0000.000,
 
002730248,000000000,000000000,0000.000,0000.000,0000.000,
 
002730268,000000000,000000000,0000.000,0000.000,0000.000,
 
002730288,000000000,000000000,0000.000,0000.000,0000.000,
 
002730308,000000000,000000000,0000.000,0000.000,0000.000,
 
002730328,000000000,000000000,0000.000,0000.000,0000.000,
 
002730348,000000000,000000000,0000.000,0000.000,0000.000,
 
002730368,000000000,000000000,0000.000,0000.000,0000.000,
 
002730388,-00000001,000000002,0000.000,0000.000,0000.000,
 
002730408,-00000001,000000009,0000.000,0000.000,0000.000,
 
002730428,-00000001,000000016,0000.000,0000.000,0000.000,
 
002730448,-00000001,000000018,0000.000,0000.000,0000.000,
 
002730468,-00000001,000000017,0000.000,0000.000,0000.000,
 
002730488,-00000002,000000014,0000.000,0000.000,0000.000,
 
002730508,-00000001,000000009,0000.000,0000.000,0000.000,
 
002730528,-00000001,000000006,0000.000,0000.000,0000.000,
 
002730548,000000000,000000005,0000.000,0000.000,0000.000,
 
002730568,000000000,000000004,0000.000,0000.000,0000.000,
 
002730588,000000000,000000005,0000.000,0000.000,0000.000,
 
002730608,000000000,000000006,0000.000,0000.000,0000.000,
 
002730628,000000001,000000007,0000.000,0000.000,0000.000,
 
002730648,000000002,000000010,0000.000,0000.000,0000.000,
 
002730668,000000002,000000013,0000.000,0000.000,0000.000,
 
002730688,000000002,000000014,0000.000,0000.000,0000.000,
 
002730708,000000001,000000014,0000.000,0000.000,0000.000,
 
002730728,000000002,000000013,0000.000,0000.000,0000.000,
 
002730748,000000001,000000014,0000.000,0000.000,0000.000,
 
002730768,000000002,000000011,0000.000,0000.000,0000.000,
 
002730788,000000000,000000008,0000.000,0000.000,0000.000,
 
002730808,000000001,000000007,0000.000,0000.000,0000.000,
 
002730828,000000000,000000007,0000.000,0000.000,0000.000,
 
002730848,000000000,000000007,0000.000,0000.000,0000.000,
 
002730868,000000001,000000006,0000.000,0000.000,0000.000,
 
002730888,000000001,000000007,0000.000,0000.000,0000.000,
 
002730908,000000002,000000008,0000.000,0000.000,0000.000,
 
002730928,000000001,000000009,0000.000,0000.000,0000.000,
 
002730948,000000003,000000012,0000.000,0000.000,0000.000,
 
002730968,000000002,000000013,0000.000,0000.000,0000.000,
 
002730988,000000002,000000015,0000.000,0000.000,0000.000,
 
002731008,000000002,000000014,0000.000,0000.000,0000.000,
 
002731028,000000001,000000012,0000.000,0000.000,0000.000,
 
002731048,000000000,000000011,0000.000,0000.000,0000.000,
 
002731068,000000002,000000012,0000.000,0000.000,0000.000,
 
002731088,000000003,000000013,0000.000,0000.000,0000.000,
 
002731108,000000003,000000014,0000.000,0000.000,0000.000,
 
002731128,000000003,000000012,0000.000,0000.000,0000.000,
 
002731148,000000002,000000014,0000.000,0000.000,0000.000,
 
002731168,000000003,000000014,0000.000,0000.000,0000.000,
 
002731188,000000004,000000018,0000.000,0000.000,0000.000,
 
002731208,000000009,000000029,0000.000,0000.000,0000.000,
 
002731228,000000009,000000037,0000.000,0000.000,0000.000,
 
002731248,000000010,000000042,0000.000,0000.000,0000.000,
 
002731268,000000009,000000046,0000.000,0000.000,0000.000,
 
002731288,000000008,000000051,0000.000,0000.000,0000.000,
 
002731308,000000005,000000048,0000.000,0000.000,0000.000,
 
002731328,000000003,000000047,0000.000,0000.000,0000.000,
 
002731348,000000001,000000044,0000.000,0000.000,0000.000,
 
002731368,000000000,000000043,0000.000,0000.000,0000.000,
 
002731388,000000000,000000040,0000.000,0000.000,0000.000,
 
002731408,-00000002,000000040,0000.000,0000.000,0000.000,
 
002731428,-00000003,000000041,0000.000,0000.000,0000.000,
 
002731448,-00000003,000000041,0000.000,0000.000,0000.000,
 
002731468,-00000004,000000043,0000.000,0000.000,0000.000,
 
002731488,-00000004,000000045,0000.000,0000.000,0000.000,
 
002731508,-00000003,000000047,0000.000,0000.000,0000.000,
 
002731528,-00000003,000000048,0000.000,0000.000,0000.000,
 
002731548,-00000002,000000051,0000.000,0000.000,0000.000,
 
002731568,000000000,000000053,0000.000,0000.000,0000.000,
 
002731588,000000000,000000051,0000.000,0000.000,0000.000,
 
002731608,000000000,000000052,0000.000,0000.000,0000.000,
 
002731628,000000000,000000051,0000.000,0000.000,0000.000,
 
002731648,000000000,000000052,0000.000,0000.000,0000.000,
 
002731668,000000001,000000051,0000.000,0000.000,0000.000,
 
002731688,000000001,000000051,0000.000,0000.000,0000.000,
 
002731708,000000001,000000050,0000.000,0000.000,0000.000,
 
002731728,000000001,000000048,0000.000,0000.000,0000.000,
 
002731748,000000001,000000051,0000.000,0000.000,0000.000,
 
002731768,000000000,000000052,0000.000,0000.000,0000.000,
 
002731788,000000000,000000054,0000.000,0000.000,0000.000,
 
002731808,-00000002,000000051,0000.000,0000.000,0000.000,
 
002731828,-00000001,000000054,0000.000,0000.000,0000.000,
 
002731848,-00000002,000000054,0000.000,0000.000,0000.000,
 
002731868,-00000001,000000051,0000.000,0000.000,0000.000,
 
002731888,-00000003,000000051,0000.000,0000.000,0000.000,
 
002731908,-00000004,000000053,0000.000,0000.000,0000.000,
 
002731928,-00000004,000000052,0000.000,0000.000,0000.000,
 
002731948,-00000005,000000051,0000.000,0000.000,0000.000,
 
002731968,-00000007,000000055,0000.000,0000.000,0000.000,
 
002731988,-00000007,000000053,0000.000,0000.000,0000.000,
 
002732008,-00000003,000000051,0000.000,0000.000,0000.000,
 
002732028,-00000001,000000051,0000.000,0000.000,0000.000,
 
002732048,-00000002,000000052,0000.000,0000.000,0000.000,
 
002732068,-00000003,000000051,0000.000,0000.000,0000.000,
 
002732088,-00000002,000000049,0000.000,0000.000,0000.000,
 
002732108,-00000001,000000047,0000.000,0000.000,0000.000,
 
002732128,-00000001,000000046,0000.000,0000.000,0000.000,
 
002732148,-00000001,000000047,0000.000,0000.000,0000.000,
 
002732168,-00000002,000000046,0000.000,0000.000,0000.000,
 
002732188,-00000001,000000044,0000.000,0000.000,0000.000,
 
002732208,-00000001,000000042,0000.000,0000.000,0000.000,
 
002732228,-00000002,000000042,0000.000,0000.000,0000.000,
 
002732248,-00000004,000000043,0000.000,0000.000,0000.000,
 
002732268,-00000003,000000044,0000.000,0000.000,0000.000,
 
002732288,-00000002,000000046,0000.000,0000.000,0000.000,
 
002732308,-00000002,000000045,0000.000,0000.000,0000.000,
 
002732328,-00000002,000000043,0000.000,0000.000,0000.000,
 
002732348,-00000003,000000044,0000.000,0000.000,0000.000,
 
002732368,-00000002,000000044,0000.000,0000.000,0000.000,
 
002732388,-00000002,000000042,0000.000,0000.000,0000.000,
 
002732408,-00000003,000000041,0000.000,0000.000,0000.000,
 
002732428,-00000002,000000039,0000.000,0000.000,0000.000,
 
002732448,000000000,000000038,0000.000,0000.000,0000.000,
 
002732468,000000000,000000038,0000.000,0000.000,0000.000,
 
002732488,000000000,000000036,0000.000,0000.000,0000.000,
 
002732508,000000002,000000037,0000.000,0000.000,0000.000,
 
002732528,000000002,000000038,0000.000,0000.000,0000.000,
 
002732548,000000002,000000036,0000.000,0000.000,0000.000,
 
002732568,000000002,000000037,0000.000,0000.000,0000.000,
 
002732588,000000003,000000038,0000.000,0000.000,0000.000,
 
002732608,000000002,000000037,0000.000,0000.000,0000.000,
 
002732628,000000000,000000036,0000.000,0000.000,0000.000,
 
002732648,000000000,000000034,0000.000,0000.000,0000.000,
 
002732668,000000001,000000033,0000.000,0000.000,0000.000,
 
002732688,000000001,000000032,0000.000,0000.000,0000.000,
 
002732708,000000002,000000031,0000.000,0000.000,0000.000,
 
002732728,000000000,000000030,0000.000,0000.000,0000.000,
 
002732748,000000000,000000028,0000.000,0000.000,0000.000,
 
002732768,000000001,000000030,0000.000,0000.000,0000.000,
 
002732788,000000000,000000032,0000.000,0000.000,0000.000,
 
002732808,000000000,000000032,0000.000,0000.000,0000.000,
 
002732828,000000000,000000032,0000.000,0000.000,0000.000,
 
002732848,000000000,000000035,0000.000,0000.000,0000.000,
 
002732868,000000000,000000036,0000.000,0000.000,0000.000,
 
002732888,000000000,000000036,0000.000,0000.000,0000.000,
 
002732908,000000000,000000039,0000.000,0000.000,0000.000,
 
002732928,000000000,000000040,0000.000,0000.000,0000.000,
 
002732948,000000000,000000041,0000.000,0000.000,0000.000,
 
002732968,000000000,000000044,0000.000,0000.000,0000.000,
 
002732988,000000000,000000048,0000.000,0000.000,0000.000,
 
002733008,000000000,000000051,0000.000,0000.000,0000.000,
 
002733028,000000000,000000059,0000.000,0000.000,0000.000,
 
002733048,000000001,000000064,0000.000,0000.000,0000.000,
 
002733068,000000001,000000065,0000.000,0000.000,0000.000,
 
002733088,000000003,000000064,0000.000,0000.000,0000.000,
 
002733108,000000005,000000060,0000.000,0000.000,0000.000,
 
002733128,000000004,000000055,0000.000,0000.000,0000.000,
 
002733148,000000002,000000051,0000.000,0000.000,0000.000,
 
002733168,000000000,000000048,0000.000,0000.000,0000.000,
 
002733188,000000000,000000047,0000.000,0000.000,0000.000,
 
002733208,000000002,000000045,0000.000,0000.000,0000.000,
 
002733228,000000002,000000044,0000.000,0000.000,0000.000,
 
002733248,000000001,000000040,0000.000,0000.000,0000.000,
 
002733268,000000002,000000035,0000.000,0000.000,0000.000,
 
002733288,000000002,000000033,0000.000,0000.000,0000.000,
 
002733308,000000002,000000033,0000.000,0000.000,0000.000,
 
002733328,000000003,000000033,0000.000,0000.000,0000.000,
 
002733348,000000003,000000034,0000.000,0000.000,0000.000,
 
002733368,000000002,000000035,0000.000,0000.000,0000.000,
 
002733388,000000002,000000034,0000.000,0000.000,0000.000,
 
002733408,000000002,000000032,0000.000,0000.000,0000.000,
 
002733428,000000001,000000031,0000.000,0000.000,0000.000,
 
002733448,000000000,000000031,0000.000,0000.000,0000.000,
 
002733468,000000000,000000032,0000.000,0000.000,0000.000,
 
002733488,000000000,000000034,0000.000,0000.000,0000.000,
 
002733508,000000000,000000036,0000.000,0000.000,0000.000,
 
002733528,000000001,000000037,0000.000,0000.000,0000.000,
 
002733548,000000000,000000038,0000.000,0000.000,0000.000,
 
002733568,-00000001,000000037,0000.000,0000.000,0000.000,
 
002733588,-00000002,000000037,0000.000,0000.000,0000.000,
 
002733608,-00000002,000000037,0000.000,0000.000,0000.000,
 
002733628,000000000,000000039,0000.000,0000.000,0000.000,
 
002733648,000000000,000000040,0000.000,0000.000,0000.000,
 
002733668,000000001,000000043,0000.000,0000.000,0000.000,
 
002733688,000000000,000000044,0000.000,0000.000,0000.000,
 
002733708,-00000004,000000044,0000.000,0000.000,0000.000,
 
002733728,-00000003,000000043,0000.000,0000.000,0000.000,
 
002733748,-00000002,000000046,0000.000,0000.000,0000.000,
 
002733768,-00000002,000000045,0000.000,0000.000,0000.000,
 
002733788,-00000001,000000044,0000.000,0000.000,0000.000,
 
002733808,-00000002,000000044,0000.000,0000.000,0000.000,
 
002733828,-00000001,000000043,0000.000,0000.000,0000.000,
 
002733848,-00000004,000000042,0000.000,0000.000,0000.000,
 
002733868,-00000002,000000039,0000.000,0000.000,0000.000,
 
002733888,-00000001,000000037,0000.000,0000.000,0000.000,
 
002733908,-00000001,000000033,0000.000,0000.000,0000.000,
 
002733928,-00000001,000000031,0000.000,0000.000,0000.000,
 
002733948,-00000003,000000032,0000.000,0000.000,0000.000,
 
002733968,-00000004,000000033,0000.000,0000.000,0000.000,
 
002733988,-00000003,000000034,0000.000,0000.000,0000.000,
 
002734008,-00000002,000000035,0000.000,0000.000,0000.000,
 
002734028,-00000001,000000037,0000.000,0000.000,0000.000,
 
002734048,-00000003,000000036,0000.000,0000.000,0000.000,
 
002734068,-00000004,000000033,0000.000,0000.000,0000.000,
 
002734088,-00000002,000000033,0000.000,0000.000,0000.000,
 
002734108,-00000002,000000033,0000.000,0000.000,0000.000,
 
002734128,-00000003,000000034,0000.000,0000.000,0000.000,
 
002734148,000000000,000000030,0000.000,0000.000,0000.000,
 
002734168,000000000,000000028,0000.000,0000.000,0000.000,
 
002734188,-00000001,000000030,0000.000,0000.000,0000.000,
 
002734208,-00000002,000000032,0000.000,0000.000,0000.000,
 
002734228,-00000003,000000032,0000.000,0000.000,0000.000,
 
002734248,-00000001,000000033,0000.000,0000.000,0000.000,
 
002734268,000000000,000000033,0000.000,0000.000,0000.000,
 
002734288,-00000001,000000033,0000.000,0000.000,0000.000,
 
002734308,000000000,000000033,0000.000,0000.000,0000.000,
 
002734328,000000000,000000034,0000.000,0000.000,0000.000,
 
002734348,-00000001,000000036,0000.000,0000.000,0000.000,
 
002734368,-00000001,000000035,0000.000,0000.000,0000.000,
 
002734388,-00000001,000000034,0000.000,0000.000,0000.000,
 
002734408,-00000002,000000033,0000.000,0000.000,0000.000,
 
002734428,-00000002,000000030,0000.000,0000.000,0000.000,
 
002734448,-00000002,000000029,0000.000,0000.000,0000.000,
 
002734468,-00000003,000000025,0000.000,0000.000,0000.000,
 
002734488,-00000004,000000024,0000.000,0000.000,0000.000,
 
002734508,-00000003,000000023,0000.000,0000.000,0000.000,
 
002734528,-00000004,000000022,0000.000,0000.000,0000.000,
 
002734548,-00000002,000000021,0000.000,0000.000,0000.000,
 
002734568,-00000004,000000019,0000.000,0000.000,0000.000,
 
002734588,-00000002,000000017,0000.000,0000.000,0000.000,
 
002734608,-00000002,000000017,0000.000,0000.000,0000.000,
 
002734628,-00000002,000000015,0000.000,0000.000,0000.000,
 
002734648,-00000002,000000015,0000.000,0000.000,0000.000,
 
002734668,-00000003,000000015,0000.000,0000.000,0000.000,
 
002734688,-00000002,000000013,0000.000,0000.000,0000.000,
 
002734708,-00000001,000000012,0000.000,0000.000,0000.000,
 
002734728,-00000001,000000014,0000.000,0000.000,0000.000,
 
002734748,000000000,000000014,0000.000,0000.000,0000.000,
 
002734768,000000000,000000012,0000.000,0000.000,0000.000,
 
002734788,000000000,000000011,0000.000,0000.000,0000.000,
 
002734808,000000000,000000011,0000.000,0000.000,0000.000,
 
002734828,000000000,000000009,0000.000,0000.000,0000.000,
 
002734848,000000000,000000009,0000.000,0000.000,0000.000,
 
002734868,000000000,000000008,0000.000,0000.000,0000.000,
 
002734888,-00000001,000000007,0000.000,0000.000,0000.000,
 
002734908,000000000,000000006,0000.000,0000.000,0000.000,
 
002734928,000000000,000000007,0000.000,0000.000,0000.000,
 
002734948,000000000,000000005,0000.000,0000.000,0000.000,
 
002734968,000000000,000000005,0000.000,0000.000,0000.000,
 
002734988,000000000,000000006,0000.000,0000.000,0000.000,
 
002735008,000000000,000000007,0000.000,0000.000,0000.000,
 
002735028,000000000,000000006,0000.000,0000.000,0000.000,
 
002735048,000000000,000000005,0000.000,0000.000,0000.000,
 
002735068,000000000,000000007,0000.000,0000.000,0000.000,
 
002735088,000000000,000000007,0000.000,0000.000,0000.000,
 
002735108,000000000,000000007,0000.000,0000.000,0000.000,
 
002735128,000000000,000000005,0000.000,0000.000,0000.000,
 
002735148,000000000,000000005,0000.000,0000.000,0000.000,
 
002735168,000000002,000000008,0000.000,0000.000,0000.000,
 
002735188,000000001,000000007,0000.000,0000.000,0000.000,
 
002735208,000000000,000000008,0000.000,0000.000,0000.000,
 
002735228,000000001,000000007,0000.000,0000.000,0000.000,
 
002735248,000000000,000000007,0000.000,0000.000,0000.000,
 
002735268,000000000,000000004,0000.000,0000.000,0000.000,
 
002735288,000000000,000000002,0000.000,0000.000,0000.000,
 
002735308,000000000,000000001,0000.000,0000.000,0000.000,
 
002735328,000000000,000000002,0000.000,0000.000,0000.000,
 
002735348,000000001,000000001,0000.000,0000.000,0000.000,
 
002735368,000000000,000000001,0000.000,0000.000,0000.000,
 
002735388,000000000,000000000,0000.000,0000.000,0000.000,
 
002735408,000000000,000000000,0000.000,0000.000,0000.000,
 
002735428,000000000,000000000,0000.000,0000.000,0000.000,
 
002735448,000000000,000000001,0000.000,0000.000,0000.000,
 
002735468,000000000,000000003,0000.000,0000.000,0000.000,
 
002735488,000000000,000000004,0000.000,0000.000,0000.000,
 
002735508,000000001,000000002,0000.000,0000.000,0000.000,
 
002735528,000000001,000000002,0000.000,0000.000,0000.000,
 
002735548,000000000,000000001,0000.000,0000.000,0000.000,
 
002735568,000000000,000000000,0000.000,0000.000,0000.000,
 
002735588,000000000,000000000,0000.000,0000.000,0000.000,
 
002735608,000000000,000000000,0000.000,0000.000,0000.000,
 
002735628,000000000,000000000,0000.000,0000.000,0000.000,
 
002735648,000000000,000000000,0000.000,0000.000,0000.000,
 
002735668,000000000,000000000,0000.000,0000.000,0000.000,
 
002735688,000000000,000000000,0000.000,0000.000,0000.000,
 
002735708,000000000,000000000,0000.000,0000.000,0000.000,
 
002735728,000000000,000000000,0000.000,0000.000,0000.000,
 
002735748,000000000,000000000,0000.000,0000.000,0000.000,
 
002735768,000000000,000000000,0000.000,0000.000,0000.000,
 
002735788,000000000,000000000,0000.000,0000.000,0000.000,
 
002735808,000000000,000000000,0000.000,0000.000,0000.000,
 
002735828,000000000,000000000,0000.000,0000.000,0000.000,
 
002735848,000000000,000000000,0000.000,0000.000,0000.000,
 
002735868,000000000,000000000,0000.000,0000.000,0000.000,
 
002735888,000000000,000000000,0000.000,0000.000,0000.000,
 
002735908,000000000,000000000,0000.000,0000.000,0000.000,
 
002735928,000000000,000000000,0000.000,0000.000,0000.000,
 
002735948,000000000,000000000,0000.000,0000.000,0000.000,
 
002735968,000000000,000000000,0000.000,0000.000,0000.000,
 
002735988,000000000,000000000,0000.000,0000.000,0000.000,
 
002736008,000000000,000000000,0000.000,0000.000,0000.000,
 
002736028,000000000,000000000,0000.000,0000.000,0000.000,
 
002736048,000000000,000000000,0000.000,0000.000,0000.000,
 
002736068,000000000,000000000,0000.000,0000.000,0000.000,
 
002736088,000000000,000000000,0000.000,0000.000,0000.000,
 
002736108,000000000,000000000,0000.000,0000.000,0000.000,
 
002736128,000000000,000000000,0000.000,0000.000,0000.000,
 
002736148,000000000,000000000,0000.000,0000.000,0000.000,
 
002736168,000000000,000000000,0000.000,0000.000,0000.000,
 
002736188,000000000,000000000,0000.000,0000.000,0000.000,
 
002736208,000000000,000000000,0000.000,0000.000,0000.000,
 
002736228,000000000,000000000,0000.000,0000.000,0000.000,
 
002736248,000000000,000000000,0000.000,0000.000,0000.000,
 
002736268,000000000,000000000,0000.000,0000.000,0000.000,
 
002736288,000000000,000000000,0000.000,0000.000,0000.000,
 
002736308,000000000,000000000,0000.000,0000.000,0000.000,
 
002736328,000000000,000000000,0000.000,0000.000,0000.000,
 
002736348,000000000,000000000,0000.000,0000.000,0000.000,
 
002736368,000000000,000000000,0000.000,0000.000,0000.000,
 
002736388,000000000,000000000,0000.000,0000.000,0000.000,
 
002736408,000000000,000000000,0000.000,0000.000,0000.000,
 
002736428,000000000,000000000,0000.000,0000.000,0000.000,
 
002736448,000000000,000000000,0000.000,0000.000,0000.000,
 
002736468,000000000,000000000,0000.000,0000.000,0000.000,
 
002736488,000000000,000000000,0000.000,0000.000,0000.000,
 
002736508,000000000,000000000,0000.000,0000.000,0000.000,
 
002736528,000000000,000000000,0000.000,0000.000,0000.000,
 
002736548,000000000,000000000,0000.000,0000.000,0000.000,
 
002736568,000000000,000000000,0000.000,0000.000,0000.000,
 
002736588,000000000,000000000,0000.000,0000.000,0000.000,
 
002736608,000000000,000000000,0000.000,0000.000,0000.000,
 
002736628,000000000,000000000,0000.000,0000.000,0000.000,
 
002736648,000000000,000000000,0000.000,0000.000,0000.000,
 
002736668,000000000,000000000,0000.000,0000.000,0000.000,
 
002736688,000000000,000000000,0000.000,0000.000,0000.000,
 
002736708,000000000,000000000,0000.000,0000.000,0000.000,
 
002736728,000000000,000000000,0000.000,0000.000,0000.000,
 
002736748,000000000,000000000,0000.000,0000.000,0000.000,
 
002736768,000000000,000000000,0000.000,0000.000,0000.000,
 
002736788,000000000,000000000,0000.000,0000.000,0000.000,
 
002736808,000000000,000000000,0000.000,0000.000,0000.000,
 
002736828,000000000,000000000,0000.000,0000.000,0000.000,
 
002736848,000000000,000000000,0000.000,0000.000,0000.000,
 
002736868,000000000,000000000,0000.000,0000.000,0000.000,
 
002736888,000000000,000000000,0000.000,0000.000,0000.000,
 
002736908,000000000,000000000,0000.000,0000.000,0000.000,
 
