000022884,-00000023,000000048,0000.000,0000.000,0000.000,0156
 
000022903,-00000016,000000080,0000.000,0000.000,0000.000,0155
 
000022923,000000000,000000091,0000.000,0000.000,0000.000,0156
 
000022943,000000006,000000053,0000.000,0000.000,0000.000,0157
 
000022963,000000002,000000016,0000.000,0000.000,0000.000,0156
 
000022983,000000000,000000001,0000.000,0000.000,0000.000,0157
 
000023003,000000000,000000000,0000.000,0000.000,0000.000,0009
 
000023023,000000000,000000000,0000.000,0000.000,0000.000,0013
 
000023043,000000001,000000000,0000.000,0000.000,0000.000,0012
 
000023063,000000000,000000000,0000.000,0000.000,0000.000,0014
 
000023083,-00000007,-00000002,0000.000,0000.000,0000.000,0013
 
000023103,-00000020,-00000013,0000.000,0000.000,0000.000,0156
 
000023123,-00000025,-00000016,0000.000,0000.000,0000.000,0009
 
000023143,-00000016,-00000021,0000.000,0000.000,0000.000,0156
 
000023163,000000002,-00000002,0000.000,0000.000,0000.000,0012
 
000023183,000000017,000000022,0000.000,0000.000,0000.000,0156
 
000023203,000000012,000000022,0000.000,0000.000,0000.000,0012
 
000023223,000000002,000000004,0000.000,0000.000,0000.000,0157
 
000023243,000000001,000000002,0000.000,0000.000,0000.000,0156
 
000023263,000000001,000000002,0000.000,0000.000,0000.000,0156
 
000023283,000000001,000000001,0000.000,0000.000,0000.000,0013
 
000023303,000000000,000000001,0000.000,0000.000,0000.000,0156
 
000023323,000000000,000000001,0000.000,0000.000,0000.000,0011
 
000023343,000000000,000000000,0000.000,0000.000,0000.000,0156
 
000023363,000000000,000000000,0000.000,0000.000,0000.000,0156
 
000023383,000000000,000000000,0000.000,0000.000,0000.000,0013
 
000023403,000000000,000000000,0000.000,0000.000,0000.000,0156
 
000023423,000000000,000000000,0000.000,0000.000,0000.000,0012
 
000023443,000000000,000000000,0000.000,0000.000,0000.000,0009
 
000023463,000000000,000000000,0000.000,0000.000,0000.000,0012
 
000023483,000000000,000000000,0000.000,0000.000,0000.000,0008
 
000023503,000000000,000000000,0000.000,0000.000,0000.000,0156
 
000023523,000000000,000000000,0000.000,0000.000,0000.000,0012
 
000023543,000000000,000000000,0000.000,0000.000,0000.000,0010
 
000023563,000000000,000000000,0000.000,0000.000,0000.000,0012
 
000023583,000000000,000000000,0000.000,0000.000,0000.000,0010
 
000023603,000000000,000000000,0000.000,0000.000,0000.000,0009
 
000023623,000000000,000000000,0000.000,0000.000,0000.000,0011
 
000023643,000000000,000000000,0000.000,0000.000,0000.000,0013
 
000023663,000000000,000000000,0000.000,0000.000,0000.000,0010
 
000023683,000000000,000000000,0000.000,0000.000,0000.000,0010
 
000023703,000000000,000000000,0000.000,0000.000,0000.000,0009
 
000023723,000000000,000000000,0000.000,0000.000,0000.000,0012
 
000023743,000000000,000000000,0000.000,0000.000,0000.000,0012
 
000023763,000000000,000000000,0000.000,0000.000,0000.000,0009
 
000023783,000000000,000000000,0000.000,0000.000,0000.000,0014
 
000023803,000000000,000000000,0000.000,0000.000,0000.000,0012
 
000023823,000000000,000000000,0000.000,0000.000,0000.000,0012
 
000023843,000000000,000000000,0000.000,0000.000,0000.000,0016
 
000023863,000000000,000000000,0000.000,0000.000,0000.000,0013
 
000023883,000000000,000000000,0000.000,0000.000,0000.000,0013
 
000023903,000000000,000000000,0000.000,0000.000,0000.000,0009
 
000023923,000000000,000000000,0000.000,0000.000,0000.000,0012
 
000023943,000000000,000000000,0000.000,0000.000,0000.000,0012
 
000023963,000000000,000000000,0000.000,0000.000,0000.000,0011
 
000023983,000000000,000000000,0000.000,0000.000,0000.000,0156
 
000024003,000000000,000000000,0000.000,0000.000,0000.000,0157
 
000024023,000000000,000000000,0000.000,0000.000,0000.000,0156
 
000024043,000000000,000000000,0000.000,0000.000,0000.000,0156
 
000024063,000000000,000000000,0000.000,0000.000,0000.000,0011
 
000024083,000000000,000000000,0000.000,0000.000,0000.000,0156
 
000024103,000000000,000000000,0000.000,0000.000,0000.000,0011
 
000024123,000000000,000000000,0000.000,0000.000,0000.000,0157
 
000024143,000000000,000000000,0000.000,0000.000,0000.000,0011
 
000024163,000000000,000000000,0000.000,0000.000,0000.000,0013
 
000024183,000000000,000000000,0000.000,0000.000,0000.000,0012
 
000024203,000000000,000000000,0000.000,0000.000,0000.000,0011
 
000024223,000000000,000000000,0000.000,0000.000,0000.000,0011
 
000024243,000000000,000000000,0000.000,0000.000,0000.000,0011
 
000024263,000000000,000000000,0000.000,0000.000,0000.000,0011
 
000024283,000000000,000000000,0000.000,0000.000,0000.000,0015
 
000024303,000000000,000000000,0000.000,0000.000,0000.000,0010
 
000024323,000000000,000000000,0000.000,0000.000,0000.000,0156
 
000024343,000000000,000000000,0000.000,0000.000,0000.000,0155
 
000024363,000000000,000000000,0000.000,0000.000,0000.000,0009
 
000024383,000000000,000000000,0000.000,0000.000,0000.000,0010
 
000024403,000000006,000000000,0000.000,0000.000,0000.000,0010
 
000024423,000000011,000000002,0000.000,0000.000,0000.000,0011
 
000024443,000000010,000000009,0000.000,0000.000,0000.000,0156
 
000024463,000000002,000000008,0000.000,0000.000,0000.000,0155
 
000024483,000000001,000000004,0000.000,0000.000,0000.000,0010
 
000024503,000000001,000000002,0000.000,0000.000,0000.000,0012
 
000024523,000000002,000000002,0000.000,0000.000,0000.000,0012
 
000024543,000000000,000000005,0000.000,0000.000,0000.000,0012
 
000024563,000000002,000000005,0000.000,0000.000,0000.000,0013
 
000024583,000000003,000000004,0000.000,0000.000,0000.000,0011
 
000024603,000000001,000000002,0000.000,0000.000,0000.000,0008
 
000024623,000000000,000000001,0000.000,0000.000,0000.000,0011
 
000024643,000000000,000000000,0000.000,0000.000,0000.000,0156
 
000024663,-00000001,000000000,0000.000,0000.000,0000.000,0156
 
000024683,000000000,000000000,0000.000,0000.000,0000.000,0156
 
000024703,000000000,000000000,0000.000,0000.000,0000.000,0156
 
000024723,000000000,000000000,0000.000,0000.000,0000.000,0011
 
000024743,000000000,000000000,0000.000,0000.000,0000.000,0156
 
000024763,000000000,000000000,0000.000,0000.000,0000.000,0157
 
000024783,000000000,000000000,0000.000,0000.000,0000.000,0014
 
000024803,-00000001,000000002,0000.000,0000.000,0000.000,0011
 
000024823,-00000004,000000002,0000.000,0000.000,0000.000,0011
 
000024843,-00000005,000000001,0000.000,0000.000,0000.000,0156
 
000024863,-00000012,-00000007,0000.000,0000.000,0000.000,0156
 
000024883,-00000013,-00000015,0000.000,0000.000,0000.000,0156
 
000024903,-00000013,-00000016,0000.000,0000.000,0000.000,0013
 
000024923,-00000013,-00000014,0000.000,0000.000,0000.000,0156
 
000024943,-00000011,-00000013,0000.000,0000.000,0000.000,0013
 
000024963,-00000020,-00000013,0000.000,0000.000,0000.000,0011
 
000024983,-00000029,-00000006,0000.000,0000.000,0000.000,0156
 
000025003,-00000049,000000002,0000.000,0000.000,0000.000,0156
 
000025023,-00000018,000000003,0000.000,0000.000,0000.000,0012
 
000025043,-00000013,000000002,0000.000,0000.000,0000.000,0156
 
000025063,-00000007,000000001,0000.000,0000.000,0000.000,0156
 
000025083,-00000007,000000003,0000.000,0000.000,0000.000,0011
 
000025103,-00000007,000000002,0000.000,0000.000,0000.000,0011
 
000025123,-00000007,000000003,0000.000,0000.000,0000.000,0012
 
000025143,-00000007,000000002,0000.000,0000.000,0000.000,0013
 
000025163,-00000004,000000003,0000.000,0000.000,0000.000,0009
 
000025183,-00000004,000000002,0000.000,0000.000,0000.000,0011
 
000025203,-00000007,000000002,0000.000,0000.000,0000.000,0014
 
000025223,-00000007,000000003,0000.000,0000.000,0000.000,0014
 
000025243,-00000007,000000005,0000.000,0000.000,0000.000,0010
 
000025263,-00000013,000000011,0000.000,0000.000,0000.000,0012
 
000025283,-00000012,000000014,0000.000,0000.000,0000.000,0155
 
000025303,-00000002,000000015,0000.000,0000.000,0000.000,0156
 
000025323,000000003,000000010,0000.000,0000.000,0000.000,0157
 
000025343,000000004,000000007,0000.000,0000.000,0000.000,0156
 
000025363,000000001,000000000,0000.000,0000.000,0000.000,0156
 
000025383,-00000001,-00000008,0000.000,0000.000,0000.000,0156
 
000025403,-00000002,-00000019,0000.000,0000.000,0000.000,0155
 
000025423,000000000,-00000031,0000.000,0000.000,0000.000,0155
 
000025443,000000000,-00000033,0000.000,0000.000,0000.000,0157
 
000025463,000000001,-00000024,0000.000,0000.000,0000.000,0156
 
000025483,000000001,-00000013,0000.000,0000.000,0000.000,0156
 
000025503,000000001,-00000006,0000.000,0000.000,0000.000,0155
 
000025523,000000002,-00000001,0000.000,0000.000,0000.000,0156
 
000025543,000000000,000000000,0000.000,0000.000,0000.000,0157
 
000025563,000000000,000000000,0000.000,0000.000,0000.000,0156
 
000025583,000000000,000000001,0000.000,0000.000,0000.000,0156
 
000025603,000000000,000000000,0000.000,0000.000,0000.000,0010
 
000025623,000000000,000000001,0000.000,0000.000,0000.000,0156
 
000025643,000000000,000000001,0000.000,0000.000,0000.000,0012
 
000025663,000000000,000000000,0000.000,0000.000,0000.000,0013
 
000025683,-00000001,-00000002,0000.000,0000.000,0000.000,0013
 
000025703,-00000001,-00000001,0000.000,0000.000,0000.000,0012
 
000025723,-00000001,000000000,0000.000,0000.000,0000.000,0010
 
000025743,-00000001,000000000,0000.000,0000.000,0000.000,0013
 
000025763,000000000,000000000,0000.000,0000.000,0000.000,0014
 
000025783,-00000001,000000001,0000.000,0000.000,0000.000,0014
 
000025803,000000000,000000000,0000.000,0000.000,0000.000,0012
 
000025823,000000000,000000000,0000.000,0000.000,0000.000,0013
 
000025843,000000000,000000001,0000.000,0000.000,0000.000,0014
 
000025863,000000000,000000001,0000.000,0000.000,0000.000,0008
 
000025883,000000001,000000001,0000.000,0000.000,0000.000,0012
 
000025903,000000000,000000000,0000.000,0000.000,0000.000,0012
 
000025923,000000000,000000000,0000.000,0000.000,0000.000,0010
 
000025943,000000000,000000000,0000.000,0000.000,0000.000,0012
 
000025963,000000000,-00000001,0000.000,0000.000,0000.000,0010
 
000025983,000000001,000000000,0000.000,0000.000,0000.000,0009
 
000026003,000000001,-00000001,0000.000,0000.000,0000.000,0010
 
000026023,000000000,000000000,0000.000,0000.000,0000.000,0012
 
000026043,000000000,000000000,0000.000,0000.000,0000.000,0010
 
000026063,000000001,000000000,0000.000,0000.000,0000.000,0011
 
000026083,000000000,000000000,0000.000,0000.000,0000.000,0012
 
000026103,000000001,000000000,0000.000,0000.000,0000.000,0012
 
000026123,000000000,000000000,0000.000,0000.000,0000.000,0011
 
000026143,000000001,000000000,0000.000,0000.000,0000.000,0156
 
000026163,000000000,000000000,0000.000,0000.000,0000.000,0156
 
000026183,000000001,000000000,0000.000,0000.000,0000.000,0156
 
000026203,000000000,000000000,0000.000,0000.000,0000.000,0156
 
000026223,000000000,000000000,0000.000,0000.000,0000.000,0156
 
000026243,000000000,000000000,0000.000,0000.000,0000.000,0156
 
000026263,000000000,000000000,0000.000,0000.000,0000.000,0156
 
000026283,000000000,000000000,0000.000,0000.000,0000.000,0012
 
000026303,000000001,000000000,0000.000,0000.000,0000.000,0156
 
000026323,000000000,000000000,0000.000,0000.000,0000.000,0012
 
000026343,000000000,000000000,0000.000,0000.000,0000.000,0157
 
000026363,000000000,000000000,0000.000,0000.000,0000.000,0013
 
000026383,000000001,000000000,0000.000,0000.000,0000.000,0014
 
000026403,000000000,000000000,0000.000,0000.000,0000.000,0010
 
000026423,000000000,000000000,0000.000,0000.000,0000.000,0012
 
000026443,000000000,000000000,0000.000,0000.000,0000.000,0010
 
000026463,000000000,000000000,0000.000,0000.000,0000.000,0014
 
000026483,000000000,000000000,0000.000,0000.000,0000.000,0010
 
000026503,000000000,000000000,0000.000,0000.000,0000.000,0010
 
000026523,000000000,000000000,0000.000,0000.000,0000.000,0011
 
000026543,000000000,000000000,0000.000,0000.000,0000.000,0014
 
000026563,000000000,000000000,0000.000,0000.000,0000.000,0009
 
000026583,000000000,000000000,0000.000,0000.000,0000.000,0012
 
000026603,000000000,000000000,0000.000,0000.000,0000.000,0012
 
000026623,000000000,000000000,0000.000,0000.000,0000.000,0009
 
000026643,000000000,000000000,0000.000,0000.000,0000.000,0011
 
000026663,000000000,000000000,0000.000,0000.000,0000.000,0007
 
000026683,-00000001,000000000,0000.000,0000.000,0000.000,0009
 
000026703,000000000,000000000,0000.000,0000.000,0000.000,0013
 
000026723,000000000,000000000,0000.000,0000.000,0000.000,0012
 
000026743,000000000,000000000,0000.000,0000.000,0000.000,0010
 
000026763,000000000,000000000,0000.000,0000.000,0000.000,0009
 
000026783,000000000,000000000,0000.000,0000.000,0000.000,0011
 
000026803,000000000,000000000,0000.000,0000.000,0000.000,0009
 
000026823,000000000,000000000,0000.000,0000.000,0000.000,0010
 
000026843,000000000,000000000,0000.000,0000.000,0000.000,0006
 
000026863,000000000,000000000,0000.000,0000.000,0000.000,0013
 
000026883,000000000,000000000,0000.000,0000.000,0000.000,0008
 
000026903,000000000,000000000,0000.000,0000.000,0000.000,0154
 
000026923,000000000,000000000,0000.000,0000.000,0000.000,0155
 
000026943,000000000,000000000,0000.000,0000.000,0000.000,0156
 
000026963,000000000,000000000,0000.000,0000.000,0000.000,0155
 
000026983,000000000,000000000,0000.000,0000.000,0000.000,0156
 
000027003,000000000,000000000,0000.000,0000.000,0000.000,0155
 
000027023,000000000,000000000,0000.000,0000.000,0000.000,0156
 
000027043,000000000,000000001,0000.000,0000.000,0000.000,0156
 
000027063,000000000,000000000,0000.000,0000.000,0000.000,0155
 
000027083,000000000,000000000,0000.000,0000.000,0000.000,0157
 
000027103,000000000,000000000,0000.000,0000.000,0000.000,0014
 
000027123,000000000,000000000,0000.000,0000.000,0000.000,0155
 
000027143,000000000,000000000,0000.000,0000.000,0000.000,0010
 
000027163,000000000,000000000,0000.000,0000.000,0000.000,0011
 
000027183,000000000,000000000,0000.000,0000.000,0000.000,0011
 
000027203,000000000,000000000,0000.000,0000.000,0000.000,0012
 
000027223,000000000,000000000,0000.000,0000.000,0000.000,0015
 
000027243,000000000,000000000,0000.000,0000.000,0000.000,0011
 
000027263,000000000,000000000,0000.000,0000.000,0000.000,0013
 
000027283,000000000,000000000,0000.000,0000.000,0000.000,0007
 
000027303,000000000,000000000,0000.000,0000.000,0000.000,0012
 
000027323,000000000,000000000,0000.000,0000.000,0000.000,0013
 
000027343,000000000,000000000,0000.000,0000.000,0000.000,0015
 
000027363,000000000,000000000,0000.000,0000.000,0000.000,0013
 
000027383,000000000,000000000,0000.000,0000.000,0000.000,0016
 
000027403,000000000,000000000,0000.000,0000.000,0000.000,0014
 
000027423,000000000,000000000,0000.000,0000.000,0000.000,0011
 
000027443,000000000,000000000,0000.000,0000.000,0000.000,0009
 
000027463,000000000,000000000,0000.000,0000.000,0000.000,0017
 
000027483,000000000,000000000,0000.000,0000.000,0000.000,0015
 
000027503,000000000,000000000,0000.000,0000.000,0000.000,0013
 
000027523,000000000,000000000,0000.000,0000.000,0000.000,0013
 
000027543,000000001,000000000,0000.000,0000.000,0000.000,0021
 
000027563,000000000,000000000,0000.000,0000.000,0000.000,0014
 
000027583,000000000,000000000,0000.000,0000.000,0000.000,0159
 
000027603,000000000,000000000,0000.000,0000.000,0000.000,0018
 
000027623,000000000,000000000,0000.000,0000.000,0000.000,0159
 
000027643,000000000,000000000,0000.000,0000.000,0000.000,0158
 
000027663,000000000,000000000,0000.000,0000.000,0000.000,0015
 
000027683,000000000,000000000,0000.000,0000.000,0000.000,0014
 
000027703,000000000,000000000,0000.000,0000.000,0000.000,0017
 
000027723,000000000,000000000,0000.000,0000.000,0000.000,0017
 
000027743,000000000,000000000,0000.000,0000.000,0000.000,0018
 
000027763,000000000,000000000,0000.000,0000.000,0000.000,0014
 
000027784,000000000,000000000,0000.000,0000.000,0000.000,1023
 
000027804,000000000,000000000,0000.000,0000.000,0000.000,1023
 
000027824,000000000,000000000,0000.000,0000.000,0000.000,1023
 
000027844,000000000,000000000,0000.000,0000.000,0000.000,1023
 
000027864,000000000,000000000,0000.000,0000.000,0000.000,1023
 
000027884,000000000,000000000,0000.000,0000.000,0000.000,1023
 
000027904,000000000,000000000,0000.000,0000.000,0000.000,1023
 
000027924,000000000,000000000,0000.000,0000.000,0000.000,1023
 
000027943,000000000,000000000,0000.000,0000.000,0000.000,0019
 
000027963,000000000,000000000,0000.000,0000.000,0000.000,0159
 
000027983,000000000,000000000,0000.000,0000.000,0000.000,0016
 
000028003,000000000,000000000,0000.000,0000.000,0000.000,0010
 
000028023,000000000,000000000,0000.000,0000.000,0000.000,0012
 
000028043,000000000,000000000,0000.000,0000.000,0000.000,0013
 
000028063,000000000,000000000,0000.000,0000.000,0000.000,0008
 
000028083,000000000,000000000,0000.000,0000.000,0000.000,0008
 
000028103,000000000,000000000,0000.000,0000.000,0000.000,0015
 
000028123,000000000,000000000,0000.000,0000.000,0000.000,0011
 
000028143,000000000,000000000,0000.000,0000.000,0000.000,0011
 
000028163,000000000,000000000,0000.000,0000.000,0000.000,0007
 
000028183,000000000,000000000,0000.000,0000.000,0000.000,0007
 
000028203,000000000,000000000,0000.000,0000.000,0000.000,0010
 
000028223,000000000,-00000001,0000.000,0000.000,0000.000,0010
 
000028243,000000000,000000000,0000.000,0000.000,0000.000,0010
 
000028263,000000000,000000000,0000.000,0000.000,0000.000,0007
 
000028283,000000001,000000000,0000.000,0000.000,0000.000,0006
 
000028303,000000000,000000000,0000.000,0000.000,0000.000,0006
 
000028323,000000000,000000000,0000.000,0000.000,0000.000,0008
 
000028343,000000000,000000000,0000.000,0000.000,0000.000,0007
 
000028363,000000000,-00000001,0000.000,0000.000,0000.000,0010
 
000028383,000000000,000000000,0000.000,0000.000,0000.000,0006
 
000028403,000000000,000000000,0000.000,0000.000,0000.000,0153
 
000028423,000000000,000000000,0000.000,0000.000,0000.000,0008
 
000028443,000000000,000000001,0000.000,0000.000,0000.000,0008
 
000028463,000000000,000000000,0000.000,0000.000,0000.000,0153
 
000028483,000000000,000000000,0000.000,0000.000,0000.000,0153
 
000028503,000000000,-00000001,0000.000,0000.000,0000.000,0006
 
000028523,000000000,000000000,0000.000,0000.000,0000.000,0153
 
000028543,000000000,-00000001,0000.000,0000.000,0000.000,0153
 
000028563,-00000001,-00000001,0000.000,0000.000,0000.000,0153
 
000028583,000000000,-00000003,0000.000,0000.000,0000.000,0153
 
000028603,000000001,-00000005,0000.000,0000.000,0000.000,0153
 
000028623,000000003,-00000009,0000.000,0000.000,0000.000,0153
 
000028643,000000001,-00000018,0000.000,0000.000,0000.000,0153
 
000028663,000000000,-00000027,0000.000,0000.000,0000.000,0152
 
000028683,000000000,-00000032,0000.000,0000.000,0000.000,0153
 
000028703,-00000002,-00000031,0000.000,0000.000,0000.000,0153
 
000028723,000000003,-00000025,0000.000,0000.000,0000.000,0152
 
000028743,000000003,-00000026,0000.000,0000.000,0000.000,0153
 
000028763,000000001,-00000034,0000.000,0000.000,0000.000,0152
 
000028783,000000002,-00000040,0000.000,0000.000,0000.000,0152
 
000028803,000000004,-00000039,0000.000,0000.000,0000.000,0152
 
000028823,000000001,-00000035,0000.000,0000.000,0000.000,0152
 
000028843,000000002,-00000034,0000.000,0000.000,0000.000,0153
 
000028863,000000002,-00000038,0000.000,0000.000,0000.000,0153
 
000028883,000000001,-00000040,0000.000,0000.000,0000.000,0153
 
000028903,000000000,-00000032,0000.000,0000.000,0000.000,0153
 
000028923,-00000002,-00000023,0000.000,0000.000,0000.000,0153
 
000028943,-00000001,-00000025,0000.000,0000.000,0000.000,0152
 
000028963,-00000001,-00000023,0000.000,0000.000,0000.000,0152
 
000028983,000000000,-00000024,0000.000,0000.000,0000.000,0153
 
000029003,-00000001,-00000023,0000.000,0000.000,0000.000,0152
 
000029023,-00000001,-00000022,0000.000,0000.000,0000.000,0153
 
000029043,-00000002,-00000025,0000.000,0000.000,0000.000,0152
 
000029063,-00000002,-00000025,0000.000,0000.000,0000.000,0006
 
000029083,-00000001,-00000020,0000.000,0000.000,0000.000,0008
 
000029103,000000000,-00000019,0000.000,0000.000,0000.000,0152
 
000029123,000000004,-00000019,0000.000,0000.000,0000.000,0152
 
000029143,000000006,-00000021,0000.000,0000.000,0000.000,0153
 
000029163,000000004,-00000021,0000.000,0000.000,0000.000,0006
 
000029183,000000001,-00000021,0000.000,0000.000,0000.000,0007
 
000029203,000000000,-00000023,0000.000,0000.000,0000.000,0007
 
000029223,000000000,-00000021,0000.000,0000.000,0000.000,0007
 
000029243,-00000001,-00000025,0000.000,0000.000,0000.000,0007
 
000029263,000000001,-00000019,0000.000,0000.000,0000.000,0007
 
000029283,000000001,-00000017,0000.000,0000.000,0000.000,0007
 
000029303,-00000001,-00000014,0000.000,0000.000,0000.000,0007
 
000029323,-00000001,-00000013,0000.000,0000.000,0000.000,0007
 
000029343,000000000,-00000011,0000.000,0000.000,0000.000,0006
 
000029363,000000001,-00000015,0000.000,0000.000,0000.000,0008
 
000029383,000000002,-00000021,0000.000,0000.000,0000.000,0006
 
000029403,000000000,-00000028,0000.000,0000.000,0000.000,0007
 
000029423,-00000002,-00000031,0000.000,0000.000,0000.000,0007
 
000029443,-00000002,-00000031,0000.000,0000.000,0000.000,0007
 
000029463,000000001,-00000031,0000.000,0000.000,0000.000,0007
 
000029483,000000002,-00000032,0000.000,0000.000,0000.000,0007
 
000029503,000000002,-00000033,0000.000,0000.000,0000.000,0007
 
000029523,000000003,-00000031,0000.000,0000.000,0000.000,0007
 
000029543,000000003,-00000026,0000.000,0000.000,0000.000,0007
 
000029563,000000002,-00000021,0000.000,0000.000,0000.000,0007
 
000029583,000000002,-00000015,0000.000,0000.000,0000.000,0152
 
000029603,000000001,-00000009,0000.000,0000.000,0000.000,0152
 
000029623,000000000,-00000004,0000.000,0000.000,0000.000,0152
 
000029643,000000000,-00000007,0000.000,0000.000,0000.000,0152
 
000029663,000000000,-00000011,0000.000,0000.000,0000.000,0153
 
000029683,000000000,-00000015,0000.000,0000.000,0000.000,0153
 
000029703,000000000,-00000014,0000.000,0000.000,0000.000,0152
 
000029723,000000000,-00000014,0000.000,0000.000,0000.000,0153
 
000029743,000000000,-00000019,0000.000,0000.000,0000.000,0153
 
000029763,-00000001,-00000022,0000.000,0000.000,0000.000,0152
 
000029783,-00000002,-00000027,0000.000,0000.000,0000.000,0007
 
000029803,000000000,-00000031,0000.000,0000.000,0000.000,0153
 
000029823,-00000001,-00000034,0000.000,0000.000,0000.000,0153
 
000029843,-00000002,-00000035,0000.000,0000.000,0000.000,0153
 
000029863,000000000,-00000036,0000.000,0000.000,0000.000,0006
 
000029883,000000000,-00000031,0000.000,0000.000,0000.000,0007
 
000029903,000000000,-00000027,0000.000,0000.000,0000.000,0007
 
000029923,000000000,-00000025,0000.000,0000.000,0000.000,0007
 
000029943,000000000,-00000018,0000.000,0000.000,0000.000,0007
 
000029963,-00000001,-00000013,0000.000,0000.000,0000.000,0007
 
000029983,-00000001,-00000009,0000.000,0000.000,0000.000,0007
 
000030003,-00000001,-00000012,0000.000,0000.000,0000.000,0007
 
000030023,-00000002,-00000017,0000.000,0000.000,0000.000,0007
 
000030043,-00000002,-00000025,0000.000,0000.000,0000.000,0007
 
000030063,-00000002,-00000025,0000.000,0000.000,0000.000,0007
 
000030083,-00000001,-00000029,0000.000,0000.000,0000.000,0007
 
000030103,-00000007,-00000033,0000.000,0000.000,0000.000,0007
 
000030123,-00000008,-00000037,0000.000,0000.000,0000.000,0007
 
000030143,-00000003,-00000030,0000.000,0000.000,0000.000,0007
 
000030163,000000000,-00000025,0000.000,0000.000,0000.000,0007
 
000030183,000000000,-00000019,0000.000,0000.000,0000.000,0006
 
000030203,000000000,-00000017,0000.000,0000.000,0000.000,0007
 
000030223,000000000,-00000013,0000.000,0000.000,0000.000,0007
 
000030243,000000002,-00000011,0000.000,0000.000,0000.000,0008
 
000030263,000000002,-00000011,0000.000,0000.000,0000.000,0006
 
000030283,000000002,-00000013,0000.000,0000.000,0000.000,0007
 
000030303,000000000,-00000013,0000.000,0000.000,0000.000,0153
 
000030323,000000000,-00000014,0000.000,0000.000,0000.000,0152
 
000030343,000000000,-00000018,0000.000,0000.000,0000.000,0153
 
000030363,000000000,-00000019,0000.000,0000.000,0000.000,0152
 
000030383,-00000001,-00000019,0000.000,0000.000,0000.000,0152
 
000030403,-00000001,-00000019,0000.000,0000.000,0000.000,0152
 
000030423,-00000004,-00000025,0000.000,0000.000,0000.000,0152
 
000030443,-00000002,-00000022,0000.000,0000.000,0000.000,0152
 
000030463,000000001,-00000022,0000.000,0000.000,0000.000,0152
 
000030483,000000002,-00000019,0000.000,0000.000,0000.000,0153
 
000030503,000000003,-00000015,0000.000,0000.000,0000.000,0152
 
000030523,000000003,-00000011,0000.000,0000.000,0000.000,0153
 
000030543,000000002,-00000007,0000.000,0000.000,0000.000,0153
 
000030563,000000001,-00000005,0000.000,0000.000,0000.000,0153
 
000030583,000000001,-00000006,0000.000,0000.000,0000.000,0007
 
000030603,000000001,-00000009,0000.000,0000.000,0000.000,0007
 
000030623,000000000,-00000013,0000.000,0000.000,0000.000,0153
 
000030643,000000000,-00000025,0000.000,0000.000,0000.000,0153
 
000030663,-00000002,-00000018,0000.000,0000.000,0000.000,0006
 
000030683,000000000,-00000012,0000.000,0000.000,0000.000,0008
 
000030703,000000000,-00000008,0000.000,0000.000,0000.000,0007
 
000030723,000000000,-00000011,0000.000,0000.000,0000.000,0007
 
000030743,000000001,-00000011,0000.000,0000.000,0000.000,0007
 
000030763,000000002,-00000010,0000.000,0000.000,0000.000,0007
 
000030783,000000000,-00000009,0000.000,0000.000,0000.000,0007
 
000030803,000000000,-00000008,0000.000,0000.000,0000.000,0007
 
000030823,000000000,-00000010,0000.000,0000.000,0000.000,0008
 
000030843,000000000,-00000009,0000.000,0000.000,0000.000,0007
 
000030863,000000000,-00000010,0000.000,0000.000,0000.000,0006
 
000030883,000000000,-00000013,0000.000,0000.000,0000.000,0008
 
000030903,000000000,-00000011,0000.000,0000.000,0000.000,0006
 
000030923,000000000,-00000013,0000.000,0000.000,0000.000,0008
 
000030943,000000002,-00000014,0000.000,0000.000,0000.000,0007
 
000030963,000000003,-00000017,0000.000,0000.000,0000.000,0007
 
000030983,000000002,-00000021,0000.000,0000.000,0000.000,0006
 
000031003,000000000,-00000024,0000.000,0000.000,0000.000,0007
 
000031023,-00000002,-00000021,0000.000,0000.000,0000.000,0154
 
000031043,-00000002,-00000017,0000.000,0000.000,0000.000,0153
 
000031063,000000000,-00000010,0000.000,0000.000,0000.000,0153
 
000031083,000000001,-00000006,0000.000,0000.000,0000.000,0153
 
000031103,000000000,-00000006,0000.000,0000.000,0000.000,0153
 
000031123,000000000,-00000004,0000.000,0000.000,0000.000,0153
 
000031143,-00000001,-00000002,0000.000,0000.000,0000.000,0152
 
000031163,000000000,-00000002,0000.000,0000.000,0000.000,0153
 
000031183,-00000001,-00000004,0000.000,0000.000,0000.000,0153
 
000031203,-00000001,-00000008,0000.000,0000.000,0000.000,0152
 
000031223,000000000,-00000013,0000.000,0000.000,0000.000,0152
 
000031243,000000000,-00000013,0000.000,0000.000,0000.000,0153
 
000031263,-00000002,-00000013,0000.000,0000.000,0000.000,0153
 
000031283,000000000,-00000013,0000.000,0000.000,0000.000,0007
 
000031303,000000000,-00000011,0000.000,0000.000,0000.000,0007
 
000031323,000000000,-00000013,0000.000,0000.000,0000.000,0153
 
000031343,000000000,-00000013,0000.000,0000.000,0000.000,0152
 
000031363,000000000,-00000006,0000.000,0000.000,0000.000,0153
 
000031383,000000000,-00000001,0000.000,0000.000,0000.000,0006
 
000031403,000000000,-00000001,0000.000,0000.000,0000.000,0153
 
000031423,000000000,000000000,0000.000,0000.000,0000.000,0006
 
000031443,000000000,-00000001,0000.000,0000.000,0000.000,0007
 
000031463,-00000001,-00000002,0000.000,0000.000,0000.000,0007
 
000031483,-00000001,-00000007,0000.000,0000.000,0000.000,0007
 
000031503,-00000002,-00000013,0000.000,0000.000,0000.000,0007
 
000031523,-00000001,-00000016,0000.000,0000.000,0000.000,0008
 
000031543,-00000002,-00000018,0000.000,0000.000,0000.000,0006
 
000031563,-00000001,-00000019,0000.000,0000.000,0000.000,0006
 
000031583,000000000,-00000019,0000.000,0000.000,0000.000,0007
 
000031603,000000000,-00000017,0000.000,0000.000,0000.000,0008
 
000031623,000000001,-00000016,0000.000,0000.000,0000.000,0007
 
000031643,000000001,-00000016,0000.000,0000.000,0000.000,0007
 
000031663,000000000,-00000016,0000.000,0000.000,0000.000,0007
 
000031683,000000000,-00000013,0000.000,0000.000,0000.000,0007
 
000031703,-00000001,-00000013,0000.000,0000.000,0000.000,0007
 
000031723,-00000001,-00000011,0000.000,0000.000,0000.000,0006
 
000031743,-00000001,-00000009,0000.000,0000.000,0000.000,0153
 
000031763,000000000,-00000008,0000.000,0000.000,0000.000,0153
 
000031783,000000000,-00000012,0000.000,0000.000,0000.000,0152
 
000031803,-00000002,-00000016,0000.000,0000.000,0000.000,0152
 
000031823,000000000,-00000023,0000.000,0000.000,0000.000,0153
 
000031843,000000001,-00000021,0000.000,0000.000,0000.000,0152
 
000031863,000000003,-00000018,0000.000,0000.000,0000.000,0152
 
000031883,000000003,-00000015,0000.000,0000.000,0000.000,0152
 
000031903,000000004,-00000017,0000.000,0000.000,0000.000,0153
 
000031923,000000008,-00000023,0000.000,0000.000,0000.000,0153
 
000031943,000000006,-00000025,0000.000,0000.000,0000.000,0152
 
000031963,000000004,-00000014,0000.000,0000.000,0000.000,0152
 
000031983,000000002,-00000006,0000.000,0000.000,0000.000,0153
 
000032003,000000002,-00000002,0000.000,0000.000,0000.000,0153
 
000032023,000000001,-00000001,0000.000,0000.000,0000.000,0007
 
000032043,000000000,000000000,0000.000,0000.000,0000.000,0007
 
000032063,000000001,-00000001,0000.000,0000.000,0000.000,0153
 
000032083,000000002,-00000001,0000.000,0000.000,0000.000,0007
 
000032103,000000002,000000000,0000.000,0000.000,0000.000,0007
 
000032123,000000003,-00000007,0000.000,0000.000,0000.000,0153
 
000032143,000000001,-00000011,0000.000,0000.000,0000.000,0008
 
000032163,000000000,-00000013,0000.000,0000.000,0000.000,0006
 
000032183,000000000,-00000010,0000.000,0000.000,0000.000,0007
 
000032203,000000000,-00000007,0000.000,0000.000,0000.000,0007
 
000032223,000000001,-00000009,0000.000,0000.000,0000.000,0007
 
000032243,000000002,-00000015,0000.000,0000.000,0000.000,0006
 
000032263,000000002,-00000022,0000.000,0000.000,0000.000,0006
 
000032283,000000001,-00000023,0000.000,0000.000,0000.000,0007
 
000032303,000000000,-00000016,0000.000,0000.000,0000.000,0007
 
000032323,000000000,-00000008,0000.000,0000.000,0000.000,0008
 
000032343,000000000,-00000002,0000.000,0000.000,0000.000,0007
 
000032363,000000000,000000000,0000.000,0000.000,0000.000,0006
 
000032383,000000000,000000000,0000.000,0000.000,0000.000,0007
 
000032403,000000000,000000000,0000.000,0000.000,0000.000,0007
 
000032423,000000000,000000000,0000.000,0000.000,0000.000,0007
 
000032443,000000001,000000000,0000.000,0000.000,0000.000,0008
 
000032463,000000000,000000000,0000.000,0000.000,0000.000,0007
 
000032483,000000000,000000000,0000.000,0000.000,0000.000,0007
 
000032503,000000000,000000000,0000.000,0000.000,0000.000,0007
 
000032523,000000000,000000001,0000.000,0000.000,0000.000,0006
 
000032543,000000000,000000000,0000.000,0000.000,0000.000,0007
 
000032563,000000000,000000000,0000.000,0000.000,0000.000,0007
 
000032583,000000000,000000000,0000.000,0000.000,0000.000,0007
 
000032603,000000000,000000000,0000.000,0000.000,0000.000,0155
 
000032623,000000000,000000000,0000.000,0000.000,0000.000,0157
 
000032643,000000000,000000000,0000.000,0000.000,0000.000,0157
 
000032664,000000000,000000000,0000.000,0000.000,0000.000,1023
 
000032684,000000000,000000000,0000.000,0000.000,0000.000,1023
 
000032704,000000000,000000000,0000.000,0000.000,0000.000,1023
 
000032724,000000000,000000001,0000.000,0000.000,0000.000,1023
 
000032744,000000000,000000000,0000.000,0000.000,0000.000,1023
 
000032764,000000000,000000000,0000.000,0000.000,0000.000,1023
 
000032784,000000000,000000000,0000.000,0000.000,0000.000,1023
 
000032803,000000000,000000000,0000.000,0000.000,0000.000,0022
 
000032823,000000000,000000000,0000.000,0000.000,0000.000,0018
 
000032843,000000000,000000000,0000.000,0000.000,0000.000,0015
 
000032863,000000000,000000000,0000.000,0000.000,0000.000,0011
 
000032883,000000000,000000000,0000.000,0000.000,0000.000,0011
 
000032903,000000000,000000000,0000.000,0000.000,0000.000,0009
 
000032923,000000000,000000000,0000.000,0000.000,0000.000,0154
 
000032943,000000000,000000000,0000.000,0000.000,0000.000,0010
 
000032963,000000000,000000000,0000.000,0000.000,0000.000,0010
 
000032983,000000000,000000000,0000.000,0000.000,0000.000,0008
 
000033003,000000000,000000000,0000.000,0000.000,0000.000,0008
 
000033023,000000000,000000000,0000.000,0000.000,0000.000,0011
 
000033043,000000000,000000000,0000.000,0000.000,0000.000,0007
 
000033063,000000000,000000000,0000.000,0000.000,0000.000,0008
 
000033083,000000000,000000000,0000.000,0000.000,0000.000,0010
 
000033103,000000000,000000000,0000.000,0000.000,0000.000,0011
 
000033123,000000000,000000000,0000.000,0000.000,0000.000,0010
 
000033143,000000000,000000000,0000.000,0000.000,0000.000,0010
 
000033163,000000000,000000000,0000.000,0000.000,0000.000,0009
 
000033183,000000000,000000000,0000.000,0000.000,0000.000,0007
 
000033203,000000000,000000000,0000.000,0000.000,0000.000,0013
 
000033223,000000000,000000000,0000.000,0000.000,0000.000,0011
 
000033243,000000000,000000000,0000.000,0000.000,0000.000,0011
 
000033263,000000000,000000000,0000.000,0000.000,0000.000,0009
 
000033283,000000000,000000000,0000.000,0000.000,0000.000,0013
 
000033303,000000000,000000000,0000.000,0000.000,0000.000,0010
 
000033323,000000000,000000000,0000.000,0000.000,0000.000,0012
 
000033343,000000000,000000000,0000.000,0000.000,0000.000,0156
 
000033363,000000000,000000000,0000.000,0000.000,0000.000,0154
 
000033383,000000001,000000000,0000.000,0000.000,0000.000,0155
 
000033403,000000000,000000000,0000.000,0000.000,0000.000,0154
 
000033423,000000000,000000000,0000.000,0000.000,0000.000,0156
 
000033443,000000000,000000000,0000.000,0000.000,0000.000,0154
 
000033463,000000000,000000000,0000.000,0000.000,0000.000,0154
 
000033483,000000000,000000000,0000.000,0000.000,0000.000,0154
 
000033503,000000000,000000000,0000.000,0000.000,0000.000,0155
 
000033523,000000000,000000000,0000.000,0000.000,0000.000,0156
 
000033543,000000000,000000000,0000.000,0000.000,0000.000,0156
 
000033563,000000000,000000000,0000.000,0000.000,0000.000,0156
 
000033583,000000000,000000000,0000.000,0000.000,0000.000,0006
 
000033603,000000000,000000000,0000.000,0000.000,0000.000,0009
 
000033623,000000000,000000000,0000.000,0000.000,0000.000,0155
 
000033643,-00000001,000000000,0000.000,0000.000,0000.000,0010
 
000033663,000000000,-00000001,0000.000,0000.000,0000.000,0010
 
000033683,-00000002,-00000001,0000.000,0000.000,0000.000,0014
 
000033703,000000000,-00000001,0000.000,0000.000,0000.000,0006
 
000033723,000000002,-00000005,0000.000,0000.000,0000.000,0009
 
000033743,000000037,-00000024,0000.000,0000.000,0000.000,0008
 
000033763,000000076,-00000055,0000.000,0000.000,0000.000,0007
 
000033783,000000033,-00000027,0000.000,0000.000,0000.000,0155
 
000033803,000000015,-00000013,0000.000,0000.000,0000.000,0156
 
000033823,000000012,-00000013,0000.000,0000.000,0000.000,0010
 
000033843,000000012,-00000013,0000.000,0000.000,0000.000,0154
 
000033863,000000011,-00000013,0000.000,0000.000,0000.000,0155
 
000033883,000000010,-00000013,0000.000,0000.000,0000.000,0155
 
000033903,000000008,-00000013,0000.000,0000.000,0000.000,0155
 
000033923,000000006,-00000007,0000.000,0000.000,0000.000,0155
 
000033943,000000006,-00000007,0000.000,0000.000,0000.000,0012
 
000033963,000000004,-00000007,0000.000,0000.000,0000.000,0008
 
000033983,000000004,-00000007,0000.000,0000.000,0000.000,0009
 
000034003,000000002,-00000004,0000.000,0000.000,0000.000,0010
 
000034023,000000002,-00000004,0000.000,0000.000,0000.000,0012
 
000034043,000000001,-00000002,0000.000,0000.000,0000.000,0012
 
000034063,000000001,-00000001,0000.000,0000.000,0000.000,0011
 
000034083,000000000,000000000,0000.000,0000.000,0000.000,0157
 
000034103,000000000,000000000,0000.000,0000.000,0000.000,0155
 
000034123,000000000,000000000,0000.000,0000.000,0000.000,0156
 
000034143,000000000,000000000,0000.000,0000.000,0000.000,0155
 
000034163,000000000,000000000,0000.000,0000.000,0000.000,0154
 
000034183,000000000,000000000,0000.000,0000.000,0000.000,0154
 
000034203,000000000,000000000,0000.000,0000.000,0000.000,0155
 
000034223,000000000,000000000,0000.000,0000.000,0000.000,0155
 
000034243,000000000,000000000,0000.000,0000.000,0000.000,0155
 
000034263,000000000,000000000,0000.000,0000.000,0000.000,0155
 
000034283,000000000,000000000,0000.000,0000.000,0000.000,0154
 
000034303,000000000,000000000,0000.000,0000.000,0000.000,0155
 
000034323,000000000,000000000,0000.000,0000.000,0000.000,0155
 
000034343,000000000,000000000,0000.000,0000.000,0000.000,0156
 
000034363,000000000,000000000,0000.000,0000.000,0000.000,0008
 
000034383,000000000,000000000,0000.000,0000.000,0000.000,0012
 
000034403,000000000,000000000,0000.000,0000.000,0000.000,0010
 
000034423,000000000,000000000,0000.000,0000.000,0000.000,0017
 
000034443,000000000,000000000,0000.000,0000.000,0000.000,0014
 
000034463,000000000,000000000,0000.000,0000.000,0000.000,0012
 
000034483,000000000,000000000,0000.000,0000.000,0000.000,0012
 
000034503,000000000,000000000,0000.000,0000.000,0000.000,0008
 
000034523,000000000,000000000,0000.000,0000.000,0000.000,0010
 
000034543,000000000,000000000,0000.000,0000.000,0000.000,0013
 
000034563,000000000,000000000,0000.000,0000.000,0000.000,0010
 
000034583,000000000,000000000,0000.000,0000.000,0000.000,0010
 
000034603,000000000,000000000,0000.000,0000.000,0000.000,0009
 
000034623,000000000,000000000,0000.000,0000.000,0000.000,0005
 
000034643,000000000,000000000,0000.000,0000.000,0000.000,0010
 
000034663,000000000,000000000,0000.000,0000.000,0000.000,0011
 
000034683,-00000004,000000001,0000.000,0000.000,0000.000,0004
 
000034703,-00000025,000000013,0000.000,0000.000,0000.000,0015
 
000034723,-00000043,000000026,0000.000,0000.000,0000.000,0155
 
000034743,-00000037,000000020,0000.000,0000.000,0000.000,0155
 
000034763,-00000019,-00000002,0000.000,0000.000,0000.000,0155
 
000034783,-00000004,-00000030,0000.000,0000.000,0000.000,0154
 
000034803,000000002,-00000040,0000.000,0000.000,0000.000,0154
 
000034823,000000006,-00000027,0000.000,0000.000,0000.000,0156
 
000034843,000000001,-00000001,0000.000,0000.000,0000.000,0155
 
000034863,000000000,000000007,0000.000,0000.000,0000.000,0155
 
000034883,-00000006,000000009,0000.000,0000.000,0000.000,0156
 
000034903,-00000022,000000022,0000.000,0000.000,0000.000,0155
 
000034923,-00000028,000000028,0000.000,0000.000,0000.000,0009
 
000034943,-00000015,000000015,0000.000,0000.000,0000.000,0154
 
000034963,-00000001,000000001,0000.000,0000.000,0000.000,0011
 
000034983,000000000,000000000,0000.000,0000.000,0000.000,0156
 
000035003,-00000001,000000000,0000.000,0000.000,0000.000,0156
 
000035023,000000000,000000001,0000.000,0000.000,0000.000,0009
 
000035043,000000000,000000000,0000.000,0000.000,0000.000,0156
 
000035063,000000000,000000000,0000.000,0000.000,0000.000,0153
 
000035083,000000000,000000000,0000.000,0000.000,0000.000,0007
 
000035103,000000000,000000000,0000.000,0000.000,0000.000,0011
 
000035123,000000000,000000000,0000.000,0000.000,0000.000,0007
 
000035143,000000000,000000000,0000.000,0000.000,0000.000,0155
 
000035163,000000000,000000000,0000.000,0000.000,0000.000,0010
 
000035183,000000000,000000000,0000.000,0000.000,0000.000,0008
 
000035203,000000000,000000000,0000.000,0000.000,0000.000,0153
 
000035223,000000000,000000000,0000.000,0000.000,0000.000,0012
 
000035243,000000000,000000000,0000.000,0000.000,0000.000,0011
 
000035263,000000000,000000000,0000.000,0000.000,0000.000,0008
 
000035283,000000000,000000000,0000.000,0000.000,0000.000,0007
 
000035303,000000000,000000000,0000.000,0000.000,0000.000,0009
 
000035323,000000000,000000000,0000.000,0000.000,0000.000,0016
 
000035343,000000000,000000000,0000.000,0000.000,0000.000,0013
 
000035363,000000000,000000000,0000.000,0000.000,0000.000,0013
 
000035383,000000000,000000000,0000.000,0000.000,0000.000,0015
 
000035403,000000000,000000000,0000.000,0000.000,0000.000,0009
 
000035423,000000000,000000000,0000.000,0000.000,0000.000,0009
 
000035443,000000000,000000000,0000.000,0000.000,0000.000,0153
 
000035463,000000000,000000000,0000.000,0000.000,0000.000,0155
 
000035483,000000000,000000000,0000.000,0000.000,0000.000,0154
 
000035503,000000000,000000000,0000.000,0000.000,0000.000,0015
 
000035523,000000000,000000000,0000.000,0000.000,0000.000,0155
 
000035543,000000000,000000000,0000.000,0000.000,0000.000,0157
 
000035563,000000000,000000000,0000.000,0000.000,0000.000,0155
 
000035583,000000000,000000000,0000.000,0000.000,0000.000,0008
 
000035603,000000000,000000000,0000.000,0000.000,0000.000,0007
 
000035623,000000000,000000000,0000.000,0000.000,0000.000,0017
 
000035643,000000000,000000000,0000.000,0000.000,0000.000,0010
 
000035663,000000000,000000000,0000.000,0000.000,0000.000,0155
 
000035683,000000000,000000000,0000.000,0000.000,0000.000,0156
 
000035703,000000000,000000000,0000.000,0000.000,0000.000,0155
 
000035723,000000000,000000000,0000.000,0000.000,0000.000,0154
 
000035743,000000000,000000000,0000.000,0000.000,0000.000,0157
 
000035763,000000000,000000000,0000.000,0000.000,0000.000,0155
 
000035783,000000000,000000000,0000.000,0000.000,0000.000,0012
 
000035803,000000000,000000000,0000.000,0000.000,0000.000,0009
 
000035823,000000000,000000000,0000.000,0000.000,0000.000,0012
 
000035843,000000000,000000000,0000.000,0000.000,0000.000,0005
 
000035863,000000000,000000000,0000.000,0000.000,0000.000,0156
 
000035883,000000000,000000000,0000.000,0000.000,0000.000,0009
 
000035903,000000000,000000000,0000.000,0000.000,0000.000,0156
 
000035923,000000000,000000000,0000.000,0000.000,0000.000,0009
 
000035943,000000000,000000000,0000.000,0000.000,0000.000,0009
 
000035963,000000000,000000000,0000.000,0000.000,0000.000,0155
 
000035983,000000000,000000000,0000.000,0000.000,0000.000,0009
 
000036003,000000000,000000000,0000.000,0000.000,0000.000,0008
 
000036023,000000000,000000000,0000.000,0000.000,0000.000,0010
 
000036043,000000000,000000000,0000.000,0000.000,0000.000,0009
 
000036063,000000000,000000000,0000.000,0000.000,0000.000,0011
 
000036083,000000000,000000000,0000.000,0000.000,0000.000,0004
 
000036103,000000000,000000000,0000.000,0000.000,0000.000,0006
 
000036123,000000000,000000000,0000.000,0000.000,0000.000,0015
 
000036143,000000000,000000000,0000.000,0000.000,0000.000,0011
 
000036163,000000000,000000000,0000.000,0000.000,0000.000,0012
 
000036183,000000000,000000000,0000.000,0000.000,0000.000,0012
 
000036203,000000000,000000000,0000.000,0000.000,0000.000,0013
 
000036223,000000000,000000000,0000.000,0000.000,0000.000,0006
 
000036243,000000000,000000000,0000.000,0000.000,0000.000,0007
 
000036263,000000000,000000000,0000.000,0000.000,0000.000,0007
 
000036283,000000000,000000000,0000.000,0000.000,0000.000,0010
 
000036303,000000000,000000000,0000.000,0000.000,0000.000,0009
 
000036323,000000000,000000000,0000.000,0000.000,0000.000,0156
 
000036343,000000000,000000000,0000.000,0000.000,0000.000,0154
 
000036363,000000000,000000000,0000.000,0000.000,0000.000,0155
 
000036383,000000000,000000000,0000.000,0000.000,0000.000,0155
 
000036403,000000000,000000000,0000.000,0000.000,0000.000,0155
 
000036423,000000000,000000000,0000.000,0000.000,0000.000,0155
 
000036443,000000000,000000000,0000.000,0000.000,0000.000,0156
 
000036463,000000000,000000000,0000.000,0000.000,0000.000,0156
 
000036483,000000000,000000000,0000.000,0000.000,0000.000,0154
 
000036503,000000000,000000000,0000.000,0000.000,0000.000,0155
 
000036523,000000000,000000000,0000.000,0000.000,0000.000,0155
 
000036543,000000000,000000000,0000.000,0000.000,0000.000,0156
 
000036563,000000000,000000000,0000.000,0000.000,0000.000,0011
 
000036583,000000000,000000000,0000.000,0000.000,0000.000,0011
 
000036603,000000000,000000000,0000.000,0000.000,0000.000,0155
 
000036623,000000000,000000000,0000.000,0000.000,0000.000,0011
 
000036643,000000000,000000000,0000.000,0000.000,0000.000,0013
 
000036663,000000000,000000000,0000.000,0000.000,0000.000,0010
 
000036683,000000000,000000000,0000.000,0000.000,0000.000,0012
 
000036703,000000000,000000000,0000.000,0000.000,0000.000,0011
 
000036723,000000000,000000000,0000.000,0000.000,0000.000,0010
 
000036743,000000000,000000000,0000.000,0000.000,0000.000,0009
 
000036763,000000000,000000000,0000.000,0000.000,0000.000,0005
 
000036783,000000000,000000000,0000.000,0000.000,0000.000,0005
 
000036803,000000000,000000000,0000.000,0000.000,0000.000,0007
 
000036823,000000000,000000000,0000.000,0000.000,0000.000,0008
 
000036843,000000000,000000000,0000.000,0000.000,0000.000,0012
 
000036863,000000000,000000000,0000.000,0000.000,0000.000,0010
 
000036883,000000000,000000000,0000.000,0000.000,0000.000,0007
 
000036903,000000000,000000000,0000.000,0000.000,0000.000,0007
 
000036923,000000000,000000000,0000.000,0000.000,0000.000,0016
 
000036943,000000000,000000000,0000.000,0000.000,0000.000,0009
 
000036963,000000000,000000000,0000.000,0000.000,0000.000,0014
 
000036983,000000000,000000000,0000.000,0000.000,0000.000,0011
 
000037003,000000000,000000000,0000.000,0000.000,0000.000,0009
 
000037023,000000000,000000000,0000.000,0000.000,0000.000,0012
 
000037043,000000000,000000000,0000.000,0000.000,0000.000,0008
 
000037063,000000000,000000000,0000.000,0000.000,0000.000,0005
 
000037083,000000000,000000000,0000.000,0000.000,0000.000,0013
 
000037103,000000000,000000000,0000.000,0000.000,0000.000,0012
 
000037123,000000000,000000000,0000.000,0000.000,0000.000,0155
 
000037143,000000000,000000000,0000.000,0000.000,0000.000,0154
 
000037163,000000000,000000000,0000.000,0000.000,0000.000,0009
 
000037183,000000000,000000000,0000.000,0000.000,0000.000,0153
 
000037203,000000000,000000000,0000.000,0000.000,0000.000,0008
 
