002928791,000000000,000000000,0000.000,0000.000,0000.000,
 
002928810,000000000,000000000,0000.000,0000.000,0000.000,
 
002928830,000000000,000000000,0000.000,0000.000,0000.000,
 
002928850,000000000,000000000,0000.000,0000.000,0000.000,
 
002928870,000000000,000000000,0000.000,0000.000,0000.000,
 
002928890,000000000,000000000,0000.000,0000.000,0000.000,
 
002928910,000000000,000000000,0000.000,0000.000,0000.000,
 
002928930,000000000,000000000,0000.000,0000.000,0000.000,
 
002928950,000000000,000000000,0000.000,0000.000,0000.000,
 
002928970,000000000,000000000,0000.000,0000.000,0000.000,
 
002928990,000000000,000000000,0000.000,0000.000,0000.000,
 
002929010,000000000,000000000,0000.000,0000.000,0000.000,
 
002929030,000000000,000000000,0000.000,0000.000,0000.000,
 
002929050,000000000,000000000,0000.000,0000.000,0000.000,
 
002929070,000000000,000000000,0000.000,0000.000,0000.000,
 
002929090,000000000,000000000,0000.000,0000.000,0000.000,
 
002929110,000000000,000000000,0000.000,0000.000,0000.000,
 
002929130,000000000,000000000,0000.000,0000.000,0000.000,
 
002929150,000000000,000000000,0000.000,0000.000,0000.000,
 
002929170,000000000,000000000,0000.000,0000.000,0000.000,
 
002929190,000000000,000000000,0000.000,0000.000,0000.000,
 
002929210,000000000,000000000,0000.000,0000.000,0000.000,
 
002929230,000000000,000000000,0000.000,0000.000,0000.000,
 
002929250,000000000,000000000,0000.000,0000.000,0000.000,
 
002929270,000000000,000000000,0000.000,0000.000,0000.000,
 
002929290,000000000,000000000,0000.000,0000.000,0000.000,
 
002929310,000000000,000000000,0000.000,0000.000,0000.000,
 
002929330,000000000,000000000,0000.000,0000.000,0000.000,
 
002929350,000000000,000000000,0000.000,0000.000,0000.000,
 
002929370,000000000,000000000,0000.000,0000.000,0000.000,
 
002929390,000000000,000000000,0000.000,0000.000,0000.000,
 
002929410,000000000,000000000,0000.000,0000.000,0000.000,
 
002929430,000000000,000000000,0000.000,0000.000,0000.000,
 
002929450,000000000,000000000,0000.000,0000.000,0000.000,
 
002929470,000000000,000000000,0000.000,0000.000,0000.000,
 
002929490,000000000,000000000,0000.000,0000.000,0000.000,
 
002929510,000000000,000000000,0000.000,0000.000,0000.000,
 
002929530,000000000,000000000,0000.000,0000.000,0000.000,
 
002929550,000000000,000000000,0000.000,0000.000,0000.000,
 
002929570,000000000,000000000,0000.000,0000.000,0000.000,
 
002929590,000000000,000000000,0000.000,0000.000,0000.000,
 
002929610,000000000,000000000,0000.000,0000.000,0000.000,
 
002929630,000000000,000000000,0000.000,0000.000,0000.000,
 
002929650,000000000,000000000,0000.000,0000.000,0000.000,
 
002929670,000000000,000000000,0000.000,0000.000,0000.000,
 
002929690,000000000,000000000,0000.000,0000.000,0000.000,
 
002929710,000000000,000000000,0000.000,0000.000,0000.000,
 
002929730,000000000,000000000,0000.000,0000.000,0000.000,
 
002929750,000000000,000000000,0000.000,0000.000,0000.000,
 
002929770,000000000,000000000,0000.000,0000.000,0000.000,
 
002929790,000000000,000000000,0000.000,0000.000,0000.000,
 
002929810,000000000,000000000,0000.000,0000.000,0000.000,
 
002929830,000000000,000000000,0000.000,0000.000,0000.000,
 
002929850,000000000,000000000,0000.000,0000.000,0000.000,
 
002929870,000000000,000000000,0000.000,0000.000,0000.000,
 
002929890,000000000,000000000,0000.000,0000.000,0000.000,
 
002929910,000000000,000000000,0000.000,0000.000,0000.000,
 
002929930,000000000,000000000,0000.000,0000.000,0000.000,
 
002929950,000000000,000000000,0000.000,0000.000,0000.000,
 
002929970,000000000,000000000,0000.000,0000.000,0000.000,
 
002929990,000000000,000000000,0000.000,0000.000,0000.000,
 
002930010,000000000,000000000,0000.000,0000.000,0000.000,
 
002930030,000000000,000000000,0000.000,0000.000,0000.000,
 
002930050,000000000,000000000,0000.000,0000.000,0000.000,
 
002930070,000000000,000000000,0000.000,0000.000,0000.000,
 
002930090,000000000,000000000,0000.000,0000.000,0000.000,
 
002930110,000000000,000000000,0000.000,0000.000,0000.000,
 
002930130,000000000,000000000,0000.000,0000.000,0000.000,
 
002930150,000000000,000000000,0000.000,0000.000,0000.000,
 
002930170,000000000,000000000,0000.000,0000.000,0000.000,
 
002930190,000000000,000000000,0000.000,0000.000,0000.000,
 
002930210,000000000,000000000,0000.000,0000.000,0000.000,
 
002930230,000000000,000000000,0000.000,0000.000,0000.000,
 
002930250,000000000,000000000,0000.000,0000.000,0000.000,
 
002930270,000000000,000000000,0000.000,0000.000,0000.000,
 
002930290,000000000,000000000,0000.000,0000.000,0000.000,
 
002930310,000000000,000000000,0000.000,0000.000,0000.000,
 
002930330,000000000,000000000,0000.000,0000.000,0000.000,
 
002930350,000000000,000000000,0000.000,0000.000,0000.000,
 
002930370,000000000,000000000,0000.000,0000.000,0000.000,
 
002930390,000000000,000000000,0000.000,0000.000,0000.000,
 
002930410,000000000,000000000,0000.000,0000.000,0000.000,
 
002930430,000000000,000000000,0000.000,0000.000,0000.000,
 
002930450,000000000,000000000,0000.000,0000.000,0000.000,
 
002930470,000000000,000000000,0000.000,0000.000,0000.000,
 
002930490,000000000,000000000,0000.000,0000.000,0000.000,
 
002930510,000000000,000000000,0000.000,0000.000,0000.000,
 
002930530,000000000,000000000,0000.000,0000.000,0000.000,
 
002930550,000000000,000000000,0000.000,0000.000,0000.000,
 
002930570,000000000,000000000,0000.000,0000.000,0000.000,
 
002930590,000000000,000000000,0000.000,0000.000,0000.000,
 
002930610,000000000,000000000,0000.000,0000.000,0000.000,
 
002930630,000000000,000000000,0000.000,0000.000,0000.000,
 
002930650,000000000,000000000,0000.000,0000.000,0000.000,
 
002930670,000000000,000000000,0000.000,0000.000,0000.000,
 
002930690,000000000,000000000,0000.000,0000.000,0000.000,
 
002930710,000000000,000000000,0000.000,0000.000,0000.000,
 
002930730,000000000,000000000,0000.000,0000.000,0000.000,
 
002930750,000000000,000000000,0000.000,0000.000,0000.000,
 
002930770,000000000,000000000,0000.000,0000.000,0000.000,
 
002930790,000000000,000000000,0000.000,0000.000,0000.000,
 
002930810,000000000,000000000,0000.000,0000.000,0000.000,
 
002930830,000000000,000000000,0000.000,0000.000,0000.000,
 
002930850,000000000,000000000,0000.000,0000.000,0000.000,
 
002930870,000000000,000000000,0000.000,0000.000,0000.000,
 
002930890,000000000,000000000,0000.000,0000.000,0000.000,
 
002930910,000000000,000000000,0000.000,0000.000,0000.000,
 
002930930,000000000,000000000,0000.000,0000.000,0000.000,
 
002930950,000000000,000000000,0000.000,0000.000,0000.000,
 
002930970,000000000,000000000,0000.000,0000.000,0000.000,
 
002930990,000000000,000000000,0000.000,0000.000,0000.000,
 
002931010,000000000,000000000,0000.000,0000.000,0000.000,
 
002931030,000000000,000000000,0000.000,0000.000,0000.000,
 
002931050,000000000,000000000,0000.000,0000.000,0000.000,
 
002931070,000000000,000000000,0000.000,0000.000,0000.000,
 
002931090,000000000,000000000,0000.000,0000.000,0000.000,
 
002931110,000000000,000000000,0000.000,0000.000,0000.000,
 
002931130,000000000,000000000,0000.000,0000.000,0000.000,
 
002931150,000000000,000000000,0000.000,0000.000,0000.000,
 
002931170,000000000,000000000,0000.000,0000.000,0000.000,
 
002931190,000000000,000000000,0000.000,0000.000,0000.000,
 
002931210,000000000,000000000,0000.000,0000.000,0000.000,
 
002931230,000000000,000000000,0000.000,0000.000,0000.000,
 
002931250,000000000,000000000,0000.000,0000.000,0000.000,
 
002931270,000000000,000000000,0000.000,0000.000,0000.000,
 
002931290,000000000,000000000,0000.000,0000.000,0000.000,
 
002931310,000000000,000000000,0000.000,0000.000,0000.000,
 
002931330,000000000,000000000,0000.000,0000.000,0000.000,
 
002931350,000000000,000000000,0000.000,0000.000,0000.000,
 
002931370,000000000,000000000,0000.000,0000.000,0000.000,
 
002931390,000000000,000000000,0000.000,0000.000,0000.000,
 
002931410,000000000,000000000,0000.000,0000.000,0000.000,
 
002931430,000000000,000000000,0000.000,0000.000,0000.000,
 
002931450,000000000,000000000,0000.000,0000.000,0000.000,
 
002931470,000000000,-00000002,0000.000,0000.000,0000.000,
 
002931490,000000000,-00000007,0000.000,0000.000,0000.000,
 
002931510,000000000,-00000011,0000.000,0000.000,0000.000,
 
002931530,000000000,-00000014,0000.000,0000.000,0000.000,
 
002931550,000000000,-00000017,0000.000,0000.000,0000.000,
 
002931570,000000000,-00000025,0000.000,0000.000,0000.000,
 
002931590,000000000,-00000017,0000.000,0000.000,0000.000,
 
002931610,000000001,-00000025,0000.000,0000.000,0000.000,
 
002931630,000000000,-00000014,0000.000,0000.000,0000.000,
 
002931650,000000001,-00000011,0000.000,0000.000,0000.000,
 
002931670,000000001,-00000013,0000.000,0000.000,0000.000,
 
002931690,000000000,-00000010,0000.000,0000.000,0000.000,
 
002931710,000000001,-00000010,0000.000,0000.000,0000.000,
 
002931730,000000000,-00000013,0000.000,0000.000,0000.000,
 
002931750,000000000,-00000011,0000.000,0000.000,0000.000,
 
002931770,000000000,-00000012,0000.000,0000.000,0000.000,
 
002931790,000000000,-00000015,0000.000,0000.000,0000.000,
 
002931810,000000000,-00000018,0000.000,0000.000,0000.000,
 
002931830,000000000,-00000021,0000.000,0000.000,0000.000,
 
002931850,000000001,-00000025,0000.000,0000.000,0000.000,
 
002931870,000000002,-00000023,0000.000,0000.000,0000.000,
 
002931890,000000002,-00000027,0000.000,0000.000,0000.000,
 
002931910,000000002,-00000028,0000.000,0000.000,0000.000,
 
002931930,000000002,-00000031,0000.000,0000.000,0000.000,
 
002931950,000000001,-00000030,0000.000,0000.000,0000.000,
 
002931970,000000001,-00000027,0000.000,0000.000,0000.000,
 
002931990,000000001,-00000026,0000.000,0000.000,0000.000,
 
002932010,000000001,-00000022,0000.000,0000.000,0000.000,
 
002932030,000000000,-00000020,0000.000,0000.000,0000.000,
 
002932050,000000000,-00000025,0000.000,0000.000,0000.000,
 
002932070,000000000,-00000025,0000.000,0000.000,0000.000,
 
002932090,-00000001,-00000018,0000.000,0000.000,0000.000,
 
002932110,-00000001,-00000016,0000.000,0000.000,0000.000,
 
002932130,-00000002,-00000014,0000.000,0000.000,0000.000,
 
002932150,-00000001,-00000013,0000.000,0000.000,0000.000,
 
002932170,000000000,-00000012,0000.000,0000.000,0000.000,
 
002932190,000000000,-00000014,0000.000,0000.000,0000.000,
 
002932210,000000000,-00000017,0000.000,0000.000,0000.000,
 
002932230,000000000,-00000025,0000.000,0000.000,0000.000,
 
002932250,-00000001,-00000025,0000.000,0000.000,0000.000,
 
002932270,-00000001,-00000029,0000.000,0000.000,0000.000,
 
002932290,-00000001,-00000033,0000.000,0000.000,0000.000,
 
002932310,000000000,-00000034,0000.000,0000.000,0000.000,
 
002932330,000000000,-00000049,0000.000,0000.000,0000.000,
 
002932350,000000000,-00000036,0000.000,0000.000,0000.000,
 
002932370,000000000,-00000034,0000.000,0000.000,0000.000,
 
002932390,000000000,-00000029,0000.000,0000.000,0000.000,
 
002932410,000000000,-00000028,0000.000,0000.000,0000.000,
 
002932430,000000001,-00000024,0000.000,0000.000,0000.000,
 
002932450,000000002,-00000025,0000.000,0000.000,0000.000,
 
002932470,000000000,-00000025,0000.000,0000.000,0000.000,
 
002932490,-00000001,-00000027,0000.000,0000.000,0000.000,
 
002932510,-00000001,-00000026,0000.000,0000.000,0000.000,
 
002932530,-00000001,-00000026,0000.000,0000.000,0000.000,
 
002932550,-00000002,-00000025,0000.000,0000.000,0000.000,
 
002932570,-00000001,-00000027,0000.000,0000.000,0000.000,
 
002932590,000000000,-00000029,0000.000,0000.000,0000.000,
 
002932610,000000000,-00000031,0000.000,0000.000,0000.000,
 
002932630,-00000001,-00000032,0000.000,0000.000,0000.000,
 
002932650,-00000001,-00000033,0000.000,0000.000,0000.000,
 
002932670,-00000001,-00000034,0000.000,0000.000,0000.000,
 
002932690,000000000,-00000035,0000.000,0000.000,0000.000,
 
002932710,000000000,-00000034,0000.000,0000.000,0000.000,
 
002932730,-00000001,-00000036,0000.000,0000.000,0000.000,
 
002932750,-00000003,-00000049,0000.000,0000.000,0000.000,
 
002932770,-00000002,-00000039,0000.000,0000.000,0000.000,
 
002932790,-00000001,-00000041,0000.000,0000.000,0000.000,
 
002932810,-00000002,-00000041,0000.000,0000.000,0000.000,
 
002932830,-00000001,-00000044,0000.000,0000.000,0000.000,
 
002932850,000000000,-00000045,0000.000,0000.000,0000.000,
 
002932870,000000000,-00000047,0000.000,0000.000,0000.000,
 
002932890,000000000,-00000048,0000.000,0000.000,0000.000,
 
002932910,-00000001,-00000049,0000.000,0000.000,0000.000,
 
002932930,-00000001,-00000049,0000.000,0000.000,0000.000,
 
002932950,-00000002,-00000051,0000.000,0000.000,0000.000,
 
002932970,-00000001,-00000052,0000.000,0000.000,0000.000,
 
002932990,-00000001,-00000054,0000.000,0000.000,0000.000,
 
002933010,000000000,-00000054,0000.000,0000.000,0000.000,
 
002933030,000000001,-00000051,0000.000,0000.000,0000.000,
 
002933050,000000000,-00000051,0000.000,0000.000,0000.000,
 
002933070,000000000,-00000049,0000.000,0000.000,0000.000,
 
002933090,000000002,-00000047,0000.000,0000.000,0000.000,
 
002933110,000000003,-00000046,0000.000,0000.000,0000.000,
 
002933130,000000003,-00000044,0000.000,0000.000,0000.000,
 
002933150,000000005,-00000042,0000.000,0000.000,0000.000,
 
002933170,000000003,-00000042,0000.000,0000.000,0000.000,
 
002933190,000000003,-00000046,0000.000,0000.000,0000.000,
 
002933210,000000003,-00000045,0000.000,0000.000,0000.000,
 
002933230,000000004,-00000049,0000.000,0000.000,0000.000,
 
002933250,000000003,-00000043,0000.000,0000.000,0000.000,
 
002933270,000000002,-00000041,0000.000,0000.000,0000.000,
 
002933290,000000003,-00000042,0000.000,0000.000,0000.000,
 
002933310,000000003,-00000041,0000.000,0000.000,0000.000,
 
002933330,000000003,-00000040,0000.000,0000.000,0000.000,
 
002933350,000000000,-00000037,0000.000,0000.000,0000.000,
 
002933370,000000000,-00000035,0000.000,0000.000,0000.000,
 
002933390,000000000,-00000034,0000.000,0000.000,0000.000,
 
002933410,000000001,-00000036,0000.000,0000.000,0000.000,
 
002933430,000000002,-00000036,0000.000,0000.000,0000.000,
 
002933450,000000003,-00000036,0000.000,0000.000,0000.000,
 
002933470,000000002,-00000036,0000.000,0000.000,0000.000,
 
002933490,000000003,-00000038,0000.000,0000.000,0000.000,
 
002933510,000000003,-00000039,0000.000,0000.000,0000.000,
 
002933530,000000003,-00000039,0000.000,0000.000,0000.000,
 
002933550,000000004,-00000039,0000.000,0000.000,0000.000,
 
002933570,000000004,-00000039,0000.000,0000.000,0000.000,
 
002933590,000000003,-00000040,0000.000,0000.000,0000.000,
 
002933610,000000003,-00000040,0000.000,0000.000,0000.000,
 
002933630,000000002,-00000040,0000.000,0000.000,0000.000,
 
002933650,000000004,-00000040,0000.000,0000.000,0000.000,
 
002933670,000000004,-00000042,0000.000,0000.000,0000.000,
 
002933690,000000002,-00000041,0000.000,0000.000,0000.000,
 
002933710,000000002,-00000040,0000.000,0000.000,0000.000,
 
002933730,000000001,-00000039,0000.000,0000.000,0000.000,
 
002933750,000000002,-00000039,0000.000,0000.000,0000.000,
 
002933770,000000002,-00000049,0000.000,0000.000,0000.000,
 
002933790,000000002,-00000039,0000.000,0000.000,0000.000,
 
002933810,000000001,-00000039,0000.000,0000.000,0000.000,
 
002933830,000000001,-00000039,0000.000,0000.000,0000.000,
 
002933850,000000001,-00000049,0000.000,0000.000,0000.000,
 
002933870,000000000,-00000041,0000.000,0000.000,0000.000,
 
002933890,000000001,-00000049,0000.000,0000.000,0000.000,
 
002933910,000000001,-00000043,0000.000,0000.000,0000.000,
 
002933930,000000000,-00000049,0000.000,0000.000,0000.000,
 
002933950,000000000,-00000041,0000.000,0000.000,0000.000,
 
002933970,-00000001,-00000041,0000.000,0000.000,0000.000,
 
002933990,-00000001,-00000041,0000.000,0000.000,0000.000,
 
002934010,000000000,-00000041,0000.000,0000.000,0000.000,
 
002934030,000000000,-00000041,0000.000,0000.000,0000.000,
 
002934050,-00000001,-00000042,0000.000,0000.000,0000.000,
 
002934070,-00000001,-00000042,0000.000,0000.000,0000.000,
 
002934090,-00000001,-00000042,0000.000,0000.000,0000.000,
 
002934110,-00000001,-00000042,0000.000,0000.000,0000.000,
 
002934130,000000000,-00000041,0000.000,0000.000,0000.000,
 
002934150,000000000,-00000043,0000.000,0000.000,0000.000,
 
002934170,000000000,-00000043,0000.000,0000.000,0000.000,
 
002934190,000000002,-00000042,0000.000,0000.000,0000.000,
 
002934210,000000000,-00000039,0000.000,0000.000,0000.000,
 
002934230,-00000001,-00000039,0000.000,0000.000,0000.000,
 
002934250,-00000002,-00000041,0000.000,0000.000,0000.000,
 
002934270,-00000001,-00000044,0000.000,0000.000,0000.000,
 
002934290,000000000,-00000045,0000.000,0000.000,0000.000,
 
002934310,000000000,-00000047,0000.000,0000.000,0000.000,
 
002934330,000000000,-00000049,0000.000,0000.000,0000.000,
 
002934350,-00000001,-00000051,0000.000,0000.000,0000.000,
 
002934370,-00000002,-00000054,0000.000,0000.000,0000.000,
 
002934390,-00000002,-00000055,0000.000,0000.000,0000.000,
 
002934410,-00000001,-00000056,0000.000,0000.000,0000.000,
 
002934430,000000000,-00000054,0000.000,0000.000,0000.000,
 
002934450,000000000,-00000054,0000.000,0000.000,0000.000,
 
002934470,000000000,-00000055,0000.000,0000.000,0000.000,
 
002934490,-00000001,-00000053,0000.000,0000.000,0000.000,
 
002934510,000000000,-00000049,0000.000,0000.000,0000.000,
 
002934530,000000000,-00000047,0000.000,0000.000,0000.000,
 
002934550,-00000001,-00000045,0000.000,0000.000,0000.000,
 
002934570,000000000,-00000045,0000.000,0000.000,0000.000,
 
002934590,000000000,-00000044,0000.000,0000.000,0000.000,
 
002934610,-00000001,-00000045,0000.000,0000.000,0000.000,
 
002934630,000000000,-00000044,0000.000,0000.000,0000.000,
 
002934650,000000002,-00000045,0000.000,0000.000,0000.000,
 
002934670,000000001,-00000047,0000.000,0000.000,0000.000,
 
002934690,000000001,-00000049,0000.000,0000.000,0000.000,
 
002934710,000000000,-00000050,0000.000,0000.000,0000.000,
 
002934730,000000000,-00000051,0000.000,0000.000,0000.000,
 
002934750,000000000,-00000052,0000.000,0000.000,0000.000,
 
002934770,-00000001,-00000052,0000.000,0000.000,0000.000,
 
002934790,-00000002,-00000050,0000.000,0000.000,0000.000,
 
002934810,-00000002,-00000050,0000.000,0000.000,0000.000,
 
002934830,-00000002,-00000049,0000.000,0000.000,0000.000,
 
002934850,-00000001,-00000048,0000.000,0000.000,0000.000,
 
002934870,-00000001,-00000045,0000.000,0000.000,0000.000,
 
002934890,-00000001,-00000044,0000.000,0000.000,0000.000,
 
002934910,000000000,-00000045,0000.000,0000.000,0000.000,
 
002934930,000000001,-00000045,0000.000,0000.000,0000.000,
 
002934950,000000000,-00000045,0000.000,0000.000,0000.000,
 
002934970,000000001,-00000046,0000.000,0000.000,0000.000,
 
002934990,-00000001,-00000049,0000.000,0000.000,0000.000,
 
002935010,-00000002,-00000051,0000.000,0000.000,0000.000,
 
002935030,000000000,-00000050,0000.000,0000.000,0000.000,
 
002935050,000000001,-00000049,0000.000,0000.000,0000.000,
 
002935070,000000001,-00000048,0000.000,0000.000,0000.000,
 
002935090,000000000,-00000046,0000.000,0000.000,0000.000,
 
002935110,000000002,-00000046,0000.000,0000.000,0000.000,
 
002935130,000000000,-00000048,0000.000,0000.000,0000.000,
 
002935150,000000000,-00000050,0000.000,0000.000,0000.000,
 
002935170,000000001,-00000049,0000.000,0000.000,0000.000,
 
002935190,000000001,-00000049,0000.000,0000.000,0000.000,
 
002935210,000000001,-00000048,0000.000,0000.000,0000.000,
 
002935230,000000002,-00000049,0000.000,0000.000,0000.000,
 
002935250,000000000,-00000046,0000.000,0000.000,0000.000,
 
002935270,000000001,-00000046,0000.000,0000.000,0000.000,
 
002935290,000000000,-00000045,0000.000,0000.000,0000.000,
 
002935310,000000000,-00000042,0000.000,0000.000,0000.000,
 
002935330,000000002,-00000042,0000.000,0000.000,0000.000,
 
002935350,000000002,-00000043,0000.000,0000.000,0000.000,
 
002935370,000000001,-00000045,0000.000,0000.000,0000.000,
 
002935390,000000000,-00000044,0000.000,0000.000,0000.000,
 
002935410,000000000,-00000045,0000.000,0000.000,0000.000,
 
002935430,-00000001,-00000049,0000.000,0000.000,0000.000,
 
002935450,000000000,-00000044,0000.000,0000.000,0000.000,
 
002935470,-00000001,-00000045,0000.000,0000.000,0000.000,
 
002935490,-00000003,-00000047,0000.000,0000.000,0000.000,
 
002935510,-00000004,-00000048,0000.000,0000.000,0000.000,
 
002935530,-00000004,-00000048,0000.000,0000.000,0000.000,
 
002935550,-00000002,-00000047,0000.000,0000.000,0000.000,
 
002935570,-00000003,-00000045,0000.000,0000.000,0000.000,
 
002935590,-00000002,-00000045,0000.000,0000.000,0000.000,
 
002935610,-00000001,-00000049,0000.000,0000.000,0000.000,
 
002935630,-00000002,-00000044,0000.000,0000.000,0000.000,
 
002935650,-00000004,-00000047,0000.000,0000.000,0000.000,
 
002935670,-00000003,-00000048,0000.000,0000.000,0000.000,
 
002935690,-00000002,-00000049,0000.000,0000.000,0000.000,
 
002935710,-00000003,-00000049,0000.000,0000.000,0000.000,
 
002935730,-00000004,-00000051,0000.000,0000.000,0000.000,
 
002935750,-00000005,-00000051,0000.000,0000.000,0000.000,
 
002935770,-00000004,-00000051,0000.000,0000.000,0000.000,
 
002935790,-00000004,-00000053,0000.000,0000.000,0000.000,
 
002935810,-00000004,-00000053,0000.000,0000.000,0000.000,
 
002935830,-00000002,-00000053,0000.000,0000.000,0000.000,
 
002935850,-00000002,-00000054,0000.000,0000.000,0000.000,
 
002935870,-00000002,-00000054,0000.000,0000.000,0000.000,
 
002935890,-00000001,-00000053,0000.000,0000.000,0000.000,
 
002935910,-00000003,-00000053,0000.000,0000.000,0000.000,
 
002935930,-00000004,-00000054,0000.000,0000.000,0000.000,
 
002935950,-00000005,-00000053,0000.000,0000.000,0000.000,
 
002935970,-00000003,-00000051,0000.000,0000.000,0000.000,
 
002935990,-00000002,-00000051,0000.000,0000.000,0000.000,
 
002936010,-00000001,-00000051,0000.000,0000.000,0000.000,
 
002936030,000000000,-00000050,0000.000,0000.000,0000.000,
 
002936050,-00000001,-00000050,0000.000,0000.000,0000.000,
 
002936070,000000000,-00000052,0000.000,0000.000,0000.000,
 
002936090,000000003,-00000054,0000.000,0000.000,0000.000,
 
002936110,000000005,-00000052,0000.000,0000.000,0000.000,
 
002936130,000000004,-00000049,0000.000,0000.000,0000.000,
 
002936150,000000003,-00000049,0000.000,0000.000,0000.000,
 
002936170,000000001,-00000050,0000.000,0000.000,0000.000,
 
002936190,000000001,-00000051,0000.000,0000.000,0000.000,
 
002936210,000000001,-00000051,0000.000,0000.000,0000.000,
 
002936230,000000000,-00000050,0000.000,0000.000,0000.000,
 
002936250,000000000,-00000049,0000.000,0000.000,0000.000,
 
002936270,000000000,-00000049,0000.000,0000.000,0000.000,
 
002936290,000000000,-00000048,0000.000,0000.000,0000.000,
 
002936310,000000000,-00000047,0000.000,0000.000,0000.000,
 
002936330,000000000,-00000045,0000.000,0000.000,0000.000,
 
002936350,000000000,-00000042,0000.000,0000.000,0000.000,
 
002936370,000000000,-00000042,0000.000,0000.000,0000.000,
 
002936390,000000001,-00000040,0000.000,0000.000,0000.000,
 
002936410,000000000,-00000038,0000.000,0000.000,0000.000,
 
002936430,000000000,-00000038,0000.000,0000.000,0000.000,
 
002936450,000000000,-00000041,0000.000,0000.000,0000.000,
 
002936470,000000000,-00000041,0000.000,0000.000,0000.000,
 
002936490,000000001,-00000042,0000.000,0000.000,0000.000,
 
002936510,000000000,-00000049,0000.000,0000.000,0000.000,
 
002936530,000000000,-00000041,0000.000,0000.000,0000.000,
 
002936550,000000000,-00000040,0000.000,0000.000,0000.000,
 
002936570,-00000001,-00000038,0000.000,0000.000,0000.000,
 
002936590,-00000003,-00000036,0000.000,0000.000,0000.000,
 
002936610,-00000004,-00000037,0000.000,0000.000,0000.000,
 
002936630,-00000003,-00000049,0000.000,0000.000,0000.000,
 
002936650,-00000003,-00000036,0000.000,0000.000,0000.000,
 
002936670,-00000002,-00000034,0000.000,0000.000,0000.000,
 
002936690,-00000002,-00000032,0000.000,0000.000,0000.000,
 
002936710,000000000,-00000032,0000.000,0000.000,0000.000,
 
002936730,000000000,-00000033,0000.000,0000.000,0000.000,
 
002936750,000000000,-00000036,0000.000,0000.000,0000.000,
 
002936770,000000000,-00000040,0000.000,0000.000,0000.000,
 
002936790,000000000,-00000040,0000.000,0000.000,0000.000,
 
002936810,-00000002,-00000039,0000.000,0000.000,0000.000,
 
002936830,-00000001,-00000038,0000.000,0000.000,0000.000,
 
002936850,-00000002,-00000037,0000.000,0000.000,0000.000,
 
002936870,000000000,-00000037,0000.000,0000.000,0000.000,
 
002936890,-00000002,-00000034,0000.000,0000.000,0000.000,
 
002936910,-00000001,-00000032,0000.000,0000.000,0000.000,
 
002936930,000000000,-00000034,0000.000,0000.000,0000.000,
 
002936950,000000000,-00000036,0000.000,0000.000,0000.000,
 
002936970,-00000001,-00000038,0000.000,0000.000,0000.000,
 
002936990,-00000001,-00000037,0000.000,0000.000,0000.000,
 
002937010,-00000001,-00000049,0000.000,0000.000,0000.000,
 
002937030,-00000001,-00000034,0000.000,0000.000,0000.000,
 
002937050,-00000001,-00000036,0000.000,0000.000,0000.000,
 
002937070,000000000,-00000035,0000.000,0000.000,0000.000,
 
002937090,-00000001,-00000033,0000.000,0000.000,0000.000,
 
002937110,-00000002,-00000031,0000.000,0000.000,0000.000,
 
002937130,-00000003,-00000032,0000.000,0000.000,0000.000,
 
002937150,-00000002,-00000030,0000.000,0000.000,0000.000,
 
002937170,-00000002,-00000030,0000.000,0000.000,0000.000,
 
002937190,-00000004,-00000028,0000.000,0000.000,0000.000,
 
002937210,-00000003,-00000028,0000.000,0000.000,0000.000,
 
002937230,-00000003,-00000027,0000.000,0000.000,0000.000,
 
002937250,-00000003,-00000027,0000.000,0000.000,0000.000,
 
002937270,-00000004,-00000025,0000.000,0000.000,0000.000,
 
002937290,-00000004,-00000024,0000.000,0000.000,0000.000,
 
002937310,-00000003,-00000024,0000.000,0000.000,0000.000,
 
002937330,-00000003,-00000025,0000.000,0000.000,0000.000,
 
002937350,-00000002,-00000025,0000.000,0000.000,0000.000,
 
002937370,-00000002,-00000023,0000.000,0000.000,0000.000,
 
002937390,-00000002,-00000024,0000.000,0000.000,0000.000,
 
002937410,-00000003,-00000024,0000.000,0000.000,0000.000,
 
002937430,-00000003,-00000025,0000.000,0000.000,0000.000,
 
002937450,-00000002,-00000025,0000.000,0000.000,0000.000,
 
002937470,-00000002,-00000022,0000.000,0000.000,0000.000,
 
002937490,-00000004,-00000020,0000.000,0000.000,0000.000,
 
002937510,-00000001,-00000018,0000.000,0000.000,0000.000,
 
002937530,-00000001,-00000025,0000.000,0000.000,0000.000,
 
002937550,-00000001,-00000016,0000.000,0000.000,0000.000,
 
002937570,000000000,-00000013,0000.000,0000.000,0000.000,
 
002937590,000000000,-00000011,0000.000,0000.000,0000.000,
 
002937610,000000000,-00000007,0000.000,0000.000,0000.000,
 
002937630,-00000001,-00000006,0000.000,0000.000,0000.000,
 
002937650,-00000001,-00000004,0000.000,0000.000,0000.000,
 
002937670,000000000,-00000004,0000.000,0000.000,0000.000,
 
002937690,000000000,-00000007,0000.000,0000.000,0000.000,
 
002937710,000000000,-00000008,0000.000,0000.000,0000.000,
 
002937730,000000000,-00000013,0000.000,0000.000,0000.000,
 
002937750,000000000,-00000007,0000.000,0000.000,0000.000,
 
002937770,000000000,-00000003,0000.000,0000.000,0000.000,
 
002937790,000000000,000000000,0000.000,0000.000,0000.000,
 
002937810,000000000,000000000,0000.000,0000.000,0000.000,
 
002937830,000000000,000000000,0000.000,0000.000,0000.000,
 
002937850,000000000,000000000,0000.000,0000.000,0000.000,
 
002937870,000000000,000000000,0000.000,0000.000,0000.000,
 
002937890,000000000,000000000,0000.000,0000.000,0000.000,
 
002937910,000000000,000000000,0000.000,0000.000,0000.000,
 
002937930,000000000,000000000,0000.000,0000.000,0000.000,
 
002937950,000000000,000000000,0000.000,0000.000,0000.000,
 
002937970,000000000,000000000,0000.000,0000.000,0000.000,
 
002937990,000000000,000000000,0000.000,0000.000,0000.000,
 
002938010,000000000,000000000,0000.000,0000.000,0000.000,
 
002938030,000000000,000000000,0000.000,0000.000,0000.000,
 
002938050,000000000,000000000,0000.000,0000.000,0000.000,
 
002938070,000000000,000000000,0000.000,0000.000,0000.000,
 
002938090,000000000,000000000,0000.000,0000.000,0000.000,
 
002938110,000000000,000000000,0000.000,0000.000,0000.000,
 
002938130,000000000,000000000,0000.000,0000.000,0000.000,
 
002938150,000000000,000000000,0000.000,0000.000,0000.000,
 
002938170,000000000,000000000,0000.000,0000.000,0000.000,
 
002938190,000000000,000000000,0000.000,0000.000,0000.000,
 
002938210,000000000,000000000,0000.000,0000.000,0000.000,
 
002938230,000000000,000000000,0000.000,0000.000,0000.000,
 
002938250,000000000,000000000,0000.000,0000.000,0000.000,
 
002938270,000000000,000000000,0000.000,0000.000,0000.000,
 
002938290,000000000,000000000,0000.000,0000.000,0000.000,
 
002938310,000000000,000000000,0000.000,0000.000,0000.000,
 
002938330,000000000,000000000,0000.000,0000.000,0000.000,
 
002938350,000000000,000000000,0000.000,0000.000,0000.000,
 
002938370,000000000,000000000,0000.000,0000.000,0000.000,
 
002938390,000000000,000000000,0000.000,0000.000,0000.000,
 
002938410,000000000,000000000,0000.000,0000.000,0000.000,
 
002938430,000000000,000000000,0000.000,0000.000,0000.000,
 
002938450,000000000,000000000,0000.000,0000.000,0000.000,
 
002938470,000000000,000000000,0000.000,0000.000,0000.000,
 
002938490,000000000,000000000,0000.000,0000.000,0000.000,
 
002938510,000000000,000000000,0000.000,0000.000,0000.000,
 
002938530,000000000,000000000,0000.000,0000.000,0000.000,
 
002938550,000000000,000000000,0000.000,0000.000,0000.000,
 
002938570,000000000,000000000,0000.000,0000.000,0000.000,
 
002938590,000000000,000000000,0000.000,0000.000,0000.000,
 
002938610,000000000,000000000,0000.000,0000.000,0000.000,
 
002938630,000000000,000000000,0000.000,0000.000,0000.000,
 
002938650,000000000,000000000,0000.000,0000.000,0000.000,
 
002938670,000000000,000000000,0000.000,0000.000,0000.000,
 
002938690,000000000,000000000,0000.000,0000.000,0000.000,
 
002938710,000000000,000000000,0000.000,0000.000,0000.000,
 
002938730,000000000,000000000,0000.000,0000.000,0000.000,
 
002938750,000000000,000000000,0000.000,0000.000,0000.000,
 
002938770,000000000,000000000,0000.000,0000.000,0000.000,
 
002938790,000000000,000000003,0000.000,0000.000,0000.000,
 
002938810,000000001,000000015,0000.000,0000.000,0000.000,
 
002938830,000000003,000000026,0000.000,0000.000,0000.000,
 
002938850,000000004,000000031,0000.000,0000.000,0000.000,
 
002938870,000000005,000000032,0000.000,0000.000,0000.000,
 
002938890,000000006,000000031,0000.000,0000.000,0000.000,
 
002938910,000000005,000000027,0000.000,0000.000,0000.000,
 
002938930,000000002,000000023,0000.000,0000.000,0000.000,
 
002938950,000000003,000000020,0000.000,0000.000,0000.000,
 
002938970,000000001,000000019,0000.000,0000.000,0000.000,
 
002938990,000000002,000000019,0000.000,0000.000,0000.000,
 
002939010,000000002,000000018,0000.000,0000.000,0000.000,
 
002939030,000000000,000000020,0000.000,0000.000,0000.000,
 
002939050,000000001,000000021,0000.000,0000.000,0000.000,
 
002939070,000000002,000000025,0000.000,0000.000,0000.000,
 
002939090,000000001,000000026,0000.000,0000.000,0000.000,
 
002939110,000000000,000000029,0000.000,0000.000,0000.000,
 
002939130,-00000001,000000034,0000.000,0000.000,0000.000,
 
002939150,000000001,000000039,0000.000,0000.000,0000.000,
 
002939170,000000002,000000039,0000.000,0000.000,0000.000,
 
002939190,000000002,000000040,0000.000,0000.000,0000.000,
 
002939210,000000000,000000041,0000.000,0000.000,0000.000,
 
002939230,-00000003,000000044,0000.000,0000.000,0000.000,
 
002939250,-00000004,000000044,0000.000,0000.000,0000.000,
 
002939270,-00000002,000000041,0000.000,0000.000,0000.000,
 
002939290,-00000001,000000041,0000.000,0000.000,0000.000,
 
002939310,000000000,000000044,0000.000,0000.000,0000.000,
 
002939330,-00000002,000000045,0000.000,0000.000,0000.000,
 
002939350,-00000002,000000046,0000.000,0000.000,0000.000,
 
002939370,000000000,000000046,0000.000,0000.000,0000.000,
 
002939390,000000000,000000047,0000.000,0000.000,0000.000,
 
002939410,000000001,000000047,0000.000,0000.000,0000.000,
 
002939430,000000000,000000048,0000.000,0000.000,0000.000,
 
002939450,000000002,000000053,0000.000,0000.000,0000.000,
 
002939470,000000002,000000055,0000.000,0000.000,0000.000,
 
002939490,000000002,000000056,0000.000,0000.000,0000.000,
 
002939510,000000003,000000054,0000.000,0000.000,0000.000,
 
002939530,000000002,000000052,0000.000,0000.000,0000.000,
 
002939550,000000005,000000051,0000.000,0000.000,0000.000,
 
002939570,000000008,000000050,0000.000,0000.000,0000.000,
 
002939590,000000010,000000051,0000.000,0000.000,0000.000,
 
002939610,000000007,000000054,0000.000,0000.000,0000.000,
 
002939630,000000006,000000055,0000.000,0000.000,0000.000,
 
002939650,000000006,000000053,0000.000,0000.000,0000.000,
 
002939670,000000006,000000054,0000.000,0000.000,0000.000,
 
002939690,000000004,000000054,0000.000,0000.000,0000.000,
 
002939710,000000003,000000054,0000.000,0000.000,0000.000,
 
002939730,000000003,000000051,0000.000,0000.000,0000.000,
 
002939750,000000005,000000050,0000.000,0000.000,0000.000,
 
002939770,000000005,000000047,0000.000,0000.000,0000.000,
 
002939790,000000003,000000044,0000.000,0000.000,0000.000,
 
002939810,000000003,000000044,0000.000,0000.000,0000.000,
 
002939830,000000003,000000045,0000.000,0000.000,0000.000,
 
002939850,000000005,000000042,0000.000,0000.000,0000.000,
 
002939870,000000005,000000042,0000.000,0000.000,0000.000,
 
002939890,000000005,000000043,0000.000,0000.000,0000.000,
 
002939910,000000005,000000047,0000.000,0000.000,0000.000,
 
002939930,000000008,000000047,0000.000,0000.000,0000.000,
 
002939950,000000010,000000049,0000.000,0000.000,0000.000,
 
002939970,000000011,000000050,0000.000,0000.000,0000.000,
 
002939990,000000009,000000049,0000.000,0000.000,0000.000,
 
002940010,000000007,000000050,0000.000,0000.000,0000.000,
 
002940030,000000005,000000051,0000.000,0000.000,0000.000,
 
002940050,000000006,000000060,0000.000,0000.000,0000.000,
 
002940070,000000005,000000062,0000.000,0000.000,0000.000,
 
002940090,000000005,000000061,0000.000,0000.000,0000.000,
 
002940110,000000006,000000059,0000.000,0000.000,0000.000,
 
002940130,000000003,000000057,0000.000,0000.000,0000.000,
 
002940150,000000001,000000057,0000.000,0000.000,0000.000,
 
002940170,-00000001,000000056,0000.000,0000.000,0000.000,
 
002940190,-00000002,000000053,0000.000,0000.000,0000.000,
 
002940210,-00000002,000000051,0000.000,0000.000,0000.000,
 
002940230,-00000002,000000049,0000.000,0000.000,0000.000,
 
002940250,-00000004,000000049,0000.000,0000.000,0000.000,
 
002940270,-00000004,000000048,0000.000,0000.000,0000.000,
 
002940290,-00000003,000000050,0000.000,0000.000,0000.000,
 
002940310,-00000002,000000051,0000.000,0000.000,0000.000,
 
002940330,000000000,000000051,0000.000,0000.000,0000.000,
 
002940350,000000000,000000052,0000.000,0000.000,0000.000,
 
002940370,-00000001,000000051,0000.000,0000.000,0000.000,
 
002940390,000000000,000000051,0000.000,0000.000,0000.000,
 
002940410,000000001,000000052,0000.000,0000.000,0000.000,
 
002940430,000000001,000000055,0000.000,0000.000,0000.000,
 
002940450,000000001,000000056,0000.000,0000.000,0000.000,
 
002940470,000000003,000000055,0000.000,0000.000,0000.000,
 
002940490,000000004,000000050,0000.000,0000.000,0000.000,
 
002940510,000000002,000000047,0000.000,0000.000,0000.000,
 
002940530,000000002,000000047,0000.000,0000.000,0000.000,
 
002940550,000000003,000000047,0000.000,0000.000,0000.000,
 
002940570,000000003,000000047,0000.000,0000.000,0000.000,
 
002940590,000000002,000000049,0000.000,0000.000,0000.000,
 
002940610,000000001,000000049,0000.000,0000.000,0000.000,
 
002940630,000000001,000000049,0000.000,0000.000,0000.000,
 
002940650,000000001,000000050,0000.000,0000.000,0000.000,
 
002940670,000000001,000000048,0000.000,0000.000,0000.000,
 
002940690,000000000,000000051,0000.000,0000.000,0000.000,
 
002940710,000000000,000000049,0000.000,0000.000,0000.000,
 
002940730,000000000,000000046,0000.000,0000.000,0000.000,
 
002940750,000000000,000000046,0000.000,0000.000,0000.000,
 
002940770,-00000001,000000047,0000.000,0000.000,0000.000,
 
002940790,-00000003,000000047,0000.000,0000.000,0000.000,
 
002940810,-00000002,000000048,0000.000,0000.000,0000.000,
 
002940830,-00000002,000000050,0000.000,0000.000,0000.000,
 
002940850,-00000003,000000053,0000.000,0000.000,0000.000,
 
002940870,-00000003,000000051,0000.000,0000.000,0000.000,
 
002940890,-00000004,000000060,0000.000,0000.000,0000.000,
 
002940910,-00000002,000000060,0000.000,0000.000,0000.000,
 
002940930,-00000001,000000063,0000.000,0000.000,0000.000,
 
002940950,-00000001,000000060,0000.000,0000.000,0000.000,
 
002940970,000000000,000000057,0000.000,0000.000,0000.000,
 
002940990,000000001,000000057,0000.000,0000.000,0000.000,
 
002941010,000000000,000000061,0000.000,0000.000,0000.000,
 
002941030,000000000,000000061,0000.000,0000.000,0000.000,
 
002941050,000000000,000000057,0000.000,0000.000,0000.000,
 
002941070,000000002,000000051,0000.000,0000.000,0000.000,
 
002941090,000000002,000000051,0000.000,0000.000,0000.000,
 
002941110,000000000,000000048,0000.000,0000.000,0000.000,
 
002941130,000000001,000000047,0000.000,0000.000,0000.000,
 
002941150,000000001,000000046,0000.000,0000.000,0000.000,
 
002941170,000000000,000000046,0000.000,0000.000,0000.000,
 
002941190,000000001,000000044,0000.000,0000.000,0000.000,
 
002941210,000000003,000000042,0000.000,0000.000,0000.000,
 
002941230,000000002,000000044,0000.000,0000.000,0000.000,
 
002941250,000000001,000000045,0000.000,0000.000,0000.000,
 
002941270,000000001,000000047,0000.000,0000.000,0000.000,
 
002941290,000000000,000000048,0000.000,0000.000,0000.000,
 
002941310,000000001,000000049,0000.000,0000.000,0000.000,
 
002941330,000000001,000000050,0000.000,0000.000,0000.000,
 
002941350,000000000,000000052,0000.000,0000.000,0000.000,
 
002941370,000000000,000000053,0000.000,0000.000,0000.000,
 
002941390,000000000,000000051,0000.000,0000.000,0000.000,
 
002941410,000000000,000000051,0000.000,0000.000,0000.000,
 
002941430,000000000,000000051,0000.000,0000.000,0000.000,
 
002941450,000000000,000000051,0000.000,0000.000,0000.000,
 
002941470,000000000,000000046,0000.000,0000.000,0000.000,
 
002941490,000000001,000000040,0000.000,0000.000,0000.000,
 
002941510,000000000,000000037,0000.000,0000.000,0000.000,
 
002941530,000000000,000000035,0000.000,0000.000,0000.000,
 
002941550,-00000001,000000034,0000.000,0000.000,0000.000,
 
002941570,000000000,000000034,0000.000,0000.000,0000.000,
 
002941590,000000000,000000034,0000.000,0000.000,0000.000,
 
002941610,000000000,000000038,0000.000,0000.000,0000.000,
 
002941630,000000002,000000041,0000.000,0000.000,0000.000,
 
002941650,000000001,000000042,0000.000,0000.000,0000.000,
 
002941670,000000000,000000040,0000.000,0000.000,0000.000,
 
002941690,000000002,000000041,0000.000,0000.000,0000.000,
 
002941710,000000001,000000040,0000.000,0000.000,0000.000,
 
002941730,000000000,000000039,0000.000,0000.000,0000.000,
 
002941750,000000000,000000039,0000.000,0000.000,0000.000,
 
002941770,-00000001,000000040,0000.000,0000.000,0000.000,
 
002941790,000000000,000000040,0000.000,0000.000,0000.000,
 
002941810,000000001,000000041,0000.000,0000.000,0000.000,
 
002941830,000000001,000000039,0000.000,0000.000,0000.000,
 
002941850,000000000,000000040,0000.000,0000.000,0000.000,
 
002941870,-00000001,000000040,0000.000,0000.000,0000.000,
 
002941890,-00000002,000000038,0000.000,0000.000,0000.000,
 
002941910,-00000001,000000037,0000.000,0000.000,0000.000,
 
002941930,000000000,000000038,0000.000,0000.000,0000.000,
 
002941950,000000000,000000039,0000.000,0000.000,0000.000,
 
002941970,000000000,000000039,0000.000,0000.000,0000.000,
 
002941990,-00000001,000000037,0000.000,0000.000,0000.000,
 
002942010,-00000002,000000035,0000.000,0000.000,0000.000,
 
002942030,-00000001,000000035,0000.000,0000.000,0000.000,
 
002942050,-00000001,000000036,0000.000,0000.000,0000.000,
 
002942070,000000000,000000037,0000.000,0000.000,0000.000,
 
002942090,000000000,000000038,0000.000,0000.000,0000.000,
 
002942110,000000000,000000037,0000.000,0000.000,0000.000,
 
002942130,-00000001,000000039,0000.000,0000.000,0000.000,
 
002942150,-00000001,000000040,0000.000,0000.000,0000.000,
 
002942170,-00000001,000000041,0000.000,0000.000,0000.000,
 
002942190,000000000,000000041,0000.000,0000.000,0000.000,
 
002942210,000000001,000000042,0000.000,0000.000,0000.000,
 
002942230,000000002,000000043,0000.000,0000.000,0000.000,
 
002942250,000000001,000000043,0000.000,0000.000,0000.000,
 
002942270,000000000,000000043,0000.000,0000.000,0000.000,
 
002942290,000000000,000000042,0000.000,0000.000,0000.000,
 
002942310,-00000002,000000041,0000.000,0000.000,0000.000,
 
002942330,-00000002,000000040,0000.000,0000.000,0000.000,
 
002942350,000000000,000000037,0000.000,0000.000,0000.000,
 
002942370,-00000001,000000035,0000.000,0000.000,0000.000,
 
002942390,-00000001,000000036,0000.000,0000.000,0000.000,
 
002942410,-00000003,000000038,0000.000,0000.000,0000.000,
 
002942430,-00000003,000000040,0000.000,0000.000,0000.000,
 
002942450,-00000002,000000042,0000.000,0000.000,0000.000,
 
002942470,-00000001,000000042,0000.000,0000.000,0000.000,
 
002942490,-00000001,000000042,0000.000,0000.000,0000.000,
 
002942510,-00000002,000000044,0000.000,0000.000,0000.000,
 
002942530,-00000002,000000044,0000.000,0000.000,0000.000,
 
002942550,-00000005,000000046,0000.000,0000.000,0000.000,
 
002942570,-00000003,000000044,0000.000,0000.000,0000.000,
 
002942590,-00000004,000000043,0000.000,0000.000,0000.000,
 
002942610,-00000002,000000042,0000.000,0000.000,0000.000,
 
002942630,-00000001,000000042,0000.000,0000.000,0000.000,
 
002942650,000000000,000000041,0000.000,0000.000,0000.000,
 
002942670,000000000,000000042,0000.000,0000.000,0000.000,
 
002942690,000000002,000000038,0000.000,0000.000,0000.000,
 
002942710,000000001,000000036,0000.000,0000.000,0000.000,
 
002942730,000000001,000000036,0000.000,0000.000,0000.000,
 
002942750,000000000,000000034,0000.000,0000.000,0000.000,
 
002942770,000000001,000000028,0000.000,0000.000,0000.000,
 
002942790,000000000,000000027,0000.000,0000.000,0000.000,
 
002942810,000000000,000000027,0000.000,0000.000,0000.000,
 
002942830,000000000,000000025,0000.000,0000.000,0000.000,
 
002942850,000000000,000000029,0000.000,0000.000,0000.000,
 
002942870,000000000,000000030,0000.000,0000.000,0000.000,
 
002942890,000000000,000000031,0000.000,0000.000,0000.000,
 
002942910,000000000,000000032,0000.000,0000.000,0000.000,
 
002942930,000000000,000000036,0000.000,0000.000,0000.000,
 
002942950,000000000,000000037,0000.000,0000.000,0000.000,
 
002942970,000000001,000000039,0000.000,0000.000,0000.000,
 
002942990,000000000,000000041,0000.000,0000.000,0000.000,
 
002943010,000000000,000000042,0000.000,0000.000,0000.000,
 
002943030,000000001,000000043,0000.000,0000.000,0000.000,
 
002943050,000000001,000000043,0000.000,0000.000,0000.000,
 
002943070,000000001,000000044,0000.000,0000.000,0000.000,
 
002943090,000000001,000000045,0000.000,0000.000,0000.000,
 
002943110,000000000,000000048,0000.000,0000.000,0000.000,
 
002943130,-00000001,000000049,0000.000,0000.000,0000.000,
 
002943150,-00000003,000000050,0000.000,0000.000,0000.000,
 
002943170,-00000002,000000049,0000.000,0000.000,0000.000,
 
002943190,-00000001,000000049,0000.000,0000.000,0000.000,
 
002943210,000000000,000000047,0000.000,0000.000,0000.000,
 
002943230,-00000002,000000046,0000.000,0000.000,0000.000,
 
002943250,-00000004,000000043,0000.000,0000.000,0000.000,
 
002943270,-00000002,000000041,0000.000,0000.000,0000.000,
 
002943290,000000000,000000042,0000.000,0000.000,0000.000,
 
002943310,000000000,000000041,0000.000,0000.000,0000.000,
 
002943330,000000000,000000040,0000.000,0000.000,0000.000,
 
002943350,000000000,000000039,0000.000,0000.000,0000.000,
 
002943370,000000002,000000038,0000.000,0000.000,0000.000,
 
002943390,000000000,000000036,0000.000,0000.000,0000.000,
 
002943410,000000000,000000036,0000.000,0000.000,0000.000,
 
002943430,000000001,000000038,0000.000,0000.000,0000.000,
 
002943450,000000001,000000038,0000.000,0000.000,0000.000,
 
002943470,000000001,000000040,0000.000,0000.000,0000.000,
 
002943490,000000001,000000040,0000.000,0000.000,0000.000,
 
002943510,000000001,000000037,0000.000,0000.000,0000.000,
 
002943530,000000001,000000036,0000.000,0000.000,0000.000,
 
002943550,000000000,000000035,0000.000,0000.000,0000.000,
 
002943570,000000000,000000034,0000.000,0000.000,0000.000,
 
002943590,000000000,000000034,0000.000,0000.000,0000.000,
 
002943610,000000001,000000034,0000.000,0000.000,0000.000,
 
002943630,000000000,000000033,0000.000,0000.000,0000.000,
 
002943650,-00000001,000000034,0000.000,0000.000,0000.000,
 
002943670,-00000002,000000035,0000.000,0000.000,0000.000,
 
002943690,000000000,000000035,0000.000,0000.000,0000.000,
 
002943710,000000000,000000036,0000.000,0000.000,0000.000,
 
002943730,000000000,000000040,0000.000,0000.000,0000.000,
 
002943750,000000001,000000041,0000.000,0000.000,0000.000,
 
002943770,000000000,000000043,0000.000,0000.000,0000.000,
 
002943790,000000001,000000044,0000.000,0000.000,0000.000,
 
002943810,000000000,000000041,0000.000,0000.000,0000.000,
 
002943830,000000000,000000041,0000.000,0000.000,0000.000,
 
002943850,000000000,000000040,0000.000,0000.000,0000.000,
 
002943870,-00000001,000000039,0000.000,0000.000,0000.000,
 
002943890,-00000002,000000038,0000.000,0000.000,0000.000,
 
002943910,-00000003,000000035,0000.000,0000.000,0000.000,
 
002943930,-00000002,000000033,0000.000,0000.000,0000.000,
 
002943950,-00000002,000000033,0000.000,0000.000,0000.000,
 
002943970,-00000001,000000033,0000.000,0000.000,0000.000,
 
002943990,-00000001,000000033,0000.000,0000.000,0000.000,
 
002944010,-00000002,000000031,0000.000,0000.000,0000.000,
 
002944030,-00000001,000000030,0000.000,0000.000,0000.000,
 
002944050,-00000001,000000028,0000.000,0000.000,0000.000,
 
002944070,-00000003,000000028,0000.000,0000.000,0000.000,
 
002944090,-00000002,000000030,0000.000,0000.000,0000.000,
 
002944110,000000000,000000030,0000.000,0000.000,0000.000,
 
002944130,-00000002,000000031,0000.000,0000.000,0000.000,
 
002944150,-00000002,000000033,0000.000,0000.000,0000.000,
 
002944170,-00000002,000000034,0000.000,0000.000,0000.000,
 
002944190,000000000,000000033,0000.000,0000.000,0000.000,
 
002944210,000000000,000000032,0000.000,0000.000,0000.000,
 
002944230,000000001,000000030,0000.000,0000.000,0000.000,
 
002944250,000000001,000000028,0000.000,0000.000,0000.000,
 
002944270,000000000,000000024,0000.000,0000.000,0000.000,
 
002944290,000000001,000000016,0000.000,0000.000,0000.000,
 
002944310,000000000,000000010,0000.000,0000.000,0000.000,
 
002944330,000000000,000000004,0000.000,0000.000,0000.000,
 
002944350,000000000,000000001,0000.000,0000.000,0000.000,
 
002944370,000000000,000000000,0000.000,0000.000,0000.000,
 
002944390,000000000,000000000,0000.000,0000.000,0000.000,
 
002944410,000000000,000000000,0000.000,0000.000,0000.000,
 
002944430,000000000,000000000,0000.000,0000.000,0000.000,
 
002944450,000000000,000000000,0000.000,0000.000,0000.000,
 
002944470,000000000,000000001,0000.000,0000.000,0000.000,
 
002944490,000000000,000000003,0000.000,0000.000,0000.000,
 
002944510,-00000001,000000003,0000.000,0000.000,0000.000,
 
002944530,000000000,000000001,0000.000,0000.000,0000.000,
 
002944550,000000000,000000000,0000.000,0000.000,0000.000,
 
002944570,000000000,000000000,0000.000,0000.000,0000.000,
 
002944590,000000000,000000000,0000.000,0000.000,0000.000,
 
002944610,000000000,000000000,0000.000,0000.000,0000.000,
 
002944630,000000000,000000000,0000.000,0000.000,0000.000,
 
002944650,000000000,000000000,0000.000,0000.000,0000.000,
 
002944670,000000000,000000000,0000.000,0000.000,0000.000,
 
002944690,000000000,000000000,0000.000,0000.000,0000.000,
 
002944710,000000000,000000000,0000.000,0000.000,0000.000,
 
002944730,000000000,000000000,0000.000,0000.000,0000.000,
 
002944750,000000000,000000000,0000.000,0000.000,0000.000,
 
002944770,000000000,000000000,0000.000,0000.000,0000.000,
 
002944790,000000000,000000000,0000.000,0000.000,0000.000,
 
002944810,000000000,000000000,0000.000,0000.000,0000.000,
 
002944830,000000000,000000000,0000.000,0000.000,0000.000,
 
002944850,000000000,000000000,0000.000,0000.000,0000.000,
 
002944870,000000000,000000000,0000.000,0000.000,0000.000,
 
002944890,000000000,000000000,0000.000,0000.000,0000.000,
 
002944910,000000000,000000000,0000.000,0000.000,0000.000,
 
002944930,000000000,000000000,0000.000,0000.000,0000.000,
 
002944950,000000000,000000000,0000.000,0000.000,0000.000,
 
002944970,000000000,000000000,0000.000,0000.000,0000.000,
 
002944990,000000000,000000000,0000.000,0000.000,0000.000,
 
002945010,000000000,000000000,0000.000,0000.000,0000.000,
 
002945030,000000000,000000000,0000.000,0000.000,0000.000,
 
002945050,000000000,000000000,0000.000,0000.000,0000.000,
 
002945070,000000000,000000000,0000.000,0000.000,0000.000,
 
002945090,000000000,000000000,0000.000,0000.000,0000.000,
 
002945110,000000000,000000000,0000.000,0000.000,0000.000,
 
002945130,000000000,000000000,0000.000,0000.000,0000.000,
 
002945150,000000000,000000000,0000.000,0000.000,0000.000,
 
002945170,000000000,000000000,0000.000,0000.000,0000.000,
 
002945190,000000000,000000000,0000.000,0000.000,0000.000,
 
002945210,000000000,000000000,0000.000,0000.000,0000.000,
 
002945230,000000000,000000000,0000.000,0000.000,0000.000,
 
002945250,000000000,000000000,0000.000,0000.000,0000.000,
 
002945270,000000000,000000000,0000.000,0000.000,0000.000,
 
002945290,000000000,000000000,0000.000,0000.000,0000.000,
 
002945310,000000000,000000000,0000.000,0000.000,0000.000,
 
002945330,000000000,000000000,0000.000,0000.000,0000.000,
 
002945350,000000000,000000000,0000.000,0000.000,0000.000,
 
002945370,000000000,000000000,0000.000,0000.000,0000.000,
 
002945390,000000000,000000000,0000.000,0000.000,0000.000,
 
002945410,000000000,000000000,0000.000,0000.000,0000.000,
 
002945430,000000000,000000000,0000.000,0000.000,0000.000,
 
002945450,000000000,000000000,0000.000,0000.000,0000.000,
 
002945470,000000000,000000000,0000.000,0000.000,0000.000,
 
002945490,000000000,000000000,0000.000,0000.000,0000.000,
 
002945510,000000000,000000000,0000.000,0000.000,0000.000,
 
002945530,000000000,000000000,0000.000,0000.000,0000.000,
 
002945550,000000000,000000000,0000.000,0000.000,0000.000,
 
002945570,000000000,000000000,0000.000,0000.000,0000.000,
 
002945590,000000000,000000000,0000.000,0000.000,0000.000,
 
