000163178,-00000049,000000012,0000.000,0000.000,0000.000,
 
000163198,000000000,000000000,0000.000,0000.000,0000.000,
 
000163218,000000000,000000000,0000.000,0000.000,0000.000,
 
000163238,000000000,000000000,0000.000,0000.000,0000.000,
 
000163258,000000000,000000000,0000.000,0000.000,0000.000,
 
000163278,000000000,000000000,0000.000,0000.000,0000.000,
 
000163298,000000000,000000000,0000.000,0000.000,0000.000,
 
000163318,000000000,000000000,0000.000,0000.000,0000.000,
 
000163338,000000000,000000000,0000.000,0000.000,0000.000,
 
000163358,000000000,000000000,0000.000,0000.000,0000.000,
 
000163378,000000000,000000000,0000.000,0000.000,0000.000,
 
000163398,000000000,000000000,0000.000,0000.000,0000.000,
 
000163418,000000000,000000000,0000.000,0000.000,0000.000,
 
000163438,000000000,000000000,0000.000,0000.000,0000.000,
 
000163458,000000000,000000000,0000.000,0000.000,0000.000,
 
000163478,000000000,000000000,0000.000,0000.000,0000.000,
 
000163498,000000000,000000000,0000.000,0000.000,0000.000,
 
000163518,000000000,000000000,0000.000,0000.000,0000.000,
 
000163538,000000000,000000000,0000.000,0000.000,0000.000,
 
000163558,000000000,000000000,0000.000,0000.000,0000.000,
 
000163578,000000000,000000000,0000.000,0000.000,0000.000,
 
000163598,000000000,000000000,0000.000,0000.000,0000.000,
 
000163618,000000000,000000000,0000.000,0000.000,0000.000,
 
000163638,000000000,000000000,0000.000,0000.000,0000.000,
 
000163658,000000000,000000000,0000.000,0000.000,0000.000,
 
000163678,000000000,000000000,0000.000,0000.000,0000.000,
 
000163698,000000000,000000000,0000.000,0000.000,0000.000,
 
000163718,000000000,000000000,0000.000,0000.000,0000.000,
 
000163738,000000000,000000000,0000.000,0000.000,0000.000,
 
000163758,000000000,000000000,0000.000,0000.000,0000.000,
 
000163778,000000000,000000000,0000.000,0000.000,0000.000,
 
000163798,000000000,000000000,0000.000,0000.000,0000.000,
 
000163818,000000000,000000000,0000.000,0000.000,0000.000,
 
000163838,000000000,000000000,0000.000,0000.000,0000.000,
 
000163858,000000000,000000000,0000.000,0000.000,0000.000,
 
000163878,000000000,000000000,0000.000,0000.000,0000.000,
 
000163898,000000000,000000000,0000.000,0000.000,0000.000,
 
000163918,000000000,000000000,0000.000,0000.000,0000.000,
 
000163938,000000000,000000000,0000.000,0000.000,0000.000,
 
000163958,000000000,000000000,0000.000,0000.000,0000.000,
 
000163978,000000000,000000000,0000.000,0000.000,0000.000,
 
000163998,000000000,000000000,0000.000,0000.000,0000.000,
 
000164018,000000000,000000000,0000.000,0000.000,0000.000,
 
000164038,000000000,000000000,0000.000,0000.000,0000.000,
 
000164058,000000000,000000000,0000.000,0000.000,0000.000,
 
000164078,000000000,000000000,0000.000,0000.000,0000.000,
 
000164098,000000000,000000000,0000.000,0000.000,0000.000,
 
000164118,000000000,000000000,0000.000,0000.000,0000.000,
 
000164138,000000000,000000000,0000.000,0000.000,0000.000,
 
000164158,000000000,000000000,0000.000,0000.000,0000.000,
 
000164178,000000000,000000000,0000.000,0000.000,0000.000,
 
000164198,000000000,000000000,0000.000,0000.000,0000.000,
 
000164218,000000000,000000000,0000.000,0000.000,0000.000,
 
000164238,000000000,000000000,0000.000,0000.000,0000.000,
 
000164258,000000000,000000000,0000.000,0000.000,0000.000,
 
000164278,000000000,000000000,0000.000,0000.000,0000.000,
 
000164298,000000000,000000000,0000.000,0000.000,0000.000,
 
000164318,000000000,000000000,0000.000,0000.000,0000.000,
 
000164338,000000000,000000000,0000.000,0000.000,0000.000,
 
000164358,000000000,000000000,0000.000,0000.000,0000.000,
 
000164378,000000000,000000000,0000.000,0000.000,0000.000,
 
000164398,000000000,000000000,0000.000,0000.000,0000.000,
 
000164418,000000000,000000000,0000.000,0000.000,0000.000,
 
000164438,000000000,000000000,0000.000,0000.000,0000.000,
 
000164458,000000000,000000000,0000.000,0000.000,0000.000,
 
000164478,000000000,000000000,0000.000,0000.000,0000.000,
 
000164498,000000000,000000000,0000.000,0000.000,0000.000,
 
000164518,000000000,000000000,0000.000,0000.000,0000.000,
 
000164538,000000000,000000000,0000.000,0000.000,0000.000,
 
000164558,000000000,000000000,0000.000,0000.000,0000.000,
 
000164578,000000000,000000000,0000.000,0000.000,0000.000,
 
000164598,000000000,000000000,0000.000,0000.000,0000.000,
 
000164618,000000000,000000000,0000.000,0000.000,0000.000,
 
000164638,000000000,000000000,0000.000,0000.000,0000.000,
 
000164658,000000000,000000000,0000.000,0000.000,0000.000,
 
000164678,000000000,000000000,0000.000,0000.000,0000.000,
 
000164698,000000000,000000000,0000.000,0000.000,0000.000,
 
000164718,000000000,000000000,0000.000,0000.000,0000.000,
 
000164738,000000000,000000000,0000.000,0000.000,0000.000,
 
000164758,000000000,000000000,0000.000,0000.000,0000.000,
 
000164778,000000000,000000000,0000.000,0000.000,0000.000,
 
000164798,000000000,000000000,0000.000,0000.000,0000.000,
 
000164818,000000000,000000000,0000.000,0000.000,0000.000,
 
000164838,000000000,000000000,0000.000,0000.000,0000.000,
 
000164858,000000000,000000000,0000.000,0000.000,0000.000,
 
000164878,000000000,000000000,0000.000,0000.000,0000.000,
 
000164898,000000000,000000000,0000.000,0000.000,0000.000,
 
000164918,000000000,000000000,0000.000,0000.000,0000.000,
 
000164938,000000000,000000000,0000.000,0000.000,0000.000,
 
000164958,000000000,000000000,0000.000,0000.000,0000.000,
 
000164978,000000000,000000000,0000.000,0000.000,0000.000,
 
000164998,000000000,000000000,0000.000,0000.000,0000.000,
 
000165018,000000000,000000000,0000.000,0000.000,0000.000,
 
000165038,000000000,000000000,0000.000,0000.000,0000.000,
 
000165058,000000000,000000000,0000.000,0000.000,0000.000,
 
000165078,000000000,000000000,0000.000,0000.000,0000.000,
 
000165098,000000000,000000000,0000.000,0000.000,0000.000,
 
000165118,000000000,000000000,0000.000,0000.000,0000.000,
 
000165138,000000000,000000000,0000.000,0000.000,0000.000,
 
000165158,000000000,000000000,0000.000,0000.000,0000.000,
 
000165178,000000000,000000000,0000.000,0000.000,0000.000,
 
000165198,000000000,000000000,0000.000,0000.000,0000.000,
 
000165218,000000000,000000000,0000.000,0000.000,0000.000,
 
000165238,000000000,000000000,0000.000,0000.000,0000.000,
 
000165258,000000000,000000000,0000.000,0000.000,0000.000,
 
000165278,000000000,000000000,0000.000,0000.000,0000.000,
 
000165298,000000000,000000000,0000.000,0000.000,0000.000,
 
000165318,000000000,000000000,0000.000,0000.000,0000.000,
 
000165338,000000000,000000000,0000.000,0000.000,0000.000,
 
000165358,000000000,000000000,0000.000,0000.000,0000.000,
 
000165378,000000000,000000000,0000.000,0000.000,0000.000,
 
000165398,000000000,000000000,0000.000,0000.000,0000.000,
 
000165418,000000000,000000000,0000.000,0000.000,0000.000,
 
000165438,000000000,000000000,0000.000,0000.000,0000.000,
 
000165458,000000000,000000000,0000.000,0000.000,0000.000,
 
000165478,000000000,-00000001,0000.000,0000.000,0000.000,
 
000165498,000000000,-00000007,0000.000,0000.000,0000.000,
 
000165518,000000000,-00000007,0000.000,0000.000,0000.000,
 
000165538,000000000,-00000007,0000.000,0000.000,0000.000,
 
000165558,000000001,-00000002,0000.000,0000.000,0000.000,
 
000165578,000000000,-00000001,0000.000,0000.000,0000.000,
 
000165598,000000000,-00000004,0000.000,0000.000,0000.000,
 
000165618,000000000,-00000007,0000.000,0000.000,0000.000,
 
000165638,000000000,-00000008,0000.000,0000.000,0000.000,
 
000165658,000000000,-00000013,0000.000,0000.000,0000.000,
 
000165678,000000000,-00000013,0000.000,0000.000,0000.000,
 
000165698,000000000,-00000014,0000.000,0000.000,0000.000,
 
000165718,000000000,-00000025,0000.000,0000.000,0000.000,
 
000165738,000000000,-00000025,0000.000,0000.000,0000.000,
 
000165758,000000000,-00000029,0000.000,0000.000,0000.000,
 
000165778,000000003,-00000033,0000.000,0000.000,0000.000,
 
000165798,000000002,-00000037,0000.000,0000.000,0000.000,
 
000165818,000000001,-00000040,0000.000,0000.000,0000.000,
 
000165838,000000001,-00000049,0000.000,0000.000,0000.000,
 
000165858,000000001,-00000049,0000.000,0000.000,0000.000,
 
000165878,000000000,-00000049,0000.000,0000.000,0000.000,
 
000165898,000000000,-00000049,0000.000,0000.000,0000.000,
 
000165918,000000000,-00000049,0000.000,0000.000,0000.000,
 
000165938,000000000,-00000049,0000.000,0000.000,0000.000,
 
000165958,000000000,-00000049,0000.000,0000.000,0000.000,
 
000165978,-00000001,-00000049,0000.000,0000.000,0000.000,
 
000165998,-00000001,-00000049,0000.000,0000.000,0000.000,
 
000166018,000000000,-00000049,0000.000,0000.000,0000.000,
 
000166038,000000001,-00000053,0000.000,0000.000,0000.000,
 
000166058,000000001,-00000055,0000.000,0000.000,0000.000,
 
000166078,-00000001,-00000057,0000.000,0000.000,0000.000,
 
000166098,-00000001,-00000056,0000.000,0000.000,0000.000,
 
000166118,-00000001,-00000057,0000.000,0000.000,0000.000,
 
000166138,000000000,-00000056,0000.000,0000.000,0000.000,
 
000166158,-00000001,-00000055,0000.000,0000.000,0000.000,
 
000166178,-00000001,-00000054,0000.000,0000.000,0000.000,
 
000166198,-00000003,-00000053,0000.000,0000.000,0000.000,
 
000166218,-00000002,-00000052,0000.000,0000.000,0000.000,
 
000166238,-00000001,-00000053,0000.000,0000.000,0000.000,
 
000166258,-00000002,-00000052,0000.000,0000.000,0000.000,
 
000166278,-00000002,-00000052,0000.000,0000.000,0000.000,
 
000166298,-00000003,-00000052,0000.000,0000.000,0000.000,
 
000166318,-00000007,-00000053,0000.000,0000.000,0000.000,
 
000166338,-00000003,-00000053,0000.000,0000.000,0000.000,
 
000166358,-00000004,-00000052,0000.000,0000.000,0000.000,
 
000166378,-00000004,-00000052,0000.000,0000.000,0000.000,
 
000166398,-00000004,-00000050,0000.000,0000.000,0000.000,
 
000166418,-00000004,-00000048,0000.000,0000.000,0000.000,
 
000166438,-00000004,-00000045,0000.000,0000.000,0000.000,
 
000166458,-00000003,-00000049,0000.000,0000.000,0000.000,
 
000166478,-00000002,-00000049,0000.000,0000.000,0000.000,
 
000166498,-00000001,-00000049,0000.000,0000.000,0000.000,
 
000166518,000000000,-00000049,0000.000,0000.000,0000.000,
 
000166538,000000000,-00000049,0000.000,0000.000,0000.000,
 
000166558,000000000,-00000044,0000.000,0000.000,0000.000,
 
000166578,000000000,-00000050,0000.000,0000.000,0000.000,
 
000166598,000000000,-00000055,0000.000,0000.000,0000.000,
 
000166618,000000000,-00000057,0000.000,0000.000,0000.000,
 
000166638,000000001,-00000057,0000.000,0000.000,0000.000,
 
000166658,000000000,-00000060,0000.000,0000.000,0000.000,
 
000166678,000000000,-00000061,0000.000,0000.000,0000.000,
 
000166698,-00000001,-00000062,0000.000,0000.000,0000.000,
 
000166718,-00000001,-00000062,0000.000,0000.000,0000.000,
 
000166738,-00000001,-00000059,0000.000,0000.000,0000.000,
 
000166758,-00000002,-00000060,0000.000,0000.000,0000.000,
 
000166778,-00000002,-00000057,0000.000,0000.000,0000.000,
 
000166798,-00000001,-00000056,0000.000,0000.000,0000.000,
 
000166818,-00000002,-00000054,0000.000,0000.000,0000.000,
 
000166838,-00000003,-00000055,0000.000,0000.000,0000.000,
 
000166858,-00000003,-00000056,0000.000,0000.000,0000.000,
 
000166878,-00000004,-00000056,0000.000,0000.000,0000.000,
 
000166898,-00000004,-00000054,0000.000,0000.000,0000.000,
 
000166918,-00000004,-00000051,0000.000,0000.000,0000.000,
 
000166938,-00000004,-00000049,0000.000,0000.000,0000.000,
 
000166958,-00000002,-00000049,0000.000,0000.000,0000.000,
 
000166978,-00000002,-00000049,0000.000,0000.000,0000.000,
 
000166998,-00000001,-00000049,0000.000,0000.000,0000.000,
 
000167018,-00000002,-00000036,0000.000,0000.000,0000.000,
 
000167038,-00000002,-00000049,0000.000,0000.000,0000.000,
 
000167058,-00000001,-00000049,0000.000,0000.000,0000.000,
 
000167078,000000000,-00000049,0000.000,0000.000,0000.000,
 
000167098,000000000,-00000049,0000.000,0000.000,0000.000,
 
000167118,000000000,-00000037,0000.000,0000.000,0000.000,
 
000167138,000000001,-00000036,0000.000,0000.000,0000.000,
 
000167158,000000000,-00000032,0000.000,0000.000,0000.000,
 
000167178,000000000,-00000030,0000.000,0000.000,0000.000,
 
000167198,-00000001,-00000027,0000.000,0000.000,0000.000,
 
000167218,000000000,-00000025,0000.000,0000.000,0000.000,
 
000167238,-00000001,-00000025,0000.000,0000.000,0000.000,
 
000167258,-00000001,-00000013,0000.000,0000.000,0000.000,
 
000167278,-00000001,-00000013,0000.000,0000.000,0000.000,
 
000167298,-00000001,-00000008,0000.000,0000.000,0000.000,
 
000167318,000000000,-00000007,0000.000,0000.000,0000.000,
 
000167338,000000000,-00000007,0000.000,0000.000,0000.000,
 
000167358,000000000,-00000004,0000.000,0000.000,0000.000,
 
000167378,000000000,-00000007,0000.000,0000.000,0000.000,
 
000167398,000000000,-00000004,0000.000,0000.000,0000.000,
 
000167418,000000000,-00000007,0000.000,0000.000,0000.000,
 
000167438,000000000,-00000007,0000.000,0000.000,0000.000,
 
000167458,000000000,-00000007,0000.000,0000.000,0000.000,
 
000167478,000000000,-00000007,0000.000,0000.000,0000.000,
 
000167498,000000000,-00000007,0000.000,0000.000,0000.000,
 
000167518,000000000,-00000008,0000.000,0000.000,0000.000,
 
000167538,000000000,-00000007,0000.000,0000.000,0000.000,
 
000167558,000000000,-00000007,0000.000,0000.000,0000.000,
 
000167578,000000000,-00000005,0000.000,0000.000,0000.000,
 
000167598,000000000,-00000007,0000.000,0000.000,0000.000,
 
000167618,000000000,-00000004,0000.000,0000.000,0000.000,
 
000167638,000000000,-00000004,0000.000,0000.000,0000.000,
 
000167658,000000000,-00000004,0000.000,0000.000,0000.000,
 
000167678,000000000,-00000004,0000.000,0000.000,0000.000,
 
000167698,000000000,-00000007,0000.000,0000.000,0000.000,
 
000167718,-00000001,-00000007,0000.000,0000.000,0000.000,
 
000167738,-00000001,-00000007,0000.000,0000.000,0000.000,
 
000167758,-00000001,-00000007,0000.000,0000.000,0000.000,
 
000167778,000000000,-00000004,0000.000,0000.000,0000.000,
 
000167798,-00000001,-00000004,0000.000,0000.000,0000.000,
 
000167818,-00000001,-00000003,0000.000,0000.000,0000.000,
 
000167838,000000000,-00000003,0000.000,0000.000,0000.000,
 
000167858,-00000001,-00000001,0000.000,0000.000,0000.000,
 
000167878,000000000,-00000002,0000.000,0000.000,0000.000,
 
000167898,000000000,-00000002,0000.000,0000.000,0000.000,
 
000167918,000000000,-00000004,0000.000,0000.000,0000.000,
 
000167938,000000000,-00000007,0000.000,0000.000,0000.000,
 
000167958,-00000001,-00000007,0000.000,0000.000,0000.000,
 
000167978,-00000001,-00000004,0000.000,0000.000,0000.000,
 
000167998,000000000,-00000004,0000.000,0000.000,0000.000,
 
000168018,-00000001,-00000004,0000.000,0000.000,0000.000,
 
000168038,000000000,-00000002,0000.000,0000.000,0000.000,
 
000168058,000000000,-00000002,0000.000,0000.000,0000.000,
 
000168078,000000000,000000000,0000.000,0000.000,0000.000,
 
000168098,000000000,000000000,0000.000,0000.000,0000.000,
 
000168118,000000000,-00000001,0000.000,0000.000,0000.000,
 
000168138,000000000,-00000002,0000.000,0000.000,0000.000,
 
000168158,-00000001,-00000007,0000.000,0000.000,0000.000,
 
000168178,000000000,-00000004,0000.000,0000.000,0000.000,
 
000168198,000000000,-00000002,0000.000,0000.000,0000.000,
 
000168218,000000000,000000000,0000.000,0000.000,0000.000,
 
000168238,000000000,000000000,0000.000,0000.000,0000.000,
 
000168258,000000000,000000000,0000.000,0000.000,0000.000,
 
000168278,000000000,000000000,0000.000,0000.000,0000.000,
 
000168298,000000000,000000000,0000.000,0000.000,0000.000,
 
000168318,000000000,000000000,0000.000,0000.000,0000.000,
 
000168338,000000000,000000000,0000.000,0000.000,0000.000,
 
000168358,000000000,000000000,0000.000,0000.000,0000.000,
 
000168378,000000000,000000000,0000.000,0000.000,0000.000,
 
000168398,000000000,000000000,0000.000,0000.000,0000.000,
 
000168418,000000000,000000000,0000.000,0000.000,0000.000,
 
000168438,000000000,000000000,0000.000,0000.000,0000.000,
 
000168458,000000000,000000000,0000.000,0000.000,0000.000,
 
000168478,000000000,000000000,0000.000,0000.000,0000.000,
 
000168498,000000000,000000000,0000.000,0000.000,0000.000,
 
000168518,000000000,000000000,0000.000,0000.000,0000.000,
 
000168538,000000000,000000000,0000.000,0000.000,0000.000,
 
000168558,000000000,000000000,0000.000,0000.000,0000.000,
 
000168578,000000000,000000000,0000.000,0000.000,0000.000,
 
000168598,000000000,000000000,0000.000,0000.000,0000.000,
 
000168618,000000000,000000000,0000.000,0000.000,0000.000,
 
000168638,000000000,000000000,0000.000,0000.000,0000.000,
 
000168658,000000000,000000000,0000.000,0000.000,0000.000,
 
000168678,000000000,000000000,0000.000,0000.000,0000.000,
 
000168698,000000000,000000000,0000.000,0000.000,0000.000,
 
000168718,000000000,000000000,0000.000,0000.000,0000.000,
 
000168738,000000000,000000000,0000.000,0000.000,0000.000,
 
000168758,000000000,000000000,0000.000,0000.000,0000.000,
 
000168778,000000000,000000000,0000.000,0000.000,0000.000,
 
000168798,000000000,000000000,0000.000,0000.000,0000.000,
 
000168818,000000000,000000000,0000.000,0000.000,0000.000,
 
000168838,000000000,000000000,0000.000,0000.000,0000.000,
 
000168858,000000000,000000000,0000.000,0000.000,0000.000,
 
000168878,000000000,000000000,0000.000,0000.000,0000.000,
 
000168898,000000000,000000000,0000.000,0000.000,0000.000,
 
000168918,000000000,000000000,0000.000,0000.000,0000.000,
 
000168938,000000000,000000000,0000.000,0000.000,0000.000,
 
000168958,000000000,000000000,0000.000,0000.000,0000.000,
 
000168978,000000000,000000000,0000.000,0000.000,0000.000,
 
000168998,000000000,000000000,0000.000,0000.000,0000.000,
 
000169018,000000000,000000000,0000.000,0000.000,0000.000,
 
000169038,000000000,000000000,0000.000,0000.000,0000.000,
 
000169058,000000000,000000000,0000.000,0000.000,0000.000,
 
000169078,000000000,000000000,0000.000,0000.000,0000.000,
 
000169098,000000000,000000000,0000.000,0000.000,0000.000,
 
000169118,000000000,000000000,0000.000,0000.000,0000.000,
 
000169138,000000000,000000000,0000.000,0000.000,0000.000,
 
000169158,000000000,000000000,0000.000,0000.000,0000.000,
 
000169178,000000000,000000000,0000.000,0000.000,0000.000,
 
000169198,000000000,000000000,0000.000,0000.000,0000.000,
 
000169218,000000000,000000000,0000.000,0000.000,0000.000,
 
