000104872,-00001699,000001057,0000.000,0000.000,0000.000,0154
 
000104891,-00000004,000000132,0000.000,0000.000,0000.000,0011
 
000104911,000000004,000000116,0000.000,0000.000,0000.000,0155
 
000104931,000000006,000000092,0000.000,0000.000,0000.000,0156
 
000104951,000000004,000000063,0000.000,0000.000,0000.000,0157
 
000104971,-00000004,000000032,0000.000,0000.000,0000.000,0156
 
000104991,-00000040,000000010,0000.000,0000.000,0000.000,0156
 
000105011,-00000079,000000002,0000.000,0000.000,0000.000,0156
 
000105031,-00000098,-00000012,0000.000,0000.000,0000.000,0154
 
000105051,-00000101,-00000031,0000.000,0000.000,0000.000,0010
 
000105071,-00000087,-00000041,0000.000,0000.000,0000.000,0009
 
000105091,-00000054,-00000028,0000.000,0000.000,0000.000,0155
 
000105111,-00000019,-00000008,0000.000,0000.000,0000.000,0013
 
000105131,-00000002,000000004,0000.000,0000.000,0000.000,0154
 
000105151,000000000,000000008,0000.000,0000.000,0000.000,0155
 
000105171,000000000,000000004,0000.000,0000.000,0000.000,0156
 
000105191,000000000,000000002,0000.000,0000.000,0000.000,0156
 
000105211,000000000,000000001,0000.000,0000.000,0000.000,0156
 
000105231,000000000,000000000,0000.000,0000.000,0000.000,0154
 
000105251,000000000,000000000,0000.000,0000.000,0000.000,0155
 
000105271,000000000,000000000,0000.000,0000.000,0000.000,0156
 
000105291,000000000,000000000,0000.000,0000.000,0000.000,0155
 
000105311,000000000,000000000,0000.000,0000.000,0000.000,0154
 
000105331,000000000,000000000,0000.000,0000.000,0000.000,0155
 
000105351,000000000,000000000,0000.000,0000.000,0000.000,0153
 
000105371,-00000009,-00000023,0000.000,0000.000,0000.000,0155
 
000105391,-00000025,-00000056,0000.000,0000.000,0000.000,0013
 
000105411,-00000021,-00000064,0000.000,0000.000,0000.000,0015
 
000105431,000000015,-00000032,0000.000,0000.000,0000.000,0014
 
000105451,000000059,-00000011,0000.000,0000.000,0000.000,0012
 
000105471,000000070,-00000001,0000.000,0000.000,0000.000,0011
 
000105491,000000012,000000000,0000.000,0000.000,0000.000,0154
 
000105511,000000011,000000000,0000.000,0000.000,0000.000,0011
 
000105531,000000009,000000001,0000.000,0000.000,0000.000,0155
 
000105551,000000009,000000000,0000.000,0000.000,0000.000,0155
 
000105571,000000007,000000000,0000.000,0000.000,0000.000,0014
 
000105591,000000006,000000001,0000.000,0000.000,0000.000,0008
 
000105611,000000005,000000000,0000.000,0000.000,0000.000,0012
 
000105631,000000003,000000000,0000.000,0000.000,0000.000,0006
 
000105651,000000001,000000000,0000.000,0000.000,0000.000,0006
 
000105671,000000001,000000000,0000.000,0000.000,0000.000,0006
 
000105691,000000000,000000000,0000.000,0000.000,0000.000,0012
 
000105711,000000000,000000000,0000.000,0000.000,0000.000,0008
 
000105731,000000000,000000000,0000.000,0000.000,0000.000,0011
 
000105751,000000000,000000000,0000.000,0000.000,0000.000,0011
 
000105771,000000000,000000000,0000.000,0000.000,0000.000,0012
 
000105791,000000000,000000000,0000.000,0000.000,0000.000,0011
 
000105811,000000000,000000000,0000.000,0000.000,0000.000,0017
 
000105831,000000000,000000000,0000.000,0000.000,0000.000,0154
 
000105851,000000000,000000000,0000.000,0000.000,0000.000,0154
 
000105871,000000000,000000000,0000.000,0000.000,0000.000,0011
 
000105891,000000000,000000000,0000.000,0000.000,0000.000,0154
 
000105911,000000000,000000000,0000.000,0000.000,0000.000,0155
 
000105931,000000000,000000000,0000.000,0000.000,0000.000,0156
 
000105951,000000000,000000000,0000.000,0000.000,0000.000,0154
 
000105971,000000000,000000000,0000.000,0000.000,0000.000,0154
 
000105991,000000000,000000000,0000.000,0000.000,0000.000,0155
 
000106011,000000000,000000000,0000.000,0000.000,0000.000,0155
 
000106031,000000000,000000000,0000.000,0000.000,0000.000,0156
 
000106051,000000000,000000000,0000.000,0000.000,0000.000,0156
 
000106071,000000000,000000000,0000.000,0000.000,0000.000,0154
 
000106091,000000000,000000000,0000.000,0000.000,0000.000,0154
 
000106111,000000000,000000000,0000.000,0000.000,0000.000,0154
 
000106131,000000000,000000000,0000.000,0000.000,0000.000,0008
 
000106151,000000000,000000000,0000.000,0000.000,0000.000,0154
 
000106171,000000000,000000000,0000.000,0000.000,0000.000,0155
 
000106191,000000000,000000000,0000.000,0000.000,0000.000,0154
 
000106211,000000000,000000000,0000.000,0000.000,0000.000,0156
 
000106231,000000000,000000000,0000.000,0000.000,0000.000,0012
 
000106251,000000000,000000000,0000.000,0000.000,0000.000,0154
 
000106271,000000000,000000000,0000.000,0000.000,0000.000,0154
 
000106291,000000000,000000000,0000.000,0000.000,0000.000,0009
 
000106311,000000000,000000000,0000.000,0000.000,0000.000,0009
 
000106331,000000000,000000000,0000.000,0000.000,0000.000,0010
 
000106351,000000000,000000000,0000.000,0000.000,0000.000,0012
 
000106371,000000001,000000003,0000.000,0000.000,0000.000,0011
 
000106391,000000000,000000014,0000.000,0000.000,0000.000,0007
 
000106411,-00000007,000000021,0000.000,0000.000,0000.000,0014
 
000106431,-00000015,000000012,0000.000,0000.000,0000.000,0155
 
000106451,-00000009,000000006,0000.000,0000.000,0000.000,0154
 
000106471,000000000,000000007,0000.000,0000.000,0000.000,0154
 
000106491,000000000,000000007,0000.000,0000.000,0000.000,0155
 
000106511,000000000,000000003,0000.000,0000.000,0000.000,0156
 
000106531,000000001,000000000,0000.000,0000.000,0000.000,0158
 
000106551,000000006,000000000,0000.000,0000.000,0000.000,0155
 
000106571,000000007,-00000001,0000.000,0000.000,0000.000,0155
 
000106591,000000001,-00000001,0000.000,0000.000,0000.000,0156
 
000106611,000000000,000000001,0000.000,0000.000,0000.000,0155
 
000106631,-00000001,000000002,0000.000,0000.000,0000.000,0156
 
000106651,-00000001,000000000,0000.000,0000.000,0000.000,0155
 
000106671,000000000,000000000,0000.000,0000.000,0000.000,0155
 
000106691,-00000001,000000000,0000.000,0000.000,0000.000,0155
 
000106711,-00000001,000000000,0000.000,0000.000,0000.000,0155
 
000106731,-00000003,000000000,0000.000,0000.000,0000.000,0156
 
000106751,-00000002,000000000,0000.000,0000.000,0000.000,0153
 
000106771,-00000001,000000003,0000.000,0000.000,0000.000,0155
 
000106791,000000000,000000007,0000.000,0000.000,0000.000,0155
 
000106811,000000000,000000011,0000.000,0000.000,0000.000,0155
 
000106831,000000000,000000013,0000.000,0000.000,0000.000,0155
 
000106851,000000001,000000010,0000.000,0000.000,0000.000,0155
 
000106871,000000003,000000007,0000.000,0000.000,0000.000,0005
 
000106891,000000004,000000007,0000.000,0000.000,0000.000,0008
 
000106911,000000002,000000008,0000.000,0000.000,0000.000,0154
 
000106931,000000002,000000007,0000.000,0000.000,0000.000,0155
 
000106951,000000001,000000002,0000.000,0000.000,0000.000,0010
 
000106971,000000000,000000002,0000.000,0000.000,0000.000,0155
 
000106991,000000000,000000000,0000.000,0000.000,0000.000,0009
 
000107011,-00000001,000000000,0000.000,0000.000,0000.000,0013
 
000107031,-00000001,000000000,0000.000,0000.000,0000.000,0012
 
000107051,000000000,000000000,0000.000,0000.000,0000.000,0011
 
000107071,-00000001,-00000002,0000.000,0000.000,0000.000,0005
 
000107091,-00000002,-00000004,0000.000,0000.000,0000.000,0009
 
000107111,-00000002,-00000002,0000.000,0000.000,0000.000,0011
 
000107131,-00000002,000000000,0000.000,0000.000,0000.000,0012
 
000107151,-00000001,000000000,0000.000,0000.000,0000.000,0008
 
000107171,-00000002,000000000,0000.000,0000.000,0000.000,0009
 
000107191,-00000002,-00000001,0000.000,0000.000,0000.000,0008
 
000107211,-00000001,000000000,0000.000,0000.000,0000.000,0009
 
000107231,000000000,000000000,0000.000,0000.000,0000.000,0011
 
000107251,000000000,000000000,0000.000,0000.000,0000.000,0011
 
000107271,000000000,000000000,0000.000,0000.000,0000.000,0013
 
000107291,000000000,-00000001,0000.000,0000.000,0000.000,0009
 
000107311,000000001,000000000,0000.000,0000.000,0000.000,0011
 
000107331,000000000,000000000,0000.000,0000.000,0000.000,0156
 
000107351,000000000,000000000,0000.000,0000.000,0000.000,0153
 
000107371,000000000,000000000,0000.000,0000.000,0000.000,0155
 
000107391,000000000,000000000,0000.000,0000.000,0000.000,0155
 
000107411,000000000,000000000,0000.000,0000.000,0000.000,0155
 
000107431,000000000,000000000,0000.000,0000.000,0000.000,0156
 
000107451,000000000,000000000,0000.000,0000.000,0000.000,0154
 
000107471,000000001,000000000,0000.000,0000.000,0000.000,0154
 
000107491,000000000,000000000,0000.000,0000.000,0000.000,0155
 
000107511,000000000,000000000,0000.000,0000.000,0000.000,0155
 
000107531,000000000,000000000,0000.000,0000.000,0000.000,0155
 
000107551,000000001,000000001,0000.000,0000.000,0000.000,0155
 
000107571,000000000,000000001,0000.000,0000.000,0000.000,0155
 
000107591,000000000,000000000,0000.000,0000.000,0000.000,0155
 
000107611,000000000,000000001,0000.000,0000.000,0000.000,0155
 
000107631,000000000,000000000,0000.000,0000.000,0000.000,0156
 
000107651,000000000,000000000,0000.000,0000.000,0000.000,0154
 
000107671,000000000,-00000001,0000.000,0000.000,0000.000,0006
 
000107691,000000000,000000000,0000.000,0000.000,0000.000,0008
 
000107711,000000000,000000000,0000.000,0000.000,0000.000,0011
 
000107731,000000001,000000000,0000.000,0000.000,0000.000,0008
 
000107751,000000000,000000000,0000.000,0000.000,0000.000,0155
 
000107771,000000000,000000000,0000.000,0000.000,0000.000,0010
 
000107791,000000000,000000000,0000.000,0000.000,0000.000,0006
 
000107811,000000000,000000000,0000.000,0000.000,0000.000,0010
 
000107831,000000000,000000000,0000.000,0000.000,0000.000,0016
 
000107851,000000000,000000000,0000.000,0000.000,0000.000,0010
 
000107871,000000000,000000000,0000.000,0000.000,0000.000,0007
 
000107891,000000000,000000000,0000.000,0000.000,0000.000,0011
 
000107911,000000000,000000000,0000.000,0000.000,0000.000,0010
 
000107931,000000000,000000000,0000.000,0000.000,0000.000,0010
 
000107951,000000000,000000000,0000.000,0000.000,0000.000,0014
 
000107971,000000000,000000000,0000.000,0000.000,0000.000,0011
 
000107991,000000000,000000000,0000.000,0000.000,0000.000,0009
 
000108011,000000000,000000000,0000.000,0000.000,0000.000,0011
 
000108031,000000000,000000000,0000.000,0000.000,0000.000,0013
 
000108051,000000000,000000000,0000.000,0000.000,0000.000,0009
 
000108071,000000000,000000000,0000.000,0000.000,0000.000,0008
 
000108091,000000000,000000000,0000.000,0000.000,0000.000,0012
 
000108111,000000000,000000000,0000.000,0000.000,0000.000,0156
 
000108131,000000000,000000000,0000.000,0000.000,0000.000,0156
 
000108151,000000000,000000000,0000.000,0000.000,0000.000,0155
 
000108171,000000000,000000000,0000.000,0000.000,0000.000,0154
 
000108191,000000001,000000000,0000.000,0000.000,0000.000,0156
 
000108211,000000001,000000000,0000.000,0000.000,0000.000,0156
 
000108231,000000001,000000000,0000.000,0000.000,0000.000,0155
 
000108251,000000000,000000000,0000.000,0000.000,0000.000,0155
 
000108271,000000000,000000000,0000.000,0000.000,0000.000,0155
 
000108291,000000000,000000000,0000.000,0000.000,0000.000,0155
 
000108311,000000000,000000000,0000.000,0000.000,0000.000,0156
 
000108331,000000000,000000000,0000.000,0000.000,0000.000,0156
 
000108351,000000000,000000000,0000.000,0000.000,0000.000,0154
 
000108371,000000000,000000000,0000.000,0000.000,0000.000,0154
 
000108391,000000000,000000000,0000.000,0000.000,0000.000,0155
 
000108411,000000000,000000000,0000.000,0000.000,0000.000,0011
 
000108431,000000000,000000000,0000.000,0000.000,0000.000,0156
 
000108451,000000000,000000000,0000.000,0000.000,0000.000,0015
 
000108471,000000000,000000000,0000.000,0000.000,0000.000,0156
 
000108491,000000000,000000001,0000.000,0000.000,0000.000,0006
 
000108511,000000000,000000000,0000.000,0000.000,0000.000,0011
 
000108531,000000000,000000000,0000.000,0000.000,0000.000,0010
 
000108551,000000000,000000000,0000.000,0000.000,0000.000,0012
 
000108571,000000001,000000000,0000.000,0000.000,0000.000,0007
 
000108591,000000001,000000000,0000.000,0000.000,0000.000,0014
 
000108611,000000001,-00000001,0000.000,0000.000,0000.000,0013
 
000108631,000000000,000000000,0000.000,0000.000,0000.000,0010
 
000108651,000000001,000000000,0000.000,0000.000,0000.000,0011
 
000108671,000000000,000000000,0000.000,0000.000,0000.000,0006
 
000108691,000000000,000000001,0000.000,0000.000,0000.000,0008
 
000108711,000000000,000000000,0000.000,0000.000,0000.000,0010
 
000108731,000000000,000000000,0000.000,0000.000,0000.000,0009
 
000108751,000000000,000000000,0000.000,0000.000,0000.000,0011
 
000108771,000000000,000000000,0000.000,0000.000,0000.000,0014
 
000108791,-00000001,000000000,0000.000,0000.000,0000.000,0010
 
000108811,000000000,000000000,0000.000,0000.000,0000.000,0157
 
000108831,000000000,000000000,0000.000,0000.000,0000.000,0159
 
000108851,000000000,000000000,0000.000,0000.000,0000.000,0014
 
000108871,000000000,000000000,0000.000,0000.000,0000.000,0159
 
000108891,000000000,000000000,0000.000,0000.000,0000.000,0159
 
000108911,000000000,000000000,0000.000,0000.000,0000.000,0157
 
000108931,000000000,000000000,0000.000,0000.000,0000.000,0159
 
000108951,000000000,000000000,0000.000,0000.000,0000.000,0158
 
000108971,000000000,000000000,0000.000,0000.000,0000.000,0018
 
000108991,000000001,000000000,0000.000,0000.000,0000.000,0017
 
000109011,000000000,000000000,0000.000,0000.000,0000.000,0021
 
000109031,000000000,000000000,0000.000,0000.000,0000.000,0158
 
000109051,000000000,000000001,0000.000,0000.000,0000.000,0018
 
000109071,000000001,000000000,0000.000,0000.000,0000.000,0016
 
000109091,000000000,000000000,0000.000,0000.000,0000.000,0015
 
000109111,000000000,000000000,0000.000,0000.000,0000.000,0015
 
000109131,000000000,000000000,0000.000,0000.000,0000.000,0014
 
000109151,000000000,000000000,0000.000,0000.000,0000.000,0157
 
000109171,000000001,000000000,0000.000,0000.000,0000.000,0020
 
000109191,000000000,000000000,0000.000,0000.000,0000.000,0017
 
000109212,000000000,000000000,0000.000,0000.000,0000.000,0161
 
000109232,000000000,000000000,0000.000,0000.000,0000.000,0165
 
000109252,000000000,000000000,0000.000,0000.000,0000.000,1023
 
000109272,000000000,000000000,0000.000,0000.000,0000.000,1023
 
000109292,000000000,000000000,0000.000,0000.000,0000.000,1023
 
000109312,000000000,000000000,0000.000,0000.000,0000.000,1023
 
000109332,000000000,000000000,0000.000,0000.000,0000.000,1023
 
000109352,000000000,000000000,0000.000,0000.000,0000.000,1023
 
000109372,000000000,000000000,0000.000,0000.000,0000.000,1023
 
000109392,000000000,000000000,0000.000,0000.000,0000.000,0167
 
000109412,000000000,000000000,0000.000,0000.000,0000.000,0164
 
000109432,-00000001,000000000,0000.000,0000.000,0000.000,0164
 
000109452,000000000,000000000,0000.000,0000.000,0000.000,0162
 
000109472,000000000,000000000,0000.000,0000.000,0000.000,0165
 
000109492,000000000,000000000,0000.000,0000.000,0000.000,0164
 
000109512,000000000,000000000,0000.000,0000.000,0000.000,0024
 
000109531,000000000,000000000,0000.000,0000.000,0000.000,0022
 
000109551,000000000,000000000,0000.000,0000.000,0000.000,0020
 
000109571,000000000,000000000,0000.000,0000.000,0000.000,0161
 
000109591,000000000,000000000,0000.000,0000.000,0000.000,0019
 
000109611,-00000001,000000000,0000.000,0000.000,0000.000,0161
 
000109631,000000000,-00000001,0000.000,0000.000,0000.000,0016
 
000109651,-00000001,000000000,0000.000,0000.000,0000.000,0159
 
000109671,000000000,000000000,0000.000,0000.000,0000.000,0021
 
000109691,000000000,000000000,0000.000,0000.000,0000.000,0159
 
000109711,000000000,000000000,0000.000,0000.000,0000.000,0015
 
000109731,000000000,000000000,0000.000,0000.000,0000.000,0019
 
000109751,000000000,000000000,0000.000,0000.000,0000.000,0016
 
000109771,000000000,000000000,0000.000,0000.000,0000.000,0018
 
000109791,000000000,000000000,0000.000,0000.000,0000.000,0021
 
000109811,000000000,000000000,0000.000,0000.000,0000.000,0159
 
000109831,000000000,000000000,0000.000,0000.000,0000.000,0015
 
000109851,000000000,000000000,0000.000,0000.000,0000.000,0018
 
000109871,000000000,000000000,0000.000,0000.000,0000.000,0160
 
000109891,000000000,000000001,0000.000,0000.000,0000.000,0159
 
000109911,000000000,000000000,0000.000,0000.000,0000.000,0018
 
000109931,000000000,000000000,0000.000,0000.000,0000.000,0159
 
000109951,000000000,000000000,0000.000,0000.000,0000.000,0016
 
000109971,000000000,000000000,0000.000,0000.000,0000.000,0021
 
000109991,000000000,000000000,0000.000,0000.000,0000.000,0020
 
000110011,000000000,000000000,0000.000,0000.000,0000.000,0159
 
000110031,000000000,-00000003,0000.000,0000.000,0000.000,0014
 
000110051,000000001,-00000004,0000.000,0000.000,0000.000,0013
 
000110071,000000002,-00000001,0000.000,0000.000,0000.000,0158
 
000110091,000000001,000000000,0000.000,0000.000,0000.000,0014
 
000110111,000000001,-00000001,0000.000,0000.000,0000.000,0018
 
000110131,000000001,-00000001,0000.000,0000.000,0000.000,0019
 
000110151,000000002,-00000004,0000.000,0000.000,0000.000,0158
 
000110171,000000002,-00000007,0000.000,0000.000,0000.000,0018
 
000110191,000000000,-00000016,0000.000,0000.000,0000.000,0019
 
000110211,-00000002,-00000025,0000.000,0000.000,0000.000,0158
 
000110231,-00000002,-00000023,0000.000,0000.000,0000.000,0159
 
000110251,-00000003,-00000020,0000.000,0000.000,0000.000,0158
 
000110271,-00000002,-00000015,0000.000,0000.000,0000.000,0016
 
000110291,000000000,-00000012,0000.000,0000.000,0000.000,0159
 
000110311,000000000,-00000012,0000.000,0000.000,0000.000,0157
 
000110331,000000000,-00000016,0000.000,0000.000,0000.000,0158
 
000110351,000000001,-00000016,0000.000,0000.000,0000.000,0158
 
000110371,000000002,-00000015,0000.000,0000.000,0000.000,0157
 
000110391,000000000,-00000015,0000.000,0000.000,0000.000,0159
 
000110411,-00000002,-00000018,0000.000,0000.000,0000.000,0159
 
000110431,-00000004,-00000021,0000.000,0000.000,0000.000,0014
 
000110451,-00000004,-00000025,0000.000,0000.000,0000.000,0158
 
000110471,-00000003,-00000024,0000.000,0000.000,0000.000,0017
 
000110491,-00000002,-00000025,0000.000,0000.000,0000.000,0159
 
000110511,-00000003,-00000028,0000.000,0000.000,0000.000,0015
 
000110531,-00000004,-00000031,0000.000,0000.000,0000.000,0158
 
000110551,-00000003,-00000025,0000.000,0000.000,0000.000,0013
 
000110571,-00000004,-00000015,0000.000,0000.000,0000.000,0156
 
000110591,-00000004,-00000014,0000.000,0000.000,0000.000,0159
 
000110611,-00000001,-00000015,0000.000,0000.000,0000.000,0159
 
000110631,-00000001,-00000016,0000.000,0000.000,0000.000,0158
 
000110651,-00000001,-00000015,0000.000,0000.000,0000.000,0015
 
000110671,000000000,-00000012,0000.000,0000.000,0000.000,0157
 
000110691,000000002,-00000013,0000.000,0000.000,0000.000,0017
 
000110711,000000000,-00000011,0000.000,0000.000,0000.000,0159
 
000110731,000000001,-00000011,0000.000,0000.000,0000.000,0159
 
000110751,000000000,-00000013,0000.000,0000.000,0000.000,0015
 
000110771,000000000,-00000014,0000.000,0000.000,0000.000,0158
 
000110791,-00000001,-00000016,0000.000,0000.000,0000.000,0159
 
000110811,-00000002,-00000016,0000.000,0000.000,0000.000,0158
 
000110831,-00000002,-00000017,0000.000,0000.000,0000.000,0159
 
000110851,-00000002,-00000015,0000.000,0000.000,0000.000,0008
 
000110871,-00000001,-00000017,0000.000,0000.000,0000.000,0158
 
000110891,-00000001,-00000015,0000.000,0000.000,0000.000,0158
 
000110911,-00000002,-00000013,0000.000,0000.000,0000.000,0158
 
000110931,-00000001,-00000013,0000.000,0000.000,0000.000,0157
 
000110951,-00000003,-00000013,0000.000,0000.000,0000.000,0157
 
000110971,-00000003,-00000017,0000.000,0000.000,0000.000,0158
 
000110991,-00000002,-00000025,0000.000,0000.000,0000.000,0157
 
000111011,000000000,-00000027,0000.000,0000.000,0000.000,0159
 
000111031,000000000,-00000026,0000.000,0000.000,0000.000,0157
 
000111051,-00000003,-00000027,0000.000,0000.000,0000.000,0158
 
000111071,-00000003,-00000029,0000.000,0000.000,0000.000,0158
 
000111091,-00000002,-00000027,0000.000,0000.000,0000.000,0157
 
000111111,-00000003,-00000025,0000.000,0000.000,0000.000,0157
 
000111131,000000000,-00000023,0000.000,0000.000,0000.000,0159
 
000111151,000000000,-00000021,0000.000,0000.000,0000.000,0159
 
000111171,000000000,-00000018,0000.000,0000.000,0000.000,0157
 
000111191,000000001,-00000017,0000.000,0000.000,0000.000,0017
 
000111211,-00000001,-00000017,0000.000,0000.000,0000.000,0156
 
000111231,-00000003,-00000014,0000.000,0000.000,0000.000,0011
 
000111251,-00000001,-00000012,0000.000,0000.000,0000.000,0157
 
000111271,000000000,-00000011,0000.000,0000.000,0000.000,0158
 
000111291,-00000002,-00000010,0000.000,0000.000,0000.000,0012
 
000111311,-00000003,-00000007,0000.000,0000.000,0000.000,0156
 
000111331,-00000001,-00000003,0000.000,0000.000,0000.000,0157
 
000111351,-00000001,-00000001,0000.000,0000.000,0000.000,0156
 
000111371,000000000,-00000001,0000.000,0000.000,0000.000,0158
 
000111391,000000000,-00000001,0000.000,0000.000,0000.000,0016
 
000111411,-00000001,-00000001,0000.000,0000.000,0000.000,0158
 
000111431,000000000,-00000001,0000.000,0000.000,0000.000,0156
 
000111451,-00000001,-00000006,0000.000,0000.000,0000.000,0016
 
000111471,-00000003,-00000013,0000.000,0000.000,0000.000,0157
 
000111491,-00000001,-00000020,0000.000,0000.000,0000.000,0157
 
000111511,-00000002,-00000026,0000.000,0000.000,0000.000,0156
 
000111531,000000000,-00000029,0000.000,0000.000,0000.000,0011
 
000111551,000000000,-00000029,0000.000,0000.000,0000.000,0156
 
000111571,000000001,-00000026,0000.000,0000.000,0000.000,0156
 
000111591,000000001,-00000021,0000.000,0000.000,0000.000,0012
 
000111611,000000000,-00000017,0000.000,0000.000,0000.000,0158
 
000111631,000000000,-00000013,0000.000,0000.000,0000.000,0157
 
000111651,000000000,-00000008,0000.000,0000.000,0000.000,0157
 
000111671,-00000001,-00000007,0000.000,0000.000,0000.000,0158
 
000111691,000000000,-00000006,0000.000,0000.000,0000.000,0156
 
000111711,000000001,-00000006,0000.000,0000.000,0000.000,0156
 
000111731,000000001,-00000007,0000.000,0000.000,0000.000,0157
 
000111751,000000000,-00000011,0000.000,0000.000,0000.000,0156
 
000111771,000000001,-00000012,0000.000,0000.000,0000.000,0156
 
000111791,000000001,-00000017,0000.000,0000.000,0000.000,0156
 
000111811,-00000001,-00000024,0000.000,0000.000,0000.000,0158
 
000111831,-00000004,-00000029,0000.000,0000.000,0000.000,0155
 
000111851,-00000006,-00000032,0000.000,0000.000,0000.000,0156
 
000111871,-00000003,-00000032,0000.000,0000.000,0000.000,0012
 
000111891,-00000002,-00000029,0000.000,0000.000,0000.000,0157
 
000111911,000000002,-00000025,0000.000,0000.000,0000.000,0157
 
000111931,000000002,-00000025,0000.000,0000.000,0000.000,0157
 
000111951,000000002,-00000021,0000.000,0000.000,0000.000,0155
 
000111971,000000000,-00000018,0000.000,0000.000,0000.000,0011
 
000111991,000000000,-00000013,0000.000,0000.000,0000.000,0156
 
000112011,000000000,-00000012,0000.000,0000.000,0000.000,0015
 
000112031,000000000,-00000016,0000.000,0000.000,0000.000,0158
 
000112051,000000000,-00000017,0000.000,0000.000,0000.000,0015
 
000112071,-00000001,-00000017,0000.000,0000.000,0000.000,0156
 
000112091,-00000002,-00000016,0000.000,0000.000,0000.000,0016
 
000112111,-00000001,-00000017,0000.000,0000.000,0000.000,0012
 
000112131,000000000,-00000023,0000.000,0000.000,0000.000,0157
 
000112151,000000001,-00000026,0000.000,0000.000,0000.000,0155
 
000112171,000000001,-00000023,0000.000,0000.000,0000.000,0156
 
000112191,000000002,-00000024,0000.000,0000.000,0000.000,0157
 
000112211,000000001,-00000026,0000.000,0000.000,0000.000,0159
 
000112231,000000002,-00000030,0000.000,0000.000,0000.000,0157
 
000112251,000000003,-00000033,0000.000,0000.000,0000.000,0011
 
000112271,000000002,-00000030,0000.000,0000.000,0000.000,0158
 
000112291,000000001,-00000025,0000.000,0000.000,0000.000,0013
 
000112311,000000000,-00000021,0000.000,0000.000,0000.000,0157
 
000112331,000000001,-00000024,0000.000,0000.000,0000.000,0159
 
000112351,000000001,-00000019,0000.000,0000.000,0000.000,0157
 
000112371,000000000,-00000013,0000.000,0000.000,0000.000,0157
 
000112391,000000001,-00000008,0000.000,0000.000,0000.000,0157
 
000112411,000000002,-00000010,0000.000,0000.000,0000.000,0156
 
000112431,000000003,-00000011,0000.000,0000.000,0000.000,0156
 
000112451,000000003,-00000011,0000.000,0000.000,0000.000,0157
 
000112471,000000002,-00000013,0000.000,0000.000,0000.000,0157
 
000112491,000000001,-00000017,0000.000,0000.000,0000.000,0159
 
000112511,000000002,-00000017,0000.000,0000.000,0000.000,0155
 
000112531,000000002,-00000014,0000.000,0000.000,0000.000,0156
 
000112551,000000001,-00000013,0000.000,0000.000,0000.000,0157
 
000112571,000000001,-00000015,0000.000,0000.000,0000.000,0156
 
000112591,000000002,-00000015,0000.000,0000.000,0000.000,0156
 
000112611,000000000,-00000013,0000.000,0000.000,0000.000,0156
 
000112631,000000000,-00000013,0000.000,0000.000,0000.000,0156
 
000112651,-00000001,-00000013,0000.000,0000.000,0000.000,0158
 
000112671,-00000001,-00000017,0000.000,0000.000,0000.000,0157
 
000112691,000000000,-00000021,0000.000,0000.000,0000.000,0017
 
000112711,000000001,-00000025,0000.000,0000.000,0000.000,0155
 
000112731,000000002,-00000016,0000.000,0000.000,0000.000,0155
 
000112751,000000001,-00000015,0000.000,0000.000,0000.000,0011
 
000112771,000000000,-00000010,0000.000,0000.000,0000.000,0156
 
000112791,-00000001,-00000007,0000.000,0000.000,0000.000,0016
 
000112811,-00000002,-00000005,0000.000,0000.000,0000.000,0016
 
000112831,000000000,-00000007,0000.000,0000.000,0000.000,0156
 
000112851,000000000,-00000007,0000.000,0000.000,0000.000,0156
 
000112871,-00000002,-00000007,0000.000,0000.000,0000.000,0012
 
000112891,-00000003,-00000010,0000.000,0000.000,0000.000,0009
 
000112911,-00000003,-00000011,0000.000,0000.000,0000.000,0158
 
000112931,000000000,-00000013,0000.000,0000.000,0000.000,0156
 
000112951,000000000,-00000014,0000.000,0000.000,0000.000,0011
 
000112971,000000000,-00000015,0000.000,0000.000,0000.000,0006
 
000112991,-00000001,-00000015,0000.000,0000.000,0000.000,0010
 
000113011,-00000001,-00000017,0000.000,0000.000,0000.000,0012
 
000113031,000000000,-00000018,0000.000,0000.000,0000.000,0154
 
000113051,000000000,-00000017,0000.000,0000.000,0000.000,0156
 
000113071,000000001,-00000017,0000.000,0000.000,0000.000,0157
 
000113091,000000001,-00000013,0000.000,0000.000,0000.000,0157
 
000113111,000000001,-00000011,0000.000,0000.000,0000.000,0157
 
000113131,000000000,-00000013,0000.000,0000.000,0000.000,0157
 
000113151,000000000,-00000006,0000.000,0000.000,0000.000,0155
 
000113171,000000000,-00000001,0000.000,0000.000,0000.000,0157
 
000113191,000000001,-00000001,0000.000,0000.000,0000.000,0155
 
000113211,000000000,000000000,0000.000,0000.000,0000.000,0158
 
000113231,000000000,-00000001,0000.000,0000.000,0000.000,0157
 
000113251,000000000,-00000008,0000.000,0000.000,0000.000,0156
 
000113271,000000000,-00000012,0000.000,0000.000,0000.000,0157
 
000113291,000000000,-00000012,0000.000,0000.000,0000.000,0157
 
000113311,000000001,-00000009,0000.000,0000.000,0000.000,0156
 
000113331,000000000,-00000008,0000.000,0000.000,0000.000,0157
 
000113351,000000001,-00000009,0000.000,0000.000,0000.000,0157
 
000113371,000000001,-00000008,0000.000,0000.000,0000.000,0156
 
000113391,000000001,-00000009,0000.000,0000.000,0000.000,0157
 
000113411,000000002,-00000012,0000.000,0000.000,0000.000,0155
 
000113431,000000001,-00000013,0000.000,0000.000,0000.000,0156
 
000113451,000000002,-00000013,0000.000,0000.000,0000.000,0157
 
000113471,000000000,-00000014,0000.000,0000.000,0000.000,0019
 
000113491,000000000,-00000014,0000.000,0000.000,0000.000,0157
 
000113511,-00000002,-00000014,0000.000,0000.000,0000.000,0008
 
000113531,-00000012,-00000017,0000.000,0000.000,0000.000,0157
 
000113551,-00000011,-00000017,0000.000,0000.000,0000.000,0013
 
000113571,000000000,-00000012,0000.000,0000.000,0000.000,0011
 
000113591,000000001,-00000013,0000.000,0000.000,0000.000,0156
 
000113611,000000001,-00000010,0000.000,0000.000,0000.000,0155
 
000113631,000000001,-00000009,0000.000,0000.000,0000.000,0010
 
000113651,000000002,-00000011,0000.000,0000.000,0000.000,0013
 
000113671,000000002,-00000014,0000.000,0000.000,0000.000,0013
 
000113691,000000002,-00000014,0000.000,0000.000,0000.000,0017
 
000113711,000000003,-00000013,0000.000,0000.000,0000.000,0156
 
000113731,000000003,-00000012,0000.000,0000.000,0000.000,0016
 
000113751,000000003,-00000009,0000.000,0000.000,0000.000,0013
 
000113771,000000001,-00000005,0000.000,0000.000,0000.000,0010
 
000113791,000000001,-00000008,0000.000,0000.000,0000.000,0011
 
000113811,000000000,-00000014,0000.000,0000.000,0000.000,0009
 
000113831,000000002,-00000017,0000.000,0000.000,0000.000,0008
 
000113851,000000004,-00000021,0000.000,0000.000,0000.000,0018
 
000113871,000000003,-00000021,0000.000,0000.000,0000.000,0155
 
000113891,000000000,-00000019,0000.000,0000.000,0000.000,0158
 
000113911,000000000,-00000016,0000.000,0000.000,0000.000,0157
 
000113931,000000002,-00000013,0000.000,0000.000,0000.000,0155
 
000113951,000000003,-00000007,0000.000,0000.000,0000.000,0155
 
000113971,000000002,-00000002,0000.000,0000.000,0000.000,0156
 
000113991,000000000,-00000001,0000.000,0000.000,0000.000,0155
 
000114011,000000000,-00000001,0000.000,0000.000,0000.000,0157
 
000114031,000000000,000000000,0000.000,0000.000,0000.000,0156
 
000114051,000000000,000000000,0000.000,0000.000,0000.000,0155
 
000114071,000000000,000000000,0000.000,0000.000,0000.000,0157
 
000114091,000000000,000000000,0000.000,0000.000,0000.000,0155
 
000114111,000000000,000000000,0000.000,0000.000,0000.000,0155
 
000114131,000000000,000000000,0000.000,0000.000,0000.000,0156
 
000114151,000000000,-00000001,0000.000,0000.000,0000.000,0156
 
000114171,000000000,-00000012,0000.000,0000.000,0000.000,0156
 
000114191,000000000,-00000021,0000.000,0000.000,0000.000,0010
 
000114211,000000000,-00000025,0000.000,0000.000,0000.000,0157
 
000114231,-00000002,-00000020,0000.000,0000.000,0000.000,0011
 
000114251,-00000002,-00000019,0000.000,0000.000,0000.000,0156
 
000114271,-00000001,-00000020,0000.000,0000.000,0000.000,0013
 
000114291,000000001,-00000023,0000.000,0000.000,0000.000,0155
 
000114311,000000002,-00000025,0000.000,0000.000,0000.000,0008
 
000114331,000000002,-00000014,0000.000,0000.000,0000.000,0007
 
000114351,000000000,-00000006,0000.000,0000.000,0000.000,0158
 
000114371,000000000,-00000002,0000.000,0000.000,0000.000,0014
 
000114391,000000001,000000000,0000.000,0000.000,0000.000,0010
 
000114411,000000000,-00000002,0000.000,0000.000,0000.000,0012
 
000114431,000000000,-00000002,0000.000,0000.000,0000.000,0014
 
000114451,000000000,-00000001,0000.000,0000.000,0000.000,0010
 
000114471,000000004,-00000005,0000.000,0000.000,0000.000,0016
 
000114491,000000007,-00000013,0000.000,0000.000,0000.000,0011
 
000114511,000000004,-00000015,0000.000,0000.000,0000.000,0005
 
000114531,000000000,-00000012,0000.000,0000.000,0000.000,0014
 
000114551,-00000001,-00000010,0000.000,0000.000,0000.000,0156
 
000114571,-00000001,-00000011,0000.000,0000.000,0000.000,0155
 
000114591,-00000001,-00000007,0000.000,0000.000,0000.000,0157
 
000114611,000000000,-00000004,0000.000,0000.000,0000.000,0156
 
000114631,000000000,-00000002,0000.000,0000.000,0000.000,0156
 
000114651,000000000,000000000,0000.000,0000.000,0000.000,0157
 
000114671,000000000,000000000,0000.000,0000.000,0000.000,0157
 
000114691,000000000,000000000,0000.000,0000.000,0000.000,0157
 
000114711,000000000,000000000,0000.000,0000.000,0000.000,0156
 
000114731,000000000,000000000,0000.000,0000.000,0000.000,0157
 
000114751,000000000,000000000,0000.000,0000.000,0000.000,0156
 
000114771,000000000,000000000,0000.000,0000.000,0000.000,0154
 
000114791,000000000,000000000,0000.000,0000.000,0000.000,0155
 
000114811,000000000,000000000,0000.000,0000.000,0000.000,0012
 
000114831,000000000,000000000,0000.000,0000.000,0000.000,0153
 
000114851,000000000,000000000,0000.000,0000.000,0000.000,0155
 
000114871,000000000,000000000,0000.000,0000.000,0000.000,0156
 
000114891,000000000,000000000,0000.000,0000.000,0000.000,0157
 
000114911,000000000,000000000,0000.000,0000.000,0000.000,0157
 
000114931,000000001,000000000,0000.000,0000.000,0000.000,0157
 
000114951,000000000,000000000,0000.000,0000.000,0000.000,0154
 
000114971,000000000,000000000,0000.000,0000.000,0000.000,0155
 
000114991,000000000,000000000,0000.000,0000.000,0000.000,0155
 
000115011,000000000,000000000,0000.000,0000.000,0000.000,0156
 
000115031,000000000,000000000,0000.000,0000.000,0000.000,0155
 
000115051,000000000,000000000,0000.000,0000.000,0000.000,0011
 
000115071,000000000,000000000,0000.000,0000.000,0000.000,0157
 
000115091,000000000,000000000,0000.000,0000.000,0000.000,0156
 
000115111,000000000,000000000,0000.000,0000.000,0000.000,0015
 
000115131,000000000,000000000,0000.000,0000.000,0000.000,0155
 
000115151,000000000,000000000,0000.000,0000.000,0000.000,0004
 
000115171,000000000,000000000,0000.000,0000.000,0000.000,0007
 
000115191,000000000,000000000,0000.000,0000.000,0000.000,0011
 
000115211,000000000,000000000,0000.000,0000.000,0000.000,0009
 
000115231,000000000,000000000,0000.000,0000.000,0000.000,0006
 
000115251,000000000,000000000,0000.000,0000.000,0000.000,0012
 
000115271,-00000001,000000000,0000.000,0000.000,0000.000,0009
 
000115291,000000000,000000000,0000.000,0000.000,0000.000,0010
 
000115311,000000000,000000000,0000.000,0000.000,0000.000,0021
 
000115332,000000000,000000000,0000.000,0000.000,0000.000,0164
 
000115352,000000000,000000000,0000.000,0000.000,0000.000,1023
 
000115372,000000000,000000000,0000.000,0000.000,0000.000,1023
 
000115392,000000000,000000001,0000.000,0000.000,0000.000,1023
 
000115412,000000000,000000000,0000.000,0000.000,0000.000,1023
 
000115432,000000000,000000000,0000.000,0000.000,0000.000,1023
 
000115452,000000000,000000000,0000.000,0000.000,0000.000,1023
 
000115472,000000000,000000000,0000.000,0000.000,0000.000,1023
 
000115492,000000000,000000000,0000.000,0000.000,0000.000,1023
 
000115512,000000000,000000000,0000.000,0000.000,0000.000,1023
 
000115532,000000000,000000000,0000.000,0000.000,0000.000,0035
 
000115552,000000000,000000000,0000.000,0000.000,0000.000,0165
 
000115572,000000000,000000000,0000.000,0000.000,0000.000,0027
 
000115592,000000000,000000000,0000.000,0000.000,0000.000,0021
 
000115611,000000000,000000000,0000.000,0000.000,0000.000,0163
 
000115631,000000000,000000000,0000.000,0000.000,0000.000,0162
 
000115651,000000000,000000000,0000.000,0000.000,0000.000,0162
 
000115671,000000000,000000000,0000.000,0000.000,0000.000,0023
 
000115691,000000000,000000000,0000.000,0000.000,0000.000,0022
 
000115711,000000000,000000001,0000.000,0000.000,0000.000,0022
 
000115731,000000000,000000000,0000.000,0000.000,0000.000,0161
 
000115751,-00000001,000000000,0000.000,0000.000,0000.000,0159
 
000115771,000000000,000000000,0000.000,0000.000,0000.000,0159
 
000115791,000000000,000000000,0000.000,0000.000,0000.000,0018
 
000115811,000000000,000000000,0000.000,0000.000,0000.000,0158
 
000115831,-00000001,000000000,0000.000,0000.000,0000.000,0018
 
000115851,000000000,000000000,0000.000,0000.000,0000.000,0008
 
000115871,-00000001,000000000,0000.000,0000.000,0000.000,0007
 
000115891,000000000,-00000001,0000.000,0000.000,0000.000,0015
 
000115911,000000007,-00000022,0000.000,0000.000,0000.000,0009
 
000115931,000000054,-00000095,0000.000,0000.000,0000.000,0011
 
000115951,000000115,-00000176,0000.000,0000.000,0000.000,0008
 
000115971,000000160,-00000206,0000.000,0000.000,0000.000,0012
 
000115991,000000103,-00000143,0000.000,0000.000,0000.000,0014
 
000116011,000000024,-00000049,0000.000,0000.000,0000.000,0017
 
000116031,000000021,-00000049,0000.000,0000.000,0000.000,0009
 
000116051,000000018,-00000031,0000.000,0000.000,0000.000,0011
 
000116071,000000016,-00000028,0000.000,0000.000,0000.000,0006
 
000116091,000000014,-00000025,0000.000,0000.000,0000.000,0014
 
000116111,000000012,-00000023,0000.000,0000.000,0000.000,0012
 
000116131,000000009,-00000019,0000.000,0000.000,0000.000,0015
 
000116151,000000007,-00000025,0000.000,0000.000,0000.000,0011
 
000116171,000000006,-00000015,0000.000,0000.000,0000.000,0009
 
000116191,000000003,-00000013,0000.000,0000.000,0000.000,0009
 
000116211,000000003,-00000013,0000.000,0000.000,0000.000,0008
 
000116231,000000000,-00000007,0000.000,0000.000,0000.000,0006
 
000116251,-00000001,-00000004,0000.000,0000.000,0000.000,0016
 
000116271,-00000004,-00000002,0000.000,0000.000,0000.000,0012
 
000116291,-00000002,-00000002,0000.000,0000.000,0000.000,0009
 
000116311,000000000,000000000,0000.000,0000.000,0000.000,0008
 
000116331,000000000,000000000,0000.000,0000.000,0000.000,0011
 
000116351,000000000,000000000,0000.000,0000.000,0000.000,0010
 
000116371,000000000,000000000,0000.000,0000.000,0000.000,0012
 
000116391,000000000,000000000,0000.000,0000.000,0000.000,0012
 
000116411,000000000,000000000,0000.000,0000.000,0000.000,0154
 
000116431,000000000,000000000,0000.000,0000.000,0000.000,0156
 
000116451,000000000,000000000,0000.000,0000.000,0000.000,0012
 
000116471,000000000,000000000,0000.000,0000.000,0000.000,0156
 
000116491,000000000,000000000,0000.000,0000.000,0000.000,0004
 
000116511,000000000,000000000,0000.000,0000.000,0000.000,0008
 
000116531,000000000,000000000,0000.000,0000.000,0000.000,0007
 
000116551,000000000,000000000,0000.000,0000.000,0000.000,0014
 
000116571,000000000,000000000,0000.000,0000.000,0000.000,0012
 
000116591,000000000,000000000,0000.000,0000.000,0000.000,0156
 
000116611,000000000,000000000,0000.000,0000.000,0000.000,0015
 
000116631,000000000,000000000,0000.000,0000.000,0000.000,0157
 
000116651,000000000,000000000,0000.000,0000.000,0000.000,0154
 
000116671,000000000,000000000,0000.000,0000.000,0000.000,0156
 
000116691,000000000,000000000,0000.000,0000.000,0000.000,0156
 
000116711,000000000,000000000,0000.000,0000.000,0000.000,0155
 
000116731,000000000,000000000,0000.000,0000.000,0000.000,0156
 
000116751,000000000,000000000,0000.000,0000.000,0000.000,0155
 
000116771,000000000,000000000,0000.000,0000.000,0000.000,0154
 
000116791,000000000,-00000001,0000.000,0000.000,0000.000,0156
 
000116811,-00000007,-00000013,0000.000,0000.000,0000.000,0156
 
000116831,-00000008,-00000023,0000.000,0000.000,0000.000,0156
 
000116851,-00000013,-00000031,0000.000,0000.000,0000.000,0005
 
000116871,-00000016,-00000045,0000.000,0000.000,0000.000,0155
 
000116891,-00000011,-00000064,0000.000,0000.000,0000.000,0016
 
000116911,000000007,-00000053,0000.000,0000.000,0000.000,0011
 
000116931,000000020,-00000029,0000.000,0000.000,0000.000,0155
 
000116951,000000020,-00000015,0000.000,0000.000,0000.000,0006
 
000116971,000000014,-00000004,0000.000,0000.000,0000.000,0154
 
000116991,000000012,000000015,0000.000,0000.000,0000.000,0013
 
000117011,000000013,000000030,0000.000,0000.000,0000.000,0013
 
000117031,000000011,000000034,0000.000,0000.000,0000.000,0012
 
000117051,000000006,000000037,0000.000,0000.000,0000.000,0011
 
000117071,000000006,000000037,0000.000,0000.000,0000.000,0153
 
000117091,000000006,000000035,0000.000,0000.000,0000.000,0009
 
000117111,000000005,000000032,0000.000,0000.000,0000.000,0010
 
000117131,000000005,000000030,0000.000,0000.000,0000.000,0155
 
000117151,000000004,000000028,0000.000,0000.000,0000.000,0012
 
000117171,000000004,000000027,0000.000,0000.000,0000.000,0010
 
000117191,000000003,000000028,0000.000,0000.000,0000.000,0154
 
000117211,000000004,000000025,0000.000,0000.000,0000.000,0155
 
000117231,000000003,000000022,0000.000,0000.000,0000.000,0011
 
000117251,000000003,000000019,0000.000,0000.000,0000.000,0156
 
000117271,000000002,000000014,0000.000,0000.000,0000.000,0156
 
000117291,000000001,000000005,0000.000,0000.000,0000.000,0156
 
000117311,000000001,000000002,0000.000,0000.000,0000.000,0154
 
000117331,000000000,000000000,0000.000,0000.000,0000.000,0156
 
000117351,000000000,000000000,0000.000,0000.000,0000.000,0156
 
000117371,000000000,000000000,0000.000,0000.000,0000.000,0156
 
000117391,000000000,000000000,0000.000,0000.000,0000.000,0154
 
000117411,000000000,000000000,0000.000,0000.000,0000.000,0156
 
000117431,000000000,000000000,0000.000,0000.000,0000.000,0154
 
000117451,000000000,000000000,0000.000,0000.000,0000.000,0007
 
000117471,000000000,000000000,0000.000,0000.000,0000.000,0011
 
000117491,000000000,000000000,0000.000,0000.000,0000.000,0008
 
