001609714,000000024,-00000007,0000.000,0000.000,0000.000,
 
001609734,000000000,000000000,0000.000,0000.000,0000.000,
 
001609754,000000000,000000000,0000.000,0000.000,0000.000,
 
001609774,000000000,000000000,0000.000,0000.000,0000.000,
 
001609794,000000000,000000000,0000.000,0000.000,0000.000,
 
001609814,000000000,000000000,0000.000,0000.000,0000.000,
 
001609834,000000000,000000000,0000.000,0000.000,0000.000,
 
001609854,000000000,000000000,0000.000,0000.000,0000.000,
 
001609874,000000000,000000000,0000.000,0000.000,0000.000,
 
001609894,000000000,000000000,0000.000,0000.000,0000.000,
 
001609914,000000000,000000000,0000.000,0000.000,0000.000,
 
001609934,000000000,000000000,0000.000,0000.000,0000.000,
 
001609954,000000000,000000000,0000.000,0000.000,0000.000,
 
001609974,000000000,000000000,0000.000,0000.000,0000.000,
 
001609994,000000000,000000000,0000.000,0000.000,0000.000,
 
001610014,000000000,000000000,0000.000,0000.000,0000.000,
 
001610034,000000000,000000000,0000.000,0000.000,0000.000,
 
001610054,000000000,000000000,0000.000,0000.000,0000.000,
 
001610074,000000000,000000000,0000.000,0000.000,0000.000,
 
001610094,000000000,000000000,0000.000,0000.000,0000.000,
 
001610114,000000000,000000000,0000.000,0000.000,0000.000,
 
001610134,000000000,000000000,0000.000,0000.000,0000.000,
 
001610154,000000000,000000000,0000.000,0000.000,0000.000,
 
001610174,000000000,000000000,0000.000,0000.000,0000.000,
 
001610194,000000000,000000000,0000.000,0000.000,0000.000,
 
001610214,000000000,000000000,0000.000,0000.000,0000.000,
 
001610234,000000000,000000000,0000.000,0000.000,0000.000,
 
001610254,000000000,000000000,0000.000,0000.000,0000.000,
 
001610274,000000000,000000000,0000.000,0000.000,0000.000,
 
001610294,000000000,000000000,0000.000,0000.000,0000.000,
 
001610314,000000000,000000000,0000.000,0000.000,0000.000,
 
001610334,000000000,000000000,0000.000,0000.000,0000.000,
 
001610354,000000000,000000000,0000.000,0000.000,0000.000,
 
001610374,000000000,000000000,0000.000,0000.000,0000.000,
 
001610394,000000000,000000000,0000.000,0000.000,0000.000,
 
001610414,000000000,000000000,0000.000,0000.000,0000.000,
 
001610434,000000000,000000000,0000.000,0000.000,0000.000,
 
001610454,000000000,000000000,0000.000,0000.000,0000.000,
 
001610474,000000000,000000000,0000.000,0000.000,0000.000,
 
001610494,000000000,000000000,0000.000,0000.000,0000.000,
 
001610514,000000000,000000000,0000.000,0000.000,0000.000,
 
001610534,000000000,000000000,0000.000,0000.000,0000.000,
 
001610554,000000000,000000000,0000.000,0000.000,0000.000,
 
001610574,000000000,000000000,0000.000,0000.000,0000.000,
 
001610594,000000000,000000000,0000.000,0000.000,0000.000,
 
001610614,000000000,000000000,0000.000,0000.000,0000.000,
 
001610634,000000000,000000000,0000.000,0000.000,0000.000,
 
001610654,000000000,000000000,0000.000,0000.000,0000.000,
 
001610674,000000000,000000000,0000.000,0000.000,0000.000,
 
001610694,000000000,000000000,0000.000,0000.000,0000.000,
 
001610714,000000000,000000000,0000.000,0000.000,0000.000,
 
001610734,000000000,000000000,0000.000,0000.000,0000.000,
 
001610754,000000000,000000000,0000.000,0000.000,0000.000,
 
001610774,000000000,000000000,0000.000,0000.000,0000.000,
 
001610794,000000000,000000000,0000.000,0000.000,0000.000,
 
001610814,000000000,000000000,0000.000,0000.000,0000.000,
 
001610834,000000000,000000000,0000.000,0000.000,0000.000,
 
001610854,000000000,000000000,0000.000,0000.000,0000.000,
 
001610874,000000000,000000000,0000.000,0000.000,0000.000,
 
001610894,000000000,000000000,0000.000,0000.000,0000.000,
 
001610914,000000000,000000000,0000.000,0000.000,0000.000,
 
001610934,000000000,000000000,0000.000,0000.000,0000.000,
 
001610954,000000000,000000000,0000.000,0000.000,0000.000,
 
001610974,000000000,000000000,0000.000,0000.000,0000.000,
 
001610994,000000000,000000000,0000.000,0000.000,0000.000,
 
001611014,000000000,000000000,0000.000,0000.000,0000.000,
 
001611034,000000000,000000000,0000.000,0000.000,0000.000,
 
001611054,000000000,000000000,0000.000,0000.000,0000.000,
 
001611074,000000000,000000000,0000.000,0000.000,0000.000,
 
001611094,000000000,000000000,0000.000,0000.000,0000.000,
 
001611114,000000000,000000000,0000.000,0000.000,0000.000,
 
001611134,000000000,000000000,0000.000,0000.000,0000.000,
 
001611154,000000000,000000000,0000.000,0000.000,0000.000,
 
001611174,000000000,000000000,0000.000,0000.000,0000.000,
 
001611194,000000000,000000000,0000.000,0000.000,0000.000,
 
001611214,000000000,000000000,0000.000,0000.000,0000.000,
 
001611234,000000000,000000000,0000.000,0000.000,0000.000,
 
001611254,000000000,000000000,0000.000,0000.000,0000.000,
 
001611274,000000000,000000000,0000.000,0000.000,0000.000,
 
001611294,000000000,000000000,0000.000,0000.000,0000.000,
 
001611314,000000000,000000000,0000.000,0000.000,0000.000,
 
001611334,000000000,000000000,0000.000,0000.000,0000.000,
 
001611354,000000000,000000000,0000.000,0000.000,0000.000,
 
001611374,000000000,000000000,0000.000,0000.000,0000.000,
 
001611394,000000000,000000000,0000.000,0000.000,0000.000,
 
001611414,000000000,000000000,0000.000,0000.000,0000.000,
 
001611434,000000000,000000000,0000.000,0000.000,0000.000,
 
001611454,000000000,000000000,0000.000,0000.000,0000.000,
 
001611474,000000000,000000000,0000.000,0000.000,0000.000,
 
001611494,000000000,000000000,0000.000,0000.000,0000.000,
 
001611514,000000000,000000000,0000.000,0000.000,0000.000,
 
001611534,000000000,000000000,0000.000,0000.000,0000.000,
 
001611554,000000000,000000000,0000.000,0000.000,0000.000,
 
001611574,000000000,000000000,0000.000,0000.000,0000.000,
 
001611594,000000000,000000000,0000.000,0000.000,0000.000,
 
001611614,000000000,000000000,0000.000,0000.000,0000.000,
 
001611634,000000000,000000000,0000.000,0000.000,0000.000,
 
001611654,000000000,000000000,0000.000,0000.000,0000.000,
 
001611674,000000000,000000000,0000.000,0000.000,0000.000,
 
001611694,000000000,000000000,0000.000,0000.000,0000.000,
 
001611714,000000000,000000000,0000.000,0000.000,0000.000,
 
001611734,000000000,000000000,0000.000,0000.000,0000.000,
 
001611754,000000000,000000000,0000.000,0000.000,0000.000,
 
001611774,000000000,000000000,0000.000,0000.000,0000.000,
 
001611794,000000000,000000000,0000.000,0000.000,0000.000,
 
001611814,000000000,000000000,0000.000,0000.000,0000.000,
 
001611834,000000000,000000000,0000.000,0000.000,0000.000,
 
001611854,000000000,000000000,0000.000,0000.000,0000.000,
 
001611874,000000000,000000000,0000.000,0000.000,0000.000,
 
001611894,000000000,000000000,0000.000,0000.000,0000.000,
 
001611914,000000000,000000000,0000.000,0000.000,0000.000,
 
001611934,000000000,000000000,0000.000,0000.000,0000.000,
 
001611954,000000000,000000000,0000.000,0000.000,0000.000,
 
001611974,000000000,000000000,0000.000,0000.000,0000.000,
 
001611994,000000001,000000000,0000.000,0000.000,0000.000,
 
001612014,000000000,-00000002,0000.000,0000.000,0000.000,
 
001612034,000000000,-00000004,0000.000,0000.000,0000.000,
 
001612054,000000000,-00000003,0000.000,0000.000,0000.000,
 
001612074,000000000,-00000004,0000.000,0000.000,0000.000,
 
001612094,000000001,-00000004,0000.000,0000.000,0000.000,
 
001612114,000000000,-00000002,0000.000,0000.000,0000.000,
 
001612134,000000001,-00000002,0000.000,0000.000,0000.000,
 
001612154,000000000,000000000,0000.000,0000.000,0000.000,
 
001612174,000000000,-00000001,0000.000,0000.000,0000.000,
 
001612194,000000000,000000000,0000.000,0000.000,0000.000,
 
001612214,000000000,000000000,0000.000,0000.000,0000.000,
 
001612234,000000000,000000000,0000.000,0000.000,0000.000,
 
001612254,000000000,-00000001,0000.000,0000.000,0000.000,
 
001612274,-00000001,-00000004,0000.000,0000.000,0000.000,
 
001612294,-00000004,-00000007,0000.000,0000.000,0000.000,
 
001612314,-00000004,-00000013,0000.000,0000.000,0000.000,
 
001612334,-00000007,-00000009,0000.000,0000.000,0000.000,
 
001612354,-00000004,-00000009,0000.000,0000.000,0000.000,
 
001612374,-00000004,-00000008,0000.000,0000.000,0000.000,
 
001612394,-00000004,-00000013,0000.000,0000.000,0000.000,
 
001612414,-00000003,-00000012,0000.000,0000.000,0000.000,
 
001612434,-00000003,-00000017,0000.000,0000.000,0000.000,
 
001612454,-00000007,-00000019,0000.000,0000.000,0000.000,
 
001612474,-00000004,-00000024,0000.000,0000.000,0000.000,
 
001612494,-00000004,-00000026,0000.000,0000.000,0000.000,
 
001612514,-00000004,-00000026,0000.000,0000.000,0000.000,
 
001612534,-00000004,-00000027,0000.000,0000.000,0000.000,
 
001612554,-00000002,-00000027,0000.000,0000.000,0000.000,
 
001612574,-00000001,-00000024,0000.000,0000.000,0000.000,
 
001612594,-00000001,-00000020,0000.000,0000.000,0000.000,
 
001612614,-00000004,-00000025,0000.000,0000.000,0000.000,
 
001612634,-00000002,-00000025,0000.000,0000.000,0000.000,
 
001612654,-00000002,-00000025,0000.000,0000.000,0000.000,
 
001612674,-00000001,-00000025,0000.000,0000.000,0000.000,
 
001612694,-00000001,-00000025,0000.000,0000.000,0000.000,
 
001612714,-00000001,-00000027,0000.000,0000.000,0000.000,
 
001612734,-00000001,-00000029,0000.000,0000.000,0000.000,
 
001612754,000000000,-00000030,0000.000,0000.000,0000.000,
 
001612774,000000000,-00000031,0000.000,0000.000,0000.000,
 
001612794,-00000001,-00000031,0000.000,0000.000,0000.000,
 
001612814,000000000,-00000031,0000.000,0000.000,0000.000,
 
001612834,000000000,-00000031,0000.000,0000.000,0000.000,
 
001612854,000000000,-00000029,0000.000,0000.000,0000.000,
 
001612874,000000001,-00000027,0000.000,0000.000,0000.000,
 
001612894,000000003,-00000027,0000.000,0000.000,0000.000,
 
001612914,000000001,-00000026,0000.000,0000.000,0000.000,
 
001612934,000000002,-00000026,0000.000,0000.000,0000.000,
 
001612954,000000001,-00000026,0000.000,0000.000,0000.000,
 
001612974,000000000,-00000029,0000.000,0000.000,0000.000,
 
001612994,000000001,-00000031,0000.000,0000.000,0000.000,
 
001613014,000000000,-00000032,0000.000,0000.000,0000.000,
 
001613034,000000000,-00000033,0000.000,0000.000,0000.000,
 
001613054,000000000,-00000034,0000.000,0000.000,0000.000,
 
001613074,-00000002,-00000049,0000.000,0000.000,0000.000,
 
001613094,-00000002,-00000049,0000.000,0000.000,0000.000,
 
001613114,-00000001,-00000032,0000.000,0000.000,0000.000,
 
001613134,-00000001,-00000033,0000.000,0000.000,0000.000,
 
001613154,-00000001,-00000033,0000.000,0000.000,0000.000,
 
001613174,-00000001,-00000049,0000.000,0000.000,0000.000,
 
001613194,000000000,-00000049,0000.000,0000.000,0000.000,
 
001613214,-00000001,-00000038,0000.000,0000.000,0000.000,
 
001613234,-00000001,-00000039,0000.000,0000.000,0000.000,
 
001613254,-00000002,-00000038,0000.000,0000.000,0000.000,
 
001613274,-00000001,-00000049,0000.000,0000.000,0000.000,
 
001613294,-00000002,-00000049,0000.000,0000.000,0000.000,
 
001613314,000000000,-00000042,0000.000,0000.000,0000.000,
 
001613334,000000000,-00000041,0000.000,0000.000,0000.000,
 
001613354,000000000,-00000049,0000.000,0000.000,0000.000,
 
001613374,000000000,-00000049,0000.000,0000.000,0000.000,
 
001613394,000000001,-00000043,0000.000,0000.000,0000.000,
 
001613414,000000001,-00000043,0000.000,0000.000,0000.000,
 
001613434,000000001,-00000042,0000.000,0000.000,0000.000,
 
001613454,000000000,-00000049,0000.000,0000.000,0000.000,
 
001613474,000000000,-00000038,0000.000,0000.000,0000.000,
 
001613494,000000000,-00000039,0000.000,0000.000,0000.000,
 
001613514,000000000,-00000049,0000.000,0000.000,0000.000,
 
001613534,000000000,-00000031,0000.000,0000.000,0000.000,
 
001613554,-00000001,-00000030,0000.000,0000.000,0000.000,
 
001613574,-00000001,-00000028,0000.000,0000.000,0000.000,
 
001613594,-00000001,-00000026,0000.000,0000.000,0000.000,
 
001613614,000000000,-00000025,0000.000,0000.000,0000.000,
 
001613634,000000000,-00000024,0000.000,0000.000,0000.000,
 
001613654,000000000,-00000026,0000.000,0000.000,0000.000,
 
001613674,000000000,-00000028,0000.000,0000.000,0000.000,
 
001613694,000000000,-00000029,0000.000,0000.000,0000.000,
 
001613714,000000000,-00000031,0000.000,0000.000,0000.000,
 
001613734,000000000,-00000049,0000.000,0000.000,0000.000,
 
001613754,-00000002,-00000034,0000.000,0000.000,0000.000,
 
001613774,-00000002,-00000036,0000.000,0000.000,0000.000,
 
001613794,-00000003,-00000049,0000.000,0000.000,0000.000,
 
001613814,-00000003,-00000042,0000.000,0000.000,0000.000,
 
001613834,-00000004,-00000043,0000.000,0000.000,0000.000,
 
001613854,-00000001,-00000049,0000.000,0000.000,0000.000,
 
001613874,-00000002,-00000045,0000.000,0000.000,0000.000,
 
001613894,-00000002,-00000047,0000.000,0000.000,0000.000,
 
001613914,-00000001,-00000049,0000.000,0000.000,0000.000,
 
001613934,000000000,-00000049,0000.000,0000.000,0000.000,
 
001613954,000000000,-00000053,0000.000,0000.000,0000.000,
 
001613974,000000002,-00000054,0000.000,0000.000,0000.000,
 
001613994,000000001,-00000057,0000.000,0000.000,0000.000,
 
001614014,000000001,-00000056,0000.000,0000.000,0000.000,
 
001614034,000000002,-00000055,0000.000,0000.000,0000.000,
 
001614054,000000003,-00000055,0000.000,0000.000,0000.000,
 
001614074,000000002,-00000052,0000.000,0000.000,0000.000,
 
001614094,000000002,-00000049,0000.000,0000.000,0000.000,
 
001614114,000000001,-00000049,0000.000,0000.000,0000.000,
 
001614134,000000000,-00000043,0000.000,0000.000,0000.000,
 
001614154,000000000,-00000049,0000.000,0000.000,0000.000,
 
001614174,000000000,-00000037,0000.000,0000.000,0000.000,
 
001614194,000000000,-00000037,0000.000,0000.000,0000.000,
 
001614214,-00000001,-00000049,0000.000,0000.000,0000.000,
 
001614234,-00000001,-00000038,0000.000,0000.000,0000.000,
 
001614254,-00000002,-00000037,0000.000,0000.000,0000.000,
 
001614274,000000000,-00000049,0000.000,0000.000,0000.000,
 
001614294,000000000,-00000038,0000.000,0000.000,0000.000,
 
001614314,000000000,-00000037,0000.000,0000.000,0000.000,
 
001614334,000000000,-00000049,0000.000,0000.000,0000.000,
 
001614354,000000002,-00000036,0000.000,0000.000,0000.000,
 
001614374,000000002,-00000049,0000.000,0000.000,0000.000,
 
001614394,000000001,-00000038,0000.000,0000.000,0000.000,
 
001614414,000000001,-00000038,0000.000,0000.000,0000.000,
 
001614434,000000000,-00000049,0000.000,0000.000,0000.000,
 
001614454,000000000,-00000039,0000.000,0000.000,0000.000,
 
001614474,000000000,-00000038,0000.000,0000.000,0000.000,
 
001614494,-00000001,-00000049,0000.000,0000.000,0000.000,
 
001614514,-00000002,-00000038,0000.000,0000.000,0000.000,
 
001614534,-00000003,-00000049,0000.000,0000.000,0000.000,
 
001614554,-00000003,-00000037,0000.000,0000.000,0000.000,
 
001614574,-00000002,-00000035,0000.000,0000.000,0000.000,
 
001614594,-00000001,-00000049,0000.000,0000.000,0000.000,
 
001614614,000000000,-00000037,0000.000,0000.000,0000.000,
 
001614634,000000000,-00000049,0000.000,0000.000,0000.000,
 
001614654,000000000,-00000045,0000.000,0000.000,0000.000,
 
001614674,-00000001,-00000049,0000.000,0000.000,0000.000,
 
001614694,-00000001,-00000049,0000.000,0000.000,0000.000,
 
001614714,000000000,-00000040,0000.000,0000.000,0000.000,
 
001614734,000000000,-00000049,0000.000,0000.000,0000.000,
 
001614754,000000000,-00000043,0000.000,0000.000,0000.000,
 
001614774,000000000,-00000049,0000.000,0000.000,0000.000,
 
001614794,-00000001,-00000044,0000.000,0000.000,0000.000,
 
001614814,-00000004,-00000045,0000.000,0000.000,0000.000,
 
001614834,-00000003,-00000049,0000.000,0000.000,0000.000,
 
001614854,-00000002,-00000050,0000.000,0000.000,0000.000,
 
001614874,-00000002,-00000049,0000.000,0000.000,0000.000,
 
001614894,-00000001,-00000046,0000.000,0000.000,0000.000,
 
001614914,-00000002,-00000049,0000.000,0000.000,0000.000,
 
001614934,000000000,-00000047,0000.000,0000.000,0000.000,
 
001614954,-00000001,-00000048,0000.000,0000.000,0000.000,
 
001614974,-00000003,-00000049,0000.000,0000.000,0000.000,
 
001614994,-00000004,-00000048,0000.000,0000.000,0000.000,
 
001615014,-00000003,-00000049,0000.000,0000.000,0000.000,
 
001615034,-00000004,-00000046,0000.000,0000.000,0000.000,
 
001615054,-00000002,-00000049,0000.000,0000.000,0000.000,
 
001615074,-00000002,-00000044,0000.000,0000.000,0000.000,
 
001615094,-00000001,-00000043,0000.000,0000.000,0000.000,
 
001615114,000000000,-00000049,0000.000,0000.000,0000.000,
 
001615134,-00000001,-00000045,0000.000,0000.000,0000.000,
 
001615154,-00000002,-00000049,0000.000,0000.000,0000.000,
 
001615174,-00000002,-00000046,0000.000,0000.000,0000.000,
 
001615194,-00000002,-00000049,0000.000,0000.000,0000.000,
 
001615214,-00000002,-00000046,0000.000,0000.000,0000.000,
 
001615234,-00000001,-00000049,0000.000,0000.000,0000.000,
 
001615254,-00000001,-00000045,0000.000,0000.000,0000.000,
 
001615274,-00000001,-00000049,0000.000,0000.000,0000.000,
 
001615294,-00000003,-00000044,0000.000,0000.000,0000.000,
 
001615314,-00000001,-00000046,0000.000,0000.000,0000.000,
 
001615334,000000000,-00000046,0000.000,0000.000,0000.000,
 
001615354,-00000002,-00000046,0000.000,0000.000,0000.000,
 
001615374,-00000002,-00000049,0000.000,0000.000,0000.000,
 
001615394,-00000002,-00000046,0000.000,0000.000,0000.000,
 
001615414,-00000003,-00000049,0000.000,0000.000,0000.000,
 
001615434,-00000004,-00000047,0000.000,0000.000,0000.000,
 
001615454,-00000006,-00000051,0000.000,0000.000,0000.000,
 
001615474,-00000007,-00000052,0000.000,0000.000,0000.000,
 
001615494,-00000006,-00000052,0000.000,0000.000,0000.000,
 
001615514,-00000007,-00000049,0000.000,0000.000,0000.000,
 
001615534,-00000004,-00000050,0000.000,0000.000,0000.000,
 
001615554,-00000002,-00000050,0000.000,0000.000,0000.000,
 
001615574,-00000001,-00000053,0000.000,0000.000,0000.000,
 
001615594,000000000,-00000053,0000.000,0000.000,0000.000,
 
001615614,000000000,-00000053,0000.000,0000.000,0000.000,
 
001615634,000000000,-00000052,0000.000,0000.000,0000.000,
 
001615654,000000002,-00000053,0000.000,0000.000,0000.000,
 
001615674,000000003,-00000053,0000.000,0000.000,0000.000,
 
001615694,000000002,-00000053,0000.000,0000.000,0000.000,
 
001615714,000000001,-00000053,0000.000,0000.000,0000.000,
 
001615734,000000000,-00000053,0000.000,0000.000,0000.000,
 
001615754,-00000001,-00000052,0000.000,0000.000,0000.000,
 
001615774,-00000003,-00000049,0000.000,0000.000,0000.000,
 
001615794,-00000002,-00000049,0000.000,0000.000,0000.000,
 
001615814,-00000002,-00000046,0000.000,0000.000,0000.000,
 
001615834,-00000002,-00000049,0000.000,0000.000,0000.000,
 
001615854,-00000001,-00000044,0000.000,0000.000,0000.000,
 
001615874,-00000002,-00000049,0000.000,0000.000,0000.000,
 
001615894,-00000004,-00000043,0000.000,0000.000,0000.000,
 
001615914,-00000003,-00000049,0000.000,0000.000,0000.000,
 
001615934,-00000004,-00000045,0000.000,0000.000,0000.000,
 
001615954,-00000003,-00000049,0000.000,0000.000,0000.000,
 
001615974,-00000004,-00000042,0000.000,0000.000,0000.000,
 
001615994,-00000001,-00000049,0000.000,0000.000,0000.000,
 
001616014,-00000001,-00000042,0000.000,0000.000,0000.000,
 
001616034,-00000001,-00000049,0000.000,0000.000,0000.000,
 
001616054,-00000001,-00000042,0000.000,0000.000,0000.000,
 
001616074,-00000001,-00000041,0000.000,0000.000,0000.000,
 
001616094,-00000002,-00000039,0000.000,0000.000,0000.000,
 
001616114,-00000002,-00000037,0000.000,0000.000,0000.000,
 
001616134,-00000002,-00000049,0000.000,0000.000,0000.000,
 
001616154,-00000001,-00000035,0000.000,0000.000,0000.000,
 
001616174,-00000001,-00000049,0000.000,0000.000,0000.000,
 
001616194,-00000002,-00000038,0000.000,0000.000,0000.000,
 
001616214,-00000003,-00000049,0000.000,0000.000,0000.000,
 
001616234,-00000004,-00000038,0000.000,0000.000,0000.000,
 
001616254,-00000003,-00000049,0000.000,0000.000,0000.000,
 
001616274,-00000001,-00000040,0000.000,0000.000,0000.000,
 
001616294,-00000002,-00000041,0000.000,0000.000,0000.000,
 
001616314,-00000001,-00000049,0000.000,0000.000,0000.000,
 
001616334,000000000,-00000041,0000.000,0000.000,0000.000,
 
001616354,000000000,-00000049,0000.000,0000.000,0000.000,
 
001616374,000000000,-00000045,0000.000,0000.000,0000.000,
 
001616394,-00000001,-00000049,0000.000,0000.000,0000.000,
 
001616414,000000000,-00000044,0000.000,0000.000,0000.000,
 
001616434,-00000001,-00000049,0000.000,0000.000,0000.000,
 
001616454,000000000,-00000046,0000.000,0000.000,0000.000,
 
001616474,-00000001,-00000048,0000.000,0000.000,0000.000,
 
001616494,-00000001,-00000049,0000.000,0000.000,0000.000,
 
001616514,-00000004,-00000046,0000.000,0000.000,0000.000,
 
001616534,-00000005,-00000049,0000.000,0000.000,0000.000,
 
001616554,-00000007,-00000045,0000.000,0000.000,0000.000,
 
001616574,-00000005,-00000049,0000.000,0000.000,0000.000,
 
001616594,-00000004,-00000045,0000.000,0000.000,0000.000,
 
001616614,-00000002,-00000049,0000.000,0000.000,0000.000,
 
001616634,000000000,-00000041,0000.000,0000.000,0000.000,
 
001616654,-00000001,-00000043,0000.000,0000.000,0000.000,
 
001616674,-00000002,-00000049,0000.000,0000.000,0000.000,
 
001616694,-00000001,-00000042,0000.000,0000.000,0000.000,
 
001616714,000000000,-00000049,0000.000,0000.000,0000.000,
 
001616734,000000000,-00000044,0000.000,0000.000,0000.000,
 
001616754,000000000,-00000049,0000.000,0000.000,0000.000,
 
001616774,000000000,-00000044,0000.000,0000.000,0000.000,
 
001616794,000000000,-00000044,0000.000,0000.000,0000.000,
 
001616814,000000000,-00000049,0000.000,0000.000,0000.000,
 
001616834,-00000004,-00000044,0000.000,0000.000,0000.000,
 
001616854,-00000001,-00000049,0000.000,0000.000,0000.000,
 
001616874,000000000,-00000042,0000.000,0000.000,0000.000,
 
001616894,000000000,-00000038,0000.000,0000.000,0000.000,
 
001616914,000000000,-00000037,0000.000,0000.000,0000.000,
 
001616934,000000000,-00000038,0000.000,0000.000,0000.000,
 
001616954,000000000,-00000049,0000.000,0000.000,0000.000,
 
001616974,000000001,-00000035,0000.000,0000.000,0000.000,
 
001616994,000000000,-00000032,0000.000,0000.000,0000.000,
 
001617014,000000000,-00000032,0000.000,0000.000,0000.000,
 
001617034,-00000001,-00000033,0000.000,0000.000,0000.000,
 
001617054,-00000002,-00000049,0000.000,0000.000,0000.000,
 
001617074,-00000001,-00000034,0000.000,0000.000,0000.000,
 
001617094,-00000001,-00000049,0000.000,0000.000,0000.000,
 
001617114,000000000,-00000034,0000.000,0000.000,0000.000,
 
001617134,000000000,-00000036,0000.000,0000.000,0000.000,
 
001617154,000000000,-00000049,0000.000,0000.000,0000.000,
 
001617174,-00000001,-00000037,0000.000,0000.000,0000.000,
 
001617194,-00000001,-00000049,0000.000,0000.000,0000.000,
 
001617214,000000000,-00000040,0000.000,0000.000,0000.000,
 
001617234,-00000001,-00000041,0000.000,0000.000,0000.000,
 
001617254,-00000001,-00000049,0000.000,0000.000,0000.000,
 
001617274,-00000001,-00000047,0000.000,0000.000,0000.000,
 
001617294,000000000,-00000050,0000.000,0000.000,0000.000,
 
001617314,-00000001,-00000053,0000.000,0000.000,0000.000,
 
001617334,-00000001,-00000055,0000.000,0000.000,0000.000,
 
001617354,-00000001,-00000053,0000.000,0000.000,0000.000,
 
001617374,-00000002,-00000051,0000.000,0000.000,0000.000,
 
001617394,-00000007,-00000051,0000.000,0000.000,0000.000,
 
001617414,-00000007,-00000050,0000.000,0000.000,0000.000,
 
001617434,-00000007,-00000047,0000.000,0000.000,0000.000,
 
001617454,-00000003,-00000049,0000.000,0000.000,0000.000,
 
001617474,-00000001,-00000040,0000.000,0000.000,0000.000,
 
001617494,-00000001,-00000038,0000.000,0000.000,0000.000,
 
001617514,-00000003,-00000049,0000.000,0000.000,0000.000,
 
001617534,-00000004,-00000039,0000.000,0000.000,0000.000,
 
001617554,-00000003,-00000037,0000.000,0000.000,0000.000,
 
001617574,-00000002,-00000049,0000.000,0000.000,0000.000,
 
001617594,-00000004,-00000036,0000.000,0000.000,0000.000,
 
001617614,-00000002,-00000049,0000.000,0000.000,0000.000,
 
001617634,-00000001,-00000036,0000.000,0000.000,0000.000,
 
001617654,-00000004,-00000034,0000.000,0000.000,0000.000,
 
001617674,-00000003,-00000032,0000.000,0000.000,0000.000,
 
001617694,-00000004,-00000031,0000.000,0000.000,0000.000,
 
001617714,-00000001,-00000028,0000.000,0000.000,0000.000,
 
001617734,-00000002,-00000028,0000.000,0000.000,0000.000,
 
001617754,-00000001,-00000027,0000.000,0000.000,0000.000,
 
001617774,-00000001,-00000027,0000.000,0000.000,0000.000,
 
001617794,000000000,-00000029,0000.000,0000.000,0000.000,
 
001617814,000000000,-00000029,0000.000,0000.000,0000.000,
 
001617834,-00000002,-00000028,0000.000,0000.000,0000.000,
 
001617854,000000000,-00000030,0000.000,0000.000,0000.000,
 
001617874,000000000,-00000033,0000.000,0000.000,0000.000,
 
001617894,000000001,-00000049,0000.000,0000.000,0000.000,
 
001617914,000000001,-00000036,0000.000,0000.000,0000.000,
 
001617934,000000001,-00000049,0000.000,0000.000,0000.000,
 
001617954,000000001,-00000034,0000.000,0000.000,0000.000,
 
001617974,000000000,-00000032,0000.000,0000.000,0000.000,
 
001617994,000000001,-00000031,0000.000,0000.000,0000.000,
 
001618014,000000001,-00000027,0000.000,0000.000,0000.000,
 
001618034,-00000001,-00000025,0000.000,0000.000,0000.000,
 
001618054,-00000001,-00000025,0000.000,0000.000,0000.000,
 
001618074,-00000002,-00000016,0000.000,0000.000,0000.000,
 
001618094,-00000001,-00000014,0000.000,0000.000,0000.000,
 
001618114,000000000,-00000015,0000.000,0000.000,0000.000,
 
001618134,-00000001,-00000018,0000.000,0000.000,0000.000,
 
001618154,-00000001,-00000025,0000.000,0000.000,0000.000,
 
001618174,-00000001,-00000025,0000.000,0000.000,0000.000,
 
001618194,-00000001,-00000023,0000.000,0000.000,0000.000,
 
001618214,-00000001,-00000025,0000.000,0000.000,0000.000,
 
001618234,000000000,-00000025,0000.000,0000.000,0000.000,
 
001618254,-00000001,-00000023,0000.000,0000.000,0000.000,
 
001618274,-00000001,-00000025,0000.000,0000.000,0000.000,
 
001618294,000000000,-00000019,0000.000,0000.000,0000.000,
 
001618314,000000000,-00000016,0000.000,0000.000,0000.000,
 
001618334,000000000,-00000014,0000.000,0000.000,0000.000,
 
001618354,000000000,-00000012,0000.000,0000.000,0000.000,
 
001618374,000000000,-00000009,0000.000,0000.000,0000.000,
 
001618394,000000000,-00000013,0000.000,0000.000,0000.000,
 
001618414,000000000,-00000013,0000.000,0000.000,0000.000,
 
001618434,000000000,-00000009,0000.000,0000.000,0000.000,
 
001618454,000000000,-00000013,0000.000,0000.000,0000.000,
 
001618474,000000001,-00000007,0000.000,0000.000,0000.000,
 
001618494,000000001,-00000008,0000.000,0000.000,0000.000,
 
001618514,000000001,-00000007,0000.000,0000.000,0000.000,
 
001618534,000000000,-00000006,0000.000,0000.000,0000.000,
 
001618554,000000000,-00000004,0000.000,0000.000,0000.000,
 
001618574,000000000,-00000004,0000.000,0000.000,0000.000,
 
001618594,000000001,-00000004,0000.000,0000.000,0000.000,
 
001618614,000000000,-00000002,0000.000,0000.000,0000.000,
 
001618634,000000001,-00000001,0000.000,0000.000,0000.000,
 
001618654,000000000,000000000,0000.000,0000.000,0000.000,
 
001618674,000000000,000000000,0000.000,0000.000,0000.000,
 
001618694,000000000,000000000,0000.000,0000.000,0000.000,
 
001618714,000000000,000000000,0000.000,0000.000,0000.000,
 
001618734,000000000,000000000,0000.000,0000.000,0000.000,
 
001618754,000000000,-00000004,0000.000,0000.000,0000.000,
 
001618774,000000001,-00000009,0000.000,0000.000,0000.000,
 
001618794,000000000,-00000013,0000.000,0000.000,0000.000,
 
001618814,000000001,-00000013,0000.000,0000.000,0000.000,
 
001618834,000000000,-00000012,0000.000,0000.000,0000.000,
 
001618854,000000000,-00000013,0000.000,0000.000,0000.000,
 
001618874,000000001,-00000004,0000.000,0000.000,0000.000,
 
001618894,000000000,-00000001,0000.000,0000.000,0000.000,
 
001618914,000000000,000000000,0000.000,0000.000,0000.000,
 
001618934,000000000,000000000,0000.000,0000.000,0000.000,
 
001618954,000000000,000000000,0000.000,0000.000,0000.000,
 
001618974,000000000,000000000,0000.000,0000.000,0000.000,
 
001618994,000000000,000000000,0000.000,0000.000,0000.000,
 
001619014,000000000,000000000,0000.000,0000.000,0000.000,
 
001619034,000000000,000000000,0000.000,0000.000,0000.000,
 
001619054,000000000,000000000,0000.000,0000.000,0000.000,
 
001619074,000000000,000000000,0000.000,0000.000,0000.000,
 
001619094,000000000,000000000,0000.000,0000.000,0000.000,
 
001619114,000000000,000000000,0000.000,0000.000,0000.000,
 
001619134,000000000,000000000,0000.000,0000.000,0000.000,
 
001619154,000000000,000000000,0000.000,0000.000,0000.000,
 
001619174,000000000,000000000,0000.000,0000.000,0000.000,
 
001619194,000000000,000000000,0000.000,0000.000,0000.000,
 
001619214,000000000,000000000,0000.000,0000.000,0000.000,
 
001619234,000000000,000000000,0000.000,0000.000,0000.000,
 
001619254,000000000,000000000,0000.000,0000.000,0000.000,
 
001619274,000000000,000000000,0000.000,0000.000,0000.000,
 
001619294,000000000,000000000,0000.000,0000.000,0000.000,
 
001619314,000000000,000000000,0000.000,0000.000,0000.000,
 
001619334,000000000,000000000,0000.000,0000.000,0000.000,
 
001619354,000000000,000000000,0000.000,0000.000,0000.000,
 
001619374,000000000,000000000,0000.000,0000.000,0000.000,
 
001619394,000000000,000000000,0000.000,0000.000,0000.000,
 
001619414,000000000,000000000,0000.000,0000.000,0000.000,
 
001619434,000000000,000000000,0000.000,0000.000,0000.000,
 
001619454,000000000,000000000,0000.000,0000.000,0000.000,
 
001619474,000000000,000000000,0000.000,0000.000,0000.000,
 
001619494,000000000,000000000,0000.000,0000.000,0000.000,
 
001619514,000000000,000000000,0000.000,0000.000,0000.000,
 
001619534,000000000,000000000,0000.000,0000.000,0000.000,
 
001619554,000000000,000000000,0000.000,0000.000,0000.000,
 
001619574,000000000,000000000,0000.000,0000.000,0000.000,
 
001619594,000000000,000000000,0000.000,0000.000,0000.000,
 
001619614,000000000,000000000,0000.000,0000.000,0000.000,
 
001619634,000000000,000000000,0000.000,0000.000,0000.000,
 
001619654,000000000,000000000,0000.000,0000.000,0000.000,
 
001619674,000000000,000000000,0000.000,0000.000,0000.000,
 
001619694,000000000,000000000,0000.000,0000.000,0000.000,
 
001619714,000000000,000000000,0000.000,0000.000,0000.000,
 
001619734,000000000,000000000,0000.000,0000.000,0000.000,
 
001619754,000000000,000000000,0000.000,0000.000,0000.000,
 
001619774,000000000,000000000,0000.000,0000.000,0000.000,
 
001619794,000000000,000000000,0000.000,0000.000,0000.000,
 
001619814,000000000,000000000,0000.000,0000.000,0000.000,
 
001619834,000000000,000000000,0000.000,0000.000,0000.000,
 
001619854,000000000,000000000,0000.000,0000.000,0000.000,
 
001619874,000000000,000000000,0000.000,0000.000,0000.000,
 
001619894,000000000,000000000,0000.000,0000.000,0000.000,
 
001619914,000000000,000000000,0000.000,0000.000,0000.000,
 
001619934,000000000,000000000,0000.000,0000.000,0000.000,
 
001619954,000000000,000000000,0000.000,0000.000,0000.000,
 
