001148501,000000188,000000685,0000.000,0000.000,0000.000,0152
 
001148520,000000000,000000000,0000.000,0000.000,0000.000,0153
 
001148540,000000000,000000000,0000.000,0000.000,0000.000,0153
 
001148560,000000000,000000000,0000.000,0000.000,0000.000,0152
 
001148580,000000000,000000000,0000.000,0000.000,0000.000,0152
 
001148600,000000000,000000000,0000.000,0000.000,0000.000,0152
 
001148620,000000000,000000000,0000.000,0000.000,0000.000,0153
 
001148640,000000002,-00000004,0000.000,0000.000,0000.000,0152
 
001148660,000000001,-00000007,0000.000,0000.000,0000.000,0153
 
001148680,000000004,-00000004,0000.000,0000.000,0000.000,0152
 
001148700,000000016,000000005,0000.000,0000.000,0000.000,0152
 
001148720,000000033,000000026,0000.000,0000.000,0000.000,0007
 
001148740,000000008,000000008,0000.000,0000.000,0000.000,0007
 
001148760,000000005,000000005,0000.000,0000.000,0000.000,0153
 
001148780,000000005,000000005,0000.000,0000.000,0000.000,0152
 
001148800,000000004,000000005,0000.000,0000.000,0000.000,0152
 
001148820,000000004,000000005,0000.000,0000.000,0000.000,0007
 
001148840,000000003,000000004,0000.000,0000.000,0000.000,0007
 
001148860,000000003,000000004,0000.000,0000.000,0000.000,0007
 
001148880,000000002,000000004,0000.000,0000.000,0000.000,0007
 
001148900,000000001,000000003,0000.000,0000.000,0000.000,0007
 
001148920,000000001,000000002,0000.000,0000.000,0000.000,0007
 
001148940,000000001,000000000,0000.000,0000.000,0000.000,0007
 
001148960,000000000,000000000,0000.000,0000.000,0000.000,0007
 
001148980,000000000,000000000,0000.000,0000.000,0000.000,0007
 
001149000,000000000,000000000,0000.000,0000.000,0000.000,0007
 
001149020,000000000,000000000,0000.000,0000.000,0000.000,0007
 
001149040,000000000,000000000,0000.000,0000.000,0000.000,0007
 
001149060,000000000,000000000,0000.000,0000.000,0000.000,0006
 
001149080,000000000,000000000,0000.000,0000.000,0000.000,0007
 
001149100,000000000,000000000,0000.000,0000.000,0000.000,0007
 
001149120,000000000,000000000,0000.000,0000.000,0000.000,0007
 
001149140,000000000,000000000,0000.000,0000.000,0000.000,0007
 
001149160,000000000,000000000,0000.000,0000.000,0000.000,0007
 
001149180,000000000,000000000,0000.000,0000.000,0000.000,0007
 
001149200,000000000,000000000,0000.000,0000.000,0000.000,0006
 
001149220,000000000,000000000,0000.000,0000.000,0000.000,0007
 
001149240,000000000,000000000,0000.000,0000.000,0000.000,0153
 
001149260,000000000,000000000,0000.000,0000.000,0000.000,0152
 
001149280,000000000,000000000,0000.000,0000.000,0000.000,0153
 
001149300,000000000,000000000,0000.000,0000.000,0000.000,0153
 
001149320,000000000,000000000,0000.000,0000.000,0000.000,0152
 
001149340,000000000,000000000,0000.000,0000.000,0000.000,0152
 
001149360,000000000,000000000,0000.000,0000.000,0000.000,0152
 
001149380,000000000,000000000,0000.000,0000.000,0000.000,0152
 
001149400,000000000,000000000,0000.000,0000.000,0000.000,0153
 
001149420,000000000,000000000,0000.000,0000.000,0000.000,0152
 
001149440,000000000,000000000,0000.000,0000.000,0000.000,0153
 
001149460,000000003,-00000004,0000.000,0000.000,0000.000,0153
 
001149480,000000003,-00000007,0000.000,0000.000,0000.000,0152
 
001149500,000000002,-00000007,0000.000,0000.000,0000.000,0152
 
001149520,000000000,-00000014,0000.000,0000.000,0000.000,0153
 
001149540,000000000,-00000014,0000.000,0000.000,0000.000,0153
 
001149560,-00000006,-00000007,0000.000,0000.000,0000.000,0152
 
001149580,-00000008,000000003,0000.000,0000.000,0000.000,0153
 
001149600,-00000006,000000009,0000.000,0000.000,0000.000,0007
 
001149620,-00000001,000000013,0000.000,0000.000,0000.000,0007
 
001149640,000000000,000000017,0000.000,0000.000,0000.000,0153
 
001149660,000000002,000000014,0000.000,0000.000,0000.000,0153
 
001149680,000000001,000000008,0000.000,0000.000,0000.000,0153
 
001149700,000000001,000000002,0000.000,0000.000,0000.000,0152
 
001149720,000000001,000000000,0000.000,0000.000,0000.000,0153
 
001149740,-00000001,000000000,0000.000,0000.000,0000.000,0153
 
001149760,-00000002,-00000002,0000.000,0000.000,0000.000,0153
 
001149780,-00000002,-00000007,0000.000,0000.000,0000.000,0152
 
001149800,-00000003,-00000007,0000.000,0000.000,0000.000,0153
 
001149820,-00000001,-00000004,0000.000,0000.000,0000.000,0153
 
001149840,-00000001,-00000001,0000.000,0000.000,0000.000,0153
 
001149860,-00000001,-00000001,0000.000,0000.000,0000.000,0152
 
001149880,-00000001,-00000001,0000.000,0000.000,0000.000,0153
 
001149900,-00000001,-00000001,0000.000,0000.000,0000.000,0152
 
001149920,000000000,000000000,0000.000,0000.000,0000.000,0152
 
001149940,000000000,000000000,0000.000,0000.000,0000.000,0153
 
001149960,000000000,000000001,0000.000,0000.000,0000.000,0152
 
001149980,000000000,-00000003,0000.000,0000.000,0000.000,0152
 
001150000,000000000,-00000016,0000.000,0000.000,0000.000,0152
 
001150020,000000003,-00000025,0000.000,0000.000,0000.000,0007
 
001150040,000000001,-00000016,0000.000,0000.000,0000.000,0152
 
001150060,000000002,-00000009,0000.000,0000.000,0000.000,0007
 
001150080,000000000,-00000004,0000.000,0000.000,0000.000,0152
 
001150100,000000000,-00000003,0000.000,0000.000,0000.000,0153
 
001150120,000000000,-00000001,0000.000,0000.000,0000.000,0152
 
001150140,000000001,000000000,0000.000,0000.000,0000.000,0152
 
001150160,000000001,000000000,0000.000,0000.000,0000.000,0153
 
001150180,000000001,000000000,0000.000,0000.000,0000.000,0153
 
001150200,000000001,000000000,0000.000,0000.000,0000.000,0007
 
001150220,000000000,000000001,0000.000,0000.000,0000.000,0152
 
001150240,000000000,000000000,0000.000,0000.000,0000.000,0153
 
001150260,000000000,000000000,0000.000,0000.000,0000.000,0007
 
001150280,-00000001,000000000,0000.000,0000.000,0000.000,0007
 
001150300,000000000,000000001,0000.000,0000.000,0000.000,0007
 
001150320,000000000,000000000,0000.000,0000.000,0000.000,0007
 
001150340,000000000,000000000,0000.000,0000.000,0000.000,0007
 
001150360,000000000,000000000,0000.000,0000.000,0000.000,0007
 
001150380,000000000,000000000,0000.000,0000.000,0000.000,0007
 
001150400,000000000,000000000,0000.000,0000.000,0000.000,0007
 
001150420,000000000,-00000001,0000.000,0000.000,0000.000,0007
 
001150440,000000001,000000000,0000.000,0000.000,0000.000,0007
 
001150460,000000000,-00000001,0000.000,0000.000,0000.000,0007
 
001150480,000000000,000000000,0000.000,0000.000,0000.000,0007
 
001150500,000000000,000000000,0000.000,0000.000,0000.000,0007
 
001150520,000000000,000000000,0000.000,0000.000,0000.000,0007
 
001150540,000000001,000000000,0000.000,0000.000,0000.000,0007
 
001150560,000000000,000000000,0000.000,0000.000,0000.000,0007
 
001150580,000000000,000000000,0000.000,0000.000,0000.000,0007
 
001150600,000000000,000000000,0000.000,0000.000,0000.000,0007
 
001150620,000000000,000000000,0000.000,0000.000,0000.000,0008
 
001150640,000000000,000000000,0000.000,0000.000,0000.000,0007
 
001150660,000000000,000000000,0000.000,0000.000,0000.000,0008
 
001150680,000000000,000000000,0000.000,0000.000,0000.000,0007
 
001150700,000000000,000000000,0000.000,0000.000,0000.000,0007
 
001150720,000000000,000000000,0000.000,0000.000,0000.000,0007
 
001150740,000000000,000000000,0000.000,0000.000,0000.000,0152
 
001150760,000000000,000000000,0000.000,0000.000,0000.000,0152
 
001150780,000000000,000000000,0000.000,0000.000,0000.000,0152
 
001150800,000000000,000000000,0000.000,0000.000,0000.000,0152
 
001150820,000000000,000000000,0000.000,0000.000,0000.000,0152
 
001150840,000000000,000000000,0000.000,0000.000,0000.000,0153
 
001150860,000000000,000000000,0000.000,0000.000,0000.000,0007
 
001150880,000000000,000000000,0000.000,0000.000,0000.000,0153
 
001150900,000000000,000000000,0000.000,0000.000,0000.000,0153
 
001150920,000000000,000000000,0000.000,0000.000,0000.000,0152
 
001150940,000000000,000000000,0000.000,0000.000,0000.000,0152
 
001150960,000000000,000000000,0000.000,0000.000,0000.000,0153
 
001150980,000000000,000000000,0000.000,0000.000,0000.000,0152
 
001151000,000000000,000000000,0000.000,0000.000,0000.000,0152
 
001151020,000000000,000000000,0000.000,0000.000,0000.000,0007
 
001151040,000000000,000000000,0000.000,0000.000,0000.000,0007
 
001151060,000000000,000000000,0000.000,0000.000,0000.000,0007
 
001151080,000000000,000000000,0000.000,0000.000,0000.000,0007
 
001151100,000000000,000000000,0000.000,0000.000,0000.000,0006
 
001151120,-00000001,-00000001,0000.000,0000.000,0000.000,0007
 
001151140,-00000001,-00000002,0000.000,0000.000,0000.000,0006
 
001151160,-00000001,-00000001,0000.000,0000.000,0000.000,0006
 
001151180,-00000001,000000000,0000.000,0000.000,0000.000,0006
 
001151200,-00000001,000000000,0000.000,0000.000,0000.000,0006
 
001151220,000000000,-00000001,0000.000,0000.000,0000.000,0006
 
001151240,000000000,000000000,0000.000,0000.000,0000.000,0007
 
001151260,000000000,000000000,0000.000,0000.000,0000.000,0007
 
001151280,000000000,000000000,0000.000,0000.000,0000.000,0007
 
001151300,000000000,000000000,0000.000,0000.000,0000.000,0006
 
001151320,000000000,000000000,0000.000,0000.000,0000.000,0006
 
001151340,000000000,000000000,0000.000,0000.000,0000.000,0006
 
001151360,000000000,000000000,0000.000,0000.000,0000.000,0006
 
001151380,000000000,000000000,0000.000,0000.000,0000.000,0006
 
001151400,000000000,000000000,0000.000,0000.000,0000.000,0007
 
001151420,000000000,000000000,0000.000,0000.000,0000.000,0006
 
001151440,000000000,000000000,0000.000,0000.000,0000.000,0006
 
001151460,000000000,000000000,0000.000,0000.000,0000.000,0152
 
001151480,000000000,000000000,0000.000,0000.000,0000.000,0153
 
001151500,000000000,000000000,0000.000,0000.000,0000.000,0154
 
001151520,-00000001,000000000,0000.000,0000.000,0000.000,0156
 
001151540,000000000,000000000,0000.000,0000.000,0000.000,0157
 
001151560,000000000,000000000,0000.000,0000.000,0000.000,0158
 
001151580,000000000,000000000,0000.000,0000.000,0000.000,0016
 
001151600,000000000,000000000,0000.000,0000.000,0000.000,0158
 
001151620,000000000,000000000,0000.000,0000.000,0000.000,0159
 
001151640,000000000,000000000,0000.000,0000.000,0000.000,0020
 
001151660,000000000,000000000,0000.000,0000.000,0000.000,0160
 
001151680,000000000,000000000,0000.000,0000.000,0000.000,0020
 
001151700,000000000,000000001,0000.000,0000.000,0000.000,0163
 
001151721,000000000,000000000,0000.000,0000.000,0000.000,0028
 
001151741,000000000,000000000,0000.000,0000.000,0000.000,0027
 
001151761,000000000,000000000,0000.000,0000.000,0000.000,0027
 
001151781,000000000,000000001,0000.000,0000.000,0000.000,0167
 
001151801,000000002,000000000,0000.000,0000.000,0000.000,1023
 
001151821,000000001,000000000,0000.000,0000.000,0000.000,1023
 
001151841,000000000,000000000,0000.000,0000.000,0000.000,1023
 
001151861,000000000,000000000,0000.000,0000.000,0000.000,1023
 
001151881,000000001,000000000,0000.000,0000.000,0000.000,1023
 
001151901,000000000,000000000,0000.000,0000.000,0000.000,1023
 
001151921,000000000,000000000,0000.000,0000.000,0000.000,1023
 
001151941,000000000,000000000,0000.000,0000.000,0000.000,1023
 
001151961,000000001,000000000,0000.000,0000.000,0000.000,1023
 
001151981,000000000,000000000,0000.000,0000.000,0000.000,1023
 
001152001,000000000,000000000,0000.000,0000.000,0000.000,1023
 
001152021,000000000,000000000,0000.000,0000.000,0000.000,1023
 
001152041,000000000,000000000,0000.000,0000.000,0000.000,0039
 
001152061,000000000,-00000001,0000.000,0000.000,0000.000,0165
 
001152081,000000000,000000000,0000.000,0000.000,0000.000,0026
 
001152101,000000000,000000000,0000.000,0000.000,0000.000,0026
 
001152121,000000000,000000000,0000.000,0000.000,0000.000,0026
 
001152141,000000000,000000000,0000.000,0000.000,0000.000,0163
 
001152161,000000000,000000000,0000.000,0000.000,0000.000,0163
 
001152181,-00000001,000000000,0000.000,0000.000,0000.000,0162
 
001152200,000000000,000000000,0000.000,0000.000,0000.000,0163
 
001152220,000000000,000000000,0000.000,0000.000,0000.000,0161
 
001152240,000000000,000000000,0000.000,0000.000,0000.000,0161
 
001152260,-00000001,000000000,0000.000,0000.000,0000.000,0157
 
001152280,000000000,000000000,0000.000,0000.000,0000.000,0154
 
001152300,-00000001,-00000001,0000.000,0000.000,0000.000,0007
 
001152320,-00000001,-00000001,0000.000,0000.000,0000.000,0152
 
001152340,-00000001,-00000001,0000.000,0000.000,0000.000,0006
 
001152360,-00000001,-00000001,0000.000,0000.000,0000.000,0006
 
001152380,000000000,000000000,0000.000,0000.000,0000.000,0152
 
001152400,000000000,-00000002,0000.000,0000.000,0000.000,0153
 
001152420,000000000,-00000002,0000.000,0000.000,0000.000,0153
 
001152440,000000000,-00000001,0000.000,0000.000,0000.000,0153
 
001152460,000000000,000000000,0000.000,0000.000,0000.000,0153
 
001152480,000000000,-00000001,0000.000,0000.000,0000.000,0152
 
001152500,000000000,-00000002,0000.000,0000.000,0000.000,0153
 
001152520,000000000,-00000004,0000.000,0000.000,0000.000,0152
 
001152540,-00000001,-00000004,0000.000,0000.000,0000.000,0152
 
001152560,-00000001,-00000001,0000.000,0000.000,0000.000,0152
 
001152580,-00000001,-00000002,0000.000,0000.000,0000.000,0152
 
001152600,-00000001,-00000003,0000.000,0000.000,0000.000,0153
 
001152620,-00000001,-00000002,0000.000,0000.000,0000.000,0152
 
001152640,000000000,-00000004,0000.000,0000.000,0000.000,0153
 
001152660,000000000,-00000004,0000.000,0000.000,0000.000,0152
 
001152680,000000000,-00000005,0000.000,0000.000,0000.000,0152
 
001152700,-00000001,-00000007,0000.000,0000.000,0000.000,0153
 
001152720,000000000,-00000010,0000.000,0000.000,0000.000,0152
 
001152740,000000001,-00000025,0000.000,0000.000,0000.000,0007
 
001152760,000000002,-00000030,0000.000,0000.000,0000.000,0152
 
001152780,000000003,-00000034,0000.000,0000.000,0000.000,0006
 
001152800,000000005,-00000037,0000.000,0000.000,0000.000,0152
 
001152820,000000004,-00000038,0000.000,0000.000,0000.000,0006
 
001152840,000000004,-00000037,0000.000,0000.000,0000.000,0152
 
001152860,000000005,-00000034,0000.000,0000.000,0000.000,0006
 
001152880,000000004,-00000033,0000.000,0000.000,0000.000,0153
 
001152900,000000002,-00000028,0000.000,0000.000,0000.000,0006
 
001152920,000000000,-00000025,0000.000,0000.000,0000.000,0153
 
001152940,-00000002,-00000021,0000.000,0000.000,0000.000,0153
 
001152960,-00000001,-00000015,0000.000,0000.000,0000.000,0007
 
001152980,-00000001,-00000009,0000.000,0000.000,0000.000,0153
 
001153000,-00000001,-00000005,0000.000,0000.000,0000.000,0007
 
001153020,000000000,-00000001,0000.000,0000.000,0000.000,0007
 
001153040,-00000001,-00000001,0000.000,0000.000,0000.000,0007
 
001153060,000000000,-00000002,0000.000,0000.000,0000.000,0008
 
001153080,000000000,-00000004,0000.000,0000.000,0000.000,0007
 
001153100,000000000,-00000007,0000.000,0000.000,0000.000,0007
 
001153120,-00000001,-00000017,0000.000,0000.000,0000.000,0007
 
001153140,-00000001,-00000025,0000.000,0000.000,0000.000,0153
 
001153160,-00000002,-00000030,0000.000,0000.000,0000.000,0152
 
001153180,000000001,-00000029,0000.000,0000.000,0000.000,0006
 
001153200,000000002,-00000027,0000.000,0000.000,0000.000,0152
 
001153220,000000003,-00000030,0000.000,0000.000,0000.000,0153
 
001153240,000000002,-00000031,0000.000,0000.000,0000.000,0006
 
001153260,000000005,-00000027,0000.000,0000.000,0000.000,0153
 
001153280,000000003,-00000025,0000.000,0000.000,0000.000,0153
 
001153300,000000001,-00000018,0000.000,0000.000,0000.000,0007
 
001153320,000000001,-00000017,0000.000,0000.000,0000.000,0153
 
001153340,000000000,-00000015,0000.000,0000.000,0000.000,0153
 
001153360,000000000,-00000013,0000.000,0000.000,0000.000,0007
 
001153380,000000000,-00000013,0000.000,0000.000,0000.000,0152
 
001153400,000000001,-00000013,0000.000,0000.000,0000.000,0007
 
001153420,000000000,-00000013,0000.000,0000.000,0000.000,0152
 
001153440,000000000,-00000012,0000.000,0000.000,0000.000,0007
 
001153460,-00000001,-00000013,0000.000,0000.000,0000.000,0152
 
001153480,-00000002,-00000007,0000.000,0000.000,0000.000,0007
 
001153500,-00000001,-00000010,0000.000,0000.000,0000.000,0152
 
001153520,-00000001,-00000011,0000.000,0000.000,0000.000,0008
 
001153540,-00000002,-00000011,0000.000,0000.000,0000.000,0152
 
001153560,-00000004,-00000016,0000.000,0000.000,0000.000,0007
 
001153580,-00000006,-00000018,0000.000,0000.000,0000.000,0152
 
001153600,-00000008,-00000017,0000.000,0000.000,0000.000,0006
 
001153620,-00000007,-00000015,0000.000,0000.000,0000.000,0152
 
001153640,-00000004,-00000014,0000.000,0000.000,0000.000,0007
 
001153660,-00000002,-00000010,0000.000,0000.000,0000.000,0007
 
001153680,-00000001,-00000006,0000.000,0000.000,0000.000,0007
 
001153700,000000000,-00000004,0000.000,0000.000,0000.000,0007
 
001153720,000000000,-00000013,0000.000,0000.000,0000.000,0007
 
001153740,000000000,-00000011,0000.000,0000.000,0000.000,0152
 
001153760,000000001,-00000006,0000.000,0000.000,0000.000,0007
 
001153780,000000001,-00000007,0000.000,0000.000,0000.000,0007
 
001153800,000000000,-00000010,0000.000,0000.000,0000.000,0007
 
001153820,000000000,-00000009,0000.000,0000.000,0000.000,0152
 
001153840,-00000001,-00000009,0000.000,0000.000,0000.000,0007
 
001153860,-00000002,-00000007,0000.000,0000.000,0000.000,0007
 
001153880,-00000001,-00000004,0000.000,0000.000,0000.000,0007
 
001153900,-00000001,-00000005,0000.000,0000.000,0000.000,0007
 
001153920,-00000002,-00000016,0000.000,0000.000,0000.000,0008
 
001153940,-00000003,-00000023,0000.000,0000.000,0000.000,0153
 
001153960,-00000002,-00000025,0000.000,0000.000,0000.000,0153
 
001153980,-00000002,-00000024,0000.000,0000.000,0000.000,0153
 
001154000,-00000002,-00000028,0000.000,0000.000,0000.000,0153
 
001154020,-00000003,-00000029,0000.000,0000.000,0000.000,0006
 
001154040,-00000002,-00000032,0000.000,0000.000,0000.000,0153
 
001154060,-00000002,-00000033,0000.000,0000.000,0000.000,0007
 
001154080,-00000002,-00000031,0000.000,0000.000,0000.000,0153
 
001154100,-00000003,-00000028,0000.000,0000.000,0000.000,0007
 
001154120,-00000002,-00000023,0000.000,0000.000,0000.000,0152
 
001154140,000000000,-00000020,0000.000,0000.000,0000.000,0007
 
001154160,-00000001,-00000016,0000.000,0000.000,0000.000,0152
 
001154180,-00000001,-00000012,0000.000,0000.000,0000.000,0007
 
001154200,-00000002,-00000012,0000.000,0000.000,0000.000,0152
 
001154220,-00000002,-00000017,0000.000,0000.000,0000.000,0007
 
001154240,-00000004,-00000025,0000.000,0000.000,0000.000,0153
 
001154260,-00000005,-00000021,0000.000,0000.000,0000.000,0007
 
001154280,-00000004,-00000022,0000.000,0000.000,0000.000,0152
 
001154300,-00000004,-00000024,0000.000,0000.000,0000.000,0007
 
001154320,-00000004,-00000030,0000.000,0000.000,0000.000,0153
 
001154340,-00000005,-00000036,0000.000,0000.000,0000.000,0007
 
001154360,-00000003,-00000035,0000.000,0000.000,0000.000,0153
 
001154380,-00000003,-00000030,0000.000,0000.000,0000.000,0007
 
001154400,-00000002,-00000032,0000.000,0000.000,0000.000,0153
 
001154420,-00000001,-00000031,0000.000,0000.000,0000.000,0007
 
001154440,-00000001,-00000025,0000.000,0000.000,0000.000,0153
 
001154460,-00000001,-00000018,0000.000,0000.000,0000.000,0007
 
001154480,-00000001,-00000015,0000.000,0000.000,0000.000,0152
 
001154500,000000000,-00000012,0000.000,0000.000,0000.000,0153
 
001154520,000000000,-00000006,0000.000,0000.000,0000.000,0006
 
001154540,000000000,-00000002,0000.000,0000.000,0000.000,0006
 
001154560,000000000,000000000,0000.000,0000.000,0000.000,0007
 
001154580,000000000,-00000001,0000.000,0000.000,0000.000,0007
 
001154600,-00000002,-00000006,0000.000,0000.000,0000.000,0007
 
001154620,-00000003,-00000016,0000.000,0000.000,0000.000,0007
 
001154640,-00000003,-00000024,0000.000,0000.000,0000.000,0153
 
001154660,-00000002,-00000023,0000.000,0000.000,0000.000,0153
 
001154680,-00000004,-00000027,0000.000,0000.000,0000.000,0007
 
001154700,-00000005,-00000028,0000.000,0000.000,0000.000,0153
 
001154720,-00000008,-00000031,0000.000,0000.000,0000.000,0152
 
001154740,-00000007,-00000032,0000.000,0000.000,0000.000,0007
 
001154760,-00000005,-00000037,0000.000,0000.000,0000.000,0153
 
001154780,-00000005,-00000040,0000.000,0000.000,0000.000,0007
 
001154800,-00000003,-00000036,0000.000,0000.000,0000.000,0153
 
001154820,-00000005,-00000027,0000.000,0000.000,0000.000,0007
 
001154840,-00000003,-00000021,0000.000,0000.000,0000.000,0152
 
001154860,-00000002,-00000019,0000.000,0000.000,0000.000,0006
 
001154880,-00000001,-00000017,0000.000,0000.000,0000.000,0152
 
001154900,-00000002,-00000014,0000.000,0000.000,0000.000,0007
 
001154920,-00000003,-00000013,0000.000,0000.000,0000.000,0152
 
001154940,-00000002,-00000012,0000.000,0000.000,0000.000,0007
 
001154960,-00000001,-00000008,0000.000,0000.000,0000.000,0152
 
001154980,-00000002,-00000008,0000.000,0000.000,0000.000,0153
 
001155000,000000000,-00000012,0000.000,0000.000,0000.000,0152
 
001155020,000000001,-00000014,0000.000,0000.000,0000.000,0007
 
001155040,000000001,-00000016,0000.000,0000.000,0000.000,0006
 
001155060,000000001,-00000018,0000.000,0000.000,0000.000,0152
 
001155080,000000001,-00000020,0000.000,0000.000,0000.000,0007
 
001155100,-00000001,-00000021,0000.000,0000.000,0000.000,0153
 
001155120,-00000004,-00000022,0000.000,0000.000,0000.000,0007
 
001155140,-00000004,-00000020,0000.000,0000.000,0000.000,0152
 
001155160,-00000002,-00000015,0000.000,0000.000,0000.000,0153
 
001155180,-00000002,-00000010,0000.000,0000.000,0000.000,0007
 
001155200,000000000,-00000013,0000.000,0000.000,0000.000,0153
 
001155220,-00000001,-00000009,0000.000,0000.000,0000.000,0007
 
001155240,000000000,-00000005,0000.000,0000.000,0000.000,0007
 
001155260,-00000003,-00000008,0000.000,0000.000,0000.000,0007
 
001155280,-00000003,-00000010,0000.000,0000.000,0000.000,0007
 
001155300,-00000003,-00000006,0000.000,0000.000,0000.000,0007
 
001155320,000000000,000000000,0000.000,0000.000,0000.000,0007
 
001155340,000000000,-00000001,0000.000,0000.000,0000.000,0007
 
001155360,000000000,000000000,0000.000,0000.000,0000.000,0007
 
001155380,000000000,-00000001,0000.000,0000.000,0000.000,0007
 
001155400,000000000,-00000004,0000.000,0000.000,0000.000,0007
 
001155420,-00000002,-00000010,0000.000,0000.000,0000.000,0007
 
001155440,-00000002,-00000015,0000.000,0000.000,0000.000,0152
 
001155460,-00000002,-00000020,0000.000,0000.000,0000.000,0153
 
001155480,-00000002,-00000020,0000.000,0000.000,0000.000,0153
 
001155500,-00000001,-00000025,0000.000,0000.000,0000.000,0007
 
001155520,000000000,-00000022,0000.000,0000.000,0000.000,0153
 
001155540,-00000001,-00000023,0000.000,0000.000,0000.000,0152
 
001155560,-00000002,-00000025,0000.000,0000.000,0000.000,0007
 
001155580,-00000003,-00000025,0000.000,0000.000,0000.000,0153
 
001155600,-00000002,-00000018,0000.000,0000.000,0000.000,0007
 
001155620,-00000002,-00000015,0000.000,0000.000,0000.000,0152
 
001155640,-00000003,-00000013,0000.000,0000.000,0000.000,0006
 
001155660,-00000004,-00000015,0000.000,0000.000,0000.000,0152
 
001155680,-00000003,-00000015,0000.000,0000.000,0000.000,0007
 
001155700,-00000002,-00000019,0000.000,0000.000,0000.000,0153
 
001155720,-00000002,-00000022,0000.000,0000.000,0000.000,0007
 
001155740,-00000002,-00000024,0000.000,0000.000,0000.000,0152
 
001155760,-00000002,-00000028,0000.000,0000.000,0000.000,0007
 
001155780,-00000001,-00000035,0000.000,0000.000,0000.000,0152
 
001155800,000000000,-00000040,0000.000,0000.000,0000.000,0006
 
001155820,-00000001,-00000038,0000.000,0000.000,0000.000,0007
 
001155840,-00000002,-00000038,0000.000,0000.000,0000.000,0007
 
001155860,-00000001,-00000041,0000.000,0000.000,0000.000,0152
 
001155880,000000000,-00000042,0000.000,0000.000,0000.000,0007
 
001155900,000000000,-00000034,0000.000,0000.000,0000.000,0152
 
001155920,-00000002,-00000031,0000.000,0000.000,0000.000,0153
 
001155940,-00000004,-00000025,0000.000,0000.000,0000.000,0006
 
001155960,-00000005,-00000016,0000.000,0000.000,0000.000,0153
 
001155980,-00000003,-00000011,0000.000,0000.000,0000.000,0152
 
001156000,-00000001,-00000025,0000.000,0000.000,0000.000,0152
 
001156020,-00000004,-00000026,0000.000,0000.000,0000.000,0152
 
001156040,-00000004,-00000030,0000.000,0000.000,0000.000,0152
 
001156060,-00000004,-00000034,0000.000,0000.000,0000.000,0007
 
001156080,-00000002,-00000038,0000.000,0000.000,0000.000,0153
 
001156100,-00000004,-00000042,0000.000,0000.000,0000.000,0152
 
001156120,-00000002,-00000046,0000.000,0000.000,0000.000,0007
 
001156140,-00000002,-00000047,0000.000,0000.000,0000.000,0152
 
001156160,-00000002,-00000042,0000.000,0000.000,0000.000,0152
 
001156180,-00000003,-00000035,0000.000,0000.000,0000.000,0006
 
001156200,-00000004,-00000029,0000.000,0000.000,0000.000,0153
 
001156220,-00000004,-00000025,0000.000,0000.000,0000.000,0152
 
001156240,-00000004,-00000021,0000.000,0000.000,0000.000,0007
 
001156260,-00000002,-00000018,0000.000,0000.000,0000.000,0152
 
001156280,-00000001,-00000016,0000.000,0000.000,0000.000,0007
 
001156300,-00000001,-00000015,0000.000,0000.000,0000.000,0153
 
001156320,-00000001,-00000018,0000.000,0000.000,0000.000,0007
 
001156340,-00000001,-00000023,0000.000,0000.000,0000.000,0152
 
001156360,-00000001,-00000023,0000.000,0000.000,0000.000,0007
 
001156380,000000000,-00000020,0000.000,0000.000,0000.000,0152
 
001156400,000000000,-00000020,0000.000,0000.000,0000.000,0007
 
001156420,-00000001,-00000024,0000.000,0000.000,0000.000,0152
 
001156440,-00000003,-00000030,0000.000,0000.000,0000.000,0007
 
001156460,-00000005,-00000033,0000.000,0000.000,0000.000,0152
 
001156480,-00000007,-00000033,0000.000,0000.000,0000.000,0007
 
001156500,-00000005,-00000030,0000.000,0000.000,0000.000,0152
 
001156520,-00000002,-00000030,0000.000,0000.000,0000.000,0007
 
001156540,000000000,-00000033,0000.000,0000.000,0000.000,0152
 
001156560,000000002,-00000037,0000.000,0000.000,0000.000,0008
 
001156580,000000002,-00000036,0000.000,0000.000,0000.000,0152
 
001156600,-00000001,-00000029,0000.000,0000.000,0000.000,0006
 
001156620,-00000002,-00000022,0000.000,0000.000,0000.000,0153
 
001156640,-00000002,-00000013,0000.000,0000.000,0000.000,0007
 
001156660,-00000001,-00000010,0000.000,0000.000,0000.000,0006
 
001156680,000000000,-00000008,0000.000,0000.000,0000.000,0007
 
001156700,000000000,-00000008,0000.000,0000.000,0000.000,0007
 
001156720,000000000,-00000010,0000.000,0000.000,0000.000,0007
 
001156740,-00000001,-00000013,0000.000,0000.000,0000.000,0152
 
001156760,-00000002,-00000016,0000.000,0000.000,0000.000,0152
 
001156780,-00000004,-00000018,0000.000,0000.000,0000.000,0007
 
001156800,-00000002,-00000021,0000.000,0000.000,0000.000,0153
 
001156820,-00000001,-00000025,0000.000,0000.000,0000.000,0152
 
001156840,-00000003,-00000027,0000.000,0000.000,0000.000,0006
 
001156860,-00000003,-00000029,0000.000,0000.000,0000.000,0153
 
001156880,-00000002,-00000031,0000.000,0000.000,0000.000,0153
 
001156900,-00000002,-00000036,0000.000,0000.000,0000.000,0007
 
001156920,-00000001,-00000043,0000.000,0000.000,0000.000,0153
 
001156940,-00000002,-00000041,0000.000,0000.000,0000.000,0152
 
001156960,-00000003,-00000039,0000.000,0000.000,0000.000,0007
 
001156980,-00000006,-00000033,0000.000,0000.000,0000.000,0153
 
001157000,-00000006,-00000033,0000.000,0000.000,0000.000,0152
 
001157020,-00000004,-00000033,0000.000,0000.000,0000.000,0007
 
001157040,-00000001,-00000036,0000.000,0000.000,0000.000,0152
 
001157060,-00000001,-00000030,0000.000,0000.000,0000.000,0007
 
001157080,000000000,-00000026,0000.000,0000.000,0000.000,0153
 
001157100,-00000001,-00000021,0000.000,0000.000,0000.000,0152
 
001157120,-00000003,-00000017,0000.000,0000.000,0000.000,0007
 
001157140,-00000003,-00000016,0000.000,0000.000,0000.000,0153
 
001157160,-00000002,-00000017,0000.000,0000.000,0000.000,0007
 
001157180,-00000001,-00000018,0000.000,0000.000,0000.000,0152
 
001157200,000000000,-00000025,0000.000,0000.000,0000.000,0007
 
001157220,000000000,-00000024,0000.000,0000.000,0000.000,0152
 
001157240,000000000,-00000028,0000.000,0000.000,0000.000,0007
 
001157260,-00000004,-00000030,0000.000,0000.000,0000.000,0153
 
001157280,-00000006,-00000027,0000.000,0000.000,0000.000,0007
 
001157300,-00000006,-00000028,0000.000,0000.000,0000.000,0152
 
001157320,-00000005,-00000028,0000.000,0000.000,0000.000,0007
 
001157340,-00000005,-00000022,0000.000,0000.000,0000.000,0152
 
001157360,-00000002,-00000012,0000.000,0000.000,0000.000,0007
 
001157380,-00000002,-00000009,0000.000,0000.000,0000.000,0006
 
001157400,000000000,-00000008,0000.000,0000.000,0000.000,0153
 
001157420,000000000,-00000009,0000.000,0000.000,0000.000,0153
 
001157440,000000000,-00000009,0000.000,0000.000,0000.000,0152
 
001157460,000000000,-00000013,0000.000,0000.000,0000.000,0007
 
001157480,000000000,-00000018,0000.000,0000.000,0000.000,0153
 
001157500,-00000002,-00000022,0000.000,0000.000,0000.000,0152
 
001157520,-00000003,-00000021,0000.000,0000.000,0000.000,0007
 
001157540,-00000001,-00000019,0000.000,0000.000,0000.000,0152
 
001157560,-00000002,-00000022,0000.000,0000.000,0000.000,0007
 
001157580,-00000006,-00000025,0000.000,0000.000,0000.000,0153
 
001157600,-00000006,-00000028,0000.000,0000.000,0000.000,0152
 
001157620,-00000001,-00000024,0000.000,0000.000,0000.000,0007
 
001157640,000000001,-00000018,0000.000,0000.000,0000.000,0152
 
001157660,000000003,-00000014,0000.000,0000.000,0000.000,0153
 
001157680,000000002,-00000006,0000.000,0000.000,0000.000,0007
 
001157700,000000001,-00000002,0000.000,0000.000,0000.000,0007
 
001157720,000000000,000000000,0000.000,0000.000,0000.000,0007
 
001157740,000000000,000000000,0000.000,0000.000,0000.000,0007
 
001157760,000000000,-00000006,0000.000,0000.000,0000.000,0007
 
001157780,-00000002,-00000015,0000.000,0000.000,0000.000,0007
 
001157800,-00000004,-00000027,0000.000,0000.000,0000.000,0153
 
001157820,-00000003,-00000035,0000.000,0000.000,0000.000,0007
 
001157840,-00000003,-00000043,0000.000,0000.000,0000.000,0152
 
001157860,-00000004,-00000046,0000.000,0000.000,0000.000,0007
 
001157880,-00000002,-00000044,0000.000,0000.000,0000.000,0152
 
001157900,-00000002,-00000039,0000.000,0000.000,0000.000,0007
 
001157920,000000000,-00000034,0000.000,0000.000,0000.000,0152
 
001157940,000000002,-00000027,0000.000,0000.000,0000.000,0007
 
001157960,000000001,-00000018,0000.000,0000.000,0000.000,0152
 
001157980,000000000,-00000013,0000.000,0000.000,0000.000,0006
 
001158000,-00000002,-00000012,0000.000,0000.000,0000.000,0007
 
001158020,-00000003,-00000011,0000.000,0000.000,0000.000,0153
 
001158040,-00000001,-00000012,0000.000,0000.000,0000.000,0007
 
001158060,000000001,-00000015,0000.000,0000.000,0000.000,0007
 
001158080,000000003,-00000016,0000.000,0000.000,0000.000,0152
 
001158100,000000003,-00000013,0000.000,0000.000,0000.000,0007
 
001158120,000000000,-00000014,0000.000,0000.000,0000.000,0007
 
001158140,000000000,-00000014,0000.000,0000.000,0000.000,0152
 
001158160,000000001,-00000015,0000.000,0000.000,0000.000,0007
 
001158180,000000002,-00000018,0000.000,0000.000,0000.000,0152
 
001158200,000000001,-00000019,0000.000,0000.000,0000.000,0152
 
001158220,000000000,-00000021,0000.000,0000.000,0000.000,0006
 
001158240,-00000003,-00000020,0000.000,0000.000,0000.000,0153
 
001158260,-00000002,-00000018,0000.000,0000.000,0000.000,0152
 
001158280,-00000002,-00000018,0000.000,0000.000,0000.000,0007
 
001158300,-00000004,-00000022,0000.000,0000.000,0000.000,0153
 
001158320,-00000005,-00000025,0000.000,0000.000,0000.000,0153
 
001158340,-00000003,-00000016,0000.000,0000.000,0000.000,0007
 
001158360,-00000001,-00000013,0000.000,0000.000,0000.000,0153
 
001158380,000000000,-00000014,0000.000,0000.000,0000.000,0152
 
001158400,000000000,-00000016,0000.000,0000.000,0000.000,0153
 
001158420,000000000,-00000018,0000.000,0000.000,0000.000,0153
 
001158440,000000000,-00000020,0000.000,0000.000,0000.000,0152
 
001158460,000000000,-00000015,0000.000,0000.000,0000.000,0007
 
001158480,000000000,-00000011,0000.000,0000.000,0000.000,0152
 
001158500,-00000001,-00000007,0000.000,0000.000,0000.000,0152
 
001158520,-00000001,-00000003,0000.000,0000.000,0000.000,0153
 
001158540,000000000,-00000001,0000.000,0000.000,0000.000,0152
 
001158560,000000000,-00000001,0000.000,0000.000,0000.000,0152
 
001158580,000000000,000000000,0000.000,0000.000,0000.000,0153
 
001158600,000000001,000000000,0000.000,0000.000,0000.000,0152
 
001158620,000000000,000000000,0000.000,0000.000,0000.000,0152
 
001158640,000000000,000000000,0000.000,0000.000,0000.000,0153
 
001158660,000000000,-00000001,0000.000,0000.000,0000.000,0152
 
001158680,-00000001,-00000017,0000.000,0000.000,0000.000,0153
 
001158700,-00000004,-00000029,0000.000,0000.000,0000.000,0006
 
001158720,-00000003,-00000037,0000.000,0000.000,0000.000,0152
 
001158740,000000001,-00000041,0000.000,0000.000,0000.000,0007
 
001158760,000000005,-00000039,0000.000,0000.000,0000.000,0152
 
001158780,000000003,-00000027,0000.000,0000.000,0000.000,0007
 
001158800,000000001,-00000016,0000.000,0000.000,0000.000,0153
 
001158820,000000002,-00000008,0000.000,0000.000,0000.000,0006
 
001158840,000000001,-00000002,0000.000,0000.000,0000.000,0007
 
001158860,000000001,000000000,0000.000,0000.000,0000.000,0152
 
001158880,000000000,000000000,0000.000,0000.000,0000.000,0152
 
001158900,000000001,-00000001,0000.000,0000.000,0000.000,0007
 
001158920,000000000,000000000,0000.000,0000.000,0000.000,0006
 
001158940,000000000,-00000002,0000.000,0000.000,0000.000,0006
 
001158960,000000001,-00000011,0000.000,0000.000,0000.000,0007
 
001158980,000000000,-00000015,0000.000,0000.000,0000.000,0152
 
001159000,-00000002,-00000013,0000.000,0000.000,0000.000,0007
 
001159020,-00000003,-00000012,0000.000,0000.000,0000.000,0153
 
001159040,-00000004,-00000011,0000.000,0000.000,0000.000,0152
 
001159060,-00000002,-00000009,0000.000,0000.000,0000.000,0152
 
001159080,-00000001,-00000009,0000.000,0000.000,0000.000,0152
 
001159100,000000000,-00000007,0000.000,0000.000,0000.000,0153
 
001159120,000000002,-00000008,0000.000,0000.000,0000.000,0153
 
001159140,000000000,-00000010,0000.000,0000.000,0000.000,0153
 
001159160,-00000001,-00000013,0000.000,0000.000,0000.000,0153
 
001159180,-00000003,-00000009,0000.000,0000.000,0000.000,0153
 
001159200,-00000001,-00000005,0000.000,0000.000,0000.000,0153
 
001159220,000000000,000000000,0000.000,0000.000,0000.000,0152
 
001159240,000000000,000000000,0000.000,0000.000,0000.000,0153
 
001159260,000000000,000000000,0000.000,0000.000,0000.000,0153
 
001159280,000000000,000000000,0000.000,0000.000,0000.000,0152
 
001159300,000000000,000000000,0000.000,0000.000,0000.000,0153
 
001159320,-00000001,000000000,0000.000,0000.000,0000.000,0153
 
001159340,-00000001,000000000,0000.000,0000.000,0000.000,0152
 
001159360,000000000,000000000,0000.000,0000.000,0000.000,0153
 
001159380,000000000,000000000,0000.000,0000.000,0000.000,0153
 
001159400,000000000,000000000,0000.000,0000.000,0000.000,0153
 
001159420,000000000,000000000,0000.000,0000.000,0000.000,0152
 
001159440,000000000,000000000,0000.000,0000.000,0000.000,0152
 
001159460,000000000,000000000,0000.000,0000.000,0000.000,0152
 
001159480,000000000,000000000,0000.000,0000.000,0000.000,0152
 
001159500,000000000,000000000,0000.000,0000.000,0000.000,0152
 
001159520,000000000,000000001,0000.000,0000.000,0000.000,0153
 
001159540,000000000,000000000,0000.000,0000.000,0000.000,0153
 
001159560,000000000,000000000,0000.000,0000.000,0000.000,0007
 
001159580,000000000,000000000,0000.000,0000.000,0000.000,0152
 
001159600,000000000,000000000,0000.000,0000.000,0000.000,0152
 
001159620,000000000,000000000,0000.000,0000.000,0000.000,0152
 
001159640,000000000,000000000,0000.000,0000.000,0000.000,0152
 
001159660,000000000,000000000,0000.000,0000.000,0000.000,0152
 
001159680,000000000,000000000,0000.000,0000.000,0000.000,0152
 
001159700,000000000,000000000,0000.000,0000.000,0000.000,0152
 
001159720,000000000,-00000008,0000.000,0000.000,0000.000,0006
 
001159740,-00000001,-00000014,0000.000,0000.000,0000.000,0007
 
001159760,-00000002,-00000011,0000.000,0000.000,0000.000,0153
 
001159780,-00000001,-00000001,0000.000,0000.000,0000.000,0152
 
001159800,000000000,000000000,0000.000,0000.000,0000.000,0007
 
001159820,000000000,000000000,0000.000,0000.000,0000.000,0007
 
001159840,-00000001,000000000,0000.000,0000.000,0000.000,0006
 
001159860,-00000001,000000000,0000.000,0000.000,0000.000,0007
 
001159880,000000000,000000000,0000.000,0000.000,0000.000,0006
 
001159900,000000000,000000000,0000.000,0000.000,0000.000,0007
 
001159920,000000000,000000000,0000.000,0000.000,0000.000,0007
 
001159940,000000000,000000000,0000.000,0000.000,0000.000,0007
 
001159960,000000000,-00000001,0000.000,0000.000,0000.000,0007
 
001159980,000000000,000000000,0000.000,0000.000,0000.000,0007
 
001160000,000000000,000000000,0000.000,0000.000,0000.000,0007
 
001160020,000000000,000000000,0000.000,0000.000,0000.000,0007
 
001160040,000000000,000000000,0000.000,0000.000,0000.000,0007
 
001160060,000000000,000000000,0000.000,0000.000,0000.000,0006
 
001160080,000000000,000000000,0000.000,0000.000,0000.000,0007
 
001160100,000000000,000000000,0000.000,0000.000,0000.000,0007
 
001160120,000000000,000000001,0000.000,0000.000,0000.000,0006
 
001160140,000000000,000000000,0000.000,0000.000,0000.000,0152
 
001160160,000000000,000000000,0000.000,0000.000,0000.000,0152
 
001160180,000000000,000000000,0000.000,0000.000,0000.000,0152
 
001160200,000000000,000000000,0000.000,0000.000,0000.000,0153
 
001160220,000000000,000000000,0000.000,0000.000,0000.000,0153
 
001160240,000000000,000000000,0000.000,0000.000,0000.000,0160
 
001160261,000000000,000000000,0000.000,0000.000,0000.000,0024
 
001160281,000000000,000000000,0000.000,0000.000,0000.000,0167
 
001160301,000000000,000000000,0000.000,0000.000,0000.000,1023
 
001160321,000000000,000000000,0000.000,0000.000,0000.000,1023
 
001160341,000000000,000000000,0000.000,0000.000,0000.000,1023
 
001160361,000000000,000000000,0000.000,0000.000,0000.000,1023
 
001160381,000000000,000000001,0000.000,0000.000,0000.000,1023
 
001160401,000000000,000000000,0000.000,0000.000,0000.000,1023
 
001160421,000000000,000000000,0000.000,0000.000,0000.000,1023
 
001160441,000000000,000000000,0000.000,0000.000,0000.000,1023
 
001160461,000000000,000000000,0000.000,0000.000,0000.000,1023
 
001160481,000000000,000000000,0000.000,0000.000,0000.000,1023
 
001160501,000000000,000000000,0000.000,0000.000,0000.000,0035
 
001160521,000000000,000000000,0000.000,0000.000,0000.000,0029
 
001160541,000000000,000000000,0000.000,0000.000,0000.000,0165
 
001160561,000000000,000000000,0000.000,0000.000,0000.000,0024
 
001160581,000000000,000000000,0000.000,0000.000,0000.000,0025
 
001160600,000000000,000000000,0000.000,0000.000,0000.000,0023
 
001160620,000000000,000000000,0000.000,0000.000,0000.000,0021
 
001160640,000000000,000000000,0000.000,0000.000,0000.000,0162
 
001160660,000000000,000000000,0000.000,0000.000,0000.000,0021
 
001160680,000000000,000000000,0000.000,0000.000,0000.000,0160
 
001160700,000000000,-00000001,0000.000,0000.000,0000.000,0017
 
001160720,-00000001,-00000001,0000.000,0000.000,0000.000,0159
 
001160740,000000000,000000000,0000.000,0000.000,0000.000,0158
 
001160760,000000000,000000000,0000.000,0000.000,0000.000,0158
 
001160780,000000001,000000000,0000.000,0000.000,0000.000,0157
 
001160800,000000000,000000000,0000.000,0000.000,0000.000,0157
 
001160820,000000000,000000000,0000.000,0000.000,0000.000,0156
 
001160840,-00000001,000000000,0000.000,0000.000,0000.000,0155
 
001160860,000000000,-00000002,0000.000,0000.000,0000.000,0153
 
001160880,000000015,-00000024,0000.000,0000.000,0000.000,0153
 
001160900,000000046,-00000063,0000.000,0000.000,0000.000,0007
 
001160920,000000062,-00000100,0000.000,0000.000,0000.000,0153
 
001160940,000000016,-00000030,0000.000,0000.000,0000.000,0007
 
001160960,000000012,-00000025,0000.000,0000.000,0000.000,0152
 
001160980,000000010,-00000025,0000.000,0000.000,0000.000,0007
 
001161000,000000010,-00000025,0000.000,0000.000,0000.000,0007
 
001161020,000000008,-00000025,0000.000,0000.000,0000.000,0006
 
001161040,000000008,-00000025,0000.000,0000.000,0000.000,0153
 
001161060,000000007,-00000016,0000.000,0000.000,0000.000,0007
 
001161080,000000007,-00000015,0000.000,0000.000,0000.000,0152
 
001161100,000000005,-00000013,0000.000,0000.000,0000.000,0007
 
001161120,000000005,-00000013,0000.000,0000.000,0000.000,0153
 
001161140,000000004,-00000013,0000.000,0000.000,0000.000,0007
 
001161160,000000003,-00000008,0000.000,0000.000,0000.000,0153
 
001161180,000000002,-00000007,0000.000,0000.000,0000.000,0006
 
001161200,000000001,-00000004,0000.000,0000.000,0000.000,0006
 
001161220,000000001,-00000001,0000.000,0000.000,0000.000,0007
 
001161240,000000000,000000000,0000.000,0000.000,0000.000,0006
 
001161260,000000000,000000000,0000.000,0000.000,0000.000,0006
 
001161280,000000000,000000000,0000.000,0000.000,0000.000,0006
 
001161300,000000000,000000000,0000.000,0000.000,0000.000,0006
 
001161320,000000000,000000000,0000.000,0000.000,0000.000,0006
 
001161340,000000000,000000000,0000.000,0000.000,0000.000,0007
 
001161360,000000000,000000000,0000.000,0000.000,0000.000,0007
 
001161380,000000000,000000000,0000.000,0000.000,0000.000,0007
 
001161400,000000000,000000000,0000.000,0000.000,0000.000,0007
 
001161420,000000000,000000000,0000.000,0000.000,0000.000,0007
 
001161440,000000001,-00000001,0000.000,0000.000,0000.000,0006
 
001161460,000000031,-00000047,0000.000,0000.000,0000.000,0007
 
001161480,000000067,-00000103,0000.000,0000.000,0000.000,0152
 
001161500,000000088,-00000131,0000.000,0000.000,0000.000,0006
 
001161520,000000072,-00000114,0000.000,0000.000,0000.000,0006
 
001161540,000000060,-00000102,0000.000,0000.000,0000.000,0007
 
001161560,000000048,-00000092,0000.000,0000.000,0000.000,0152
 
001161580,000000043,-00000089,0000.000,0000.000,0000.000,0006
 
001161600,000000043,-00000091,0000.000,0000.000,0000.000,0152
 
001161620,000000046,-00000084,0000.000,0000.000,0000.000,0007
 
001161640,000000039,-00000070,0000.000,0000.000,0000.000,0153
 
001161660,000000026,-00000049,0000.000,0000.000,0000.000,0006
 
001161680,000000013,-00000031,0000.000,0000.000,0000.000,0152
 
001161700,000000005,-00000025,0000.000,0000.000,0000.000,0006
 
001161720,000000007,-00000012,0000.000,0000.000,0000.000,0006
 
001161740,000000011,-00000009,0000.000,0000.000,0000.000,0152
 
001161760,000000011,-00000013,0000.000,0000.000,0000.000,0007
 
001161780,000000008,-00000015,0000.000,0000.000,0000.000,0006
 
001161800,000000008,-00000014,0000.000,0000.000,0000.000,0152
 
001161820,000000007,-00000011,0000.000,0000.000,0000.000,0006
 
001161840,000000004,-00000007,0000.000,0000.000,0000.000,0152
 
001161860,000000002,-00000005,0000.000,0000.000,0000.000,0152
 
001161880,000000000,-00000001,0000.000,0000.000,0000.000,0152
 
001161900,000000000,000000000,0000.000,0000.000,0000.000,0008
 
001161920,000000000,000000000,0000.000,0000.000,0000.000,0006
 
001161940,000000000,000000000,0000.000,0000.000,0000.000,0007
 
001161960,000000000,000000000,0000.000,0000.000,0000.000,0007
 
001161980,000000000,000000000,0000.000,0000.000,0000.000,0007
 
001162000,000000000,000000000,0000.000,0000.000,0000.000,0007
 
001162020,000000000,000000000,0000.000,0000.000,0000.000,0007
 
001162040,000000000,000000000,0000.000,0000.000,0000.000,0006
 
001162060,000000000,000000000,0000.000,0000.000,0000.000,0007
 
001162080,000000000,000000000,0000.000,0000.000,0000.000,0006
 
001162100,000000000,000000000,0000.000,0000.000,0000.000,0007
 
001162120,000000000,000000000,0000.000,0000.000,0000.000,0006
 
001162140,000000000,000000000,0000.000,0000.000,0000.000,0007
 
001162160,000000000,000000000,0000.000,0000.000,0000.000,0006
 
001162180,000000000,000000000,0000.000,0000.000,0000.000,0007
 
001162200,000000000,000000000,0000.000,0000.000,0000.000,0006
 
001162220,000000000,000000000,0000.000,0000.000,0000.000,0006
 
001162240,000000000,000000000,0000.000,0000.000,0000.000,0007
 
001162260,000000000,000000000,0000.000,0000.000,0000.000,0006
 
001162280,000000000,000000000,0000.000,0000.000,0000.000,0006
 
001162300,000000000,000000000,0000.000,0000.000,0000.000,0006
 
