000085474,000000000,000000000,0000.000,0000.000,0000.000,0008
 
000085493,000000000,000000000,0000.000,0000.000,0000.000,0156
 
000085513,000000000,000000000,0000.000,0000.000,0000.000,0155
 
000085533,000000000,000000000,0000.000,0000.000,0000.000,0154
 
000085553,000000000,000000000,0000.000,0000.000,0000.000,0154
 
000085573,000000000,000000000,0000.000,0000.000,0000.000,0011
 
000085593,000000000,000000000,0000.000,0000.000,0000.000,0155
 
000085613,-00000015,000000008,0000.000,0000.000,0000.000,0010
 
000085633,-00000063,000000039,0000.000,0000.000,0000.000,0155
 
000085653,-00000101,000000070,0000.000,0000.000,0000.000,0011
 
000085673,-00000101,000000079,0000.000,0000.000,0000.000,0155
 
000085693,-00000075,000000054,0000.000,0000.000,0000.000,0008
 
000085713,-00000077,-00000007,0000.000,0000.000,0000.000,0155
 
000085733,-00000090,-00000035,0000.000,0000.000,0000.000,0154
 
000085753,-00000101,-00000008,0000.000,0000.000,0000.000,0011
 
000085773,-00000081,000000036,0000.000,0000.000,0000.000,0010
 
000085793,-00000054,000000051,0000.000,0000.000,0000.000,0155
 
000085813,-00000038,000000077,0000.000,0000.000,0000.000,0011
 
000085833,-00000025,000000051,0000.000,0000.000,0000.000,0012
 
000085853,-00000004,000000009,0000.000,0000.000,0000.000,0155
 
000085873,-00000002,000000008,0000.000,0000.000,0000.000,0155
 
000085893,-00000004,000000007,0000.000,0000.000,0000.000,0007
 
000085913,-00000002,000000006,0000.000,0000.000,0000.000,0009
 
000085933,-00000001,000000004,0000.000,0000.000,0000.000,0008
 
000085953,-00000001,000000004,0000.000,0000.000,0000.000,0010
 
000085973,-00000001,000000003,0000.000,0000.000,0000.000,0008
 
000085993,000000000,000000001,0000.000,0000.000,0000.000,0009
 
000086013,000000000,000000001,0000.000,0000.000,0000.000,0012
 
000086033,000000000,000000000,0000.000,0000.000,0000.000,0010
 
000086053,000000000,000000000,0000.000,0000.000,0000.000,0009
 
000086073,000000000,000000000,0000.000,0000.000,0000.000,0008
 
000086093,000000000,000000000,0000.000,0000.000,0000.000,0009
 
000086113,000000000,000000000,0000.000,0000.000,0000.000,0013
 
000086133,000000000,000000000,0000.000,0000.000,0000.000,0012
 
000086153,000000000,000000000,0000.000,0000.000,0000.000,0010
 
000086173,000000000,000000000,0000.000,0000.000,0000.000,0154
 
000086193,000000000,000000000,0000.000,0000.000,0000.000,0154
 
000086213,000000000,000000000,0000.000,0000.000,0000.000,0154
 
000086233,000000000,000000000,0000.000,0000.000,0000.000,0154
 
000086253,000000000,000000000,0000.000,0000.000,0000.000,0155
 
000086273,000000000,000000000,0000.000,0000.000,0000.000,0154
 
000086293,000000000,000000000,0000.000,0000.000,0000.000,0154
 
000086313,000000000,000000000,0000.000,0000.000,0000.000,0155
 
000086333,000000000,000000000,0000.000,0000.000,0000.000,0155
 
000086353,000000000,000000000,0000.000,0000.000,0000.000,0155
 
000086373,000000000,000000000,0000.000,0000.000,0000.000,0006
 
000086393,000000000,000000000,0000.000,0000.000,0000.000,0155
 
000086413,000000000,000000000,0000.000,0000.000,0000.000,0008
 
000086433,000000000,000000000,0000.000,0000.000,0000.000,0011
 
000086453,000000000,000000000,0000.000,0000.000,0000.000,0008
 
000086473,000000000,000000001,0000.000,0000.000,0000.000,0154
 
000086493,-00000001,000000007,0000.000,0000.000,0000.000,0008
 
000086513,-00000008,000000019,0000.000,0000.000,0000.000,0010
 
000086533,-00000011,000000019,0000.000,0000.000,0000.000,0154
 
000086553,-00000006,000000005,0000.000,0000.000,0000.000,0010
 
000086573,000000001,000000000,0000.000,0000.000,0000.000,0006
 
000086593,000000002,-00000002,0000.000,0000.000,0000.000,0011
 
000086613,000000002,-00000001,0000.000,0000.000,0000.000,0012
 
000086633,000000000,000000001,0000.000,0000.000,0000.000,0011
 
000086653,-00000004,000000008,0000.000,0000.000,0000.000,0009
 
000086673,-00000005,000000008,0000.000,0000.000,0000.000,0006
 
000086693,-00000013,000000006,0000.000,0000.000,0000.000,0007
 
000086713,-00000009,000000006,0000.000,0000.000,0000.000,0010
 
000086733,-00000006,000000003,0000.000,0000.000,0000.000,0012
 
000086753,000000000,000000004,0000.000,0000.000,0000.000,0008
 
000086773,000000001,000000003,0000.000,0000.000,0000.000,0010
 
000086793,000000003,000000002,0000.000,0000.000,0000.000,0006
 
000086813,000000001,000000000,0000.000,0000.000,0000.000,0010
 
000086833,000000001,000000002,0000.000,0000.000,0000.000,0009
 
000086853,000000001,000000001,0000.000,0000.000,0000.000,0007
 
000086873,000000001,000000000,0000.000,0000.000,0000.000,0009
 
000086893,000000000,000000000,0000.000,0000.000,0000.000,0008
 
000086913,000000000,000000000,0000.000,0000.000,0000.000,0007
 
000086933,000000000,000000000,0000.000,0000.000,0000.000,0154
 
000086953,000000000,000000000,0000.000,0000.000,0000.000,0154
 
000086973,000000000,000000001,0000.000,0000.000,0000.000,0154
 
000086993,000000000,000000000,0000.000,0000.000,0000.000,0155
 
000087013,000000000,000000000,0000.000,0000.000,0000.000,0154
 
000087033,000000000,000000001,0000.000,0000.000,0000.000,0154
 
000087053,000000000,000000001,0000.000,0000.000,0000.000,0155
 
000087073,000000000,000000000,0000.000,0000.000,0000.000,0155
 
000087093,000000000,000000000,0000.000,0000.000,0000.000,0154
 
000087113,000000000,000000000,0000.000,0000.000,0000.000,0154
 
000087133,000000000,000000000,0000.000,0000.000,0000.000,0007
 
000087153,000000000,-00000001,0000.000,0000.000,0000.000,0008
 
000087173,000000000,000000000,0000.000,0000.000,0000.000,0155
 
000087193,000000000,000000000,0000.000,0000.000,0000.000,0007
 
000087213,-00000001,000000000,0000.000,0000.000,0000.000,0006
 
000087233,000000000,000000000,0000.000,0000.000,0000.000,0154
 
000087253,000000000,000000000,0000.000,0000.000,0000.000,0011
 
000087273,000000000,000000000,0000.000,0000.000,0000.000,0009
 
000087293,000000000,000000000,0000.000,0000.000,0000.000,0155
 
000087313,000000000,000000000,0000.000,0000.000,0000.000,0008
 
000087333,000000000,000000000,0000.000,0000.000,0000.000,0009
 
000087353,000000001,000000000,0000.000,0000.000,0000.000,0008
 
000087373,000000000,-00000001,0000.000,0000.000,0000.000,0008
 
000087393,000000000,000000000,0000.000,0000.000,0000.000,0010
 
000087413,000000001,000000000,0000.000,0000.000,0000.000,0007
 
000087433,000000000,000000000,0000.000,0000.000,0000.000,0007
 
000087453,000000000,000000000,0000.000,0000.000,0000.000,0007
 
000087473,000000000,-00000001,0000.000,0000.000,0000.000,0013
 
000087493,000000000,000000000,0000.000,0000.000,0000.000,0006
 
000087513,000000000,000000000,0000.000,0000.000,0000.000,0009
 
000087533,000000000,000000000,0000.000,0000.000,0000.000,0007
 
000087553,000000000,000000001,0000.000,0000.000,0000.000,0010
 
000087573,000000000,000000002,0000.000,0000.000,0000.000,0009
 
000087593,000000000,000000002,0000.000,0000.000,0000.000,0009
 
000087613,000000000,000000002,0000.000,0000.000,0000.000,0007
 
000087633,000000000,000000004,0000.000,0000.000,0000.000,0007
 
000087653,-00000001,000000003,0000.000,0000.000,0000.000,0007
 
000087673,-00000002,000000001,0000.000,0000.000,0000.000,0009
 
000087693,-00000001,000000001,0000.000,0000.000,0000.000,0007
 
000087713,-00000001,000000001,0000.000,0000.000,0000.000,0152
 
000087733,000000000,000000000,0000.000,0000.000,0000.000,0153
 
000087753,000000000,000000000,0000.000,0000.000,0000.000,0152
 
000087773,000000000,000000000,0000.000,0000.000,0000.000,0153
 
000087793,000000000,-00000001,0000.000,0000.000,0000.000,0153
 
000087813,000000000,000000000,0000.000,0000.000,0000.000,0006
 
000087833,000000000,000000000,0000.000,0000.000,0000.000,0153
 
000087853,000000000,000000000,0000.000,0000.000,0000.000,0153
 
000087873,000000000,000000001,0000.000,0000.000,0000.000,0153
 
000087893,000000000,000000000,0000.000,0000.000,0000.000,0007
 
000087913,000000000,000000000,0000.000,0000.000,0000.000,0153
 
000087933,000000000,000000000,0000.000,0000.000,0000.000,0007
 
000087953,000000000,000000000,0000.000,0000.000,0000.000,0153
 
000087973,000000000,000000000,0000.000,0000.000,0000.000,0008
 
000087993,000000000,000000000,0000.000,0000.000,0000.000,0006
 
000088013,000000000,000000000,0000.000,0000.000,0000.000,0153
 
000088033,000000000,000000000,0000.000,0000.000,0000.000,0007
 
000088053,000000000,000000000,0000.000,0000.000,0000.000,0007
 
000088073,000000001,000000000,0000.000,0000.000,0000.000,0008
 
000088093,000000000,000000000,0000.000,0000.000,0000.000,0008
 
000088113,000000001,000000000,0000.000,0000.000,0000.000,0007
 
000088133,000000000,000000000,0000.000,0000.000,0000.000,0007
 
000088153,000000000,000000000,0000.000,0000.000,0000.000,0007
 
000088173,000000000,-00000001,0000.000,0000.000,0000.000,0007
 
000088193,000000000,000000000,0000.000,0000.000,0000.000,0007
 
000088213,000000000,000000000,0000.000,0000.000,0000.000,0007
 
000088233,000000000,000000000,0000.000,0000.000,0000.000,0008
 
000088253,000000000,000000000,0000.000,0000.000,0000.000,0007
 
000088273,000000000,000000000,0000.000,0000.000,0000.000,0007
 
000088293,000000000,000000000,0000.000,0000.000,0000.000,0007
 
000088313,000000000,000000000,0000.000,0000.000,0000.000,0007
 
000088333,000000000,000000000,0000.000,0000.000,0000.000,0007
 
000088353,000000000,000000001,0000.000,0000.000,0000.000,0008
 
000088373,000000001,000000000,0000.000,0000.000,0000.000,0007
 
000088393,000000000,000000001,0000.000,0000.000,0000.000,0008
 
000088413,000000000,000000000,0000.000,0000.000,0000.000,0007
 
000088433,000000000,000000000,0000.000,0000.000,0000.000,0153
 
000088453,000000000,000000000,0000.000,0000.000,0000.000,0152
 
000088473,000000000,000000000,0000.000,0000.000,0000.000,0152
 
000088493,000000000,000000000,0000.000,0000.000,0000.000,0153
 
000088513,-00000001,000000000,0000.000,0000.000,0000.000,0153
 
000088533,000000000,000000000,0000.000,0000.000,0000.000,0152
 
000088553,000000000,000000000,0000.000,0000.000,0000.000,0152
 
000088573,000000000,000000000,0000.000,0000.000,0000.000,0153
 
000088593,000000000,000000000,0000.000,0000.000,0000.000,0153
 
000088613,000000000,000000000,0000.000,0000.000,0000.000,0153
 
000088633,000000000,000000000,0000.000,0000.000,0000.000,0008
 
000088653,000000000,000000000,0000.000,0000.000,0000.000,0007
 
000088673,000000000,000000001,0000.000,0000.000,0000.000,0153
 
000088693,000000000,000000001,0000.000,0000.000,0000.000,0007
 
000088713,000000000,000000000,0000.000,0000.000,0000.000,0007
 
000088733,000000000,000000000,0000.000,0000.000,0000.000,0153
 
000088753,000000000,000000000,0000.000,0000.000,0000.000,0007
 
000088773,000000000,000000001,0000.000,0000.000,0000.000,0007
 
000088793,000000000,000000000,0000.000,0000.000,0000.000,0153
 
000088813,000000000,000000000,0000.000,0000.000,0000.000,0008
 
000088833,000000000,000000000,0000.000,0000.000,0000.000,0008
 
000088853,000000000,000000000,0000.000,0000.000,0000.000,0008
 
000088873,000000000,000000000,0000.000,0000.000,0000.000,0007
 
000088893,000000000,000000000,0000.000,0000.000,0000.000,0008
 
000088913,000000000,000000000,0000.000,0000.000,0000.000,0008
 
000088933,000000000,000000000,0000.000,0000.000,0000.000,0007
 
000088953,000000000,000000000,0000.000,0000.000,0000.000,0008
 
000088973,000000000,000000000,0000.000,0000.000,0000.000,0006
 
000088993,000000000,000000000,0000.000,0000.000,0000.000,0008
 
000089013,000000000,000000000,0000.000,0000.000,0000.000,0007
 
000089033,000000000,000000000,0000.000,0000.000,0000.000,0008
 
000089053,000000000,000000000,0000.000,0000.000,0000.000,0008
 
000089073,000000000,000000000,0000.000,0000.000,0000.000,0007
 
000089093,000000000,000000000,0000.000,0000.000,0000.000,0008
 
000089113,000000000,000000000,0000.000,0000.000,0000.000,0008
 
000089133,000000000,000000000,0000.000,0000.000,0000.000,0007
 
000089153,000000000,000000000,0000.000,0000.000,0000.000,0007
 
000089173,000000000,000000000,0000.000,0000.000,0000.000,0007
 
000089193,000000000,000000000,0000.000,0000.000,0000.000,0008
 
000089213,000000000,000000000,0000.000,0000.000,0000.000,0153
 
000089233,000000000,000000000,0000.000,0000.000,0000.000,0153
 
000089253,000000000,000000000,0000.000,0000.000,0000.000,0153
 
000089273,000000000,000000000,0000.000,0000.000,0000.000,0153
 
000089293,000000000,000000000,0000.000,0000.000,0000.000,0153
 
000089313,000000000,000000000,0000.000,0000.000,0000.000,0153
 
000089333,000000001,000000000,0000.000,0000.000,0000.000,0153
 
000089353,000000000,000000000,0000.000,0000.000,0000.000,0007
 
000089373,000000000,000000000,0000.000,0000.000,0000.000,0009
 
000089393,000000000,000000000,0000.000,0000.000,0000.000,0156
 
000089413,000000000,000000000,0000.000,0000.000,0000.000,0010
 
000089433,000000000,000000000,0000.000,0000.000,0000.000,0155
 
000089453,000000000,000000000,0000.000,0000.000,0000.000,0013
 
000089473,000000000,000000001,0000.000,0000.000,0000.000,0012
 
000089493,000000000,000000000,0000.000,0000.000,0000.000,0012
 
000089513,000000000,000000000,0000.000,0000.000,0000.000,0008
 
000089533,000000000,000000000,0000.000,0000.000,0000.000,0010
 
000089553,000000000,000000000,0000.000,0000.000,0000.000,0012
 
000089573,000000000,000000000,0000.000,0000.000,0000.000,0018
 
000089593,000000000,000000000,0000.000,0000.000,0000.000,0008
 
000089613,000000000,000000000,0000.000,0000.000,0000.000,0010
 
000089633,000000000,000000000,0000.000,0000.000,0000.000,0012
 
000089653,000000000,000000000,0000.000,0000.000,0000.000,0010
 
000089673,000000000,000000000,0000.000,0000.000,0000.000,0009
 
000089693,000000000,000000000,0000.000,0000.000,0000.000,0009
 
000089713,000000000,000000000,0000.000,0000.000,0000.000,0011
 
000089733,-00000001,000000000,0000.000,0000.000,0000.000,0005
 
000089753,000000000,000000000,0000.000,0000.000,0000.000,0010
 
000089773,000000000,000000000,0000.000,0000.000,0000.000,0011
 
000089793,000000000,000000000,0000.000,0000.000,0000.000,0009
 
000089813,000000000,000000000,0000.000,0000.000,0000.000,0006
 
000089833,000000000,000000000,0000.000,0000.000,0000.000,0008
 
000089853,000000000,000000000,0000.000,0000.000,0000.000,0009
 
000089873,000000000,000000000,0000.000,0000.000,0000.000,0011
 
000089893,000000000,000000000,0000.000,0000.000,0000.000,0011
 
000089913,000000000,000000000,0000.000,0000.000,0000.000,0154
 
000089933,000000000,000000000,0000.000,0000.000,0000.000,0156
 
000089953,000000000,-00000001,0000.000,0000.000,0000.000,0157
 
000089973,-00000001,000000000,0000.000,0000.000,0000.000,0017
 
000089994,000000000,000000000,0000.000,0000.000,0000.000,0022
 
000090014,-00000001,000000000,0000.000,0000.000,0000.000,1023
 
000090034,-00000001,000000000,0000.000,0000.000,0000.000,1023
 
000090054,-00000001,000000001,0000.000,0000.000,0000.000,1023
 
000090074,000000000,000000000,0000.000,0000.000,0000.000,1023
 
000090094,000000000,000000000,0000.000,0000.000,0000.000,1023
 
000090114,000000000,000000000,0000.000,0000.000,0000.000,1023
 
000090134,000000000,000000000,0000.000,0000.000,0000.000,1023
 
000090154,000000000,000000000,0000.000,0000.000,0000.000,1023
 
000090174,000000000,000000000,0000.000,0000.000,0000.000,1023
 
000090194,000000000,000000001,0000.000,0000.000,0000.000,0161
 
000090213,-00000001,000000000,0000.000,0000.000,0000.000,0024
 
000090233,000000000,000000000,0000.000,0000.000,0000.000,0012
 
000090253,000000000,000000000,0000.000,0000.000,0000.000,0010
 
000090273,000000000,000000000,0000.000,0000.000,0000.000,0010
 
000090293,000000000,000000000,0000.000,0000.000,0000.000,0006
 
000090313,000000000,000000000,0000.000,0000.000,0000.000,0012
 
000090333,000000001,000000000,0000.000,0000.000,0000.000,0157
 
000090353,000000000,000000000,0000.000,0000.000,0000.000,0010
 
000090373,000000000,000000000,0000.000,0000.000,0000.000,0007
 
000090393,000000000,-00000001,0000.000,0000.000,0000.000,0006
 
000090413,000000000,000000000,0000.000,0000.000,0000.000,0011
 
000090433,000000000,000000000,0000.000,0000.000,0000.000,0011
 
000090453,000000001,000000000,0000.000,0000.000,0000.000,0013
 
000090473,000000000,000000000,0000.000,0000.000,0000.000,0157
 
000090493,000000000,000000000,0000.000,0000.000,0000.000,0156
 
000090513,000000000,000000000,0000.000,0000.000,0000.000,0007
 
000090533,000000000,000000000,0000.000,0000.000,0000.000,0015
 
000090553,000000000,000000000,0000.000,0000.000,0000.000,0011
 
000090573,000000000,000000000,0000.000,0000.000,0000.000,0010
 
000090593,000000001,000000000,0000.000,0000.000,0000.000,0009
 
000090613,000000000,000000000,0000.000,0000.000,0000.000,0005
 
000090633,000000000,000000000,0000.000,0000.000,0000.000,0006
 
000090653,000000000,000000000,0000.000,0000.000,0000.000,0156
 
000090673,000000001,-00000002,0000.000,0000.000,0000.000,0157
 
000090693,000000000,-00000002,0000.000,0000.000,0000.000,0157
 
000090713,-00000001,-00000001,0000.000,0000.000,0000.000,0154
 
000090733,-00000002,-00000002,0000.000,0000.000,0000.000,0155
 
000090753,-00000002,000000000,0000.000,0000.000,0000.000,0156
 
000090773,-00000001,-00000001,0000.000,0000.000,0000.000,0155
 
000090793,-00000001,-00000003,0000.000,0000.000,0000.000,0156
 
000090813,-00000003,-00000008,0000.000,0000.000,0000.000,0155
 
000090833,-00000002,-00000014,0000.000,0000.000,0000.000,0154
 
000090853,-00000003,-00000017,0000.000,0000.000,0000.000,0156
 
000090873,-00000004,-00000015,0000.000,0000.000,0000.000,0014
 
000090893,-00000003,-00000016,0000.000,0000.000,0000.000,0156
 
000090913,-00000002,-00000014,0000.000,0000.000,0000.000,0011
 
000090933,-00000002,-00000010,0000.000,0000.000,0000.000,0013
 
000090953,-00000003,-00000005,0000.000,0000.000,0000.000,0155
 
000090973,-00000001,-00000005,0000.000,0000.000,0000.000,0012
 
000090993,-00000001,-00000007,0000.000,0000.000,0000.000,0008
 
000091013,-00000003,-00000006,0000.000,0000.000,0000.000,0011
 
000091033,-00000004,-00000011,0000.000,0000.000,0000.000,0009
 
000091053,-00000004,-00000015,0000.000,0000.000,0000.000,0006
 
000091073,-00000005,-00000019,0000.000,0000.000,0000.000,0014
 
000091093,-00000005,-00000019,0000.000,0000.000,0000.000,0154
 
000091113,-00000004,-00000025,0000.000,0000.000,0000.000,0156
 
000091133,-00000004,-00000030,0000.000,0000.000,0000.000,0155
 
000091153,-00000013,-00000054,0000.000,0000.000,0000.000,0154
 
000091173,-00000015,-00000074,0000.000,0000.000,0000.000,0010
 
000091193,-00000010,-00000097,0000.000,0000.000,0000.000,0153
 
000091213,-00000003,-00000060,0000.000,0000.000,0000.000,0155
 
000091233,-00000004,-00000038,0000.000,0000.000,0000.000,0155
 
000091253,-00000002,-00000018,0000.000,0000.000,0000.000,0153
 
000091273,000000000,-00000005,0000.000,0000.000,0000.000,0155
 
000091293,000000000,000000000,0000.000,0000.000,0000.000,0154
 
000091313,000000000,-00000001,0000.000,0000.000,0000.000,0156
 
000091333,000000000,000000000,0000.000,0000.000,0000.000,0156
 
000091353,000000000,-00000001,0000.000,0000.000,0000.000,0155
 
000091373,000000000,-00000008,0000.000,0000.000,0000.000,0156
 
000091393,-00000003,-00000016,0000.000,0000.000,0000.000,0007
 
000091413,-00000003,-00000023,0000.000,0000.000,0000.000,0155
 
000091433,-00000003,-00000027,0000.000,0000.000,0000.000,0158
 
000091453,000000000,-00000024,0000.000,0000.000,0000.000,0155
 
000091473,000000001,-00000025,0000.000,0000.000,0000.000,0154
 
000091493,000000000,-00000016,0000.000,0000.000,0000.000,0153
 
000091513,000000000,-00000019,0000.000,0000.000,0000.000,0155
 
000091533,-00000001,-00000019,0000.000,0000.000,0000.000,0155
 
000091553,-00000002,-00000019,0000.000,0000.000,0000.000,0010
 
000091573,-00000004,-00000014,0000.000,0000.000,0000.000,0007
 
000091593,-00000001,-00000012,0000.000,0000.000,0000.000,0154
 
000091613,-00000003,-00000013,0000.000,0000.000,0000.000,0153
 
000091633,-00000001,-00000009,0000.000,0000.000,0000.000,0156
 
000091653,-00000001,-00000010,0000.000,0000.000,0000.000,0156
 
000091673,-00000002,-00000016,0000.000,0000.000,0000.000,0010
 
000091693,-00000002,-00000024,0000.000,0000.000,0000.000,0009
 
000091713,-00000002,-00000031,0000.000,0000.000,0000.000,0007
 
000091733,-00000003,-00000035,0000.000,0000.000,0000.000,0013
 
000091753,-00000002,-00000037,0000.000,0000.000,0000.000,0015
 
000091773,-00000004,-00000040,0000.000,0000.000,0000.000,0156
 
000091793,-00000001,-00000048,0000.000,0000.000,0000.000,0156
 
000091813,000000000,-00000056,0000.000,0000.000,0000.000,0154
 
000091833,000000000,-00000057,0000.000,0000.000,0000.000,0156
 
000091853,000000000,-00000048,0000.000,0000.000,0000.000,0157
 
000091873,000000000,-00000030,0000.000,0000.000,0000.000,0155
 
000091893,000000001,-00000014,0000.000,0000.000,0000.000,0156
 
000091913,000000001,-00000004,0000.000,0000.000,0000.000,0155
 
000091933,000000000,-00000001,0000.000,0000.000,0000.000,0013
 
000091953,000000000,-00000001,0000.000,0000.000,0000.000,0015
 
000091973,000000000,000000000,0000.000,0000.000,0000.000,0012
 
000091993,-00000002,-00000005,0000.000,0000.000,0000.000,0013
 
000092013,-00000004,-00000016,0000.000,0000.000,0000.000,0156
 
000092033,-00000003,-00000027,0000.000,0000.000,0000.000,0154
 
000092053,-00000004,-00000029,0000.000,0000.000,0000.000,0010
 
000092073,-00000007,-00000030,0000.000,0000.000,0000.000,0157
 
000092093,-00000004,-00000028,0000.000,0000.000,0000.000,0155
 
000092113,-00000001,-00000025,0000.000,0000.000,0000.000,0156
 
000092133,-00000001,-00000016,0000.000,0000.000,0000.000,0154
 
000092153,-00000002,-00000009,0000.000,0000.000,0000.000,0155
 
000092173,-00000001,-00000004,0000.000,0000.000,0000.000,0154
 
000092193,000000000,000000000,0000.000,0000.000,0000.000,0157
 
000092213,000000000,000000000,0000.000,0000.000,0000.000,0157
 
000092233,000000000,-00000001,0000.000,0000.000,0000.000,0007
 
000092253,000000000,000000000,0000.000,0000.000,0000.000,0009
 
000092273,000000000,000000000,0000.000,0000.000,0000.000,0155
 
000092293,000000000,-00000001,0000.000,0000.000,0000.000,0011
 
000092313,-00000001,-00000006,0000.000,0000.000,0000.000,0015
 
000092333,-00000001,-00000016,0000.000,0000.000,0000.000,0009
 
000092353,-00000003,-00000025,0000.000,0000.000,0000.000,0008
 
000092373,-00000002,-00000018,0000.000,0000.000,0000.000,0011
 
000092393,-00000002,-00000017,0000.000,0000.000,0000.000,0155
 
000092413,-00000002,-00000014,0000.000,0000.000,0000.000,0013
 
000092433,-00000002,-00000010,0000.000,0000.000,0000.000,0009
 
000092453,-00000003,-00000010,0000.000,0000.000,0000.000,0003
 
000092473,-00000002,-00000013,0000.000,0000.000,0000.000,0009
 
000092493,-00000002,-00000016,0000.000,0000.000,0000.000,0007
 
000092513,-00000001,-00000014,0000.000,0000.000,0000.000,0008
 
000092533,000000000,-00000013,0000.000,0000.000,0000.000,0010
 
000092553,000000001,-00000013,0000.000,0000.000,0000.000,0154
 
000092573,000000001,-00000009,0000.000,0000.000,0000.000,0154
 
000092593,000000000,-00000007,0000.000,0000.000,0000.000,0006
 
000092613,000000001,-00000007,0000.000,0000.000,0000.000,0009
 
000092633,000000000,-00000005,0000.000,0000.000,0000.000,0011
 
000092653,000000000,-00000006,0000.000,0000.000,0000.000,0010
 
000092673,-00000001,-00000006,0000.000,0000.000,0000.000,0009
 
000092693,-00000001,-00000005,0000.000,0000.000,0000.000,0004
 
000092713,-00000002,-00000007,0000.000,0000.000,0000.000,0007
 
000092733,-00000002,-00000013,0000.000,0000.000,0000.000,0010
 
000092753,000000000,-00000021,0000.000,0000.000,0000.000,0155
 
000092773,000000000,-00000022,0000.000,0000.000,0000.000,0156
 
000092793,000000000,-00000019,0000.000,0000.000,0000.000,0155
 
000092813,-00000002,-00000015,0000.000,0000.000,0000.000,0154
 
000092833,-00000001,-00000014,0000.000,0000.000,0000.000,0156
 
000092853,-00000002,-00000014,0000.000,0000.000,0000.000,0156
 
000092873,000000000,-00000013,0000.000,0000.000,0000.000,0155
 
000092893,000000000,-00000015,0000.000,0000.000,0000.000,0155
 
000092913,000000000,-00000012,0000.000,0000.000,0000.000,0156
 
000092933,-00000001,-00000010,0000.000,0000.000,0000.000,0155
 
000092953,-00000002,-00000007,0000.000,0000.000,0000.000,0017
 
000092973,000000000,-00000009,0000.000,0000.000,0000.000,0156
 
000092993,000000000,-00000011,0000.000,0000.000,0000.000,0156
 
000093013,000000000,-00000013,0000.000,0000.000,0000.000,0013
 
000093033,-00000001,-00000011,0000.000,0000.000,0000.000,0154
 
000093053,000000000,-00000011,0000.000,0000.000,0000.000,0156
 
000093073,000000001,-00000016,0000.000,0000.000,0000.000,0154
 
000093093,000000001,-00000020,0000.000,0000.000,0000.000,0156
 
000093113,000000000,-00000021,0000.000,0000.000,0000.000,0156
 
000093133,000000000,-00000023,0000.000,0000.000,0000.000,0015
 
000093153,000000000,-00000027,0000.000,0000.000,0000.000,0154
 
000093173,000000000,-00000025,0000.000,0000.000,0000.000,0154
 
000093193,000000001,-00000016,0000.000,0000.000,0000.000,0156
 
000093213,000000001,-00000014,0000.000,0000.000,0000.000,0155
 
000093233,000000001,-00000013,0000.000,0000.000,0000.000,0157
 
000093253,000000001,-00000009,0000.000,0000.000,0000.000,0154
 
000093273,000000000,-00000007,0000.000,0000.000,0000.000,0005
 
000093293,000000000,-00000005,0000.000,0000.000,0000.000,0005
 
000093313,000000000,-00000008,0000.000,0000.000,0000.000,0014
 
000093333,000000000,-00000013,0000.000,0000.000,0000.000,0006
 
000093353,000000001,-00000010,0000.000,0000.000,0000.000,0012
 
000093373,000000001,-00000010,0000.000,0000.000,0000.000,0154
 
000093393,000000000,-00000013,0000.000,0000.000,0000.000,0155
 
000093413,-00000001,-00000016,0000.000,0000.000,0000.000,0154
 
000093433,000000000,-00000025,0000.000,0000.000,0000.000,0155
 
000093453,000000000,-00000022,0000.000,0000.000,0000.000,0156
 
000093473,000000001,-00000020,0000.000,0000.000,0000.000,0155
 
000093493,000000001,-00000025,0000.000,0000.000,0000.000,0154
 
000093513,000000000,-00000015,0000.000,0000.000,0000.000,0154
 
000093533,000000000,-00000015,0000.000,0000.000,0000.000,0154
 
000093553,000000000,-00000025,0000.000,0000.000,0000.000,0155
 
000093573,000000001,-00000016,0000.000,0000.000,0000.000,0155
 
000093593,000000001,-00000013,0000.000,0000.000,0000.000,0155
 
000093613,000000000,-00000003,0000.000,0000.000,0000.000,0155
 
000093633,000000000,-00000001,0000.000,0000.000,0000.000,0011
 
000093653,000000000,-00000001,0000.000,0000.000,0000.000,0156
 
000093673,000000000,-00000001,0000.000,0000.000,0000.000,0155
 
000093693,000000001,-00000002,0000.000,0000.000,0000.000,0154
 
000093713,000000000,000000000,0000.000,0000.000,0000.000,0155
 
000093733,000000000,-00000001,0000.000,0000.000,0000.000,0012
 
000093753,000000000,-00000001,0000.000,0000.000,0000.000,0155
 
000093773,000000000,-00000008,0000.000,0000.000,0000.000,0156
 
000093793,000000000,-00000013,0000.000,0000.000,0000.000,0010
 
000093813,000000002,-00000014,0000.000,0000.000,0000.000,0156
 
000093833,000000001,-00000014,0000.000,0000.000,0000.000,0157
 
000093853,000000000,-00000013,0000.000,0000.000,0000.000,0015
 
000093873,000000001,-00000010,0000.000,0000.000,0000.000,0156
 
000093893,000000000,-00000007,0000.000,0000.000,0000.000,0009
 
000093913,000000001,-00000004,0000.000,0000.000,0000.000,0014
 
000093933,000000001,-00000007,0000.000,0000.000,0000.000,0007
 
000093953,000000000,-00000007,0000.000,0000.000,0000.000,0012
 
000093973,000000000,-00000009,0000.000,0000.000,0000.000,0013
 
000093993,000000000,-00000014,0000.000,0000.000,0000.000,0017
 
000094013,000000001,-00000014,0000.000,0000.000,0000.000,0156
 
000094033,000000000,-00000013,0000.000,0000.000,0000.000,0157
 
000094053,000000001,-00000011,0000.000,0000.000,0000.000,0154
 
000094073,000000000,-00000014,0000.000,0000.000,0000.000,0155
 
000094093,000000000,-00000013,0000.000,0000.000,0000.000,0156
 
000094113,000000001,-00000008,0000.000,0000.000,0000.000,0154
 
000094133,000000001,-00000007,0000.000,0000.000,0000.000,0154
 
000094153,000000000,-00000007,0000.000,0000.000,0000.000,0009
 
000094173,000000000,-00000013,0000.000,0000.000,0000.000,0005
 
000094193,000000000,-00000009,0000.000,0000.000,0000.000,0011
 
000094213,000000000,-00000010,0000.000,0000.000,0000.000,0013
 
000094233,000000000,-00000013,0000.000,0000.000,0000.000,0156
 
000094253,000000000,-00000012,0000.000,0000.000,0000.000,0157
 
000094273,000000001,-00000013,0000.000,0000.000,0000.000,0155
 
000094293,000000001,-00000008,0000.000,0000.000,0000.000,0153
 
000094313,000000000,-00000008,0000.000,0000.000,0000.000,0155
 
000094333,000000000,-00000006,0000.000,0000.000,0000.000,0155
 
000094353,-00000001,-00000003,0000.000,0000.000,0000.000,0157
 
000094373,000000000,-00000004,0000.000,0000.000,0000.000,0156
 
000094393,000000000,-00000005,0000.000,0000.000,0000.000,0154
 
000094413,000000002,-00000008,0000.000,0000.000,0000.000,0156
 
000094433,000000002,-00000010,0000.000,0000.000,0000.000,0154
 
000094453,000000001,-00000013,0000.000,0000.000,0000.000,0155
 
000094473,000000002,-00000009,0000.000,0000.000,0000.000,0156
 
000094493,000000002,-00000007,0000.000,0000.000,0000.000,0155
 
000094513,000000007,-00000009,0000.000,0000.000,0000.000,0006
 
000094533,000000006,-00000012,0000.000,0000.000,0000.000,0010
 
000094553,000000001,-00000015,0000.000,0000.000,0000.000,0155
 
000094573,000000000,-00000015,0000.000,0000.000,0000.000,0009
 
000094593,000000001,-00000014,0000.000,0000.000,0000.000,0013
 
000094613,000000003,-00000011,0000.000,0000.000,0000.000,0012
 
000094633,000000006,-00000013,0000.000,0000.000,0000.000,0157
 
000094653,000000006,-00000013,0000.000,0000.000,0000.000,0154
 
000094673,000000005,-00000025,0000.000,0000.000,0000.000,0155
 
000094693,000000001,-00000018,0000.000,0000.000,0000.000,0012
 
000094713,000000000,-00000018,0000.000,0000.000,0000.000,0016
 
000094733,000000001,-00000016,0000.000,0000.000,0000.000,0157
 
000094753,000000001,-00000016,0000.000,0000.000,0000.000,0155
 
000094773,-00000001,-00000014,0000.000,0000.000,0000.000,0156
 
000094793,-00000001,-00000013,0000.000,0000.000,0000.000,0155
 
000094813,000000000,-00000006,0000.000,0000.000,0000.000,0156
 
000094833,000000000,-00000013,0000.000,0000.000,0000.000,0013
 
000094853,000000000,-00000010,0000.000,0000.000,0000.000,0155
 
000094873,000000000,-00000013,0000.000,0000.000,0000.000,0155
 
000094893,000000001,-00000007,0000.000,0000.000,0000.000,0156
 
000094913,000000001,-00000008,0000.000,0000.000,0000.000,0153
 
000094933,000000002,-00000009,0000.000,0000.000,0000.000,0154
 
000094953,000000001,-00000008,0000.000,0000.000,0000.000,0155
 
000094973,000000000,-00000007,0000.000,0000.000,0000.000,0153
 
000094993,000000000,-00000010,0000.000,0000.000,0000.000,0155
 
000095013,000000000,-00000013,0000.000,0000.000,0000.000,0155
 
000095033,000000000,-00000006,0000.000,0000.000,0000.000,0155
 
000095053,000000000,-00000007,0000.000,0000.000,0000.000,0156
 
000095073,000000000,-00000006,0000.000,0000.000,0000.000,0011
 
000095093,000000000,-00000007,0000.000,0000.000,0000.000,0153
 
000095113,000000000,-00000004,0000.000,0000.000,0000.000,0155
 
000095133,000000000,-00000001,0000.000,0000.000,0000.000,0007
 
000095153,000000000,-00000002,0000.000,0000.000,0000.000,0014
 
000095173,000000000,-00000005,0000.000,0000.000,0000.000,0007
 
000095193,000000001,-00000010,0000.000,0000.000,0000.000,0009
 
000095213,000000000,-00000010,0000.000,0000.000,0000.000,0008
 
000095233,000000000,-00000009,0000.000,0000.000,0000.000,0154
 
000095253,000000000,-00000013,0000.000,0000.000,0000.000,0154
 
000095273,000000000,-00000011,0000.000,0000.000,0000.000,0156
 
000095293,000000000,-00000013,0000.000,0000.000,0000.000,0155
 
000095313,000000001,-00000011,0000.000,0000.000,0000.000,0012
 
000095333,000000001,-00000008,0000.000,0000.000,0000.000,0155
 
000095353,000000001,-00000007,0000.000,0000.000,0000.000,0012
 
000095373,000000000,-00000004,0000.000,0000.000,0000.000,0009
 
000095393,000000000,-00000001,0000.000,0000.000,0000.000,0156
 
000095413,000000000,-00000001,0000.000,0000.000,0000.000,0014
 
000095433,000000000,-00000003,0000.000,0000.000,0000.000,0014
 
000095453,000000000,-00000008,0000.000,0000.000,0000.000,0008
 
000095473,000000000,-00000011,0000.000,0000.000,0000.000,0015
 
000095493,000000001,-00000013,0000.000,0000.000,0000.000,0155
 
000095513,000000003,-00000013,0000.000,0000.000,0000.000,0157
 
000095533,000000004,-00000015,0000.000,0000.000,0000.000,0157
 
000095553,000000003,-00000015,0000.000,0000.000,0000.000,0157
 
000095573,000000002,-00000012,0000.000,0000.000,0000.000,0157
 
000095593,000000001,-00000008,0000.000,0000.000,0000.000,0154
 
000095613,000000000,-00000004,0000.000,0000.000,0000.000,0009
 
000095633,000000000,000000000,0000.000,0000.000,0000.000,0010
 
000095653,000000000,000000000,0000.000,0000.000,0000.000,0007
 
000095673,000000000,000000000,0000.000,0000.000,0000.000,0012
 
000095693,000000000,-00000001,0000.000,0000.000,0000.000,0013
 
000095713,000000000,000000000,0000.000,0000.000,0000.000,0153
 
000095733,000000000,000000000,0000.000,0000.000,0000.000,0155
 
000095753,000000001,000000000,0000.000,0000.000,0000.000,0156
 
000095773,000000000,000000000,0000.000,0000.000,0000.000,0153
 
000095793,000000000,000000000,0000.000,0000.000,0000.000,0154
 
000095813,000000000,000000000,0000.000,0000.000,0000.000,0156
 
000095833,000000000,000000000,0000.000,0000.000,0000.000,0156
 
000095853,000000000,000000000,0000.000,0000.000,0000.000,0155
 
000095873,000000001,-00000001,0000.000,0000.000,0000.000,0155
 
000095893,000000001,-00000001,0000.000,0000.000,0000.000,0008
 
000095913,000000000,000000000,0000.000,0000.000,0000.000,0008
 
000095933,000000000,000000000,0000.000,0000.000,0000.000,0154
 
000095953,000000000,000000000,0000.000,0000.000,0000.000,0155
 
000095973,000000000,000000000,0000.000,0000.000,0000.000,0155
 
000095993,000000000,000000000,0000.000,0000.000,0000.000,0156
 
000096013,000000000,000000000,0000.000,0000.000,0000.000,0010
 
000096033,000000000,000000000,0000.000,0000.000,0000.000,0154
 
000096053,000000000,000000000,0000.000,0000.000,0000.000,0010
 
000096073,000000000,000000000,0000.000,0000.000,0000.000,0009
 
000096093,000000000,000000000,0000.000,0000.000,0000.000,0006
 
000096113,000000000,000000000,0000.000,0000.000,0000.000,0157
 
000096133,000000000,000000000,0000.000,0000.000,0000.000,0008
 
000096153,000000000,000000000,0000.000,0000.000,0000.000,0011
 
000096173,000000000,000000000,0000.000,0000.000,0000.000,0010
 
000096193,000000000,000000000,0000.000,0000.000,0000.000,0014
 
000096213,000000000,000000000,0000.000,0000.000,0000.000,0008
 
000096233,000000000,000000000,0000.000,0000.000,0000.000,0006
 
000096253,000000000,000000000,0000.000,0000.000,0000.000,0009
 
000096273,000000000,000000000,0000.000,0000.000,0000.000,0007
 
000096293,000000000,000000000,0000.000,0000.000,0000.000,0011
 
000096313,000000000,000000000,0000.000,0000.000,0000.000,0017
 
000096333,000000000,000000000,0000.000,0000.000,0000.000,0012
 
000096353,000000000,000000000,0000.000,0000.000,0000.000,0008
 
000096373,000000000,000000000,0000.000,0000.000,0000.000,0011
 
000096393,000000000,000000000,0000.000,0000.000,0000.000,0011
 
000096413,000000000,000000000,0000.000,0000.000,0000.000,0007
 
000096433,000000001,000000000,0000.000,0000.000,0000.000,0009
 
000096453,000000000,000000000,0000.000,0000.000,0000.000,0011
 
000096473,000000000,000000000,0000.000,0000.000,0000.000,0007
 
000096493,-00000001,000000000,0000.000,0000.000,0000.000,0011
 
000096513,000000000,000000000,0000.000,0000.000,0000.000,0015
 
000096533,000000000,000000000,0000.000,0000.000,0000.000,0012
 
000096553,000000000,000000000,0000.000,0000.000,0000.000,0156
 
000096573,000000000,000000000,0000.000,0000.000,0000.000,0016
 
000096593,000000000,000000000,0000.000,0000.000,0000.000,0154
 
000096613,000000000,-00000001,0000.000,0000.000,0000.000,0155
 
000096633,000000001,000000000,0000.000,0000.000,0000.000,0010
 
000096653,000000000,000000000,0000.000,0000.000,0000.000,0155
 
000096673,000000000,000000000,0000.000,0000.000,0000.000,0155
 
000096693,000000000,-00000001,0000.000,0000.000,0000.000,0155
 
000096713,000000000,000000000,0000.000,0000.000,0000.000,0155
 
000096733,000000001,-00000001,0000.000,0000.000,0000.000,0013
 
000096753,000000000,000000000,0000.000,0000.000,0000.000,0013
 
000096773,000000000,000000000,0000.000,0000.000,0000.000,0016
 
000096794,000000000,000000000,0000.000,0000.000,0000.000,0160
 
000096814,000000000,000000000,0000.000,0000.000,0000.000,1023
 
000096834,000000000,000000000,0000.000,0000.000,0000.000,1023
 
000096854,000000000,-00000001,0000.000,0000.000,0000.000,1023
 
000096874,000000000,000000000,0000.000,0000.000,0000.000,1023
 
000096894,000000000,000000000,0000.000,0000.000,0000.000,1023
 
000096914,000000000,000000000,0000.000,0000.000,0000.000,1023
 
000096934,000000000,000000000,0000.000,0000.000,0000.000,1023
 
000096954,000000000,000000000,0000.000,0000.000,0000.000,1023
 
000096974,000000000,000000000,0000.000,0000.000,0000.000,0163
 
000096993,000000000,000000000,0000.000,0000.000,0000.000,0023
 
000097013,000000000,000000000,0000.000,0000.000,0000.000,0159
 
000097033,000000000,000000000,0000.000,0000.000,0000.000,0016
 
000097053,000000000,000000000,0000.000,0000.000,0000.000,0012
 
000097073,000000000,000000000,0000.000,0000.000,0000.000,0010
 
000097093,000000000,000000000,0000.000,0000.000,0000.000,0017
 
000097113,000000000,000000000,0000.000,0000.000,0000.000,0016
 
000097133,000000000,-00000001,0000.000,0000.000,0000.000,0007
 
000097153,000000000,000000000,0000.000,0000.000,0000.000,0012
 
000097173,000000000,000000000,0000.000,0000.000,0000.000,0010
 
000097193,000000000,000000000,0000.000,0000.000,0000.000,0012
 
000097213,000000000,000000000,0000.000,0000.000,0000.000,0012
 
000097233,000000000,000000000,0000.000,0000.000,0000.000,0013
 
000097253,000000000,000000000,0000.000,0000.000,0000.000,0008
 
000097273,000000000,000000000,0000.000,0000.000,0000.000,0012
 
000097293,000000000,000000000,0000.000,0000.000,0000.000,0010
 
000097313,-00000001,000000000,0000.000,0000.000,0000.000,0155
 
000097333,000000000,000000000,0000.000,0000.000,0000.000,0155
 
000097353,000000000,000000000,0000.000,0000.000,0000.000,0155
 
000097373,000000000,000000000,0000.000,0000.000,0000.000,0156
 
000097393,000000000,000000002,0000.000,0000.000,0000.000,0156
 
000097413,000000000,000000000,0000.000,0000.000,0000.000,0155
 
000097433,000000003,000000000,0000.000,0000.000,0000.000,0156
 
000097453,000000010,-00000013,0000.000,0000.000,0000.000,0011
 
000097473,000000041,-00000059,0000.000,0000.000,0000.000,0014
 
000097493,000000074,-00000114,0000.000,0000.000,0000.000,0009
 
000097513,000000041,-00000064,0000.000,0000.000,0000.000,0008
 
000097533,000000020,-00000030,0000.000,0000.000,0000.000,0011
 
000097553,000000019,-00000028,0000.000,0000.000,0000.000,0012
 
000097573,000000017,-00000027,0000.000,0000.000,0000.000,0014
 
000097593,000000017,-00000025,0000.000,0000.000,0000.000,0009
 
000097613,000000015,-00000025,0000.000,0000.000,0000.000,0011
 
000097633,000000014,-00000025,0000.000,0000.000,0000.000,0154
 
000097653,000000012,-00000025,0000.000,0000.000,0000.000,0155
 
000097673,000000012,-00000025,0000.000,0000.000,0000.000,0154
 
000097693,000000012,-00000025,0000.000,0000.000,0000.000,0009
 
000097713,000000010,-00000015,0000.000,0000.000,0000.000,0156
 
000097733,000000008,-00000013,0000.000,0000.000,0000.000,0154
 
000097753,000000006,-00000013,0000.000,0000.000,0000.000,0154
 
000097773,000000004,-00000007,0000.000,0000.000,0000.000,0156
 
000097793,000000002,-00000001,0000.000,0000.000,0000.000,0015
 
000097813,000000000,000000000,0000.000,0000.000,0000.000,0013
 
000097833,000000000,000000000,0000.000,0000.000,0000.000,0010
 
000097853,000000000,000000000,0000.000,0000.000,0000.000,0007
 
000097873,000000000,000000000,0000.000,0000.000,0000.000,0002
 
000097893,000000000,000000000,0000.000,0000.000,0000.000,0009
 
000097913,000000000,000000000,0000.000,0000.000,0000.000,0007
 
000097933,000000000,000000000,0000.000,0000.000,0000.000,0155
 
000097953,000000000,000000000,0000.000,0000.000,0000.000,0009
 
000097973,000000000,000000000,0000.000,0000.000,0000.000,0011
 
000097993,000000000,000000000,0000.000,0000.000,0000.000,0012
 
000098013,000000002,-00000014,0000.000,0000.000,0000.000,0156
 
000098033,000000005,-00000032,0000.000,0000.000,0000.000,0156
 
000098053,000000013,-00000062,0000.000,0000.000,0000.000,0156
 
000098073,000000014,-00000077,0000.000,0000.000,0000.000,0154
 
000098093,000000011,-00000072,0000.000,0000.000,0000.000,0154
 
000098113,000000005,-00000070,0000.000,0000.000,0000.000,0156
 
000098133,000000000,-00000072,0000.000,0000.000,0000.000,0154
 
000098153,-00000007,-00000081,0000.000,0000.000,0000.000,0156
 
000098173,-00000013,-00000088,0000.000,0000.000,0000.000,0154
 
000098193,-00000014,-00000082,0000.000,0000.000,0000.000,0153
 
000098213,-00000010,-00000070,0000.000,0000.000,0000.000,0155
 
000098233,-00000005,-00000052,0000.000,0000.000,0000.000,0013
 
000098253,000000003,-00000032,0000.000,0000.000,0000.000,0155
 
000098273,000000010,-00000018,0000.000,0000.000,0000.000,0157
 
000098293,000000013,-00000008,0000.000,0000.000,0000.000,0012
 
000098313,000000013,000000001,0000.000,0000.000,0000.000,0156
 
000098333,000000011,000000018,0000.000,0000.000,0000.000,0156
 
000098353,000000010,000000031,0000.000,0000.000,0000.000,0016
 
000098373,000000010,000000044,0000.000,0000.000,0000.000,0154
 
000098393,000000008,000000051,0000.000,0000.000,0000.000,0005
 
000098413,000000006,000000054,0000.000,0000.000,0000.000,0012
 
000098433,000000006,000000054,0000.000,0000.000,0000.000,0013
 
000098453,000000005,000000053,0000.000,0000.000,0000.000,0010
 
000098473,000000005,000000052,0000.000,0000.000,0000.000,0013
 
000098493,000000006,000000053,0000.000,0000.000,0000.000,0014
 
000098513,000000006,000000051,0000.000,0000.000,0000.000,0008
 
000098533,000000005,000000048,0000.000,0000.000,0000.000,0011
 
000098553,000000005,000000040,0000.000,0000.000,0000.000,0010
 
000098573,000000004,000000038,0000.000,0000.000,0000.000,0011
 
000098593,000000004,000000035,0000.000,0000.000,0000.000,0012
 
000098613,000000003,000000032,0000.000,0000.000,0000.000,0009
 
000098633,000000002,000000027,0000.000,0000.000,0000.000,0012
 
000098653,000000002,000000022,0000.000,0000.000,0000.000,0006
 
000098673,000000001,000000018,0000.000,0000.000,0000.000,0009
 
000098693,000000000,000000011,0000.000,0000.000,0000.000,0013
 
000098713,000000000,000000005,0000.000,0000.000,0000.000,0007
 
000098733,000000000,000000000,0000.000,0000.000,0000.000,0005
 
000098753,000000000,000000000,0000.000,0000.000,0000.000,0008
 
000098773,000000000,000000000,0000.000,0000.000,0000.000,0011
 
000098793,000000000,000000000,0000.000,0000.000,0000.000,0011
 
000098813,000000000,000000000,0000.000,0000.000,0000.000,0010
 
000098833,000000000,000000000,0000.000,0000.000,0000.000,0012
 
000098853,000000000,000000000,0000.000,0000.000,0000.000,0005
 
000098873,000000000,000000000,0000.000,0000.000,0000.000,0153
 
000098893,000000000,000000000,0000.000,0000.000,0000.000,0008
 
000098913,000000000,000000000,0000.000,0000.000,0000.000,0155
 
000098933,000000000,000000000,0000.000,0000.000,0000.000,0155
 
000098953,000000000,000000000,0000.000,0000.000,0000.000,0156
 
000098973,000000000,000000000,0000.000,0000.000,0000.000,0155
 
000098993,000000000,000000000,0000.000,0000.000,0000.000,0154
 
000099013,000000000,000000000,0000.000,0000.000,0000.000,0157
 
000099033,000000000,000000000,0000.000,0000.000,0000.000,0156
 
000099053,000000000,000000000,0000.000,0000.000,0000.000,0155
 
000099073,000000000,000000000,0000.000,0000.000,0000.000,0156
 
000099093,000000000,000000000,0000.000,0000.000,0000.000,0155
 
000099113,000000000,000000000,0000.000,0000.000,0000.000,0156
 
000099133,000000000,000000000,0000.000,0000.000,0000.000,0156
 
000099153,000000000,000000000,0000.000,0000.000,0000.000,0156
 
000099173,000000000,000000000,0000.000,0000.000,0000.000,0154
 
000099193,000000000,000000000,0000.000,0000.000,0000.000,0154
 
000099213,000000000,000000000,0000.000,0000.000,0000.000,0156
 
000099233,000000000,000000000,0000.000,0000.000,0000.000,0156
 
000099253,000000000,000000000,0000.000,0000.000,0000.000,0156
 
000099273,000000000,000000000,0000.000,0000.000,0000.000,0157
 
000099293,000000000,000000000,0000.000,0000.000,0000.000,0156
 
000099313,000000000,000000000,0000.000,0000.000,0000.000,0156
 
000099333,000000000,000000000,0000.000,0000.000,0000.000,0154
 
000099353,000000000,000000000,0000.000,0000.000,0000.000,0154
 
000099373,000000000,000000000,0000.000,0000.000,0000.000,0155
 
