002952274,000000000,000000000,0000.000,0000.000,0000.000,
 
002952293,000000000,000000000,0000.000,0000.000,0000.000,
 
002952313,000000000,000000000,0000.000,0000.000,0000.000,
 
002952333,000000000,000000000,0000.000,0000.000,0000.000,
 
002952353,000000000,000000000,0000.000,0000.000,0000.000,
 
002952373,000000000,000000000,0000.000,0000.000,0000.000,
 
002952393,000000000,000000000,0000.000,0000.000,0000.000,
 
002952413,000000000,000000000,0000.000,0000.000,0000.000,
 
002952433,000000000,000000000,0000.000,0000.000,0000.000,
 
002952453,000000000,000000000,0000.000,0000.000,0000.000,
 
002952473,000000000,000000000,0000.000,0000.000,0000.000,
 
002952493,000000000,000000000,0000.000,0000.000,0000.000,
 
002952513,000000000,000000000,0000.000,0000.000,0000.000,
 
002952533,000000000,000000000,0000.000,0000.000,0000.000,
 
002952553,000000000,000000000,0000.000,0000.000,0000.000,
 
002952573,000000000,000000000,0000.000,0000.000,0000.000,
 
002952593,000000000,000000000,0000.000,0000.000,0000.000,
 
002952613,000000000,000000000,0000.000,0000.000,0000.000,
 
002952633,000000000,000000000,0000.000,0000.000,0000.000,
 
002952653,000000000,000000000,0000.000,0000.000,0000.000,
 
002952673,000000000,000000000,0000.000,0000.000,0000.000,
 
002952693,000000000,000000000,0000.000,0000.000,0000.000,
 
002952713,000000000,000000000,0000.000,0000.000,0000.000,
 
002952733,000000000,000000000,0000.000,0000.000,0000.000,
 
002952753,000000000,000000000,0000.000,0000.000,0000.000,
 
002952773,000000000,000000000,0000.000,0000.000,0000.000,
 
002952793,000000000,000000000,0000.000,0000.000,0000.000,
 
002952813,000000000,000000000,0000.000,0000.000,0000.000,
 
002952833,000000000,000000000,0000.000,0000.000,0000.000,
 
002952853,000000000,000000000,0000.000,0000.000,0000.000,
 
002952873,000000000,000000000,0000.000,0000.000,0000.000,
 
002952893,000000000,000000000,0000.000,0000.000,0000.000,
 
002952913,000000000,000000000,0000.000,0000.000,0000.000,
 
002952933,000000000,000000000,0000.000,0000.000,0000.000,
 
002952953,000000000,000000000,0000.000,0000.000,0000.000,
 
002952973,000000000,000000000,0000.000,0000.000,0000.000,
 
002952993,000000000,000000000,0000.000,0000.000,0000.000,
 
002953013,000000000,000000000,0000.000,0000.000,0000.000,
 
002953033,000000000,000000000,0000.000,0000.000,0000.000,
 
002953053,000000000,000000000,0000.000,0000.000,0000.000,
 
002953073,000000000,000000000,0000.000,0000.000,0000.000,
 
002953093,000000000,000000000,0000.000,0000.000,0000.000,
 
002953113,000000000,000000000,0000.000,0000.000,0000.000,
 
002953133,000000000,000000000,0000.000,0000.000,0000.000,
 
002953153,000000000,000000000,0000.000,0000.000,0000.000,
 
002953173,000000000,000000000,0000.000,0000.000,0000.000,
 
002953193,000000000,000000000,0000.000,0000.000,0000.000,
 
002953213,000000000,000000000,0000.000,0000.000,0000.000,
 
002953233,000000000,000000000,0000.000,0000.000,0000.000,
 
002953253,000000000,000000000,0000.000,0000.000,0000.000,
 
002953273,000000000,000000000,0000.000,0000.000,0000.000,
 
002953293,000000000,000000000,0000.000,0000.000,0000.000,
 
002953313,000000000,000000000,0000.000,0000.000,0000.000,
 
002953333,000000000,000000000,0000.000,0000.000,0000.000,
 
002953353,000000000,000000000,0000.000,0000.000,0000.000,
 
002953373,000000000,000000000,0000.000,0000.000,0000.000,
 
002953393,000000000,000000000,0000.000,0000.000,0000.000,
 
002953413,000000000,000000000,0000.000,0000.000,0000.000,
 
002953433,000000000,000000000,0000.000,0000.000,0000.000,
 
002953453,000000000,000000000,0000.000,0000.000,0000.000,
 
002953473,000000000,000000000,0000.000,0000.000,0000.000,
 
002953493,000000000,000000000,0000.000,0000.000,0000.000,
 
002953513,000000000,000000000,0000.000,0000.000,0000.000,
 
002953533,000000000,000000000,0000.000,0000.000,0000.000,
 
002953553,000000000,000000000,0000.000,0000.000,0000.000,
 
002953573,000000000,000000000,0000.000,0000.000,0000.000,
 
002953593,000000000,000000000,0000.000,0000.000,0000.000,
 
002953613,000000000,000000000,0000.000,0000.000,0000.000,
 
002953633,000000000,000000000,0000.000,0000.000,0000.000,
 
002953653,000000000,000000000,0000.000,0000.000,0000.000,
 
002953673,000000000,000000000,0000.000,0000.000,0000.000,
 
002953693,000000000,000000000,0000.000,0000.000,0000.000,
 
002953713,000000000,000000000,0000.000,0000.000,0000.000,
 
002953733,000000000,000000000,0000.000,0000.000,0000.000,
 
002953753,000000000,000000000,0000.000,0000.000,0000.000,
 
002953773,000000000,000000000,0000.000,0000.000,0000.000,
 
002953793,000000000,000000000,0000.000,0000.000,0000.000,
 
002953813,000000000,000000000,0000.000,0000.000,0000.000,
 
002953833,000000000,000000000,0000.000,0000.000,0000.000,
 
002953853,000000000,000000000,0000.000,0000.000,0000.000,
 
002953873,000000000,000000000,0000.000,0000.000,0000.000,
 
002953893,000000000,000000000,0000.000,0000.000,0000.000,
 
002953913,000000000,000000000,0000.000,0000.000,0000.000,
 
002953933,000000000,000000000,0000.000,0000.000,0000.000,
 
002953953,000000000,000000000,0000.000,0000.000,0000.000,
 
002953973,000000000,000000000,0000.000,0000.000,0000.000,
 
002953993,000000000,000000000,0000.000,0000.000,0000.000,
 
002954013,000000000,000000000,0000.000,0000.000,0000.000,
 
002954033,000000000,000000000,0000.000,0000.000,0000.000,
 
002954053,000000000,000000000,0000.000,0000.000,0000.000,
 
002954073,000000000,000000000,0000.000,0000.000,0000.000,
 
002954093,000000000,000000000,0000.000,0000.000,0000.000,
 
002954113,000000000,000000000,0000.000,0000.000,0000.000,
 
002954133,000000000,000000000,0000.000,0000.000,0000.000,
 
002954153,000000000,000000000,0000.000,0000.000,0000.000,
 
002954173,000000000,000000000,0000.000,0000.000,0000.000,
 
002954193,000000000,000000000,0000.000,0000.000,0000.000,
 
002954213,000000000,000000000,0000.000,0000.000,0000.000,
 
002954233,000000000,000000000,0000.000,0000.000,0000.000,
 
002954253,000000000,000000000,0000.000,0000.000,0000.000,
 
002954273,000000000,000000000,0000.000,0000.000,0000.000,
 
002954293,000000000,000000000,0000.000,0000.000,0000.000,
 
002954313,000000000,000000000,0000.000,0000.000,0000.000,
 
002954333,000000000,000000000,0000.000,0000.000,0000.000,
 
002954353,000000000,000000000,0000.000,0000.000,0000.000,
 
002954373,000000000,000000000,0000.000,0000.000,0000.000,
 
002954393,000000000,000000000,0000.000,0000.000,0000.000,
 
002954413,000000000,000000000,0000.000,0000.000,0000.000,
 
002954433,000000000,000000000,0000.000,0000.000,0000.000,
 
002954453,000000000,000000000,0000.000,0000.000,0000.000,
 
002954473,000000000,000000000,0000.000,0000.000,0000.000,
 
002954493,000000000,000000000,0000.000,0000.000,0000.000,
 
002954513,000000000,000000000,0000.000,0000.000,0000.000,
 
002954533,000000000,000000000,0000.000,0000.000,0000.000,
 
002954553,000000000,000000000,0000.000,0000.000,0000.000,
 
002954573,000000000,000000000,0000.000,0000.000,0000.000,
 
002954593,000000000,000000000,0000.000,0000.000,0000.000,
 
002954613,000000000,000000000,0000.000,0000.000,0000.000,
 
002954633,000000000,000000000,0000.000,0000.000,0000.000,
 
002954653,000000000,-00000002,0000.000,0000.000,0000.000,
 
002954673,000000000,-00000013,0000.000,0000.000,0000.000,
 
002954693,-00000001,-00000022,0000.000,0000.000,0000.000,
 
002954713,-00000003,-00000028,0000.000,0000.000,0000.000,
 
002954733,-00000002,-00000029,0000.000,0000.000,0000.000,
 
002954753,-00000002,-00000026,0000.000,0000.000,0000.000,
 
002954773,-00000001,-00000024,0000.000,0000.000,0000.000,
 
002954793,-00000001,-00000025,0000.000,0000.000,0000.000,
 
002954813,-00000001,-00000019,0000.000,0000.000,0000.000,
 
002954833,-00000001,-00000019,0000.000,0000.000,0000.000,
 
002954853,-00000001,-00000019,0000.000,0000.000,0000.000,
 
002954873,-00000001,-00000025,0000.000,0000.000,0000.000,
 
002954893,000000000,-00000014,0000.000,0000.000,0000.000,
 
002954913,000000000,-00000011,0000.000,0000.000,0000.000,
 
002954933,000000000,-00000013,0000.000,0000.000,0000.000,
 
002954953,000000000,-00000014,0000.000,0000.000,0000.000,
 
002954973,000000000,-00000016,0000.000,0000.000,0000.000,
 
002954993,000000000,-00000017,0000.000,0000.000,0000.000,
 
002955013,000000001,-00000017,0000.000,0000.000,0000.000,
 
002955033,000000000,-00000025,0000.000,0000.000,0000.000,
 
002955053,000000001,-00000025,0000.000,0000.000,0000.000,
 
002955073,000000002,-00000017,0000.000,0000.000,0000.000,
 
002955093,000000002,-00000021,0000.000,0000.000,0000.000,
 
002955113,000000003,-00000027,0000.000,0000.000,0000.000,
 
002955133,000000003,-00000037,0000.000,0000.000,0000.000,
 
002955153,000000002,-00000042,0000.000,0000.000,0000.000,
 
002955173,000000002,-00000045,0000.000,0000.000,0000.000,
 
002955193,-00000001,-00000047,0000.000,0000.000,0000.000,
 
002955213,-00000002,-00000048,0000.000,0000.000,0000.000,
 
002955233,-00000001,-00000050,0000.000,0000.000,0000.000,
 
002955253,-00000001,-00000047,0000.000,0000.000,0000.000,
 
002955273,000000000,-00000045,0000.000,0000.000,0000.000,
 
002955293,000000000,-00000042,0000.000,0000.000,0000.000,
 
002955313,000000000,-00000041,0000.000,0000.000,0000.000,
 
002955333,000000000,-00000038,0000.000,0000.000,0000.000,
 
002955353,000000000,-00000037,0000.000,0000.000,0000.000,
 
002955373,000000001,-00000038,0000.000,0000.000,0000.000,
 
002955393,000000001,-00000038,0000.000,0000.000,0000.000,
 
002955413,000000002,-00000037,0000.000,0000.000,0000.000,
 
002955433,000000003,-00000034,0000.000,0000.000,0000.000,
 
002955453,000000002,-00000032,0000.000,0000.000,0000.000,
 
002955473,000000000,-00000033,0000.000,0000.000,0000.000,
 
002955493,000000002,-00000033,0000.000,0000.000,0000.000,
 
002955513,000000001,-00000032,0000.000,0000.000,0000.000,
 
002955533,000000002,-00000031,0000.000,0000.000,0000.000,
 
002955553,000000000,-00000031,0000.000,0000.000,0000.000,
 
002955573,000000000,-00000031,0000.000,0000.000,0000.000,
 
002955593,000000001,-00000032,0000.000,0000.000,0000.000,
 
002955613,000000000,-00000031,0000.000,0000.000,0000.000,
 
002955633,000000001,-00000033,0000.000,0000.000,0000.000,
 
002955653,000000000,-00000034,0000.000,0000.000,0000.000,
 
002955673,000000001,-00000037,0000.000,0000.000,0000.000,
 
002955693,000000000,-00000038,0000.000,0000.000,0000.000,
 
002955713,000000000,-00000037,0000.000,0000.000,0000.000,
 
002955733,000000000,-00000039,0000.000,0000.000,0000.000,
 
002955753,000000001,-00000040,0000.000,0000.000,0000.000,
 
002955773,000000001,-00000041,0000.000,0000.000,0000.000,
 
002955793,000000001,-00000042,0000.000,0000.000,0000.000,
 
002955813,000000001,-00000043,0000.000,0000.000,0000.000,
 
002955833,000000001,-00000045,0000.000,0000.000,0000.000,
 
002955853,000000001,-00000045,0000.000,0000.000,0000.000,
 
002955873,000000000,-00000046,0000.000,0000.000,0000.000,
 
002955893,000000000,-00000044,0000.000,0000.000,0000.000,
 
002955913,000000000,-00000044,0000.000,0000.000,0000.000,
 
002955933,000000000,-00000044,0000.000,0000.000,0000.000,
 
002955953,000000001,-00000041,0000.000,0000.000,0000.000,
 
002955973,000000000,-00000040,0000.000,0000.000,0000.000,
 
002955993,000000002,-00000037,0000.000,0000.000,0000.000,
 
002956013,000000003,-00000035,0000.000,0000.000,0000.000,
 
002956033,000000002,-00000036,0000.000,0000.000,0000.000,
 
002956053,000000000,-00000036,0000.000,0000.000,0000.000,
 
002956073,000000000,-00000037,0000.000,0000.000,0000.000,
 
002956093,000000000,-00000038,0000.000,0000.000,0000.000,
 
002956113,-00000001,-00000037,0000.000,0000.000,0000.000,
 
002956133,000000000,-00000040,0000.000,0000.000,0000.000,
 
002956153,-00000003,-00000041,0000.000,0000.000,0000.000,
 
002956173,-00000001,-00000043,0000.000,0000.000,0000.000,
 
002956193,-00000001,-00000043,0000.000,0000.000,0000.000,
 
002956213,000000000,-00000045,0000.000,0000.000,0000.000,
 
002956233,-00000001,-00000045,0000.000,0000.000,0000.000,
 
002956253,000000000,-00000045,0000.000,0000.000,0000.000,
 
002956273,000000000,-00000046,0000.000,0000.000,0000.000,
 
002956293,000000000,-00000047,0000.000,0000.000,0000.000,
 
002956313,000000000,-00000045,0000.000,0000.000,0000.000,
 
002956333,-00000001,-00000042,0000.000,0000.000,0000.000,
 
002956353,000000000,-00000040,0000.000,0000.000,0000.000,
 
002956373,-00000001,-00000039,0000.000,0000.000,0000.000,
 
002956393,-00000002,-00000037,0000.000,0000.000,0000.000,
 
002956413,-00000003,-00000037,0000.000,0000.000,0000.000,
 
002956433,-00000004,-00000038,0000.000,0000.000,0000.000,
 
002956453,-00000001,-00000041,0000.000,0000.000,0000.000,
 
002956473,-00000001,-00000042,0000.000,0000.000,0000.000,
 
002956493,-00000001,-00000043,0000.000,0000.000,0000.000,
 
002956513,-00000002,-00000047,0000.000,0000.000,0000.000,
 
002956533,-00000002,-00000049,0000.000,0000.000,0000.000,
 
002956553,-00000001,-00000049,0000.000,0000.000,0000.000,
 
002956573,000000000,-00000050,0000.000,0000.000,0000.000,
 
002956593,000000002,-00000050,0000.000,0000.000,0000.000,
 
002956613,000000001,-00000047,0000.000,0000.000,0000.000,
 
002956633,000000000,-00000044,0000.000,0000.000,0000.000,
 
002956653,-00000003,-00000042,0000.000,0000.000,0000.000,
 
002956673,-00000002,-00000042,0000.000,0000.000,0000.000,
 
002956693,-00000001,-00000041,0000.000,0000.000,0000.000,
 
002956713,000000000,-00000040,0000.000,0000.000,0000.000,
 
002956733,000000001,-00000039,0000.000,0000.000,0000.000,
 
002956753,000000001,-00000040,0000.000,0000.000,0000.000,
 
002956773,000000001,-00000049,0000.000,0000.000,0000.000,
 
002956793,000000001,-00000042,0000.000,0000.000,0000.000,
 
002956813,000000000,-00000043,0000.000,0000.000,0000.000,
 
002956833,000000000,-00000044,0000.000,0000.000,0000.000,
 
002956853,000000001,-00000044,0000.000,0000.000,0000.000,
 
002956873,000000001,-00000044,0000.000,0000.000,0000.000,
 
002956893,000000001,-00000043,0000.000,0000.000,0000.000,
 
002956913,000000002,-00000041,0000.000,0000.000,0000.000,
 
002956933,000000002,-00000041,0000.000,0000.000,0000.000,
 
002956953,000000002,-00000043,0000.000,0000.000,0000.000,
 
002956973,000000001,-00000042,0000.000,0000.000,0000.000,
 
002956993,000000002,-00000041,0000.000,0000.000,0000.000,
 
002957013,000000002,-00000042,0000.000,0000.000,0000.000,
 
002957033,000000001,-00000042,0000.000,0000.000,0000.000,
 
002957053,000000002,-00000040,0000.000,0000.000,0000.000,
 
002957073,000000000,-00000040,0000.000,0000.000,0000.000,
 
002957093,000000001,-00000040,0000.000,0000.000,0000.000,
 
002957113,000000000,-00000042,0000.000,0000.000,0000.000,
 
002957133,000000001,-00000042,0000.000,0000.000,0000.000,
 
002957153,000000001,-00000041,0000.000,0000.000,0000.000,
 
002957173,000000000,-00000037,0000.000,0000.000,0000.000,
 
002957193,-00000001,-00000038,0000.000,0000.000,0000.000,
 
002957213,-00000001,-00000039,0000.000,0000.000,0000.000,
 
002957233,-00000002,-00000040,0000.000,0000.000,0000.000,
 
002957253,000000000,-00000039,0000.000,0000.000,0000.000,
 
002957273,000000000,-00000037,0000.000,0000.000,0000.000,
 
002957293,000000000,-00000038,0000.000,0000.000,0000.000,
 
002957313,000000000,-00000038,0000.000,0000.000,0000.000,
 
002957333,000000000,-00000037,0000.000,0000.000,0000.000,
 
002957353,000000000,-00000037,0000.000,0000.000,0000.000,
 
002957373,000000002,-00000035,0000.000,0000.000,0000.000,
 
002957393,000000002,-00000037,0000.000,0000.000,0000.000,
 
002957413,000000001,-00000038,0000.000,0000.000,0000.000,
 
002957433,000000001,-00000037,0000.000,0000.000,0000.000,
 
002957453,000000000,-00000038,0000.000,0000.000,0000.000,
 
002957473,000000000,-00000037,0000.000,0000.000,0000.000,
 
002957493,-00000001,-00000038,0000.000,0000.000,0000.000,
 
002957513,000000000,-00000040,0000.000,0000.000,0000.000,
 
002957533,-00000001,-00000042,0000.000,0000.000,0000.000,
 
002957553,-00000001,-00000041,0000.000,0000.000,0000.000,
 
002957573,000000000,-00000041,0000.000,0000.000,0000.000,
 
002957593,-00000002,-00000042,0000.000,0000.000,0000.000,
 
002957613,-00000001,-00000042,0000.000,0000.000,0000.000,
 
002957633,000000000,-00000043,0000.000,0000.000,0000.000,
 
002957653,000000000,-00000043,0000.000,0000.000,0000.000,
 
002957673,-00000002,-00000043,0000.000,0000.000,0000.000,
 
002957693,-00000003,-00000049,0000.000,0000.000,0000.000,
 
002957713,-00000001,-00000049,0000.000,0000.000,0000.000,
 
002957733,000000000,-00000042,0000.000,0000.000,0000.000,
 
002957753,-00000001,-00000042,0000.000,0000.000,0000.000,
 
002957773,-00000001,-00000041,0000.000,0000.000,0000.000,
 
002957793,-00000002,-00000043,0000.000,0000.000,0000.000,
 
002957813,-00000001,-00000042,0000.000,0000.000,0000.000,
 
002957833,-00000001,-00000042,0000.000,0000.000,0000.000,
 
002957853,-00000002,-00000044,0000.000,0000.000,0000.000,
 
002957873,-00000001,-00000045,0000.000,0000.000,0000.000,
 
002957893,-00000002,-00000046,0000.000,0000.000,0000.000,
 
002957913,-00000002,-00000045,0000.000,0000.000,0000.000,
 
002957933,-00000004,-00000046,0000.000,0000.000,0000.000,
 
002957953,-00000004,-00000045,0000.000,0000.000,0000.000,
 
002957973,-00000007,-00000043,0000.000,0000.000,0000.000,
 
002957993,-00000004,-00000044,0000.000,0000.000,0000.000,
 
002958013,-00000002,-00000049,0000.000,0000.000,0000.000,
 
002958033,000000000,-00000045,0000.000,0000.000,0000.000,
 
002958053,000000000,-00000043,0000.000,0000.000,0000.000,
 
002958073,-00000001,-00000042,0000.000,0000.000,0000.000,
 
002958093,-00000002,-00000041,0000.000,0000.000,0000.000,
 
002958113,-00000003,-00000043,0000.000,0000.000,0000.000,
 
002958133,-00000001,-00000044,0000.000,0000.000,0000.000,
 
002958153,-00000001,-00000045,0000.000,0000.000,0000.000,
 
002958173,-00000001,-00000045,0000.000,0000.000,0000.000,
 
002958193,-00000002,-00000043,0000.000,0000.000,0000.000,
 
002958213,-00000001,-00000049,0000.000,0000.000,0000.000,
 
002958233,000000000,-00000042,0000.000,0000.000,0000.000,
 
002958253,000000000,-00000044,0000.000,0000.000,0000.000,
 
002958273,000000001,-00000044,0000.000,0000.000,0000.000,
 
002958293,000000001,-00000044,0000.000,0000.000,0000.000,
 
002958313,000000000,-00000043,0000.000,0000.000,0000.000,
 
002958333,-00000003,-00000040,0000.000,0000.000,0000.000,
 
002958353,-00000002,-00000039,0000.000,0000.000,0000.000,
 
002958373,000000000,-00000039,0000.000,0000.000,0000.000,
 
002958393,-00000001,-00000042,0000.000,0000.000,0000.000,
 
002958413,000000000,-00000049,0000.000,0000.000,0000.000,
 
002958433,-00000002,-00000042,0000.000,0000.000,0000.000,
 
002958453,-00000002,-00000042,0000.000,0000.000,0000.000,
 
002958473,-00000001,-00000043,0000.000,0000.000,0000.000,
 
002958493,000000000,-00000049,0000.000,0000.000,0000.000,
 
002958513,-00000001,-00000042,0000.000,0000.000,0000.000,
 
002958533,-00000002,-00000041,0000.000,0000.000,0000.000,
 
002958553,-00000003,-00000041,0000.000,0000.000,0000.000,
 
002958573,-00000002,-00000043,0000.000,0000.000,0000.000,
 
002958593,000000000,-00000043,0000.000,0000.000,0000.000,
 
002958613,000000001,-00000045,0000.000,0000.000,0000.000,
 
002958633,000000002,-00000045,0000.000,0000.000,0000.000,
 
002958653,000000001,-00000044,0000.000,0000.000,0000.000,
 
002958673,000000000,-00000045,0000.000,0000.000,0000.000,
 
002958693,-00000001,-00000047,0000.000,0000.000,0000.000,
 
002958713,-00000002,-00000048,0000.000,0000.000,0000.000,
 
002958733,-00000002,-00000051,0000.000,0000.000,0000.000,
 
002958753,-00000002,-00000052,0000.000,0000.000,0000.000,
 
002958773,-00000002,-00000051,0000.000,0000.000,0000.000,
 
002958793,-00000003,-00000052,0000.000,0000.000,0000.000,
 
002958813,-00000006,-00000053,0000.000,0000.000,0000.000,
 
002958833,-00000006,-00000054,0000.000,0000.000,0000.000,
 
002958853,-00000004,-00000056,0000.000,0000.000,0000.000,
 
002958873,-00000003,-00000057,0000.000,0000.000,0000.000,
 
002958893,-00000005,-00000055,0000.000,0000.000,0000.000,
 
002958913,-00000006,-00000055,0000.000,0000.000,0000.000,
 
002958933,-00000004,-00000051,0000.000,0000.000,0000.000,
 
002958953,-00000004,-00000051,0000.000,0000.000,0000.000,
 
002958973,-00000004,-00000051,0000.000,0000.000,0000.000,
 
002958993,-00000003,-00000051,0000.000,0000.000,0000.000,
 
002959013,-00000002,-00000050,0000.000,0000.000,0000.000,
 
002959033,-00000002,-00000052,0000.000,0000.000,0000.000,
 
002959053,-00000001,-00000053,0000.000,0000.000,0000.000,
 
002959073,000000000,-00000053,0000.000,0000.000,0000.000,
 
002959093,-00000001,-00000052,0000.000,0000.000,0000.000,
 
002959113,-00000001,-00000051,0000.000,0000.000,0000.000,
 
002959133,-00000001,-00000050,0000.000,0000.000,0000.000,
 
002959153,000000000,-00000051,0000.000,0000.000,0000.000,
 
002959173,000000000,-00000051,0000.000,0000.000,0000.000,
 
002959193,000000000,-00000049,0000.000,0000.000,0000.000,
 
002959213,-00000002,-00000047,0000.000,0000.000,0000.000,
 
002959233,-00000002,-00000048,0000.000,0000.000,0000.000,
 
002959253,000000000,-00000048,0000.000,0000.000,0000.000,
 
002959273,000000000,-00000047,0000.000,0000.000,0000.000,
 
002959293,000000000,-00000046,0000.000,0000.000,0000.000,
 
002959313,000000000,-00000043,0000.000,0000.000,0000.000,
 
002959333,000000000,-00000038,0000.000,0000.000,0000.000,
 
002959353,-00000001,-00000033,0000.000,0000.000,0000.000,
 
002959373,-00000001,-00000031,0000.000,0000.000,0000.000,
 
002959393,-00000001,-00000033,0000.000,0000.000,0000.000,
 
002959413,000000000,-00000033,0000.000,0000.000,0000.000,
 
002959433,-00000001,-00000049,0000.000,0000.000,0000.000,
 
002959453,-00000002,-00000034,0000.000,0000.000,0000.000,
 
002959473,-00000001,-00000036,0000.000,0000.000,0000.000,
 
002959493,-00000002,-00000037,0000.000,0000.000,0000.000,
 
002959513,-00000003,-00000049,0000.000,0000.000,0000.000,
 
002959533,-00000003,-00000043,0000.000,0000.000,0000.000,
 
002959553,-00000002,-00000046,0000.000,0000.000,0000.000,
 
002959573,-00000004,-00000046,0000.000,0000.000,0000.000,
 
002959593,-00000005,-00000046,0000.000,0000.000,0000.000,
 
002959613,-00000004,-00000045,0000.000,0000.000,0000.000,
 
002959633,-00000002,-00000045,0000.000,0000.000,0000.000,
 
002959653,-00000003,-00000046,0000.000,0000.000,0000.000,
 
002959673,-00000004,-00000045,0000.000,0000.000,0000.000,
 
002959693,-00000007,-00000042,0000.000,0000.000,0000.000,
 
002959713,-00000004,-00000040,0000.000,0000.000,0000.000,
 
002959733,-00000003,-00000041,0000.000,0000.000,0000.000,
 
002959753,-00000004,-00000039,0000.000,0000.000,0000.000,
 
002959773,-00000003,-00000038,0000.000,0000.000,0000.000,
 
002959793,-00000002,-00000039,0000.000,0000.000,0000.000,
 
002959813,-00000001,-00000038,0000.000,0000.000,0000.000,
 
002959833,-00000002,-00000039,0000.000,0000.000,0000.000,
 
002959853,-00000003,-00000038,0000.000,0000.000,0000.000,
 
002959873,-00000004,-00000039,0000.000,0000.000,0000.000,
 
002959893,-00000004,-00000037,0000.000,0000.000,0000.000,
 
002959913,-00000003,-00000037,0000.000,0000.000,0000.000,
 
002959933,-00000002,-00000037,0000.000,0000.000,0000.000,
 
002959953,-00000001,-00000036,0000.000,0000.000,0000.000,
 
002959973,-00000002,-00000037,0000.000,0000.000,0000.000,
 
002959993,-00000002,-00000038,0000.000,0000.000,0000.000,
 
002960013,-00000001,-00000049,0000.000,0000.000,0000.000,
 
002960033,-00000001,-00000037,0000.000,0000.000,0000.000,
 
002960053,000000000,-00000037,0000.000,0000.000,0000.000,
 
002960073,000000000,-00000037,0000.000,0000.000,0000.000,
 
002960093,000000001,-00000037,0000.000,0000.000,0000.000,
 
002960113,000000002,-00000036,0000.000,0000.000,0000.000,
 
002960133,000000001,-00000035,0000.000,0000.000,0000.000,
 
002960153,000000001,-00000034,0000.000,0000.000,0000.000,
 
002960173,000000001,-00000031,0000.000,0000.000,0000.000,
 
002960193,000000002,-00000030,0000.000,0000.000,0000.000,
 
002960213,000000002,-00000028,0000.000,0000.000,0000.000,
 
002960233,000000001,-00000027,0000.000,0000.000,0000.000,
 
002960253,000000000,-00000026,0000.000,0000.000,0000.000,
 
002960273,000000000,-00000025,0000.000,0000.000,0000.000,
 
002960293,000000000,-00000027,0000.000,0000.000,0000.000,
 
002960313,000000000,-00000027,0000.000,0000.000,0000.000,
 
002960333,000000000,-00000028,0000.000,0000.000,0000.000,
 
002960353,000000000,-00000027,0000.000,0000.000,0000.000,
 
002960373,-00000001,-00000026,0000.000,0000.000,0000.000,
 
002960393,000000000,-00000024,0000.000,0000.000,0000.000,
 
002960413,000000000,-00000025,0000.000,0000.000,0000.000,
 
002960433,-00000001,-00000024,0000.000,0000.000,0000.000,
 
002960453,-00000002,-00000024,0000.000,0000.000,0000.000,
 
002960473,-00000001,-00000025,0000.000,0000.000,0000.000,
 
002960493,-00000001,-00000023,0000.000,0000.000,0000.000,
 
002960513,-00000002,-00000021,0000.000,0000.000,0000.000,
 
002960533,000000000,-00000020,0000.000,0000.000,0000.000,
 
002960553,-00000001,-00000017,0000.000,0000.000,0000.000,
 
002960573,000000000,-00000016,0000.000,0000.000,0000.000,
 
002960593,-00000001,-00000013,0000.000,0000.000,0000.000,
 
002960613,-00000001,-00000013,0000.000,0000.000,0000.000,
 
002960633,000000000,-00000012,0000.000,0000.000,0000.000,
 
002960653,-00000001,-00000012,0000.000,0000.000,0000.000,
 
002960673,-00000001,-00000013,0000.000,0000.000,0000.000,
 
002960693,-00000001,-00000008,0000.000,0000.000,0000.000,
 
002960713,-00000001,-00000005,0000.000,0000.000,0000.000,
 
002960733,000000000,-00000007,0000.000,0000.000,0000.000,
 
002960753,000000000,-00000004,0000.000,0000.000,0000.000,
 
002960773,000000000,-00000006,0000.000,0000.000,0000.000,
 
002960793,-00000001,-00000004,0000.000,0000.000,0000.000,
 
002960813,-00000001,-00000004,0000.000,0000.000,0000.000,
 
002960833,-00000001,-00000003,0000.000,0000.000,0000.000,
 
002960853,000000000,-00000003,0000.000,0000.000,0000.000,
 
002960873,000000000,000000000,0000.000,0000.000,0000.000,
 
002960893,000000000,000000000,0000.000,0000.000,0000.000,
 
002960913,000000000,000000000,0000.000,0000.000,0000.000,
 
002960933,000000000,000000000,0000.000,0000.000,0000.000,
 
002960953,000000000,000000000,0000.000,0000.000,0000.000,
 
002960973,000000000,000000000,0000.000,0000.000,0000.000,
 
002960993,000000000,000000000,0000.000,0000.000,0000.000,
 
002961013,000000000,000000000,0000.000,0000.000,0000.000,
 
002961033,000000000,000000000,0000.000,0000.000,0000.000,
 
002961053,000000000,000000000,0000.000,0000.000,0000.000,
 
002961073,000000000,000000000,0000.000,0000.000,0000.000,
 
002961093,000000000,000000000,0000.000,0000.000,0000.000,
 
002961113,000000000,000000000,0000.000,0000.000,0000.000,
 
002961133,000000000,000000000,0000.000,0000.000,0000.000,
 
002961153,000000000,000000000,0000.000,0000.000,0000.000,
 
002961173,000000000,000000000,0000.000,0000.000,0000.000,
 
002961193,000000000,000000000,0000.000,0000.000,0000.000,
 
002961213,000000000,000000000,0000.000,0000.000,0000.000,
 
002961233,000000000,000000000,0000.000,0000.000,0000.000,
 
002961253,000000000,000000000,0000.000,0000.000,0000.000,
 
002961273,000000000,000000000,0000.000,0000.000,0000.000,
 
002961293,000000000,000000000,0000.000,0000.000,0000.000,
 
002961313,000000000,000000000,0000.000,0000.000,0000.000,
 
002961333,000000000,000000000,0000.000,0000.000,0000.000,
 
002961353,000000000,000000000,0000.000,0000.000,0000.000,
 
002961373,000000000,000000000,0000.000,0000.000,0000.000,
 
002961393,000000000,000000000,0000.000,0000.000,0000.000,
 
002961413,000000000,000000000,0000.000,0000.000,0000.000,
 
002961433,000000000,000000000,0000.000,0000.000,0000.000,
 
002961453,000000000,000000000,0000.000,0000.000,0000.000,
 
002961473,000000000,000000000,0000.000,0000.000,0000.000,
 
002961493,000000000,000000000,0000.000,0000.000,0000.000,
 
002961513,000000000,000000000,0000.000,0000.000,0000.000,
 
002961533,000000000,000000000,0000.000,0000.000,0000.000,
 
002961553,000000000,000000000,0000.000,0000.000,0000.000,
 
002961573,000000000,000000000,0000.000,0000.000,0000.000,
 
002961593,000000000,000000000,0000.000,0000.000,0000.000,
 
002961613,000000000,000000000,0000.000,0000.000,0000.000,
 
002961633,000000000,000000000,0000.000,0000.000,0000.000,
 
002961653,000000000,000000000,0000.000,0000.000,0000.000,
 
002961673,000000000,000000000,0000.000,0000.000,0000.000,
 
002961693,000000000,000000000,0000.000,0000.000,0000.000,
 
002961713,000000000,000000000,0000.000,0000.000,0000.000,
 
002961733,000000000,000000000,0000.000,0000.000,0000.000,
 
002961753,000000000,000000000,0000.000,0000.000,0000.000,
 
002961773,000000000,000000000,0000.000,0000.000,0000.000,
 
002961793,000000000,000000000,0000.000,0000.000,0000.000,
 
002961813,000000000,000000000,0000.000,0000.000,0000.000,
 
002961833,000000000,000000000,0000.000,0000.000,0000.000,
 
002961853,000000000,000000000,0000.000,0000.000,0000.000,
 
002961873,000000000,000000000,0000.000,0000.000,0000.000,
 
002961893,000000000,000000000,0000.000,0000.000,0000.000,
 
002961913,000000000,000000000,0000.000,0000.000,0000.000,
 
002961933,000000000,000000000,0000.000,0000.000,0000.000,
 
002961953,000000000,000000000,0000.000,0000.000,0000.000,
 
002961973,000000000,000000000,0000.000,0000.000,0000.000,
 
002961993,000000000,000000000,0000.000,0000.000,0000.000,
 
002962013,000000000,000000000,0000.000,0000.000,0000.000,
 
002962033,000000000,000000000,0000.000,0000.000,0000.000,
 
002962053,000000000,000000000,0000.000,0000.000,0000.000,
 
002962073,000000000,000000000,0000.000,0000.000,0000.000,
 
002962093,000000000,000000000,0000.000,0000.000,0000.000,
 
002962113,000000000,000000000,0000.000,0000.000,0000.000,
 
002962133,000000000,000000000,0000.000,0000.000,0000.000,
 
002962153,000000000,000000000,0000.000,0000.000,0000.000,
 
002962173,000000000,000000000,0000.000,0000.000,0000.000,
 
002962193,000000000,000000000,0000.000,0000.000,0000.000,
 
002962213,000000000,000000000,0000.000,0000.000,0000.000,
 
002962233,000000000,000000000,0000.000,0000.000,0000.000,
 
002962253,000000000,000000000,0000.000,0000.000,0000.000,
 
002962273,000000000,000000000,0000.000,0000.000,0000.000,
 
002962293,000000000,000000000,0000.000,0000.000,0000.000,
 
002962313,000000000,000000000,0000.000,0000.000,0000.000,
 
002962333,000000000,000000000,0000.000,0000.000,0000.000,
 
002962353,000000000,000000000,0000.000,0000.000,0000.000,
 
002962373,000000000,000000000,0000.000,0000.000,0000.000,
 
002962393,000000001,000000010,0000.000,0000.000,0000.000,
 
002962413,000000003,000000020,0000.000,0000.000,0000.000,
 
002962433,000000002,000000028,0000.000,0000.000,0000.000,
 
002962453,000000003,000000025,0000.000,0000.000,0000.000,
 
002962473,000000004,000000022,0000.000,0000.000,0000.000,
 
002962493,000000003,000000019,0000.000,0000.000,0000.000,
 
002962513,000000002,000000017,0000.000,0000.000,0000.000,
 
002962533,000000002,000000018,0000.000,0000.000,0000.000,
 
002962553,000000003,000000016,0000.000,0000.000,0000.000,
 
002962573,000000002,000000013,0000.000,0000.000,0000.000,
 
002962593,000000002,000000011,0000.000,0000.000,0000.000,
 
002962613,000000001,000000009,0000.000,0000.000,0000.000,
 
002962633,000000002,000000008,0000.000,0000.000,0000.000,
 
002962653,000000001,000000011,0000.000,0000.000,0000.000,
 
002962673,000000001,000000015,0000.000,0000.000,0000.000,
 
002962693,000000002,000000016,0000.000,0000.000,0000.000,
 
002962713,000000002,000000015,0000.000,0000.000,0000.000,
 
002962733,000000001,000000014,0000.000,0000.000,0000.000,
 
002962753,000000001,000000015,0000.000,0000.000,0000.000,
 
002962773,000000000,000000018,0000.000,0000.000,0000.000,
 
002962793,000000000,000000021,0000.000,0000.000,0000.000,
 
002962813,000000000,000000023,0000.000,0000.000,0000.000,
 
002962833,000000000,000000029,0000.000,0000.000,0000.000,
 
002962853,000000000,000000033,0000.000,0000.000,0000.000,
 
002962873,000000001,000000038,0000.000,0000.000,0000.000,
 
002962893,000000001,000000038,0000.000,0000.000,0000.000,
 
002962913,000000001,000000041,0000.000,0000.000,0000.000,
 
002962933,000000001,000000042,0000.000,0000.000,0000.000,
 
002962953,000000000,000000042,0000.000,0000.000,0000.000,
 
002962973,000000000,000000043,0000.000,0000.000,0000.000,
 
002962993,000000000,000000044,0000.000,0000.000,0000.000,
 
002963013,-00000002,000000043,0000.000,0000.000,0000.000,
 
002963033,-00000001,000000044,0000.000,0000.000,0000.000,
 
002963053,000000000,000000047,0000.000,0000.000,0000.000,
 
002963073,000000000,000000051,0000.000,0000.000,0000.000,
 
002963093,000000000,000000054,0000.000,0000.000,0000.000,
 
002963113,000000001,000000054,0000.000,0000.000,0000.000,
 
002963133,000000002,000000055,0000.000,0000.000,0000.000,
 
002963153,000000003,000000055,0000.000,0000.000,0000.000,
 
002963173,000000005,000000053,0000.000,0000.000,0000.000,
 
002963193,000000003,000000053,0000.000,0000.000,0000.000,
 
002963213,000000004,000000053,0000.000,0000.000,0000.000,
 
002963233,000000004,000000054,0000.000,0000.000,0000.000,
 
002963253,000000003,000000055,0000.000,0000.000,0000.000,
 
002963273,000000004,000000059,0000.000,0000.000,0000.000,
 
002963293,000000004,000000062,0000.000,0000.000,0000.000,
 
002963313,000000006,000000066,0000.000,0000.000,0000.000,
 
002963333,000000006,000000064,0000.000,0000.000,0000.000,
 
002963353,000000005,000000058,0000.000,0000.000,0000.000,
 
002963373,000000005,000000055,0000.000,0000.000,0000.000,
 
002963393,000000006,000000052,0000.000,0000.000,0000.000,
 
002963413,000000006,000000048,0000.000,0000.000,0000.000,
 
002963433,000000006,000000043,0000.000,0000.000,0000.000,
 
002963453,000000004,000000042,0000.000,0000.000,0000.000,
 
002963473,000000004,000000045,0000.000,0000.000,0000.000,
 
002963493,000000004,000000046,0000.000,0000.000,0000.000,
 
002963513,000000002,000000045,0000.000,0000.000,0000.000,
 
002963533,000000003,000000046,0000.000,0000.000,0000.000,
 
002963553,000000002,000000047,0000.000,0000.000,0000.000,
 
002963573,000000002,000000048,0000.000,0000.000,0000.000,
 
002963593,000000003,000000050,0000.000,0000.000,0000.000,
 
002963613,000000003,000000048,0000.000,0000.000,0000.000,
 
002963633,000000004,000000047,0000.000,0000.000,0000.000,
 
002963653,000000004,000000049,0000.000,0000.000,0000.000,
 
002963673,000000004,000000050,0000.000,0000.000,0000.000,
 
002963693,000000002,000000050,0000.000,0000.000,0000.000,
 
002963713,000000000,000000051,0000.000,0000.000,0000.000,
 
002963733,000000002,000000054,0000.000,0000.000,0000.000,
 
002963753,000000002,000000052,0000.000,0000.000,0000.000,
 
002963773,000000004,000000052,0000.000,0000.000,0000.000,
 
002963793,000000002,000000052,0000.000,0000.000,0000.000,
 
002963813,000000001,000000053,0000.000,0000.000,0000.000,
 
002963833,000000001,000000053,0000.000,0000.000,0000.000,
 
002963853,000000001,000000054,0000.000,0000.000,0000.000,
 
002963873,000000001,000000055,0000.000,0000.000,0000.000,
 
002963893,000000000,000000056,0000.000,0000.000,0000.000,
 
002963913,-00000001,000000054,0000.000,0000.000,0000.000,
 
002963933,-00000001,000000054,0000.000,0000.000,0000.000,
 
002963953,-00000001,000000053,0000.000,0000.000,0000.000,
 
002963973,-00000001,000000051,0000.000,0000.000,0000.000,
 
002963993,-00000002,000000050,0000.000,0000.000,0000.000,
 
002964013,-00000003,000000051,0000.000,0000.000,0000.000,
 
002964033,-00000003,000000051,0000.000,0000.000,0000.000,
 
002964053,-00000002,000000053,0000.000,0000.000,0000.000,
 
002964073,-00000002,000000053,0000.000,0000.000,0000.000,
 
002964093,000000000,000000054,0000.000,0000.000,0000.000,
 
002964113,000000001,000000051,0000.000,0000.000,0000.000,
 
002964133,000000001,000000054,0000.000,0000.000,0000.000,
 
002964153,000000002,000000056,0000.000,0000.000,0000.000,
 
002964173,000000002,000000059,0000.000,0000.000,0000.000,
 
002964193,000000001,000000057,0000.000,0000.000,0000.000,
 
002964213,000000003,000000059,0000.000,0000.000,0000.000,
 
002964233,000000003,000000061,0000.000,0000.000,0000.000,
 
002964253,000000002,000000062,0000.000,0000.000,0000.000,
 
002964273,000000000,000000063,0000.000,0000.000,0000.000,
 
002964293,000000001,000000063,0000.000,0000.000,0000.000,
 
002964313,000000002,000000062,0000.000,0000.000,0000.000,
 
002964333,000000002,000000062,0000.000,0000.000,0000.000,
 
002964353,000000001,000000061,0000.000,0000.000,0000.000,
 
002964373,000000000,000000058,0000.000,0000.000,0000.000,
 
002964393,-00000002,000000057,0000.000,0000.000,0000.000,
 
002964413,000000001,000000062,0000.000,0000.000,0000.000,
 
002964433,000000001,000000066,0000.000,0000.000,0000.000,
 
002964453,000000001,000000066,0000.000,0000.000,0000.000,
 
002964473,000000000,000000069,0000.000,0000.000,0000.000,
 
002964493,-00000002,000000070,0000.000,0000.000,0000.000,
 
002964513,-00000002,000000068,0000.000,0000.000,0000.000,
 
002964533,-00000003,000000067,0000.000,0000.000,0000.000,
 
002964553,-00000002,000000066,0000.000,0000.000,0000.000,
 
002964573,-00000001,000000064,0000.000,0000.000,0000.000,
 
002964593,000000000,000000063,0000.000,0000.000,0000.000,
 
002964613,000000000,000000063,0000.000,0000.000,0000.000,
 
002964633,000000000,000000060,0000.000,0000.000,0000.000,
 
002964653,-00000003,000000059,0000.000,0000.000,0000.000,
 
002964673,-00000002,000000057,0000.000,0000.000,0000.000,
 
002964693,-00000001,000000057,0000.000,0000.000,0000.000,
 
002964713,000000000,000000056,0000.000,0000.000,0000.000,
 
002964733,000000002,000000057,0000.000,0000.000,0000.000,
 
002964753,000000002,000000057,0000.000,0000.000,0000.000,
 
002964773,000000000,000000056,0000.000,0000.000,0000.000,
 
002964793,000000001,000000056,0000.000,0000.000,0000.000,
 
002964813,000000003,000000056,0000.000,0000.000,0000.000,
 
002964833,000000002,000000056,0000.000,0000.000,0000.000,
 
002964853,000000000,000000056,0000.000,0000.000,0000.000,
 
002964873,000000000,000000055,0000.000,0000.000,0000.000,
 
002964893,000000001,000000055,0000.000,0000.000,0000.000,
 
002964913,000000002,000000056,0000.000,0000.000,0000.000,
 
002964933,000000001,000000053,0000.000,0000.000,0000.000,
 
002964953,000000001,000000052,0000.000,0000.000,0000.000,
 
002964973,000000001,000000052,0000.000,0000.000,0000.000,
 
002964993,000000001,000000052,0000.000,0000.000,0000.000,
 
002965013,000000003,000000049,0000.000,0000.000,0000.000,
 
002965033,000000001,000000044,0000.000,0000.000,0000.000,
 
002965053,000000000,000000042,0000.000,0000.000,0000.000,
 
002965073,000000000,000000041,0000.000,0000.000,0000.000,
 
002965093,000000000,000000042,0000.000,0000.000,0000.000,
 
002965113,000000000,000000044,0000.000,0000.000,0000.000,
 
002965133,-00000001,000000044,0000.000,0000.000,0000.000,
 
002965153,000000001,000000045,0000.000,0000.000,0000.000,
 
002965173,000000002,000000047,0000.000,0000.000,0000.000,
 
002965193,000000003,000000048,0000.000,0000.000,0000.000,
 
002965213,000000003,000000048,0000.000,0000.000,0000.000,
 
002965233,000000003,000000049,0000.000,0000.000,0000.000,
 
002965253,000000003,000000050,0000.000,0000.000,0000.000,
 
002965273,000000002,000000051,0000.000,0000.000,0000.000,
 
002965293,000000001,000000050,0000.000,0000.000,0000.000,
 
002965313,000000001,000000050,0000.000,0000.000,0000.000,
 
002965333,000000001,000000048,0000.000,0000.000,0000.000,
 
002965353,000000002,000000044,0000.000,0000.000,0000.000,
 
002965373,000000002,000000041,0000.000,0000.000,0000.000,
 
002965393,000000001,000000040,0000.000,0000.000,0000.000,
 
002965413,000000001,000000039,0000.000,0000.000,0000.000,
 
002965433,000000000,000000037,0000.000,0000.000,0000.000,
 
002965453,000000001,000000037,0000.000,0000.000,0000.000,
 
002965473,000000000,000000037,0000.000,0000.000,0000.000,
 
002965493,-00000001,000000036,0000.000,0000.000,0000.000,
 
002965513,000000000,000000037,0000.000,0000.000,0000.000,
 
002965533,000000000,000000036,0000.000,0000.000,0000.000,
 
002965553,000000000,000000037,0000.000,0000.000,0000.000,
 
002965573,000000000,000000036,0000.000,0000.000,0000.000,
 
002965593,000000000,000000037,0000.000,0000.000,0000.000,
 
002965613,000000001,000000040,0000.000,0000.000,0000.000,
 
002965633,000000000,000000044,0000.000,0000.000,0000.000,
 
002965653,000000001,000000044,0000.000,0000.000,0000.000,
 
002965673,000000002,000000044,0000.000,0000.000,0000.000,
 
002965693,000000002,000000047,0000.000,0000.000,0000.000,
 
002965713,000000002,000000047,0000.000,0000.000,0000.000,
 
002965733,000000003,000000049,0000.000,0000.000,0000.000,
 
002965753,000000002,000000050,0000.000,0000.000,0000.000,
 
002965773,000000002,000000049,0000.000,0000.000,0000.000,
 
002965793,000000000,000000048,0000.000,0000.000,0000.000,
 
002965813,000000000,000000047,0000.000,0000.000,0000.000,
 
002965833,-00000001,000000046,0000.000,0000.000,0000.000,
 
002965853,000000000,000000046,0000.000,0000.000,0000.000,
 
002965873,000000000,000000043,0000.000,0000.000,0000.000,
 
002965893,000000000,000000042,0000.000,0000.000,0000.000,
 
002965913,000000000,000000042,0000.000,0000.000,0000.000,
 
002965933,000000000,000000040,0000.000,0000.000,0000.000,
 
002965953,-00000002,000000039,0000.000,0000.000,0000.000,
 
002965973,-00000001,000000040,0000.000,0000.000,0000.000,
 
002965993,-00000002,000000042,0000.000,0000.000,0000.000,
 
002966013,-00000001,000000043,0000.000,0000.000,0000.000,
 
002966033,-00000001,000000045,0000.000,0000.000,0000.000,
 
002966053,-00000002,000000045,0000.000,0000.000,0000.000,
 
002966073,-00000001,000000044,0000.000,0000.000,0000.000,
 
002966093,000000000,000000046,0000.000,0000.000,0000.000,
 
002966113,-00000001,000000045,0000.000,0000.000,0000.000,
 
002966133,-00000002,000000045,0000.000,0000.000,0000.000,
 
002966153,000000000,000000045,0000.000,0000.000,0000.000,
 
002966173,000000000,000000043,0000.000,0000.000,0000.000,
 
002966193,-00000001,000000042,0000.000,0000.000,0000.000,
 
002966213,-00000004,000000039,0000.000,0000.000,0000.000,
 
002966233,-00000003,000000038,0000.000,0000.000,0000.000,
 
002966253,-00000003,000000037,0000.000,0000.000,0000.000,
 
002966273,-00000002,000000035,0000.000,0000.000,0000.000,
 
002966293,-00000001,000000034,0000.000,0000.000,0000.000,
 
002966313,-00000001,000000034,0000.000,0000.000,0000.000,
 
002966333,000000000,000000033,0000.000,0000.000,0000.000,
 
002966353,-00000001,000000033,0000.000,0000.000,0000.000,
 
002966373,-00000002,000000034,0000.000,0000.000,0000.000,
 
002966393,000000000,000000037,0000.000,0000.000,0000.000,
 
002966413,000000000,000000038,0000.000,0000.000,0000.000,
 
002966433,000000000,000000041,0000.000,0000.000,0000.000,
 
002966453,000000000,000000040,0000.000,0000.000,0000.000,
 
002966473,000000002,000000038,0000.000,0000.000,0000.000,
 
002966493,000000001,000000037,0000.000,0000.000,0000.000,
 
002966513,000000000,000000038,0000.000,0000.000,0000.000,
 
002966533,000000000,000000038,0000.000,0000.000,0000.000,
 
002966553,-00000001,000000039,0000.000,0000.000,0000.000,
 
002966573,-00000001,000000037,0000.000,0000.000,0000.000,
 
002966593,-00000001,000000034,0000.000,0000.000,0000.000,
 
002966613,000000000,000000034,0000.000,0000.000,0000.000,
 
002966633,-00000001,000000031,0000.000,0000.000,0000.000,
 
002966653,-00000002,000000032,0000.000,0000.000,0000.000,
 
002966673,-00000002,000000033,0000.000,0000.000,0000.000,
 
002966693,-00000002,000000031,0000.000,0000.000,0000.000,
 
002966713,000000000,000000027,0000.000,0000.000,0000.000,
 
002966733,-00000002,000000026,0000.000,0000.000,0000.000,
 
002966753,-00000002,000000028,0000.000,0000.000,0000.000,
 
002966773,-00000001,000000030,0000.000,0000.000,0000.000,
 
002966793,-00000001,000000031,0000.000,0000.000,0000.000,
 
002966813,000000000,000000030,0000.000,0000.000,0000.000,
 
002966833,-00000002,000000032,0000.000,0000.000,0000.000,
 
002966853,-00000002,000000034,0000.000,0000.000,0000.000,
 
002966873,-00000002,000000037,0000.000,0000.000,0000.000,
 
002966893,-00000001,000000038,0000.000,0000.000,0000.000,
 
002966913,000000000,000000038,0000.000,0000.000,0000.000,
 
002966933,000000000,000000039,0000.000,0000.000,0000.000,
 
002966953,000000000,000000041,0000.000,0000.000,0000.000,
 
002966973,-00000001,000000041,0000.000,0000.000,0000.000,
 
002966993,-00000001,000000042,0000.000,0000.000,0000.000,
 
002967013,000000000,000000046,0000.000,0000.000,0000.000,
 
002967033,-00000002,000000045,0000.000,0000.000,0000.000,
 
002967053,-00000001,000000045,0000.000,0000.000,0000.000,
 
002967073,-00000001,000000045,0000.000,0000.000,0000.000,
 
002967093,000000000,000000050,0000.000,0000.000,0000.000,
 
002967113,000000000,000000049,0000.000,0000.000,0000.000,
 
002967133,-00000001,000000050,0000.000,0000.000,0000.000,
 
002967153,-00000001,000000048,0000.000,0000.000,0000.000,
 
002967173,000000000,000000049,0000.000,0000.000,0000.000,
 
002967193,000000000,000000049,0000.000,0000.000,0000.000,
 
002967213,000000000,000000048,0000.000,0000.000,0000.000,
 
002967233,000000000,000000048,0000.000,0000.000,0000.000,
 
002967253,000000000,000000046,0000.000,0000.000,0000.000,
 
002967273,000000001,000000043,0000.000,0000.000,0000.000,
 
002967293,000000000,000000041,0000.000,0000.000,0000.000,
 
002967313,-00000002,000000039,0000.000,0000.000,0000.000,
 
002967333,-00000002,000000037,0000.000,0000.000,0000.000,
 
002967353,-00000002,000000035,0000.000,0000.000,0000.000,
 
002967373,-00000003,000000036,0000.000,0000.000,0000.000,
 
002967393,-00000001,000000035,0000.000,0000.000,0000.000,
 
002967413,-00000002,000000035,0000.000,0000.000,0000.000,
 
002967433,-00000002,000000035,0000.000,0000.000,0000.000,
 
002967453,-00000002,000000036,0000.000,0000.000,0000.000,
 
002967473,-00000004,000000036,0000.000,0000.000,0000.000,
 
002967493,-00000003,000000035,0000.000,0000.000,0000.000,
 
002967513,-00000002,000000032,0000.000,0000.000,0000.000,
 
002967533,-00000001,000000030,0000.000,0000.000,0000.000,
 
002967553,-00000002,000000026,0000.000,0000.000,0000.000,
 
002967573,000000000,000000023,0000.000,0000.000,0000.000,
 
002967593,-00000001,000000020,0000.000,0000.000,0000.000,
 
002967613,000000000,000000020,0000.000,0000.000,0000.000,
 
002967633,-00000001,000000020,0000.000,0000.000,0000.000,
 
002967653,-00000001,000000019,0000.000,0000.000,0000.000,
 
002967673,000000000,000000018,0000.000,0000.000,0000.000,
 
002967693,000000000,000000018,0000.000,0000.000,0000.000,
 
002967713,000000000,000000020,0000.000,0000.000,0000.000,
 
002967733,000000001,000000020,0000.000,0000.000,0000.000,
 
002967753,000000002,000000016,0000.000,0000.000,0000.000,
 
002967773,000000001,000000011,0000.000,0000.000,0000.000,
 
002967793,000000001,000000004,0000.000,0000.000,0000.000,
 
002967813,000000000,000000001,0000.000,0000.000,0000.000,
 
002967833,000000000,000000000,0000.000,0000.000,0000.000,
 
002967853,000000000,000000000,0000.000,0000.000,0000.000,
 
002967873,000000000,000000000,0000.000,0000.000,0000.000,
 
002967893,000000000,000000000,0000.000,0000.000,0000.000,
 
002967913,000000000,000000000,0000.000,0000.000,0000.000,
 
002967933,000000000,000000002,0000.000,0000.000,0000.000,
 
002967953,000000000,000000004,0000.000,0000.000,0000.000,
 
002967973,000000001,000000007,0000.000,0000.000,0000.000,
 
002967993,000000002,000000006,0000.000,0000.000,0000.000,
 
002968013,000000001,000000003,0000.000,0000.000,0000.000,
 
002968033,000000001,000000002,0000.000,0000.000,0000.000,
 
002968053,000000000,000000000,0000.000,0000.000,0000.000,
 
002968073,000000000,000000000,0000.000,0000.000,0000.000,
 
002968093,000000000,000000000,0000.000,0000.000,0000.000,
 
002968113,000000000,000000000,0000.000,0000.000,0000.000,
 
002968133,000000000,000000000,0000.000,0000.000,0000.000,
 
002968153,000000000,000000000,0000.000,0000.000,0000.000,
 
002968173,000000000,000000000,0000.000,0000.000,0000.000,
 
002968193,000000000,000000000,0000.000,0000.000,0000.000,
 
002968213,000000000,000000000,0000.000,0000.000,0000.000,
 
002968233,000000000,000000000,0000.000,0000.000,0000.000,
 
002968253,000000000,000000000,0000.000,0000.000,0000.000,
 
002968273,000000000,000000000,0000.000,0000.000,0000.000,
 
002968293,000000000,000000000,0000.000,0000.000,0000.000,
 
002968313,000000000,000000000,0000.000,0000.000,0000.000,
 
002968333,000000000,000000000,0000.000,0000.000,0000.000,
 
002968353,000000000,000000000,0000.000,0000.000,0000.000,
 
002968373,000000000,000000000,0000.000,0000.000,0000.000,
 
002968393,000000000,000000000,0000.000,0000.000,0000.000,
 
002968413,000000000,000000000,0000.000,0000.000,0000.000,
 
002968433,000000000,000000000,0000.000,0000.000,0000.000,
 
002968453,000000000,000000000,0000.000,0000.000,0000.000,
 
002968473,000000000,000000000,0000.000,0000.000,0000.000,
 
002968493,000000000,000000000,0000.000,0000.000,0000.000,
 
002968513,000000000,000000000,0000.000,0000.000,0000.000,
 
002968533,000000000,000000000,0000.000,0000.000,0000.000,
 
002968553,000000000,000000000,0000.000,0000.000,0000.000,
 
002968573,000000000,000000000,0000.000,0000.000,0000.000,
 
002968593,000000000,000000000,0000.000,0000.000,0000.000,
 
002968613,000000000,000000000,0000.000,0000.000,0000.000,
 
002968633,000000000,000000000,0000.000,0000.000,0000.000,
 
002968653,000000000,000000000,0000.000,0000.000,0000.000,
 
002968673,000000000,000000000,0000.000,0000.000,0000.000,
 
002968693,000000000,000000000,0000.000,0000.000,0000.000,
 
002968713,000000000,000000000,0000.000,0000.000,0000.000,
 
002968733,000000000,000000000,0000.000,0000.000,0000.000,
 
002968753,000000000,000000000,0000.000,0000.000,0000.000,
 
002968773,000000000,000000000,0000.000,0000.000,0000.000,
 
002968793,000000000,000000000,0000.000,0000.000,0000.000,
 
002968813,000000000,000000000,0000.000,0000.000,0000.000,
 
002968833,000000000,000000000,0000.000,0000.000,0000.000,
 
002968853,000000000,000000000,0000.000,0000.000,0000.000,
 
002968873,000000000,000000000,0000.000,0000.000,0000.000,
 
002968893,000000000,000000000,0000.000,0000.000,0000.000,
 
002968913,000000000,000000000,0000.000,0000.000,0000.000,
 
002968933,000000000,000000000,0000.000,0000.000,0000.000,
 
002968953,000000000,000000000,0000.000,0000.000,0000.000,
 
002968973,000000000,000000000,0000.000,0000.000,0000.000,
 
002968993,000000000,000000000,0000.000,0000.000,0000.000,
 
002969013,000000000,000000000,0000.000,0000.000,0000.000,
 
002969033,000000000,000000000,0000.000,0000.000,0000.000,
 
002969053,000000000,000000000,0000.000,0000.000,0000.000,
 
002969073,000000000,000000000,0000.000,0000.000,0000.000,
 
002969093,000000000,000000000,0000.000,0000.000,0000.000,
 
002969113,000000000,000000000,0000.000,0000.000,0000.000,
 
002969133,000000000,000000000,0000.000,0000.000,0000.000,
 
002969153,000000000,000000000,0000.000,0000.000,0000.000,
 
