001099832,-00000306,-00005252,0000.000,0000.000,0000.000,0005
 
001099851,000000000,000000000,0000.000,0000.000,0000.000,0005
 
001099871,000000000,000000000,0000.000,0000.000,0000.000,0152
 
001099891,000000000,000000000,0000.000,0000.000,0000.000,0005
 
001099911,000000000,000000000,0000.000,0000.000,0000.000,0005
 
001099931,000000000,000000000,0000.000,0000.000,0000.000,0152
 
001099951,000000000,000000000,0000.000,0000.000,0000.000,0152
 
001099971,000000000,000000000,0000.000,0000.000,0000.000,0152
 
001099991,000000000,000000000,0000.000,0000.000,0000.000,0152
 
001100011,000000000,000000000,0000.000,0000.000,0000.000,0152
 
001100031,000000000,000000000,0000.000,0000.000,0000.000,0152
 
001100051,000000000,000000000,0000.000,0000.000,0000.000,0152
 
001100071,000000000,000000000,0000.000,0000.000,0000.000,0152
 
001100091,000000000,000000000,0000.000,0000.000,0000.000,0152
 
001100111,000000000,000000000,0000.000,0000.000,0000.000,0152
 
001100131,000000000,000000000,0000.000,0000.000,0000.000,0152
 
001100151,000000000,000000000,0000.000,0000.000,0000.000,0152
 
001100171,000000000,000000000,0000.000,0000.000,0000.000,0152
 
001100191,000000000,000000000,0000.000,0000.000,0000.000,0152
 
001100211,000000000,000000000,0000.000,0000.000,0000.000,0152
 
001100231,000000000,000000000,0000.000,0000.000,0000.000,0152
 
001100251,000000000,000000000,0000.000,0000.000,0000.000,0152
 
001100271,000000000,000000000,0000.000,0000.000,0000.000,0152
 
001100291,000000000,000000000,0000.000,0000.000,0000.000,0152
 
001100311,000000000,000000000,0000.000,0000.000,0000.000,0152
 
001100331,000000000,000000000,0000.000,0000.000,0000.000,0152
 
001100351,000000000,000000000,0000.000,0000.000,0000.000,0152
 
001100371,000000000,000000000,0000.000,0000.000,0000.000,0152
 
001100391,000000000,000000000,0000.000,0000.000,0000.000,0152
 
001100411,000000000,000000000,0000.000,0000.000,0000.000,0152
 
001100431,000000000,000000000,0000.000,0000.000,0000.000,0152
 
001100451,000000000,000000000,0000.000,0000.000,0000.000,0152
 
001100471,000000000,000000000,0000.000,0000.000,0000.000,0152
 
001100491,000000000,000000000,0000.000,0000.000,0000.000,0152
 
001100511,000000000,000000000,0000.000,0000.000,0000.000,0152
 
001100531,000000000,000000000,0000.000,0000.000,0000.000,0152
 
001100551,000000000,000000000,0000.000,0000.000,0000.000,0152
 
001100571,000000000,000000000,0000.000,0000.000,0000.000,0005
 
001100591,000000000,000000000,0000.000,0000.000,0000.000,0005
 
001100611,000000000,000000000,0000.000,0000.000,0000.000,0005
 
001100631,000000000,000000000,0000.000,0000.000,0000.000,0005
 
001100651,000000000,000000000,0000.000,0000.000,0000.000,0005
 
001100671,000000000,000000000,0000.000,0000.000,0000.000,0006
 
001100691,000000000,000000000,0000.000,0000.000,0000.000,0005
 
001100711,000000000,000000000,0000.000,0000.000,0000.000,0005
 
001100731,000000000,000000000,0000.000,0000.000,0000.000,0006
 
001100751,000000000,000000000,0000.000,0000.000,0000.000,0006
 
001100771,000000000,000000000,0000.000,0000.000,0000.000,0005
 
001100791,000000000,000000000,0000.000,0000.000,0000.000,0005
 
001100811,000000000,000000000,0000.000,0000.000,0000.000,0006
 
001100831,000000000,000000000,0000.000,0000.000,0000.000,0005
 
001100851,000000000,000000000,0000.000,0000.000,0000.000,0005
 
001100871,000000000,000000000,0000.000,0000.000,0000.000,0006
 
001100891,000000000,000000000,0000.000,0000.000,0000.000,0005
 
001100911,000000000,000000000,0000.000,0000.000,0000.000,0006
 
001100931,000000000,000000000,0000.000,0000.000,0000.000,0006
 
001100951,000000000,000000000,0000.000,0000.000,0000.000,0005
 
001100971,000000000,000000000,0000.000,0000.000,0000.000,0006
 
001100991,000000000,000000000,0000.000,0000.000,0000.000,0152
 
001101011,000000000,000000000,0000.000,0000.000,0000.000,0152
 
001101031,000000000,000000000,0000.000,0000.000,0000.000,0152
 
001101051,000000000,000000000,0000.000,0000.000,0000.000,0152
 
001101071,000000000,000000000,0000.000,0000.000,0000.000,0152
 
001101091,000000000,000000000,0000.000,0000.000,0000.000,0152
 
001101111,000000000,000000000,0000.000,0000.000,0000.000,0006
 
001101131,000000000,000000000,0000.000,0000.000,0000.000,0152
 
001101151,000000000,000000000,0000.000,0000.000,0000.000,0152
 
001101171,000000000,000000000,0000.000,0000.000,0000.000,0152
 
001101191,000000000,000000000,0000.000,0000.000,0000.000,0152
 
001101211,000000000,000000000,0000.000,0000.000,0000.000,0152
 
001101231,000000000,000000000,0000.000,0000.000,0000.000,0152
 
001101251,000000000,000000000,0000.000,0000.000,0000.000,0152
 
001101271,000000000,000000000,0000.000,0000.000,0000.000,0152
 
001101291,000000000,000000000,0000.000,0000.000,0000.000,0154
 
001101311,000000000,000000000,0000.000,0000.000,0000.000,0154
 
001101331,000000000,000000000,0000.000,0000.000,0000.000,0007
 
001101351,000000000,000000000,0000.000,0000.000,0000.000,0006
 
001101371,000000000,000000000,0000.000,0000.000,0000.000,0006
 
001101391,000000000,000000000,0000.000,0000.000,0000.000,0006
 
001101411,000000000,000000000,0000.000,0000.000,0000.000,0012
 
001101431,000000000,000000000,0000.000,0000.000,0000.000,0006
 
001101451,000000000,000000000,0000.000,0000.000,0000.000,0007
 
001101471,000000000,000000000,0000.000,0000.000,0000.000,0015
 
001101491,000000000,000000000,0000.000,0000.000,0000.000,0160
 
001101511,000000000,000000000,0000.000,0000.000,0000.000,0021
 
001101531,000000000,000000000,0000.000,0000.000,0000.000,0158
 
001101551,000000000,000000000,0000.000,0000.000,0000.000,0157
 
001101571,000000000,000000000,0000.000,0000.000,0000.000,0156
 
001101591,000000000,000000000,0000.000,0000.000,0000.000,0155
 
001101611,000000000,000000000,0000.000,0000.000,0000.000,0155
 
001101631,000000000,000000000,0000.000,0000.000,0000.000,0152
 
001101651,000000000,000000000,0000.000,0000.000,0000.000,0152
 
001101671,000000000,000000000,0000.000,0000.000,0000.000,0152
 
001101691,000000000,000000000,0000.000,0000.000,0000.000,0152
 
001101711,000000000,000000000,0000.000,0000.000,0000.000,0152
 
001101731,000000000,000000000,0000.000,0000.000,0000.000,0152
 
001101751,000000000,000000000,0000.000,0000.000,0000.000,0152
 
001101771,000000000,000000000,0000.000,0000.000,0000.000,0152
 
001101791,000000000,000000000,0000.000,0000.000,0000.000,0152
 
001101811,000000000,000000000,0000.000,0000.000,0000.000,0152
 
001101831,000000000,000000000,0000.000,0000.000,0000.000,0152
 
001101851,000000000,000000000,0000.000,0000.000,0000.000,0152
 
001101871,000000000,000000000,0000.000,0000.000,0000.000,0152
 
001101891,000000000,000000000,0000.000,0000.000,0000.000,0006
 
001101911,000000000,000000000,0000.000,0000.000,0000.000,0006
 
001101931,000000000,000000000,0000.000,0000.000,0000.000,0152
 
001101951,000000000,000000000,0000.000,0000.000,0000.000,0006
 
001101971,000000000,000000000,0000.000,0000.000,0000.000,0152
 
001101991,000000000,000000000,0000.000,0000.000,0000.000,0152
 
001102011,000000000,000000000,0000.000,0000.000,0000.000,0152
 
001102031,000000000,000000000,0000.000,0000.000,0000.000,0152
 
001102051,000000000,000000000,0000.000,0000.000,0000.000,0006
 
001102071,000000000,000000000,0000.000,0000.000,0000.000,0007
 
001102091,000000000,000000000,0000.000,0000.000,0000.000,0007
 
001102111,000000000,000000000,0000.000,0000.000,0000.000,0006
 
001102131,000000000,000000000,0000.000,0000.000,0000.000,0007
 
001102151,000000000,000000000,0000.000,0000.000,0000.000,0006
 
001102171,000000000,000000000,0000.000,0000.000,0000.000,0007
 
001102191,000000000,000000000,0000.000,0000.000,0000.000,0007
 
001102211,000000000,000000000,0000.000,0000.000,0000.000,0006
 
001102231,000000000,000000000,0000.000,0000.000,0000.000,0007
 
001102251,000000000,000000000,0000.000,0000.000,0000.000,0006
 
001102271,000000000,000000000,0000.000,0000.000,0000.000,0006
 
001102291,000000000,000000000,0000.000,0000.000,0000.000,0006
 
001102311,000000000,000000000,0000.000,0000.000,0000.000,0006
 
001102331,000000000,000000000,0000.000,0000.000,0000.000,0006
 
001102351,000000000,000000000,0000.000,0000.000,0000.000,0006
 
001102371,000000000,000000000,0000.000,0000.000,0000.000,0007
 
001102391,000000000,000000000,0000.000,0000.000,0000.000,0006
 
001102411,000000000,000000000,0000.000,0000.000,0000.000,0007
 
001102431,000000000,000000000,0000.000,0000.000,0000.000,0006
 
001102451,000000000,000000000,0000.000,0000.000,0000.000,0006
 
001102471,000000000,000000000,0000.000,0000.000,0000.000,0006
 
001102491,000000000,000000000,0000.000,0000.000,0000.000,0152
 
001102511,000000000,000000000,0000.000,0000.000,0000.000,0152
 
001102531,000000000,000000000,0000.000,0000.000,0000.000,0152
 
001102551,000000000,000000000,0000.000,0000.000,0000.000,0152
 
001102571,000000000,000000000,0000.000,0000.000,0000.000,0152
 
001102591,000000000,000000000,0000.000,0000.000,0000.000,0153
 
001102611,000000000,000000000,0000.000,0000.000,0000.000,0006
 
001102631,000000000,000000000,0000.000,0000.000,0000.000,0152
 
001102651,000000000,000000000,0000.000,0000.000,0000.000,0152
 
001102671,000000000,000000000,0000.000,0000.000,0000.000,0152
 
001102691,000000000,000000000,0000.000,0000.000,0000.000,0152
 
001102711,000000000,000000000,0000.000,0000.000,0000.000,0152
 
001102731,000000000,000000000,0000.000,0000.000,0000.000,0152
 
001102751,000000000,000000000,0000.000,0000.000,0000.000,0152
 
001102771,000000000,000000000,0000.000,0000.000,0000.000,0007
 
001102791,000000000,000000000,0000.000,0000.000,0000.000,0006
 
001102811,000000000,000000000,0000.000,0000.000,0000.000,0006
 
001102831,000000000,000000000,0000.000,0000.000,0000.000,0006
 
001102851,000000000,000000000,0000.000,0000.000,0000.000,0007
 
001102871,-00000002,000000006,0000.000,0000.000,0000.000,0006
 
001102891,-00000012,000000040,0000.000,0000.000,0000.000,0006
 
001102911,-00000025,000000086,0000.000,0000.000,0000.000,0006
 
001102931,-00000022,000000094,0000.000,0000.000,0000.000,0152
 
001102951,-00000003,000000047,0000.000,0000.000,0000.000,0006
 
001102971,-00000007,000000040,0000.000,0000.000,0000.000,0152
 
001102991,-00000009,000000039,0000.000,0000.000,0000.000,0153
 
001103011,-00000006,000000036,0000.000,0000.000,0000.000,0006
 
001103031,000000000,000000024,0000.000,0000.000,0000.000,0153
 
001103051,000000000,000000015,0000.000,0000.000,0000.000,0153
 
001103071,000000000,000000010,0000.000,0000.000,0000.000,0152
 
001103091,-00000001,000000007,0000.000,0000.000,0000.000,0153
 
001103111,-00000001,000000002,0000.000,0000.000,0000.000,0152
 
001103131,000000000,000000001,0000.000,0000.000,0000.000,0153
 
001103151,000000000,000000001,0000.000,0000.000,0000.000,0152
 
001103171,000000000,000000002,0000.000,0000.000,0000.000,0152
 
001103191,000000004,000000005,0000.000,0000.000,0000.000,0153
 
001103211,000000003,000000007,0000.000,0000.000,0000.000,0152
 
001103231,000000002,000000006,0000.000,0000.000,0000.000,0152
 
001103251,000000001,000000004,0000.000,0000.000,0000.000,0152
 
001103271,000000000,000000001,0000.000,0000.000,0000.000,0152
 
001103291,000000000,000000000,0000.000,0000.000,0000.000,0152
 
001103311,000000000,000000001,0000.000,0000.000,0000.000,0152
 
001103331,000000003,000000006,0000.000,0000.000,0000.000,0006
 
001103351,000000001,000000015,0000.000,0000.000,0000.000,0152
 
001103371,000000000,000000021,0000.000,0000.000,0000.000,0007
 
001103391,-00000001,000000020,0000.000,0000.000,0000.000,0152
 
001103411,-00000001,000000013,0000.000,0000.000,0000.000,0007
 
001103431,-00000002,000000006,0000.000,0000.000,0000.000,0152
 
001103451,-00000001,000000002,0000.000,0000.000,0000.000,0152
 
001103471,-00000001,000000000,0000.000,0000.000,0000.000,0152
 
001103491,000000000,000000000,0000.000,0000.000,0000.000,0153
 
001103511,000000000,000000001,0000.000,0000.000,0000.000,0006
 
001103531,-00000002,000000005,0000.000,0000.000,0000.000,0006
 
001103551,-00000003,000000013,0000.000,0000.000,0000.000,0006
 
001103571,-00000004,000000023,0000.000,0000.000,0000.000,0006
 
001103591,-00000005,000000018,0000.000,0000.000,0000.000,0152
 
001103611,-00000003,000000006,0000.000,0000.000,0000.000,0007
 
001103631,-00000003,-00000001,0000.000,0000.000,0000.000,0006
 
001103651,000000000,-00000001,0000.000,0000.000,0000.000,0006
 
001103671,000000000,000000000,0000.000,0000.000,0000.000,0007
 
001103691,000000000,000000000,0000.000,0000.000,0000.000,0007
 
001103711,000000000,000000000,0000.000,0000.000,0000.000,0007
 
001103731,000000000,000000000,0000.000,0000.000,0000.000,0006
 
001103751,000000000,000000001,0000.000,0000.000,0000.000,0006
 
001103771,-00000002,000000001,0000.000,0000.000,0000.000,0006
 
001103791,-00000006,000000012,0000.000,0000.000,0000.000,0007
 
001103811,-00000021,000000027,0000.000,0000.000,0000.000,0152
 
001103831,-00000038,000000037,0000.000,0000.000,0000.000,0007
 
001103851,-00000045,000000039,0000.000,0000.000,0000.000,0152
 
001103871,-00000038,000000042,0000.000,0000.000,0000.000,0007
 
001103891,-00000036,000000040,0000.000,0000.000,0000.000,0152
 
001103911,-00000026,000000030,0000.000,0000.000,0000.000,0006
 
001103931,-00000015,000000014,0000.000,0000.000,0000.000,0153
 
001103951,-00000013,000000007,0000.000,0000.000,0000.000,0006
 
001103971,-00000013,000000003,0000.000,0000.000,0000.000,0152
 
001103991,-00000013,000000003,0000.000,0000.000,0000.000,0007
 
001104011,-00000017,000000003,0000.000,0000.000,0000.000,0152
 
001104031,-00000027,000000003,0000.000,0000.000,0000.000,0007
 
001104051,-00000023,-00000008,0000.000,0000.000,0000.000,0007
 
001104071,000000000,-00000008,0000.000,0000.000,0000.000,0152
 
001104091,000000002,-00000007,0000.000,0000.000,0000.000,0152
 
001104111,000000002,-00000001,0000.000,0000.000,0000.000,0152
 
001104131,000000002,000000002,0000.000,0000.000,0000.000,0152
 
001104151,-00000001,000000005,0000.000,0000.000,0000.000,0152
 
001104171,-00000002,000000005,0000.000,0000.000,0000.000,0152
 
001104191,-00000002,000000007,0000.000,0000.000,0000.000,0007
 
001104211,000000000,000000007,0000.000,0000.000,0000.000,0007
 
001104231,-00000001,000000003,0000.000,0000.000,0000.000,0007
 
001104251,000000000,000000003,0000.000,0000.000,0000.000,0006
 
001104271,-00000002,000000006,0000.000,0000.000,0000.000,0006
 
001104291,-00000003,000000005,0000.000,0000.000,0000.000,0007
 
001104311,-00000001,000000001,0000.000,0000.000,0000.000,0006
 
001104331,-00000001,000000000,0000.000,0000.000,0000.000,0006
 
001104351,-00000002,000000001,0000.000,0000.000,0000.000,0006
 
001104371,000000000,000000000,0000.000,0000.000,0000.000,0006
 
001104391,000000000,000000001,0000.000,0000.000,0000.000,0006
 
001104411,-00000001,000000001,0000.000,0000.000,0000.000,0007
 
001104431,-00000001,000000000,0000.000,0000.000,0000.000,0006
 
001104451,000000000,000000000,0000.000,0000.000,0000.000,0007
 
001104471,000000000,000000000,0000.000,0000.000,0000.000,0007
 
001104491,000000000,000000000,0000.000,0000.000,0000.000,0007
 
001104511,000000000,000000000,0000.000,0000.000,0000.000,0007
 
001104531,000000000,000000000,0000.000,0000.000,0000.000,0006
 
001104551,000000000,000000000,0000.000,0000.000,0000.000,0007
 
001104571,-00000001,000000000,0000.000,0000.000,0000.000,0008
 
001104591,000000000,000000000,0000.000,0000.000,0000.000,0011
 
001104611,000000000,000000000,0000.000,0000.000,0000.000,0154
 
001104631,000000000,000000000,0000.000,0000.000,0000.000,0155
 
001104651,-00000001,000000000,0000.000,0000.000,0000.000,0155
 
001104671,000000000,000000000,0000.000,0000.000,0000.000,0154
 
001104691,000000000,000000000,0000.000,0000.000,0000.000,0153
 
001104711,000000000,000000000,0000.000,0000.000,0000.000,0152
 
001104731,000000000,000000000,0000.000,0000.000,0000.000,0152
 
001104751,000000000,000000000,0000.000,0000.000,0000.000,0153
 
001104771,000000000,000000000,0000.000,0000.000,0000.000,0152
 
001104791,000000000,000000000,0000.000,0000.000,0000.000,0152
 
001104811,000000000,000000000,0000.000,0000.000,0000.000,0152
 
001104831,000000000,000000000,0000.000,0000.000,0000.000,0006
 
001104851,000000000,000000000,0000.000,0000.000,0000.000,0152
 
001104871,000000000,000000000,0000.000,0000.000,0000.000,0153
 
001104891,000000000,000000000,0000.000,0000.000,0000.000,0152
 
001104911,000000000,-00000001,0000.000,0000.000,0000.000,0152
 
001104931,000000000,000000000,0000.000,0000.000,0000.000,0152
 
001104951,000000000,000000000,0000.000,0000.000,0000.000,0152
 
001104971,000000000,000000000,0000.000,0000.000,0000.000,0152
 
001104991,000000000,000000000,0000.000,0000.000,0000.000,0153
 
001105011,000000000,000000000,0000.000,0000.000,0000.000,0154
 
001105031,000000000,000000000,0000.000,0000.000,0000.000,0154
 
001105051,000000000,000000000,0000.000,0000.000,0000.000,0154
 
001105071,000000000,000000000,0000.000,0000.000,0000.000,0012
 
001105091,000000000,000000000,0000.000,0000.000,0000.000,0009
 
001105111,000000000,000000000,0000.000,0000.000,0000.000,0008
 
001105131,000000000,000000000,0000.000,0000.000,0000.000,0007
 
001105151,000000000,000000000,0000.000,0000.000,0000.000,0007
 
001105171,000000000,000000000,0000.000,0000.000,0000.000,0006
 
001105191,000000000,000000000,0000.000,0000.000,0000.000,0007
 
001105211,000000000,000000001,0000.000,0000.000,0000.000,0007
 
001105231,-00000001,000000000,0000.000,0000.000,0000.000,0007
 
001105251,000000000,000000000,0000.000,0000.000,0000.000,0007
 
001105271,000000000,000000000,0000.000,0000.000,0000.000,0006
 
001105291,000000000,000000000,0000.000,0000.000,0000.000,0007
 
001105311,000000000,000000000,0000.000,0000.000,0000.000,0007
 
001105331,-00000001,000000000,0000.000,0000.000,0000.000,0006
 
001105351,000000000,000000000,0000.000,0000.000,0000.000,0007
 
001105371,-00000001,-00000001,0000.000,0000.000,0000.000,0007
 
001105391,000000000,000000000,0000.000,0000.000,0000.000,0007
 
001105411,000000000,000000000,0000.000,0000.000,0000.000,0007
 
001105431,000000000,000000000,0000.000,0000.000,0000.000,0007
 
001105451,000000000,000000000,0000.000,0000.000,0000.000,0008
 
001105471,000000000,000000000,0000.000,0000.000,0000.000,0007
 
001105491,000000000,000000000,0000.000,0000.000,0000.000,0154
 
001105511,000000000,000000000,0000.000,0000.000,0000.000,0154
 
001105531,000000000,000000000,0000.000,0000.000,0000.000,0155
 
001105551,000000001,000000000,0000.000,0000.000,0000.000,0154
 
001105571,000000000,000000000,0000.000,0000.000,0000.000,0155
 
001105591,000000000,000000000,0000.000,0000.000,0000.000,0156
 
001105611,000000000,000000000,0000.000,0000.000,0000.000,0010
 
001105631,000000000,000000000,0000.000,0000.000,0000.000,0155
 
001105651,000000000,000000000,0000.000,0000.000,0000.000,0155
 
001105671,000000000,000000000,0000.000,0000.000,0000.000,0154
 
001105691,000000000,000000000,0000.000,0000.000,0000.000,0154
 
001105711,000000000,000000000,0000.000,0000.000,0000.000,0153
 
001105731,000000000,000000001,0000.000,0000.000,0000.000,0152
 
001105751,000000000,000000000,0000.000,0000.000,0000.000,0152
 
001105771,000000000,000000000,0000.000,0000.000,0000.000,0006
 
001105791,000000000,000000000,0000.000,0000.000,0000.000,0006
 
001105811,000000000,000000000,0000.000,0000.000,0000.000,0006
 
001105831,000000000,000000000,0000.000,0000.000,0000.000,0006
 
001105851,000000000,000000001,0000.000,0000.000,0000.000,0008
 
001105871,000000000,000000000,0000.000,0000.000,0000.000,0011
 
001105891,000000000,000000001,0000.000,0000.000,0000.000,0011
 
001105911,000000000,000000001,0000.000,0000.000,0000.000,0156
 
001105931,000000000,000000000,0000.000,0000.000,0000.000,0156
 
001105951,-00000001,000000001,0000.000,0000.000,0000.000,0155
 
001105971,000000000,000000001,0000.000,0000.000,0000.000,0155
 
001105991,000000000,000000000,0000.000,0000.000,0000.000,0153
 
001106011,000000000,000000000,0000.000,0000.000,0000.000,0152
 
001106031,000000000,000000000,0000.000,0000.000,0000.000,0152
 
001106051,000000001,000000001,0000.000,0000.000,0000.000,0152
 
001106071,000000000,000000000,0000.000,0000.000,0000.000,0153
 
001106091,000000000,000000000,0000.000,0000.000,0000.000,0152
 
001106111,000000000,000000000,0000.000,0000.000,0000.000,0152
 
001106131,000000000,000000000,0000.000,0000.000,0000.000,0153
 
001106151,000000000,000000001,0000.000,0000.000,0000.000,0153
 
001106171,000000000,000000000,0000.000,0000.000,0000.000,0152
 
001106191,000000000,000000000,0000.000,0000.000,0000.000,0153
 
001106211,000000000,000000001,0000.000,0000.000,0000.000,0152
 
001106231,000000000,000000000,0000.000,0000.000,0000.000,0152
 
001106251,-00000001,000000000,0000.000,0000.000,0000.000,0152
 
001106271,000000000,000000000,0000.000,0000.000,0000.000,0152
 
001106291,000000000,000000000,0000.000,0000.000,0000.000,0153
 
001106311,-00000001,000000000,0000.000,0000.000,0000.000,0152
 
001106331,000000000,000000001,0000.000,0000.000,0000.000,0152
 
001106351,000000000,000000000,0000.000,0000.000,0000.000,0152
 
001106371,000000000,000000000,0000.000,0000.000,0000.000,0155
 
001106391,000000000,000000000,0000.000,0000.000,0000.000,0156
 
001106411,000000000,000000000,0000.000,0000.000,0000.000,0156
 
001106431,000000000,000000001,0000.000,0000.000,0000.000,0157
 
001106451,000000000,000000000,0000.000,0000.000,0000.000,0014
 
001106471,000000000,000000000,0000.000,0000.000,0000.000,0156
 
001106491,000000000,000000000,0000.000,0000.000,0000.000,0155
 
001106511,000000000,000000000,0000.000,0000.000,0000.000,0154
 
001106531,000000001,000000000,0000.000,0000.000,0000.000,0152
 
001106551,000000001,000000000,0000.000,0000.000,0000.000,0152
 
001106571,000000000,000000000,0000.000,0000.000,0000.000,0006
 
001106591,000000000,000000000,0000.000,0000.000,0000.000,0006
 
001106611,000000000,000000000,0000.000,0000.000,0000.000,0007
 
001106631,000000000,000000000,0000.000,0000.000,0000.000,0006
 
001106651,000000000,000000000,0000.000,0000.000,0000.000,0006
 
001106671,000000000,000000000,0000.000,0000.000,0000.000,0006
 
001106691,000000000,000000000,0000.000,0000.000,0000.000,0007
 
001106711,000000000,000000000,0000.000,0000.000,0000.000,0006
 
001106731,000000000,-00000001,0000.000,0000.000,0000.000,0006
 
001106751,000000000,000000000,0000.000,0000.000,0000.000,0006
 
001106771,000000000,000000000,0000.000,0000.000,0000.000,0008
 
001106791,000000000,-00000001,0000.000,0000.000,0000.000,0010
 
001106811,000000001,000000000,0000.000,0000.000,0000.000,0155
 
001106831,000000000,000000000,0000.000,0000.000,0000.000,0154
 
001106851,000000000,000000000,0000.000,0000.000,0000.000,0153
 
001106871,000000000,000000000,0000.000,0000.000,0000.000,0153
 
001106891,000000000,000000000,0000.000,0000.000,0000.000,0152
 
001106911,-00000001,000000000,0000.000,0000.000,0000.000,0153
 
001106931,000000000,000000000,0000.000,0000.000,0000.000,0154
 
001106951,000000000,000000000,0000.000,0000.000,0000.000,0155
 
001106971,000000000,000000001,0000.000,0000.000,0000.000,0156
 
001106991,000000000,000000000,0000.000,0000.000,0000.000,0157
 
001107011,000000000,000000000,0000.000,0000.000,0000.000,0159
 
001107031,000000000,000000000,0000.000,0000.000,0000.000,0159
 
001107051,000000000,000000000,0000.000,0000.000,0000.000,0017
 
001107071,000000000,000000000,0000.000,0000.000,0000.000,0018
 
001107092,000000000,000000000,0000.000,0000.000,0000.000,1023
 
001107112,000000000,000000000,0000.000,0000.000,0000.000,1023
 
001107132,000000000,000000000,0000.000,0000.000,0000.000,1023
 
001107152,-00000001,000000000,0000.000,0000.000,0000.000,1023
 
001107172,000000000,000000000,0000.000,0000.000,0000.000,1023
 
001107192,000000000,000000000,0000.000,0000.000,0000.000,1023
 
001107212,000000000,000000000,0000.000,0000.000,0000.000,1023
 
001107232,000000000,000000000,0000.000,0000.000,0000.000,1023
 
001107252,000000000,000000000,0000.000,0000.000,0000.000,1023
 
001107272,000000000,000000000,0000.000,0000.000,0000.000,1023
 
001107291,000000000,000000000,0000.000,0000.000,0000.000,0160
 
001107311,000000000,000000000,0000.000,0000.000,0000.000,0157
 
001107331,000000000,000000000,0000.000,0000.000,0000.000,0014
 
001107351,000000000,000000000,0000.000,0000.000,0000.000,0011
 
001107371,000000000,000000000,0000.000,0000.000,0000.000,0007
 
001107391,000000000,000000000,0000.000,0000.000,0000.000,0007
 
001107411,000000000,000000000,0000.000,0000.000,0000.000,0006
 
001107431,000000000,-00000002,0000.000,0000.000,0000.000,0006
 
001107451,000000000,-00000001,0000.000,0000.000,0000.000,0006
 
001107471,000000000,-00000002,0000.000,0000.000,0000.000,0007
 
001107491,000000000,-00000001,0000.000,0000.000,0000.000,0006
 
001107511,000000001,000000000,0000.000,0000.000,0000.000,0007
 
001107531,000000000,-00000001,0000.000,0000.000,0000.000,0007
 
001107551,000000000,000000000,0000.000,0000.000,0000.000,0007
 
001107571,000000001,000000000,0000.000,0000.000,0000.000,0007
 
001107591,000000000,-00000002,0000.000,0000.000,0000.000,0006
 
001107611,-00000002,-00000004,0000.000,0000.000,0000.000,0006
 
001107631,-00000001,-00000006,0000.000,0000.000,0000.000,0152
 
001107651,-00000001,-00000005,0000.000,0000.000,0000.000,0152
 
001107671,000000000,-00000007,0000.000,0000.000,0000.000,0152
 
001107691,000000000,-00000003,0000.000,0000.000,0000.000,0152
 
001107711,000000000,-00000004,0000.000,0000.000,0000.000,0152
 
001107731,000000000,-00000005,0000.000,0000.000,0000.000,0152
 
001107751,000000000,-00000003,0000.000,0000.000,0000.000,0152
 
001107771,-00000001,-00000003,0000.000,0000.000,0000.000,0152
 
001107791,-00000001,-00000005,0000.000,0000.000,0000.000,0152
 
001107811,-00000002,-00000007,0000.000,0000.000,0000.000,0152
 
001107831,-00000001,-00000013,0000.000,0000.000,0000.000,0152
 
001107851,-00000001,-00000013,0000.000,0000.000,0000.000,0007
 
001107871,-00000002,-00000013,0000.000,0000.000,0000.000,0006
 
001107891,-00000004,-00000023,0000.000,0000.000,0000.000,0006
 
001107911,-00000003,-00000030,0000.000,0000.000,0000.000,0152
 
001107931,-00000001,-00000036,0000.000,0000.000,0000.000,0152
 
001107951,000000000,-00000039,0000.000,0000.000,0000.000,0006
 
001107971,000000000,-00000038,0000.000,0000.000,0000.000,0006
 
001107991,-00000001,-00000027,0000.000,0000.000,0000.000,0006
 
001108011,-00000001,-00000017,0000.000,0000.000,0000.000,0007
 
001108031,000000000,-00000011,0000.000,0000.000,0000.000,0152
 
001108051,000000001,-00000008,0000.000,0000.000,0000.000,0153
 
001108071,000000001,-00000005,0000.000,0000.000,0000.000,0006
 
001108091,-00000001,-00000007,0000.000,0000.000,0000.000,0006
 
001108111,-00000001,-00000010,0000.000,0000.000,0000.000,0007
 
001108131,000000000,-00000015,0000.000,0000.000,0000.000,0152
 
001108151,000000001,-00000015,0000.000,0000.000,0000.000,0152
 
001108171,000000002,-00000014,0000.000,0000.000,0000.000,0152
 
001108191,000000003,-00000014,0000.000,0000.000,0000.000,0007
 
001108211,000000002,-00000016,0000.000,0000.000,0000.000,0152
 
001108231,000000001,-00000013,0000.000,0000.000,0000.000,0007
 
001108251,000000000,-00000014,0000.000,0000.000,0000.000,0153
 
001108271,000000000,-00000012,0000.000,0000.000,0000.000,0152
 
001108291,-00000002,-00000013,0000.000,0000.000,0000.000,0153
 
001108311,-00000001,-00000013,0000.000,0000.000,0000.000,0006
 
001108331,-00000002,-00000008,0000.000,0000.000,0000.000,0152
 
001108351,000000000,-00000006,0000.000,0000.000,0000.000,0153
 
001108371,000000000,-00000011,0000.000,0000.000,0000.000,0152
 
001108391,000000000,-00000017,0000.000,0000.000,0000.000,0007
 
001108411,000000004,-00000018,0000.000,0000.000,0000.000,0153
 
001108431,000000002,-00000014,0000.000,0000.000,0000.000,0007
 
001108451,-00000002,-00000012,0000.000,0000.000,0000.000,0153
 
001108471,-00000003,-00000021,0000.000,0000.000,0000.000,0007
 
001108491,000000000,-00000032,0000.000,0000.000,0000.000,0152
 
001108511,000000000,-00000039,0000.000,0000.000,0000.000,0007
 
001108531,000000000,-00000041,0000.000,0000.000,0000.000,0153
 
001108551,000000001,-00000037,0000.000,0000.000,0000.000,0006
 
001108571,000000000,-00000030,0000.000,0000.000,0000.000,0153
 
001108591,-00000001,-00000028,0000.000,0000.000,0000.000,0007
 
001108611,000000000,-00000029,0000.000,0000.000,0000.000,0152
 
001108631,000000000,-00000028,0000.000,0000.000,0000.000,0007
 
001108651,000000000,-00000026,0000.000,0000.000,0000.000,0153
 
001108671,000000000,-00000023,0000.000,0000.000,0000.000,0006
 
001108691,000000000,-00000019,0000.000,0000.000,0000.000,0007
 
001108711,000000000,-00000015,0000.000,0000.000,0000.000,0007
 
001108731,-00000001,-00000014,0000.000,0000.000,0000.000,0152
 
001108751,000000000,-00000014,0000.000,0000.000,0000.000,0153
 
001108771,000000000,-00000010,0000.000,0000.000,0000.000,0006
 
001108791,-00000001,-00000009,0000.000,0000.000,0000.000,0153
 
001108811,000000000,-00000008,0000.000,0000.000,0000.000,0153
 
001108831,000000000,-00000009,0000.000,0000.000,0000.000,0006
 
001108851,000000000,-00000004,0000.000,0000.000,0000.000,0007
 
001108871,000000000,-00000002,0000.000,0000.000,0000.000,0007
 
001108891,000000000,-00000001,0000.000,0000.000,0000.000,0007
 
001108911,000000001,-00000002,0000.000,0000.000,0000.000,0007
 
001108931,000000001,-00000001,0000.000,0000.000,0000.000,0007
 
001108951,000000000,-00000001,0000.000,0000.000,0000.000,0007
 
001108971,000000000,-00000002,0000.000,0000.000,0000.000,0008
 
001108991,000000000,-00000005,0000.000,0000.000,0000.000,0008
 
001109011,-00000001,-00000008,0000.000,0000.000,0000.000,0007
 
001109031,-00000002,-00000014,0000.000,0000.000,0000.000,0006
 
001109051,-00000002,-00000018,0000.000,0000.000,0000.000,0152
 
001109071,000000000,-00000019,0000.000,0000.000,0000.000,0153
 
001109091,000000000,-00000018,0000.000,0000.000,0000.000,0153
 
001109111,-00000001,-00000020,0000.000,0000.000,0000.000,0008
 
001109131,-00000002,-00000020,0000.000,0000.000,0000.000,0153
 
001109151,-00000002,-00000019,0000.000,0000.000,0000.000,0007
 
001109171,-00000004,-00000017,0000.000,0000.000,0000.000,0153
 
001109191,-00000003,-00000017,0000.000,0000.000,0000.000,0007
 
001109211,-00000003,-00000017,0000.000,0000.000,0000.000,0152
 
001109231,-00000003,-00000015,0000.000,0000.000,0000.000,0007
 
001109251,-00000001,-00000013,0000.000,0000.000,0000.000,0152
 
001109271,-00000002,-00000013,0000.000,0000.000,0000.000,0007
 
001109291,-00000003,-00000017,0000.000,0000.000,0000.000,0152
 
001109311,-00000005,-00000022,0000.000,0000.000,0000.000,0007
 
001109331,-00000005,-00000029,0000.000,0000.000,0000.000,0007
 
001109351,-00000003,-00000036,0000.000,0000.000,0000.000,0153
 
001109371,-00000002,-00000047,0000.000,0000.000,0000.000,0007
 
001109391,-00000002,-00000055,0000.000,0000.000,0000.000,0153
 
001109411,-00000002,-00000052,0000.000,0000.000,0000.000,0007
 
001109431,-00000004,-00000050,0000.000,0000.000,0000.000,0153
 
001109451,-00000001,-00000055,0000.000,0000.000,0000.000,0006
 
001109471,-00000001,-00000053,0000.000,0000.000,0000.000,0152
 
001109491,-00000002,-00000045,0000.000,0000.000,0000.000,0006
 
001109511,-00000005,-00000046,0000.000,0000.000,0000.000,0153
 
001109531,-00000004,-00000046,0000.000,0000.000,0000.000,0153
 
001109551,-00000002,-00000045,0000.000,0000.000,0000.000,0007
 
001109571,-00000002,-00000040,0000.000,0000.000,0000.000,0153
 
001109591,000000000,-00000033,0000.000,0000.000,0000.000,0153
 
001109611,-00000001,-00000025,0000.000,0000.000,0000.000,0006
 
001109631,-00000002,-00000023,0000.000,0000.000,0000.000,0006
 
001109651,-00000002,-00000024,0000.000,0000.000,0000.000,0153
 
001109671,-00000002,-00000024,0000.000,0000.000,0000.000,0153
 
001109691,-00000003,-00000025,0000.000,0000.000,0000.000,0153
 
001109711,-00000002,-00000025,0000.000,0000.000,0000.000,0152
 
001109731,-00000003,-00000025,0000.000,0000.000,0000.000,0007
 
001109751,-00000004,-00000025,0000.000,0000.000,0000.000,0153
 
001109771,-00000003,-00000028,0000.000,0000.000,0000.000,0152
 
001109791,-00000001,-00000034,0000.000,0000.000,0000.000,0007
 
001109811,000000000,-00000037,0000.000,0000.000,0000.000,0153
 
001109831,000000000,-00000036,0000.000,0000.000,0000.000,0007
 
001109851,000000000,-00000034,0000.000,0000.000,0000.000,0153
 
001109871,-00000002,-00000031,0000.000,0000.000,0000.000,0007
 
001109891,-00000002,-00000027,0000.000,0000.000,0000.000,0152
 
001109911,000000000,-00000024,0000.000,0000.000,0000.000,0007
 
001109931,000000002,-00000019,0000.000,0000.000,0000.000,0152
 
001109951,000000001,-00000016,0000.000,0000.000,0000.000,0007
 
001109971,000000000,-00000013,0000.000,0000.000,0000.000,0153
 
001109991,-00000001,-00000012,0000.000,0000.000,0000.000,0007
 
001110011,-00000002,-00000013,0000.000,0000.000,0000.000,0153
 
001110031,-00000001,-00000011,0000.000,0000.000,0000.000,0007
 
001110051,-00000002,-00000015,0000.000,0000.000,0000.000,0153
 
001110071,-00000003,-00000020,0000.000,0000.000,0000.000,0007
 
001110091,-00000003,-00000030,0000.000,0000.000,0000.000,0153
 
001110111,-00000005,-00000040,0000.000,0000.000,0000.000,0007
 
001110131,-00000005,-00000044,0000.000,0000.000,0000.000,0152
 
001110151,-00000002,-00000037,0000.000,0000.000,0000.000,0007
 
001110171,-00000001,-00000034,0000.000,0000.000,0000.000,0153
 
001110191,000000000,-00000034,0000.000,0000.000,0000.000,0152
 
001110211,-00000001,-00000037,0000.000,0000.000,0000.000,0007
 
001110231,-00000002,-00000037,0000.000,0000.000,0000.000,0153
 
001110251,-00000003,-00000036,0000.000,0000.000,0000.000,0153
 
001110271,000000000,-00000033,0000.000,0000.000,0000.000,0007
 
001110291,-00000001,-00000031,0000.000,0000.000,0000.000,0153
 
001110311,-00000003,-00000035,0000.000,0000.000,0000.000,0153
 
001110331,-00000004,-00000033,0000.000,0000.000,0000.000,0153
 
001110351,-00000002,-00000032,0000.000,0000.000,0000.000,0153
 
001110371,000000000,-00000027,0000.000,0000.000,0000.000,0153
 
001110391,000000000,-00000024,0000.000,0000.000,0000.000,0007
 
001110411,-00000001,-00000020,0000.000,0000.000,0000.000,0153
 
001110431,-00000002,-00000025,0000.000,0000.000,0000.000,0152
 
001110451,000000000,-00000020,0000.000,0000.000,0000.000,0007
 
001110471,000000002,-00000021,0000.000,0000.000,0000.000,0153
 
001110491,000000002,-00000026,0000.000,0000.000,0000.000,0153
 
001110511,000000000,-00000024,0000.000,0000.000,0000.000,0007
 
001110531,-00000001,-00000022,0000.000,0000.000,0000.000,0153
 
001110551,-00000002,-00000017,0000.000,0000.000,0000.000,0008
 
001110571,-00000004,-00000017,0000.000,0000.000,0000.000,0153
 
001110591,-00000006,-00000016,0000.000,0000.000,0000.000,0008
 
001110611,-00000004,-00000025,0000.000,0000.000,0000.000,0153
 
001110631,-00000001,-00000025,0000.000,0000.000,0000.000,0007
 
001110651,000000000,-00000034,0000.000,0000.000,0000.000,0152
 
001110671,000000000,-00000032,0000.000,0000.000,0000.000,0006
 
001110691,000000000,-00000036,0000.000,0000.000,0000.000,0153
 
001110711,000000002,-00000042,0000.000,0000.000,0000.000,0007
 
001110731,000000002,-00000054,0000.000,0000.000,0000.000,0153
 
001110751,000000003,-00000055,0000.000,0000.000,0000.000,0007
 
001110771,000000001,-00000053,0000.000,0000.000,0000.000,0007
 
001110791,000000001,-00000046,0000.000,0000.000,0000.000,0153
 
001110811,-00000002,-00000040,0000.000,0000.000,0000.000,0006
 
001110831,-00000003,-00000036,0000.000,0000.000,0000.000,0153
 
001110851,-00000004,-00000033,0000.000,0000.000,0000.000,0007
 
001110871,-00000004,-00000033,0000.000,0000.000,0000.000,0153
 
001110891,-00000003,-00000034,0000.000,0000.000,0000.000,0007
 
001110911,-00000004,-00000033,0000.000,0000.000,0000.000,0153
 
001110931,-00000007,-00000031,0000.000,0000.000,0000.000,0007
 
001110951,-00000007,-00000026,0000.000,0000.000,0000.000,0153
 
001110971,-00000003,-00000022,0000.000,0000.000,0000.000,0153
 
001110991,-00000003,-00000021,0000.000,0000.000,0000.000,0007
 
001111011,-00000002,-00000022,0000.000,0000.000,0000.000,0153
 
001111031,-00000003,-00000024,0000.000,0000.000,0000.000,0153
 
001111051,-00000005,-00000030,0000.000,0000.000,0000.000,0153
 
001111071,-00000007,-00000035,0000.000,0000.000,0000.000,0153
 
001111091,-00000008,-00000038,0000.000,0000.000,0000.000,0153
 
001111111,-00000005,-00000039,0000.000,0000.000,0000.000,0153
 
001111131,-00000003,-00000040,0000.000,0000.000,0000.000,0153
 
001111151,-00000004,-00000041,0000.000,0000.000,0000.000,0152
 
001111171,-00000006,-00000040,0000.000,0000.000,0000.000,0007
 
001111191,-00000007,-00000035,0000.000,0000.000,0000.000,0153
 
001111211,-00000007,-00000027,0000.000,0000.000,0000.000,0007
 
001111231,-00000004,-00000021,0000.000,0000.000,0000.000,0152
 
001111251,-00000002,-00000017,0000.000,0000.000,0000.000,0007
 
001111271,-00000003,-00000013,0000.000,0000.000,0000.000,0152
 
001111291,-00000003,-00000015,0000.000,0000.000,0000.000,0007
 
001111311,-00000002,-00000016,0000.000,0000.000,0000.000,0153
 
001111331,-00000003,-00000017,0000.000,0000.000,0000.000,0007
 
001111351,-00000003,-00000021,0000.000,0000.000,0000.000,0153
 
001111371,-00000005,-00000026,0000.000,0000.000,0000.000,0007
 
001111391,-00000005,-00000024,0000.000,0000.000,0000.000,0153
 
001111411,-00000003,-00000025,0000.000,0000.000,0000.000,0007
 
001111431,000000000,-00000019,0000.000,0000.000,0000.000,0152
 
001111451,000000000,-00000024,0000.000,0000.000,0000.000,0007
 
001111471,-00000001,-00000029,0000.000,0000.000,0000.000,0007
 
001111491,-00000004,-00000028,0000.000,0000.000,0000.000,0007
 
001111511,-00000001,-00000029,0000.000,0000.000,0000.000,0152
 
001111531,000000003,-00000032,0000.000,0000.000,0000.000,0007
 
001111551,000000005,-00000030,0000.000,0000.000,0000.000,0153
 
001111571,000000000,-00000024,0000.000,0000.000,0000.000,0007
 
001111591,-00000001,-00000025,0000.000,0000.000,0000.000,0153
 
001111611,000000000,-00000026,0000.000,0000.000,0000.000,0007
 
001111631,-00000001,-00000025,0000.000,0000.000,0000.000,0007
 
001111651,-00000001,-00000025,0000.000,0000.000,0000.000,0153
 
001111671,-00000002,-00000023,0000.000,0000.000,0000.000,0007
 
001111691,000000000,-00000023,0000.000,0000.000,0000.000,0153
 
001111711,-00000001,-00000019,0000.000,0000.000,0000.000,0007
 
001111731,-00000001,-00000016,0000.000,0000.000,0000.000,0007
 
001111751,-00000001,-00000014,0000.000,0000.000,0000.000,0152
 
001111771,-00000001,-00000016,0000.000,0000.000,0000.000,0153
 
001111791,000000000,-00000018,0000.000,0000.000,0000.000,0153
 
001111811,000000000,-00000020,0000.000,0000.000,0000.000,0153
 
001111831,000000000,-00000016,0000.000,0000.000,0000.000,0007
 
001111851,-00000002,-00000025,0000.000,0000.000,0000.000,0153
 
001111871,-00000001,-00000027,0000.000,0000.000,0000.000,0153
 
001111891,000000000,-00000030,0000.000,0000.000,0000.000,0007
 
001111911,-00000001,-00000025,0000.000,0000.000,0000.000,0153
 
001111931,000000000,-00000026,0000.000,0000.000,0000.000,0153
 
001111951,000000001,-00000026,0000.000,0000.000,0000.000,0007
 
001111971,000000002,-00000023,0000.000,0000.000,0000.000,0153
 
001111991,000000000,-00000019,0000.000,0000.000,0000.000,0152
 
001112011,000000001,-00000025,0000.000,0000.000,0000.000,0007
 
001112031,000000000,-00000025,0000.000,0000.000,0000.000,0153
 
001112051,000000001,-00000019,0000.000,0000.000,0000.000,0007
 
001112071,000000001,-00000019,0000.000,0000.000,0000.000,0153
 
001112091,000000001,-00000018,0000.000,0000.000,0000.000,0007
 
001112111,000000001,-00000012,0000.000,0000.000,0000.000,0153
 
001112131,000000001,-00000008,0000.000,0000.000,0000.000,0007
 
001112151,000000000,-00000008,0000.000,0000.000,0000.000,0152
 
001112171,000000000,-00000013,0000.000,0000.000,0000.000,0153
 
001112191,000000000,-00000012,0000.000,0000.000,0000.000,0006
 
001112211,000000001,-00000018,0000.000,0000.000,0000.000,0152
 
001112231,-00000002,-00000021,0000.000,0000.000,0000.000,0007
 
001112251,-00000004,-00000017,0000.000,0000.000,0000.000,0153
 
001112271,-00000002,-00000010,0000.000,0000.000,0000.000,0006
 
001112291,000000000,-00000009,0000.000,0000.000,0000.000,0153
 
001112311,-00000002,-00000013,0000.000,0000.000,0000.000,0153
 
001112331,-00000001,-00000017,0000.000,0000.000,0000.000,0007
 
001112351,000000000,-00000017,0000.000,0000.000,0000.000,0153
 
001112371,000000000,-00000017,0000.000,0000.000,0000.000,0153
 
001112391,000000000,-00000016,0000.000,0000.000,0000.000,0007
 
001112411,000000000,-00000012,0000.000,0000.000,0000.000,0153
 
001112431,-00000001,-00000013,0000.000,0000.000,0000.000,0007
 
001112451,-00000003,-00000011,0000.000,0000.000,0000.000,0153
 
001112471,-00000003,-00000013,0000.000,0000.000,0000.000,0153
 
001112491,-00000002,-00000015,0000.000,0000.000,0000.000,0153
 
001112511,-00000001,-00000016,0000.000,0000.000,0000.000,0007
 
001112531,-00000002,-00000020,0000.000,0000.000,0000.000,0153
 
001112551,-00000003,-00000020,0000.000,0000.000,0000.000,0153
 
001112571,-00000002,-00000025,0000.000,0000.000,0000.000,0153
 
001112591,-00000001,-00000013,0000.000,0000.000,0000.000,0153
 
001112611,000000000,-00000005,0000.000,0000.000,0000.000,0153
 
001112631,000000000,-00000001,0000.000,0000.000,0000.000,0153
 
001112651,000000000,000000000,0000.000,0000.000,0000.000,0153
 
001112671,000000000,000000000,0000.000,0000.000,0000.000,0153
 
001112691,000000001,000000000,0000.000,0000.000,0000.000,0153
 
001112711,000000000,000000000,0000.000,0000.000,0000.000,0153
 
001112731,000000000,000000000,0000.000,0000.000,0000.000,0153
 
001112751,000000000,000000000,0000.000,0000.000,0000.000,0153
 
001112771,-00000002,-00000004,0000.000,0000.000,0000.000,0153
 
001112791,-00000004,-00000020,0000.000,0000.000,0000.000,0153
 
001112811,-00000005,-00000033,0000.000,0000.000,0000.000,0007
 
001112831,-00000001,-00000035,0000.000,0000.000,0000.000,0152
 
001112851,000000000,-00000041,0000.000,0000.000,0000.000,0007
 
001112871,-00000001,-00000039,0000.000,0000.000,0000.000,0152
 
001112891,000000000,-00000030,0000.000,0000.000,0000.000,0007
 
001112911,000000003,-00000020,0000.000,0000.000,0000.000,0153
 
001112931,000000002,-00000010,0000.000,0000.000,0000.000,0007
 
001112951,000000001,-00000004,0000.000,0000.000,0000.000,0153
 
001112971,000000001,-00000001,0000.000,0000.000,0000.000,0152
 
001112991,000000000,000000000,0000.000,0000.000,0000.000,0152
 
001113011,000000000,000000000,0000.000,0000.000,0000.000,0153
 
001113031,000000000,000000000,0000.000,0000.000,0000.000,0153
 
001113051,000000000,000000000,0000.000,0000.000,0000.000,0152
 
001113071,000000000,000000000,0000.000,0000.000,0000.000,0152
 
001113091,000000000,000000000,0000.000,0000.000,0000.000,0153
 
001113111,000000000,-00000002,0000.000,0000.000,0000.000,0152
 
001113131,000000003,-00000014,0000.000,0000.000,0000.000,0152
 
001113151,000000006,-00000026,0000.000,0000.000,0000.000,0153
 
001113171,000000005,-00000028,0000.000,0000.000,0000.000,0006
 
001113191,000000003,-00000024,0000.000,0000.000,0000.000,0152
 
001113211,000000001,-00000016,0000.000,0000.000,0000.000,0007
 
001113231,000000001,-00000011,0000.000,0000.000,0000.000,0007
 
001113251,000000000,-00000005,0000.000,0000.000,0000.000,0153
 
001113271,-00000002,-00000001,0000.000,0000.000,0000.000,0153
 
001113291,-00000001,000000000,0000.000,0000.000,0000.000,0005
 
001113311,000000000,000000000,0000.000,0000.000,0000.000,0006
 
001113331,-00000001,000000000,0000.000,0000.000,0000.000,0007
 
001113351,-00000001,000000000,0000.000,0000.000,0000.000,0008
 
001113371,000000000,000000000,0000.000,0000.000,0000.000,0007
 
001113391,000000000,-00000006,0000.000,0000.000,0000.000,0152
 
001113411,000000003,-00000015,0000.000,0000.000,0000.000,0153
 
001113431,000000004,-00000023,0000.000,0000.000,0000.000,0153
 
001113451,000000001,-00000020,0000.000,0000.000,0000.000,0007
 
001113471,000000000,-00000021,0000.000,0000.000,0000.000,0152
 
001113491,-00000003,-00000018,0000.000,0000.000,0000.000,0007
 
001113511,-00000003,-00000015,0000.000,0000.000,0000.000,0153
 
001113531,-00000002,-00000010,0000.000,0000.000,0000.000,0007
 
001113551,-00000002,-00000009,0000.000,0000.000,0000.000,0152
 
001113571,-00000001,-00000013,0000.000,0000.000,0000.000,0153
 
001113591,-00000001,-00000013,0000.000,0000.000,0000.000,0008
 
001113611,-00000001,-00000013,0000.000,0000.000,0000.000,0153
 
001113631,-00000004,-00000014,0000.000,0000.000,0000.000,0008
 
001113651,-00000004,-00000013,0000.000,0000.000,0000.000,0007
 
001113671,-00000007,-00000007,0000.000,0000.000,0000.000,0152
 
001113691,-00000006,-00000005,0000.000,0000.000,0000.000,0153
 
001113711,-00000003,-00000013,0000.000,0000.000,0000.000,0152
 
001113731,-00000002,-00000010,0000.000,0000.000,0000.000,0007
 
001113751,000000000,-00000009,0000.000,0000.000,0000.000,0153
 
001113771,000000000,-00000006,0000.000,0000.000,0000.000,0152
 
001113791,000000000,-00000003,0000.000,0000.000,0000.000,0007
 
001113811,000000000,-00000001,0000.000,0000.000,0000.000,0007
 
001113831,000000000,000000000,0000.000,0000.000,0000.000,0007
 
001113851,000000000,000000000,0000.000,0000.000,0000.000,0007
 
001113871,000000000,-00000002,0000.000,0000.000,0000.000,0007
 
001113891,-00000001,-00000011,0000.000,0000.000,0000.000,0007
 
001113911,-00000002,-00000020,0000.000,0000.000,0000.000,0153
 
001113931,-00000001,-00000023,0000.000,0000.000,0000.000,0008
 
001113951,-00000002,-00000018,0000.000,0000.000,0000.000,0153
 
001113971,000000000,-00000012,0000.000,0000.000,0000.000,0152
 
001113991,000000001,-00000011,0000.000,0000.000,0000.000,0153
 
001114011,000000003,-00000009,0000.000,0000.000,0000.000,0007
 
001114031,000000001,-00000008,0000.000,0000.000,0000.000,0008
 
001114051,-00000001,-00000010,0000.000,0000.000,0000.000,0007
 
001114071,-00000003,-00000013,0000.000,0000.000,0000.000,0153
 
001114091,-00000001,-00000013,0000.000,0000.000,0000.000,0153
 
001114111,000000000,-00000011,0000.000,0000.000,0000.000,0007
 
001114131,000000000,-00000013,0000.000,0000.000,0000.000,0153
 
001114151,000000000,-00000008,0000.000,0000.000,0000.000,0153
 
001114171,-00000002,-00000002,0000.000,0000.000,0000.000,0153
 
001114191,000000000,-00000001,0000.000,0000.000,0000.000,0153
 
001114211,000000000,000000000,0000.000,0000.000,0000.000,0152
 
001114231,000000000,-00000003,0000.000,0000.000,0000.000,0153
 
001114251,-00000004,-00000014,0000.000,0000.000,0000.000,0153
 
001114271,-00000002,-00000025,0000.000,0000.000,0000.000,0008
 
001114291,000000004,-00000026,0000.000,0000.000,0000.000,0153
 
001114311,000000005,-00000025,0000.000,0000.000,0000.000,0008
 
001114331,000000000,-00000019,0000.000,0000.000,0000.000,0153
 
001114351,-00000002,-00000013,0000.000,0000.000,0000.000,0007
 
001114371,000000000,-00000003,0000.000,0000.000,0000.000,0152
 
001114391,000000000,-00000001,0000.000,0000.000,0000.000,0152
 
001114411,000000000,000000000,0000.000,0000.000,0000.000,0153
 
001114431,000000001,000000000,0000.000,0000.000,0000.000,0153
 
001114451,000000000,000000000,0000.000,0000.000,0000.000,0152
 
001114471,000000000,000000000,0000.000,0000.000,0000.000,0153
 
001114491,000000000,000000000,0000.000,0000.000,0000.000,0153
 
001114511,000000000,000000000,0000.000,0000.000,0000.000,0153
 
001114531,000000000,000000000,0000.000,0000.000,0000.000,0153
 
001114551,000000000,000000000,0000.000,0000.000,0000.000,0153
 
001114571,000000000,000000000,0000.000,0000.000,0000.000,0007
 
001114591,000000000,000000000,0000.000,0000.000,0000.000,0007
 
001114611,000000000,000000000,0000.000,0000.000,0000.000,0007
 
001114631,000000000,000000000,0000.000,0000.000,0000.000,0007
 
001114651,000000000,000000000,0000.000,0000.000,0000.000,0007
 
001114671,000000000,000000000,0000.000,0000.000,0000.000,0007
 
001114691,000000000,000000000,0000.000,0000.000,0000.000,0007
 
001114711,000000000,-00000001,0000.000,0000.000,0000.000,0007
 
001114731,000000000,000000000,0000.000,0000.000,0000.000,0007
 
001114751,000000000,000000000,0000.000,0000.000,0000.000,0007
 
001114771,000000000,000000000,0000.000,0000.000,0000.000,0007
 
001114791,000000000,000000000,0000.000,0000.000,0000.000,0011
 
001114811,000000000,000000000,0000.000,0000.000,0000.000,0156
 
001114831,000000000,000000000,0000.000,0000.000,0000.000,0156
 
001114851,000000000,000000000,0000.000,0000.000,0000.000,0156
 
001114871,000000000,000000000,0000.000,0000.000,0000.000,0155
 
001114891,000000000,000000000,0000.000,0000.000,0000.000,0158
 
001114911,000000000,000000000,0000.000,0000.000,0000.000,0157
 
001114931,000000000,000000000,0000.000,0000.000,0000.000,0159
 
001114951,000000000,000000000,0000.000,0000.000,0000.000,0159
 
001114971,000000000,000000000,0000.000,0000.000,0000.000,0018
 
001114991,000000000,000000000,0000.000,0000.000,0000.000,0018
 
001115011,000000000,000000000,0000.000,0000.000,0000.000,0160
 
001115031,000000000,000000000,0000.000,0000.000,0000.000,0161
 
001115052,000000000,000000000,0000.000,0000.000,0000.000,0162
 
001115072,000000000,000000001,0000.000,0000.000,0000.000,1023
 
001115092,000000000,000000000,0000.000,0000.000,0000.000,1023
 
001115112,000000000,000000001,0000.000,0000.000,0000.000,1023
 
001115132,000000000,000000000,0000.000,0000.000,0000.000,1023
 
001115152,000000000,000000000,0000.000,0000.000,0000.000,1023
 
001115172,000000000,000000001,0000.000,0000.000,0000.000,1023
 
001115192,000000000,000000000,0000.000,0000.000,0000.000,1023
 
001115212,000000000,000000000,0000.000,0000.000,0000.000,1023
 
001115232,000000000,000000000,0000.000,0000.000,0000.000,1023
 
001115252,000000000,000000000,0000.000,0000.000,0000.000,1023
 
001115272,000000000,000000000,0000.000,0000.000,0000.000,1023
 
001115291,000000000,000000000,0000.000,0000.000,0000.000,0021
 
001115311,000000001,-00000001,0000.000,0000.000,0000.000,0021
 
001115331,000000000,-00000001,0000.000,0000.000,0000.000,0017
 
001115351,000000000,000000000,0000.000,0000.000,0000.000,0016
 
001115371,000000001,000000000,0000.000,0000.000,0000.000,0020
 
001115391,000000000,000000000,0000.000,0000.000,0000.000,0016
 
001115411,000000000,000000000,0000.000,0000.000,0000.000,0017
 
001115431,000000000,000000000,0000.000,0000.000,0000.000,0015
 
001115451,000000000,000000000,0000.000,0000.000,0000.000,0016
 
001115471,000000000,000000000,0000.000,0000.000,0000.000,0016
 
001115491,000000000,000000000,0000.000,0000.000,0000.000,0158
 
001115511,000000000,000000000,0000.000,0000.000,0000.000,0157
 
001115531,000000000,000000000,0000.000,0000.000,0000.000,0157
 
001115551,000000000,000000000,0000.000,0000.000,0000.000,0157
 
001115571,000000000,000000000,0000.000,0000.000,0000.000,0157
 
001115591,000000000,000000000,0000.000,0000.000,0000.000,0156
 
001115611,000000000,000000000,0000.000,0000.000,0000.000,0157
 
001115631,000000000,000000000,0000.000,0000.000,0000.000,0157
 
001115651,000000000,000000000,0000.000,0000.000,0000.000,0156
 
001115671,000000000,000000000,0000.000,0000.000,0000.000,0156
 
001115691,000000000,000000000,0000.000,0000.000,0000.000,0156
 
001115711,000000000,000000000,0000.000,0000.000,0000.000,0156
 
001115731,000000000,000000000,0000.000,0000.000,0000.000,0156
 
001115751,000000001,000000001,0000.000,0000.000,0000.000,0156
 
001115771,000000000,000000000,0000.000,0000.000,0000.000,0155
 
001115791,000000000,000000000,0000.000,0000.000,0000.000,0155
 
001115811,000000000,000000000,0000.000,0000.000,0000.000,0155
 
001115831,000000000,000000000,0000.000,0000.000,0000.000,0155
 
001115851,000000000,000000000,0000.000,0000.000,0000.000,0155
 
001115871,000000000,000000000,0000.000,0000.000,0000.000,0155
 
001115891,000000000,000000000,0000.000,0000.000,0000.000,0155
 
001115911,000000000,000000000,0000.000,0000.000,0000.000,0154
 
001115931,000000000,000000000,0000.000,0000.000,0000.000,0154
 
001115951,-00000002,000000001,0000.000,0000.000,0000.000,0154
 
001115971,-00000002,000000002,0000.000,0000.000,0000.000,0154
 
001115991,-00000001,000000000,0000.000,0000.000,0000.000,0154
 
001116011,000000000,000000001,0000.000,0000.000,0000.000,0009
 
001116031,000000000,000000000,0000.000,0000.000,0000.000,0008
 
001116051,-00000001,000000000,0000.000,0000.000,0000.000,0007
 
001116071,000000000,000000000,0000.000,0000.000,0000.000,0008
 
001116091,000000000,000000000,0000.000,0000.000,0000.000,0009
 
001116111,000000000,000000000,0000.000,0000.000,0000.000,0009
 
001116131,000000001,000000000,0000.000,0000.000,0000.000,0010
 
001116151,000000000,000000000,0000.000,0000.000,0000.000,0008
 
001116171,000000001,-00000002,0000.000,0000.000,0000.000,0008
 
001116191,000000019,-00000017,0000.000,0000.000,0000.000,0009
 
001116211,000000047,-00000040,0000.000,0000.000,0000.000,0154
 
001116231,000000053,-00000047,0000.000,0000.000,0000.000,0154
 
001116251,000000012,-00000013,0000.000,0000.000,0000.000,0153
 
001116271,000000009,-00000008,0000.000,0000.000,0000.000,0154
 
001116291,000000008,-00000008,0000.000,0000.000,0000.000,0154
 
001116311,000000007,-00000007,0000.000,0000.000,0000.000,0154
 
001116331,000000006,-00000007,0000.000,0000.000,0000.000,0154
 
001116351,000000005,-00000007,0000.000,0000.000,0000.000,0153
 
001116371,000000004,-00000007,0000.000,0000.000,0000.000,0154
 
001116391,000000005,-00000004,0000.000,0000.000,0000.000,0153
 
001116411,000000004,-00000004,0000.000,0000.000,0000.000,0153
 
001116431,000000004,-00000004,0000.000,0000.000,0000.000,0153
 
001116451,000000003,-00000004,0000.000,0000.000,0000.000,0154
 
001116471,000000003,-00000004,0000.000,0000.000,0000.000,0153
 
001116491,000000002,-00000002,0000.000,0000.000,0000.000,0153
 
001116511,000000001,-00000001,0000.000,0000.000,0000.000,0153
 
001116531,000000000,000000000,0000.000,0000.000,0000.000,0153
 
001116551,000000000,000000000,0000.000,0000.000,0000.000,0153
 
001116571,000000000,000000000,0000.000,0000.000,0000.000,0153
 
001116591,000000000,000000000,0000.000,0000.000,0000.000,0007
 
001116611,000000000,000000000,0000.000,0000.000,0000.000,0153
 
001116631,000000000,000000000,0000.000,0000.000,0000.000,0153
 
001116651,000000000,000000000,0000.000,0000.000,0000.000,0007
 
001116671,000000000,000000000,0000.000,0000.000,0000.000,0007
 
001116691,000000000,000000000,0000.000,0000.000,0000.000,0153
 
001116711,000000000,000000000,0000.000,0000.000,0000.000,0007
 
001116731,000000000,000000000,0000.000,0000.000,0000.000,0152
 
001116751,000000000,000000000,0000.000,0000.000,0000.000,0153
 
001116771,000000000,000000000,0000.000,0000.000,0000.000,0153
 
001116791,000000000,000000000,0000.000,0000.000,0000.000,0153
 
001116811,000000000,000000000,0000.000,0000.000,0000.000,0153
 
001116831,000000000,000000000,0000.000,0000.000,0000.000,0007
 
001116851,000000000,000000000,0000.000,0000.000,0000.000,0007
 
001116871,000000012,-00000032,0000.000,0000.000,0000.000,0007
 
001116891,000000031,-00000082,0000.000,0000.000,0000.000,0007
 
001116911,000000043,-00000103,0000.000,0000.000,0000.000,0007
 
001116931,000000043,-00000073,0000.000,0000.000,0000.000,0006
 
001116951,000000040,-00000039,0000.000,0000.000,0000.000,0007
 
001116971,000000032,-00000003,0000.000,0000.000,0000.000,0007
 
001116991,000000023,000000034,0000.000,0000.000,0000.000,0007
 
001117011,000000015,000000038,0000.000,0000.000,0000.000,0007
 
001117031,000000004,000000021,0000.000,0000.000,0000.000,0007
 
001117051,-00000001,000000017,0000.000,0000.000,0000.000,0007
 
001117071,-00000002,000000016,0000.000,0000.000,0000.000,0008
 
001117091,000000000,000000004,0000.000,0000.000,0000.000,0007
 
001117111,000000000,000000000,0000.000,0000.000,0000.000,0007
 
001117131,000000000,000000000,0000.000,0000.000,0000.000,0007
 
001117151,000000000,000000000,0000.000,0000.000,0000.000,0007
 
001117171,000000000,000000000,0000.000,0000.000,0000.000,0008
 
001117191,000000000,000000000,0000.000,0000.000,0000.000,0007
 
001117211,000000000,000000000,0000.000,0000.000,0000.000,0007
 
001117231,000000000,000000000,0000.000,0000.000,0000.000,0007
 
001117251,000000000,000000000,0000.000,0000.000,0000.000,0007
 
001117271,000000000,000000000,0000.000,0000.000,0000.000,0007
 
001117291,000000000,000000000,0000.000,0000.000,0000.000,0007
 
001117311,000000000,000000000,0000.000,0000.000,0000.000,0008
 
001117331,000000000,000000000,0000.000,0000.000,0000.000,0152
 
001117351,000000000,000000000,0000.000,0000.000,0000.000,0007
 
001117371,000000000,000000000,0000.000,0000.000,0000.000,0008
 
001117391,000000000,000000000,0000.000,0000.000,0000.000,0153
 
001117411,000000000,000000000,0000.000,0000.000,0000.000,0007
 
001117431,000000000,000000000,0000.000,0000.000,0000.000,0153
 
001117451,000000000,000000000,0000.000,0000.000,0000.000,0152
 
001117471,000000000,000000000,0000.000,0000.000,0000.000,0153
 
001117491,000000000,000000000,0000.000,0000.000,0000.000,0007
 
001117511,000000000,000000000,0000.000,0000.000,0000.000,0153
 
001117531,000000000,000000000,0000.000,0000.000,0000.000,0153
 
