000954485,000002079,000003791,0000.000,0000.000,0000.000,
 
000954504,000000000,000000000,0000.000,0000.000,0000.000,
 
000954524,000000000,000000000,0000.000,0000.000,0000.000,
 
000954544,000000000,000000000,0000.000,0000.000,0000.000,
 
000954564,000000000,000000000,0000.000,0000.000,0000.000,
 
000954584,000000000,000000000,0000.000,0000.000,0000.000,
 
000954604,000000000,000000000,0000.000,0000.000,0000.000,
 
000954624,000000000,000000000,0000.000,0000.000,0000.000,
 
000954644,000000000,000000000,0000.000,0000.000,0000.000,
 
000954664,000000000,000000000,0000.000,0000.000,0000.000,
 
000954684,000000000,000000000,0000.000,0000.000,0000.000,
 
000954704,000000000,000000000,0000.000,0000.000,0000.000,
 
000954724,000000000,000000000,0000.000,0000.000,0000.000,
 
000954744,000000000,000000000,0000.000,0000.000,0000.000,
 
000954764,000000000,000000000,0000.000,0000.000,0000.000,
 
000954784,000000000,000000000,0000.000,0000.000,0000.000,
 
000954804,000000000,000000000,0000.000,0000.000,0000.000,
 
000954824,000000000,000000000,0000.000,0000.000,0000.000,
 
000954844,000000000,000000000,0000.000,0000.000,0000.000,
 
000954864,000000000,000000000,0000.000,0000.000,0000.000,
 
000954884,000000000,000000000,0000.000,0000.000,0000.000,
 
000954904,000000000,000000000,0000.000,0000.000,0000.000,
 
000954924,000000000,000000000,0000.000,0000.000,0000.000,
 
000954944,000000000,000000000,0000.000,0000.000,0000.000,
 
000954964,000000000,000000000,0000.000,0000.000,0000.000,
 
000954984,000000000,000000000,0000.000,0000.000,0000.000,
 
000955004,000000000,000000000,0000.000,0000.000,0000.000,
 
000955024,000000000,000000000,0000.000,0000.000,0000.000,
 
000955044,000000000,000000000,0000.000,0000.000,0000.000,
 
000955064,000000000,000000000,0000.000,0000.000,0000.000,
 
000955084,000000000,000000000,0000.000,0000.000,0000.000,
 
000955104,000000000,000000000,0000.000,0000.000,0000.000,
 
000955124,000000000,000000000,0000.000,0000.000,0000.000,
 
000955144,000000000,000000000,0000.000,0000.000,0000.000,
 
000955164,000000000,000000000,0000.000,0000.000,0000.000,
 
000955184,000000000,000000000,0000.000,0000.000,0000.000,
 
000955204,000000000,000000000,0000.000,0000.000,0000.000,
 
000955224,000000000,000000000,0000.000,0000.000,0000.000,
 
000955244,000000000,000000000,0000.000,0000.000,0000.000,
 
000955264,000000000,000000000,0000.000,0000.000,0000.000,
 
000955284,000000000,000000000,0000.000,0000.000,0000.000,
 
000955304,000000000,000000000,0000.000,0000.000,0000.000,
 
000955324,000000000,000000000,0000.000,0000.000,0000.000,
 
000955344,000000000,000000000,0000.000,0000.000,0000.000,
 
000955364,000000000,000000000,0000.000,0000.000,0000.000,
 
000955384,000000000,000000000,0000.000,0000.000,0000.000,
 
000955404,000000000,000000000,0000.000,0000.000,0000.000,
 
000955424,000000000,000000000,0000.000,0000.000,0000.000,
 
000955444,000000000,000000000,0000.000,0000.000,0000.000,
 
000955464,000000000,000000000,0000.000,0000.000,0000.000,
 
000955484,000000000,000000000,0000.000,0000.000,0000.000,
 
000955504,000000000,000000000,0000.000,0000.000,0000.000,
 
000955524,000000000,000000000,0000.000,0000.000,0000.000,
 
000955544,000000000,000000000,0000.000,0000.000,0000.000,
 
000955564,000000000,000000000,0000.000,0000.000,0000.000,
 
000955584,000000000,000000000,0000.000,0000.000,0000.000,
 
000955604,000000000,000000000,0000.000,0000.000,0000.000,
 
000955624,000000000,000000000,0000.000,0000.000,0000.000,
 
000955644,000000000,000000000,0000.000,0000.000,0000.000,
 
000955664,000000000,000000000,0000.000,0000.000,0000.000,
 
000955684,000000000,000000000,0000.000,0000.000,0000.000,
 
000955704,000000000,000000000,0000.000,0000.000,0000.000,
 
000955724,000000000,000000000,0000.000,0000.000,0000.000,
 
000955744,000000000,000000000,0000.000,0000.000,0000.000,
 
000955764,000000000,000000000,0000.000,0000.000,0000.000,
 
000955784,000000000,000000000,0000.000,0000.000,0000.000,
 
000955804,000000000,000000000,0000.000,0000.000,0000.000,
 
000955824,000000000,000000000,0000.000,0000.000,0000.000,
 
000955844,000000000,000000000,0000.000,0000.000,0000.000,
 
000955864,000000000,000000000,0000.000,0000.000,0000.000,
 
000955884,000000000,000000000,0000.000,0000.000,0000.000,
 
000955904,000000000,000000000,0000.000,0000.000,0000.000,
 
000955924,000000000,000000000,0000.000,0000.000,0000.000,
 
000955944,000000000,000000000,0000.000,0000.000,0000.000,
 
000955964,000000000,000000000,0000.000,0000.000,0000.000,
 
000955984,000000000,000000000,0000.000,0000.000,0000.000,
 
000956004,000000000,000000000,0000.000,0000.000,0000.000,
 
000956024,000000000,000000000,0000.000,0000.000,0000.000,
 
000956044,000000000,000000000,0000.000,0000.000,0000.000,
 
000956064,000000000,000000000,0000.000,0000.000,0000.000,
 
000956084,000000000,000000000,0000.000,0000.000,0000.000,
 
000956104,000000000,000000000,0000.000,0000.000,0000.000,
 
000956124,000000000,000000000,0000.000,0000.000,0000.000,
 
000956144,000000000,000000000,0000.000,0000.000,0000.000,
 
000956164,000000000,000000000,0000.000,0000.000,0000.000,
 
000956184,000000000,000000000,0000.000,0000.000,0000.000,
 
000956204,000000000,000000000,0000.000,0000.000,0000.000,
 
000956224,000000000,000000000,0000.000,0000.000,0000.000,
 
000956244,000000000,000000000,0000.000,0000.000,0000.000,
 
000956264,000000000,000000000,0000.000,0000.000,0000.000,
 
000956284,000000000,000000000,0000.000,0000.000,0000.000,
 
000956304,000000000,000000000,0000.000,0000.000,0000.000,
 
000956324,000000000,000000000,0000.000,0000.000,0000.000,
 
000956344,000000000,000000000,0000.000,0000.000,0000.000,
 
000956364,000000000,000000000,0000.000,0000.000,0000.000,
 
000956384,000000000,000000000,0000.000,0000.000,0000.000,
 
000956404,000000000,000000000,0000.000,0000.000,0000.000,
 
000956424,000000000,000000000,0000.000,0000.000,0000.000,
 
000956444,000000000,000000000,0000.000,0000.000,0000.000,
 
000956464,000000000,000000000,0000.000,0000.000,0000.000,
 
000956484,000000000,000000000,0000.000,0000.000,0000.000,
 
000956504,000000000,000000000,0000.000,0000.000,0000.000,
 
000956524,000000000,000000000,0000.000,0000.000,0000.000,
 
000956544,000000000,000000000,0000.000,0000.000,0000.000,
 
000956564,000000000,000000000,0000.000,0000.000,0000.000,
 
000956584,000000000,000000000,0000.000,0000.000,0000.000,
 
000956604,000000000,000000000,0000.000,0000.000,0000.000,
 
000956624,000000000,000000000,0000.000,0000.000,0000.000,
 
000956644,000000000,000000000,0000.000,0000.000,0000.000,
 
000956664,000000000,000000000,0000.000,0000.000,0000.000,
 
000956684,000000000,000000000,0000.000,0000.000,0000.000,
 
000956704,000000000,000000000,0000.000,0000.000,0000.000,
 
000956724,000000000,000000000,0000.000,0000.000,0000.000,
 
000956744,000000000,000000000,0000.000,0000.000,0000.000,
 
000956764,000000000,000000000,0000.000,0000.000,0000.000,
 
000956784,000000000,000000000,0000.000,0000.000,0000.000,
 
000956804,000000000,000000000,0000.000,0000.000,0000.000,
 
000956824,000000000,000000000,0000.000,0000.000,0000.000,
 
000956844,000000000,000000000,0000.000,0000.000,0000.000,
 
000956864,000000000,000000000,0000.000,0000.000,0000.000,
 
000956884,000000000,000000000,0000.000,0000.000,0000.000,
 
000956904,000000000,000000000,0000.000,0000.000,0000.000,
 
000956924,000000000,000000000,0000.000,0000.000,0000.000,
 
000956944,000000000,000000000,0000.000,0000.000,0000.000,
 
000956964,000000000,000000000,0000.000,0000.000,0000.000,
 
000956984,000000000,000000000,0000.000,0000.000,0000.000,
 
000957004,000000000,000000000,0000.000,0000.000,0000.000,
 
000957024,000000001,-00000006,0000.000,0000.000,0000.000,
 
000957044,000000001,-00000013,0000.000,0000.000,0000.000,
 
000957064,000000001,-00000018,0000.000,0000.000,0000.000,
 
000957084,000000001,-00000016,0000.000,0000.000,0000.000,
 
000957104,000000000,-00000013,0000.000,0000.000,0000.000,
 
000957124,000000000,-00000014,0000.000,0000.000,0000.000,
 
000957144,000000000,-00000018,0000.000,0000.000,0000.000,
 
000957164,000000000,-00000025,0000.000,0000.000,0000.000,
 
000957184,000000000,-00000025,0000.000,0000.000,0000.000,
 
000957204,-00000002,-00000024,0000.000,0000.000,0000.000,
 
000957224,-00000003,-00000025,0000.000,0000.000,0000.000,
 
000957244,-00000002,-00000021,0000.000,0000.000,0000.000,
 
000957264,000000000,-00000025,0000.000,0000.000,0000.000,
 
000957284,-00000001,-00000025,0000.000,0000.000,0000.000,
 
000957304,000000000,-00000019,0000.000,0000.000,0000.000,
 
000957324,000000000,-00000025,0000.000,0000.000,0000.000,
 
000957344,000000000,-00000025,0000.000,0000.000,0000.000,
 
000957364,-00000001,-00000018,0000.000,0000.000,0000.000,
 
000957384,000000000,-00000025,0000.000,0000.000,0000.000,
 
000957404,-00000001,-00000025,0000.000,0000.000,0000.000,
 
000957424,-00000001,-00000022,0000.000,0000.000,0000.000,
 
000957444,-00000002,-00000025,0000.000,0000.000,0000.000,
 
000957464,-00000002,-00000030,0000.000,0000.000,0000.000,
 
000957484,-00000002,-00000032,0000.000,0000.000,0000.000,
 
000957504,-00000001,-00000036,0000.000,0000.000,0000.000,
 
000957524,-00000002,-00000049,0000.000,0000.000,0000.000,
 
000957544,-00000002,-00000035,0000.000,0000.000,0000.000,
 
000957564,-00000001,-00000036,0000.000,0000.000,0000.000,
 
000957584,000000000,-00000037,0000.000,0000.000,0000.000,
 
000957604,000000000,-00000049,0000.000,0000.000,0000.000,
 
000957624,000000000,-00000049,0000.000,0000.000,0000.000,
 
000957644,000000000,-00000038,0000.000,0000.000,0000.000,
 
000957664,000000001,-00000040,0000.000,0000.000,0000.000,
 
000957684,000000001,-00000049,0000.000,0000.000,0000.000,
 
000957704,000000000,-00000049,0000.000,0000.000,0000.000,
 
000957724,000000000,-00000036,0000.000,0000.000,0000.000,
 
000957744,000000000,-00000034,0000.000,0000.000,0000.000,
 
000957764,000000000,-00000035,0000.000,0000.000,0000.000,
 
000957784,000000000,-00000049,0000.000,0000.000,0000.000,
 
000957804,000000000,-00000049,0000.000,0000.000,0000.000,
 
000957824,000000000,-00000038,0000.000,0000.000,0000.000,
 
000957844,000000001,-00000036,0000.000,0000.000,0000.000,
 
000957864,000000002,-00000035,0000.000,0000.000,0000.000,
 
000957884,000000001,-00000049,0000.000,0000.000,0000.000,
 
000957904,000000002,-00000029,0000.000,0000.000,0000.000,
 
000957924,000000002,-00000029,0000.000,0000.000,0000.000,
 
000957944,000000002,-00000031,0000.000,0000.000,0000.000,
 
000957964,000000002,-00000032,0000.000,0000.000,0000.000,
 
000957984,000000001,-00000035,0000.000,0000.000,0000.000,
 
000958004,000000001,-00000049,0000.000,0000.000,0000.000,
 
000958024,000000001,-00000049,0000.000,0000.000,0000.000,
 
000958044,000000000,-00000040,0000.000,0000.000,0000.000,
 
000958064,-00000001,-00000042,0000.000,0000.000,0000.000,
 
000958084,-00000001,-00000039,0000.000,0000.000,0000.000,
 
000958104,000000000,-00000037,0000.000,0000.000,0000.000,
 
000958124,-00000001,-00000049,0000.000,0000.000,0000.000,
 
000958144,-00000002,-00000049,0000.000,0000.000,0000.000,
 
000958164,-00000002,-00000049,0000.000,0000.000,0000.000,
 
000958184,-00000001,-00000049,0000.000,0000.000,0000.000,
 
000958204,000000000,-00000040,0000.000,0000.000,0000.000,
 
000958224,000000000,-00000041,0000.000,0000.000,0000.000,
 
000958244,000000000,-00000041,0000.000,0000.000,0000.000,
 
000958264,000000000,-00000039,0000.000,0000.000,0000.000,
 
000958284,000000002,-00000037,0000.000,0000.000,0000.000,
 
000958304,000000002,-00000034,0000.000,0000.000,0000.000,
 
000958324,000000002,-00000031,0000.000,0000.000,0000.000,
 
000958344,000000001,-00000029,0000.000,0000.000,0000.000,
 
000958364,000000000,-00000028,0000.000,0000.000,0000.000,
 
000958384,000000001,-00000028,0000.000,0000.000,0000.000,
 
000958404,000000001,-00000027,0000.000,0000.000,0000.000,
 
000958424,000000000,-00000028,0000.000,0000.000,0000.000,
 
000958444,000000000,-00000028,0000.000,0000.000,0000.000,
 
000958464,-00000001,-00000028,0000.000,0000.000,0000.000,
 
000958484,-00000002,-00000029,0000.000,0000.000,0000.000,
 
000958504,000000000,-00000029,0000.000,0000.000,0000.000,
 
000958524,-00000001,-00000030,0000.000,0000.000,0000.000,
 
000958544,-00000001,-00000030,0000.000,0000.000,0000.000,
 
000958564,-00000001,-00000032,0000.000,0000.000,0000.000,
 
000958584,000000000,-00000032,0000.000,0000.000,0000.000,
 
000958604,-00000002,-00000032,0000.000,0000.000,0000.000,
 
000958624,-00000002,-00000033,0000.000,0000.000,0000.000,
 
000958644,-00000001,-00000033,0000.000,0000.000,0000.000,
 
000958664,-00000001,-00000034,0000.000,0000.000,0000.000,
 
000958684,-00000001,-00000033,0000.000,0000.000,0000.000,
 
000958704,-00000003,-00000049,0000.000,0000.000,0000.000,
 
000958724,-00000003,-00000049,0000.000,0000.000,0000.000,
 
000958744,-00000004,-00000049,0000.000,0000.000,0000.000,
 
000958764,-00000002,-00000049,0000.000,0000.000,0000.000,
 
000958784,-00000002,-00000049,0000.000,0000.000,0000.000,
 
000958804,-00000002,-00000049,0000.000,0000.000,0000.000,
 
000958824,-00000002,-00000049,0000.000,0000.000,0000.000,
 
000958844,-00000001,-00000049,0000.000,0000.000,0000.000,
 
000958864,-00000001,-00000049,0000.000,0000.000,0000.000,
 
000958884,-00000002,-00000049,0000.000,0000.000,0000.000,
 
000958904,-00000002,-00000049,0000.000,0000.000,0000.000,
 
000958924,000000000,-00000049,0000.000,0000.000,0000.000,
 
000958944,000000000,-00000049,0000.000,0000.000,0000.000,
 
000958964,000000000,-00000049,0000.000,0000.000,0000.000,
 
000958984,000000000,-00000049,0000.000,0000.000,0000.000,
 
000959004,000000001,-00000049,0000.000,0000.000,0000.000,
 
000959024,000000000,-00000049,0000.000,0000.000,0000.000,
 
000959044,-00000001,-00000049,0000.000,0000.000,0000.000,
 
000959064,-00000002,-00000049,0000.000,0000.000,0000.000,
 
000959084,-00000001,-00000049,0000.000,0000.000,0000.000,
 
000959104,-00000001,-00000029,0000.000,0000.000,0000.000,
 
000959124,000000000,-00000029,0000.000,0000.000,0000.000,
 
000959144,-00000001,-00000027,0000.000,0000.000,0000.000,
 
000959164,000000000,-00000028,0000.000,0000.000,0000.000,
 
000959184,000000000,-00000028,0000.000,0000.000,0000.000,
 
000959204,000000000,-00000029,0000.000,0000.000,0000.000,
 
000959224,000000000,-00000029,0000.000,0000.000,0000.000,
 
000959244,000000000,-00000030,0000.000,0000.000,0000.000,
 
000959264,000000001,-00000049,0000.000,0000.000,0000.000,
 
000959284,000000000,-00000049,0000.000,0000.000,0000.000,
 
000959304,000000000,-00000049,0000.000,0000.000,0000.000,
 
000959324,000000000,-00000049,0000.000,0000.000,0000.000,
 
000959344,000000000,-00000043,0000.000,0000.000,0000.000,
 
000959364,000000000,-00000044,0000.000,0000.000,0000.000,
 
000959384,-00000002,-00000043,0000.000,0000.000,0000.000,
 
000959404,-00000004,-00000043,0000.000,0000.000,0000.000,
 
000959424,-00000004,-00000043,0000.000,0000.000,0000.000,
 
000959444,-00000002,-00000043,0000.000,0000.000,0000.000,
 
000959464,-00000002,-00000042,0000.000,0000.000,0000.000,
 
000959484,-00000004,-00000042,0000.000,0000.000,0000.000,
 
000959504,-00000004,-00000041,0000.000,0000.000,0000.000,
 
000959524,-00000002,-00000043,0000.000,0000.000,0000.000,
 
000959544,-00000001,-00000043,0000.000,0000.000,0000.000,
 
000959564,-00000001,-00000042,0000.000,0000.000,0000.000,
 
000959584,-00000001,-00000049,0000.000,0000.000,0000.000,
 
000959604,000000000,-00000049,0000.000,0000.000,0000.000,
 
000959624,-00000001,-00000049,0000.000,0000.000,0000.000,
 
000959644,000000000,-00000049,0000.000,0000.000,0000.000,
 
000959664,000000000,-00000049,0000.000,0000.000,0000.000,
 
000959684,000000000,-00000049,0000.000,0000.000,0000.000,
 
000959704,000000000,-00000049,0000.000,0000.000,0000.000,
 
000959724,000000000,-00000043,0000.000,0000.000,0000.000,
 
000959744,000000001,-00000044,0000.000,0000.000,0000.000,
 
000959764,000000001,-00000045,0000.000,0000.000,0000.000,
 
000959784,000000000,-00000047,0000.000,0000.000,0000.000,
 
000959804,000000000,-00000047,0000.000,0000.000,0000.000,
 
000959824,-00000002,-00000045,0000.000,0000.000,0000.000,
 
000959844,-00000002,-00000049,0000.000,0000.000,0000.000,
 
000959864,-00000002,-00000050,0000.000,0000.000,0000.000,
 
000959884,-00000003,-00000052,0000.000,0000.000,0000.000,
 
000959904,-00000004,-00000052,0000.000,0000.000,0000.000,
 
000959924,-00000002,-00000050,0000.000,0000.000,0000.000,
 
000959944,-00000001,-00000049,0000.000,0000.000,0000.000,
 
000959964,000000000,-00000044,0000.000,0000.000,0000.000,
 
000959984,-00000001,-00000043,0000.000,0000.000,0000.000,
 
000960004,000000000,-00000042,0000.000,0000.000,0000.000,
 
000960024,000000000,-00000043,0000.000,0000.000,0000.000,
 
000960044,-00000001,-00000041,0000.000,0000.000,0000.000,
 
000960064,-00000001,-00000040,0000.000,0000.000,0000.000,
 
000960084,-00000001,-00000049,0000.000,0000.000,0000.000,
 
000960104,-00000001,-00000049,0000.000,0000.000,0000.000,
 
000960124,-00000001,-00000049,0000.000,0000.000,0000.000,
 
000960144,-00000001,-00000049,0000.000,0000.000,0000.000,
 
000960164,-00000001,-00000033,0000.000,0000.000,0000.000,
 
000960184,-00000001,-00000034,0000.000,0000.000,0000.000,
 
000960204,000000000,-00000035,0000.000,0000.000,0000.000,
 
000960224,000000001,-00000035,0000.000,0000.000,0000.000,
 
000960244,000000001,-00000035,0000.000,0000.000,0000.000,
 
000960264,000000000,-00000049,0000.000,0000.000,0000.000,
 
000960284,000000001,-00000049,0000.000,0000.000,0000.000,
 
000960304,000000001,-00000049,0000.000,0000.000,0000.000,
 
000960324,000000001,-00000049,0000.000,0000.000,0000.000,
 
000960344,000000001,-00000034,0000.000,0000.000,0000.000,
 
000960364,000000001,-00000034,0000.000,0000.000,0000.000,
 
000960384,000000000,-00000034,0000.000,0000.000,0000.000,
 
000960404,000000002,-00000036,0000.000,0000.000,0000.000,
 
000960424,000000000,-00000049,0000.000,0000.000,0000.000,
 
000960444,000000000,-00000049,0000.000,0000.000,0000.000,
 
000960464,000000000,-00000049,0000.000,0000.000,0000.000,
 
000960484,000000001,-00000036,0000.000,0000.000,0000.000,
 
000960504,000000000,-00000035,0000.000,0000.000,0000.000,
 
000960524,000000000,-00000031,0000.000,0000.000,0000.000,
 
000960544,000000000,-00000030,0000.000,0000.000,0000.000,
 
000960564,000000001,-00000030,0000.000,0000.000,0000.000,
 
000960584,000000002,-00000032,0000.000,0000.000,0000.000,
 
000960604,000000001,-00000049,0000.000,0000.000,0000.000,
 
000960624,000000000,-00000033,0000.000,0000.000,0000.000,
 
000960644,-00000001,-00000031,0000.000,0000.000,0000.000,
 
000960664,000000000,-00000030,0000.000,0000.000,0000.000,
 
000960684,-00000001,-00000030,0000.000,0000.000,0000.000,
 
000960704,-00000002,-00000030,0000.000,0000.000,0000.000,
 
000960724,-00000001,-00000030,0000.000,0000.000,0000.000,
 
000960744,-00000002,-00000029,0000.000,0000.000,0000.000,
 
000960764,-00000003,-00000030,0000.000,0000.000,0000.000,
 
000960784,-00000002,-00000030,0000.000,0000.000,0000.000,
 
000960804,000000000,-00000032,0000.000,0000.000,0000.000,
 
000960824,000000000,-00000033,0000.000,0000.000,0000.000,
 
000960844,000000000,-00000049,0000.000,0000.000,0000.000,
 
000960864,-00000002,-00000049,0000.000,0000.000,0000.000,
 
000960884,-00000003,-00000031,0000.000,0000.000,0000.000,
 
000960904,-00000002,-00000031,0000.000,0000.000,0000.000,
 
000960924,-00000001,-00000031,0000.000,0000.000,0000.000,
 
000960944,000000000,-00000029,0000.000,0000.000,0000.000,
 
000960964,000000000,-00000027,0000.000,0000.000,0000.000,
 
000960984,000000001,-00000026,0000.000,0000.000,0000.000,
 
000961004,000000000,-00000028,0000.000,0000.000,0000.000,
 
000961024,-00000002,-00000027,0000.000,0000.000,0000.000,
 
000961044,-00000001,-00000027,0000.000,0000.000,0000.000,
 
000961064,-00000002,-00000025,0000.000,0000.000,0000.000,
 
000961084,-00000002,-00000025,0000.000,0000.000,0000.000,
 
000961104,-00000001,-00000028,0000.000,0000.000,0000.000,
 
000961124,000000000,-00000028,0000.000,0000.000,0000.000,
 
000961144,-00000001,-00000026,0000.000,0000.000,0000.000,
 
000961164,-00000001,-00000026,0000.000,0000.000,0000.000,
 
000961184,-00000001,-00000028,0000.000,0000.000,0000.000,
 
000961204,-00000001,-00000029,0000.000,0000.000,0000.000,
 
000961224,000000000,-00000032,0000.000,0000.000,0000.000,
 
000961244,-00000001,-00000032,0000.000,0000.000,0000.000,
 
000961264,000000000,-00000049,0000.000,0000.000,0000.000,
 
000961284,-00000001,-00000049,0000.000,0000.000,0000.000,
 
000961304,000000000,-00000032,0000.000,0000.000,0000.000,
 
000961324,-00000001,-00000032,0000.000,0000.000,0000.000,
 
000961344,000000000,-00000029,0000.000,0000.000,0000.000,
 
000961364,000000000,-00000027,0000.000,0000.000,0000.000,
 
000961384,000000001,-00000025,0000.000,0000.000,0000.000,
 
000961404,000000000,-00000024,0000.000,0000.000,0000.000,
 
000961424,000000000,-00000023,0000.000,0000.000,0000.000,
 
000961444,000000000,-00000025,0000.000,0000.000,0000.000,
 
000961464,000000000,-00000025,0000.000,0000.000,0000.000,
 
000961484,000000000,-00000025,0000.000,0000.000,0000.000,
 
000961504,000000000,-00000016,0000.000,0000.000,0000.000,
 
000961524,000000000,-00000015,0000.000,0000.000,0000.000,
 
000961544,000000000,-00000013,0000.000,0000.000,0000.000,
 
000961564,000000000,-00000013,0000.000,0000.000,0000.000,
 
000961584,000000000,-00000007,0000.000,0000.000,0000.000,
 
000961604,000000000,-00000009,0000.000,0000.000,0000.000,
 
000961624,-00000001,-00000009,0000.000,0000.000,0000.000,
 
000961644,000000000,-00000007,0000.000,0000.000,0000.000,
 
000961664,-00000001,-00000007,0000.000,0000.000,0000.000,
 
000961684,000000000,-00000006,0000.000,0000.000,0000.000,
 
000961704,000000000,-00000004,0000.000,0000.000,0000.000,
 
000961724,000000000,-00000004,0000.000,0000.000,0000.000,
 
000961744,000000000,-00000004,0000.000,0000.000,0000.000,
 
000961764,000000000,-00000002,0000.000,0000.000,0000.000,
 
000961784,000000000,-00000001,0000.000,0000.000,0000.000,
 
000961804,000000000,000000000,0000.000,0000.000,0000.000,
 
000961824,000000000,000000000,0000.000,0000.000,0000.000,
 
000961844,000000000,000000000,0000.000,0000.000,0000.000,
 
000961864,000000000,000000000,0000.000,0000.000,0000.000,
 
000961884,000000000,000000000,0000.000,0000.000,0000.000,
 
000961904,000000000,000000000,0000.000,0000.000,0000.000,
 
000961924,000000000,000000000,0000.000,0000.000,0000.000,
 
000961944,000000000,000000000,0000.000,0000.000,0000.000,
 
000961964,000000000,000000000,0000.000,0000.000,0000.000,
 
000961984,000000000,000000000,0000.000,0000.000,0000.000,
 
000962004,000000000,000000000,0000.000,0000.000,0000.000,
 
000962024,000000000,000000000,0000.000,0000.000,0000.000,
 
000962044,000000000,000000000,0000.000,0000.000,0000.000,
 
000962064,000000000,000000000,0000.000,0000.000,0000.000,
 
000962084,000000000,000000000,0000.000,0000.000,0000.000,
 
000962104,000000000,000000000,0000.000,0000.000,0000.000,
 
000962124,000000000,000000000,0000.000,0000.000,0000.000,
 
000962144,000000000,000000000,0000.000,0000.000,0000.000,
 
000962164,000000000,000000000,0000.000,0000.000,0000.000,
 
000962184,000000000,000000000,0000.000,0000.000,0000.000,
 
000962204,000000000,000000000,0000.000,0000.000,0000.000,
 
000962224,000000000,000000000,0000.000,0000.000,0000.000,
 
000962244,000000000,000000000,0000.000,0000.000,0000.000,
 
000962264,000000000,000000000,0000.000,0000.000,0000.000,
 
000962284,000000000,000000000,0000.000,0000.000,0000.000,
 
000962304,000000000,000000000,0000.000,0000.000,0000.000,
 
000962324,000000000,000000000,0000.000,0000.000,0000.000,
 
000962344,000000000,000000000,0000.000,0000.000,0000.000,
 
000962364,000000000,000000000,0000.000,0000.000,0000.000,
 
000962384,000000000,000000000,0000.000,0000.000,0000.000,
 
000962404,000000000,000000000,0000.000,0000.000,0000.000,
 
000962424,000000000,000000000,0000.000,0000.000,0000.000,
 
000962444,000000000,000000000,0000.000,0000.000,0000.000,
 
000962464,000000000,000000000,0000.000,0000.000,0000.000,
 
000962484,000000000,000000000,0000.000,0000.000,0000.000,
 
000962504,000000000,000000000,0000.000,0000.000,0000.000,
 
000962524,000000000,000000000,0000.000,0000.000,0000.000,
 
000962544,000000000,000000000,0000.000,0000.000,0000.000,
 
000962564,000000000,000000000,0000.000,0000.000,0000.000,
 
000962584,000000000,000000000,0000.000,0000.000,0000.000,
 
000962604,000000000,000000000,0000.000,0000.000,0000.000,
 
000962624,000000000,000000000,0000.000,0000.000,0000.000,
 
000962644,000000000,000000000,0000.000,0000.000,0000.000,
 
