002035190,-00000008,-00000016,0000.000,0000.000,0000.000,
 
002035209,000000000,000000000,0000.000,0000.000,0000.000,
 
002035229,000000000,000000000,0000.000,0000.000,0000.000,
 
002035249,000000000,000000000,0000.000,0000.000,0000.000,
 
002035269,000000000,000000000,0000.000,0000.000,0000.000,
 
002035289,000000000,000000000,0000.000,0000.000,0000.000,
 
002035309,000000000,000000000,0000.000,0000.000,0000.000,
 
002035329,000000000,000000000,0000.000,0000.000,0000.000,
 
002035349,000000000,000000000,0000.000,0000.000,0000.000,
 
002035369,000000000,000000000,0000.000,0000.000,0000.000,
 
002035389,000000000,000000000,0000.000,0000.000,0000.000,
 
002035409,000000000,000000000,0000.000,0000.000,0000.000,
 
002035429,000000000,000000000,0000.000,0000.000,0000.000,
 
002035449,000000000,000000000,0000.000,0000.000,0000.000,
 
002035469,000000000,000000000,0000.000,0000.000,0000.000,
 
002035489,000000000,000000000,0000.000,0000.000,0000.000,
 
002035509,000000000,000000000,0000.000,0000.000,0000.000,
 
002035529,000000000,000000000,0000.000,0000.000,0000.000,
 
002035549,000000000,000000000,0000.000,0000.000,0000.000,
 
002035569,000000000,000000000,0000.000,0000.000,0000.000,
 
002035589,000000000,000000000,0000.000,0000.000,0000.000,
 
002035609,000000000,000000000,0000.000,0000.000,0000.000,
 
002035629,000000000,000000000,0000.000,0000.000,0000.000,
 
002035649,000000000,000000000,0000.000,0000.000,0000.000,
 
002035669,000000000,000000000,0000.000,0000.000,0000.000,
 
002035689,000000000,000000000,0000.000,0000.000,0000.000,
 
002035709,000000000,000000000,0000.000,0000.000,0000.000,
 
002035729,000000000,000000000,0000.000,0000.000,0000.000,
 
002035749,000000000,000000000,0000.000,0000.000,0000.000,
 
002035769,000000000,000000000,0000.000,0000.000,0000.000,
 
002035789,000000000,000000000,0000.000,0000.000,0000.000,
 
002035809,000000000,000000000,0000.000,0000.000,0000.000,
 
002035829,000000000,000000000,0000.000,0000.000,0000.000,
 
002035849,000000000,000000000,0000.000,0000.000,0000.000,
 
002035869,000000000,000000000,0000.000,0000.000,0000.000,
 
002035889,000000000,000000000,0000.000,0000.000,0000.000,
 
002035909,000000000,000000000,0000.000,0000.000,0000.000,
 
002035929,000000000,000000000,0000.000,0000.000,0000.000,
 
002035949,000000000,000000000,0000.000,0000.000,0000.000,
 
002035969,000000000,000000000,0000.000,0000.000,0000.000,
 
002035989,000000000,000000000,0000.000,0000.000,0000.000,
 
002036009,000000000,000000000,0000.000,0000.000,0000.000,
 
002036029,000000000,000000000,0000.000,0000.000,0000.000,
 
002036049,000000000,000000000,0000.000,0000.000,0000.000,
 
002036069,000000000,000000000,0000.000,0000.000,0000.000,
 
002036089,000000000,000000000,0000.000,0000.000,0000.000,
 
002036109,000000000,000000000,0000.000,0000.000,0000.000,
 
002036129,000000000,000000000,0000.000,0000.000,0000.000,
 
002036149,000000000,000000000,0000.000,0000.000,0000.000,
 
002036169,000000000,000000000,0000.000,0000.000,0000.000,
 
002036189,000000000,000000000,0000.000,0000.000,0000.000,
 
002036209,000000000,000000000,0000.000,0000.000,0000.000,
 
002036229,000000000,000000000,0000.000,0000.000,0000.000,
 
002036249,000000000,000000000,0000.000,0000.000,0000.000,
 
002036269,000000000,000000000,0000.000,0000.000,0000.000,
 
002036289,000000000,000000000,0000.000,0000.000,0000.000,
 
002036309,000000000,000000000,0000.000,0000.000,0000.000,
 
002036329,000000000,000000000,0000.000,0000.000,0000.000,
 
002036349,000000000,000000000,0000.000,0000.000,0000.000,
 
002036369,000000000,000000000,0000.000,0000.000,0000.000,
 
002036389,000000000,000000000,0000.000,0000.000,0000.000,
 
002036409,000000000,000000000,0000.000,0000.000,0000.000,
 
002036429,000000000,000000000,0000.000,0000.000,0000.000,
 
002036449,000000000,000000000,0000.000,0000.000,0000.000,
 
002036469,000000000,000000000,0000.000,0000.000,0000.000,
 
002036489,000000000,000000000,0000.000,0000.000,0000.000,
 
002036509,000000000,000000000,0000.000,0000.000,0000.000,
 
002036529,000000000,000000000,0000.000,0000.000,0000.000,
 
002036549,000000000,000000000,0000.000,0000.000,0000.000,
 
002036569,000000000,000000000,0000.000,0000.000,0000.000,
 
002036589,000000000,000000000,0000.000,0000.000,0000.000,
 
002036609,000000000,000000000,0000.000,0000.000,0000.000,
 
002036629,000000000,000000000,0000.000,0000.000,0000.000,
 
002036649,000000000,000000000,0000.000,0000.000,0000.000,
 
002036669,000000000,000000000,0000.000,0000.000,0000.000,
 
002036689,000000000,000000000,0000.000,0000.000,0000.000,
 
002036709,000000000,000000000,0000.000,0000.000,0000.000,
 
002036729,000000000,000000000,0000.000,0000.000,0000.000,
 
002036749,000000000,000000000,0000.000,0000.000,0000.000,
 
002036769,000000000,000000000,0000.000,0000.000,0000.000,
 
002036789,000000000,000000000,0000.000,0000.000,0000.000,
 
002036809,000000000,000000000,0000.000,0000.000,0000.000,
 
002036829,000000000,000000000,0000.000,0000.000,0000.000,
 
002036849,000000000,000000000,0000.000,0000.000,0000.000,
 
002036869,000000000,000000000,0000.000,0000.000,0000.000,
 
002036889,000000000,000000000,0000.000,0000.000,0000.000,
 
002036909,000000000,000000000,0000.000,0000.000,0000.000,
 
002036929,000000000,000000000,0000.000,0000.000,0000.000,
 
002036949,000000000,000000000,0000.000,0000.000,0000.000,
 
002036969,000000000,000000000,0000.000,0000.000,0000.000,
 
002036989,000000000,000000000,0000.000,0000.000,0000.000,
 
002037009,000000000,000000000,0000.000,0000.000,0000.000,
 
002037029,000000000,000000000,0000.000,0000.000,0000.000,
 
002037049,000000000,000000000,0000.000,0000.000,0000.000,
 
002037069,000000000,000000000,0000.000,0000.000,0000.000,
 
002037089,000000000,000000000,0000.000,0000.000,0000.000,
 
002037109,000000000,000000000,0000.000,0000.000,0000.000,
 
002037129,000000000,000000000,0000.000,0000.000,0000.000,
 
002037149,000000000,000000000,0000.000,0000.000,0000.000,
 
002037169,000000000,000000000,0000.000,0000.000,0000.000,
 
002037189,000000000,000000000,0000.000,0000.000,0000.000,
 
002037209,000000000,000000000,0000.000,0000.000,0000.000,
 
002037229,000000000,000000000,0000.000,0000.000,0000.000,
 
002037249,000000000,000000000,0000.000,0000.000,0000.000,
 
002037269,000000000,000000000,0000.000,0000.000,0000.000,
 
002037289,000000000,000000000,0000.000,0000.000,0000.000,
 
002037309,000000000,000000000,0000.000,0000.000,0000.000,
 
002037329,000000000,000000000,0000.000,0000.000,0000.000,
 
002037349,000000000,000000000,0000.000,0000.000,0000.000,
 
002037369,000000000,000000000,0000.000,0000.000,0000.000,
 
002037389,000000000,000000000,0000.000,0000.000,0000.000,
 
002037409,000000000,000000000,0000.000,0000.000,0000.000,
 
002037429,000000000,000000000,0000.000,0000.000,0000.000,
 
002037449,000000000,000000000,0000.000,0000.000,0000.000,
 
002037469,000000000,000000000,0000.000,0000.000,0000.000,
 
002037489,000000000,000000000,0000.000,0000.000,0000.000,
 
002037509,000000000,000000000,0000.000,0000.000,0000.000,
 
002037529,000000000,000000000,0000.000,0000.000,0000.000,
 
002037549,000000000,000000000,0000.000,0000.000,0000.000,
 
002037569,000000000,000000000,0000.000,0000.000,0000.000,
 
002037589,000000000,000000000,0000.000,0000.000,0000.000,
 
002037609,000000000,000000000,0000.000,0000.000,0000.000,
 
002037629,000000000,000000000,0000.000,0000.000,0000.000,
 
002037649,000000000,000000000,0000.000,0000.000,0000.000,
 
002037669,000000000,000000000,0000.000,0000.000,0000.000,
 
002037689,000000000,000000000,0000.000,0000.000,0000.000,
 
002037709,000000000,000000000,0000.000,0000.000,0000.000,
 
002037729,000000000,000000000,0000.000,0000.000,0000.000,
 
002037749,000000000,-00000001,0000.000,0000.000,0000.000,
 
002037769,000000000,-00000006,0000.000,0000.000,0000.000,
 
002037789,000000001,-00000010,0000.000,0000.000,0000.000,
 
002037809,000000000,-00000013,0000.000,0000.000,0000.000,
 
002037829,000000000,-00000013,0000.000,0000.000,0000.000,
 
002037849,000000000,-00000013,0000.000,0000.000,0000.000,
 
002037869,000000000,-00000009,0000.000,0000.000,0000.000,
 
002037889,000000000,-00000007,0000.000,0000.000,0000.000,
 
002037909,000000000,-00000007,0000.000,0000.000,0000.000,
 
002037929,000000000,-00000007,0000.000,0000.000,0000.000,
 
002037949,000000000,-00000006,0000.000,0000.000,0000.000,
 
002037969,000000000,-00000004,0000.000,0000.000,0000.000,
 
002037989,000000000,-00000004,0000.000,0000.000,0000.000,
 
002038009,000000000,-00000006,0000.000,0000.000,0000.000,
 
002038029,000000000,-00000007,0000.000,0000.000,0000.000,
 
002038049,000000000,-00000007,0000.000,0000.000,0000.000,
 
002038069,000000000,-00000013,0000.000,0000.000,0000.000,
 
002038089,000000000,-00000010,0000.000,0000.000,0000.000,
 
002038109,000000000,-00000013,0000.000,0000.000,0000.000,
 
002038129,000000000,-00000013,0000.000,0000.000,0000.000,
 
002038149,000000000,-00000011,0000.000,0000.000,0000.000,
 
002038169,000000000,-00000013,0000.000,0000.000,0000.000,
 
002038189,000000000,-00000013,0000.000,0000.000,0000.000,
 
002038209,-00000001,-00000007,0000.000,0000.000,0000.000,
 
002038229,-00000002,-00000007,0000.000,0000.000,0000.000,
 
002038249,-00000001,-00000008,0000.000,0000.000,0000.000,
 
002038269,000000000,-00000013,0000.000,0000.000,0000.000,
 
002038289,000000000,-00000013,0000.000,0000.000,0000.000,
 
002038309,000000001,-00000009,0000.000,0000.000,0000.000,
 
002038329,000000000,-00000008,0000.000,0000.000,0000.000,
 
002038349,000000000,-00000008,0000.000,0000.000,0000.000,
 
002038369,000000000,-00000007,0000.000,0000.000,0000.000,
 
002038389,000000000,-00000007,0000.000,0000.000,0000.000,
 
002038409,000000000,-00000008,0000.000,0000.000,0000.000,
 
002038429,000000000,-00000013,0000.000,0000.000,0000.000,
 
002038449,000000001,-00000014,0000.000,0000.000,0000.000,
 
002038469,000000002,-00000025,0000.000,0000.000,0000.000,
 
002038489,000000001,-00000022,0000.000,0000.000,0000.000,
 
002038509,000000001,-00000025,0000.000,0000.000,0000.000,
 
002038529,000000000,-00000026,0000.000,0000.000,0000.000,
 
002038549,000000001,-00000027,0000.000,0000.000,0000.000,
 
002038569,000000002,-00000028,0000.000,0000.000,0000.000,
 
002038589,000000000,-00000027,0000.000,0000.000,0000.000,
 
002038609,000000000,-00000024,0000.000,0000.000,0000.000,
 
002038629,000000001,-00000023,0000.000,0000.000,0000.000,
 
002038649,000000001,-00000025,0000.000,0000.000,0000.000,
 
002038669,000000000,-00000017,0000.000,0000.000,0000.000,
 
002038689,000000000,-00000015,0000.000,0000.000,0000.000,
 
002038709,000000000,-00000016,0000.000,0000.000,0000.000,
 
002038729,000000000,-00000015,0000.000,0000.000,0000.000,
 
002038749,000000000,-00000016,0000.000,0000.000,0000.000,
 
002038769,000000000,-00000016,0000.000,0000.000,0000.000,
 
002038789,000000000,-00000016,0000.000,0000.000,0000.000,
 
002038809,000000000,-00000015,0000.000,0000.000,0000.000,
 
002038829,000000001,-00000014,0000.000,0000.000,0000.000,
 
002038849,000000000,-00000011,0000.000,0000.000,0000.000,
 
002038869,000000000,-00000013,0000.000,0000.000,0000.000,
 
002038889,000000000,-00000011,0000.000,0000.000,0000.000,
 
002038909,000000000,-00000013,0000.000,0000.000,0000.000,
 
002038929,000000000,-00000011,0000.000,0000.000,0000.000,
 
002038949,000000000,-00000013,0000.000,0000.000,0000.000,
 
002038969,000000000,-00000014,0000.000,0000.000,0000.000,
 
002038989,000000000,-00000015,0000.000,0000.000,0000.000,
 
002039009,000000000,-00000013,0000.000,0000.000,0000.000,
 
002039029,-00000001,-00000013,0000.000,0000.000,0000.000,
 
002039049,000000000,-00000012,0000.000,0000.000,0000.000,
 
002039069,000000000,-00000013,0000.000,0000.000,0000.000,
 
002039089,000000000,-00000013,0000.000,0000.000,0000.000,
 
002039109,000000000,-00000014,0000.000,0000.000,0000.000,
 
002039129,-00000001,-00000013,0000.000,0000.000,0000.000,
 
002039149,-00000002,-00000011,0000.000,0000.000,0000.000,
 
002039169,000000000,-00000013,0000.000,0000.000,0000.000,
 
002039189,-00000001,-00000012,0000.000,0000.000,0000.000,
 
002039209,000000000,-00000013,0000.000,0000.000,0000.000,
 
002039229,-00000001,-00000012,0000.000,0000.000,0000.000,
 
002039249,000000000,-00000010,0000.000,0000.000,0000.000,
 
002039269,000000000,-00000013,0000.000,0000.000,0000.000,
 
002039289,000000000,-00000011,0000.000,0000.000,0000.000,
 
002039309,000000000,-00000013,0000.000,0000.000,0000.000,
 
002039329,000000000,-00000012,0000.000,0000.000,0000.000,
 
002039349,000000000,-00000013,0000.000,0000.000,0000.000,
 
002039369,000000000,-00000016,0000.000,0000.000,0000.000,
 
002039389,000000002,-00000017,0000.000,0000.000,0000.000,
 
002039409,000000001,-00000025,0000.000,0000.000,0000.000,
 
002039429,000000000,-00000018,0000.000,0000.000,0000.000,
 
002039449,000000000,-00000019,0000.000,0000.000,0000.000,
 
002039469,000000002,-00000025,0000.000,0000.000,0000.000,
 
002039489,000000001,-00000020,0000.000,0000.000,0000.000,
 
002039509,000000001,-00000025,0000.000,0000.000,0000.000,
 
002039529,000000000,-00000025,0000.000,0000.000,0000.000,
 
002039549,-00000002,-00000019,0000.000,0000.000,0000.000,
 
002039569,-00000002,-00000025,0000.000,0000.000,0000.000,
 
002039589,000000000,-00000019,0000.000,0000.000,0000.000,
 
002039609,-00000001,-00000019,0000.000,0000.000,0000.000,
 
002039629,000000000,-00000025,0000.000,0000.000,0000.000,
 
002039649,-00000001,-00000019,0000.000,0000.000,0000.000,
 
002039669,-00000001,-00000025,0000.000,0000.000,0000.000,
 
002039689,-00000001,-00000018,0000.000,0000.000,0000.000,
 
002039709,000000000,-00000017,0000.000,0000.000,0000.000,
 
002039729,000000001,-00000025,0000.000,0000.000,0000.000,
 
002039749,000000001,-00000018,0000.000,0000.000,0000.000,
 
002039769,000000000,-00000025,0000.000,0000.000,0000.000,
 
002039789,000000001,-00000025,0000.000,0000.000,0000.000,
 
002039809,000000001,-00000020,0000.000,0000.000,0000.000,
 
002039829,000000001,-00000025,0000.000,0000.000,0000.000,
 
002039849,000000000,-00000018,0000.000,0000.000,0000.000,
 
002039869,000000000,-00000017,0000.000,0000.000,0000.000,
 
002039889,000000000,-00000015,0000.000,0000.000,0000.000,
 
002039909,000000000,-00000015,0000.000,0000.000,0000.000,
 
002039929,000000000,-00000016,0000.000,0000.000,0000.000,
 
002039949,000000000,-00000016,0000.000,0000.000,0000.000,
 
002039969,000000001,-00000015,0000.000,0000.000,0000.000,
 
002039989,000000001,-00000015,0000.000,0000.000,0000.000,
 
002040009,000000001,-00000016,0000.000,0000.000,0000.000,
 
002040029,000000001,-00000016,0000.000,0000.000,0000.000,
 
002040049,000000001,-00000016,0000.000,0000.000,0000.000,
 
002040069,000000001,-00000015,0000.000,0000.000,0000.000,
 
002040089,000000000,-00000025,0000.000,0000.000,0000.000,
 
002040109,000000001,-00000018,0000.000,0000.000,0000.000,
 
002040129,000000001,-00000019,0000.000,0000.000,0000.000,
 
002040149,000000001,-00000025,0000.000,0000.000,0000.000,
 
002040169,000000000,-00000021,0000.000,0000.000,0000.000,
 
002040189,000000001,-00000020,0000.000,0000.000,0000.000,
 
002040209,000000001,-00000025,0000.000,0000.000,0000.000,
 
002040229,000000000,-00000020,0000.000,0000.000,0000.000,
 
002040249,-00000002,-00000018,0000.000,0000.000,0000.000,
 
002040269,-00000002,-00000025,0000.000,0000.000,0000.000,
 
002040289,000000000,-00000020,0000.000,0000.000,0000.000,
 
002040309,-00000001,-00000022,0000.000,0000.000,0000.000,
 
002040329,000000000,-00000025,0000.000,0000.000,0000.000,
 
002040349,-00000001,-00000025,0000.000,0000.000,0000.000,
 
002040369,000000000,-00000020,0000.000,0000.000,0000.000,
 
002040389,000000000,-00000025,0000.000,0000.000,0000.000,
 
002040409,000000000,-00000025,0000.000,0000.000,0000.000,
 
002040429,000000000,-00000024,0000.000,0000.000,0000.000,
 
002040449,000000000,-00000024,0000.000,0000.000,0000.000,
 
002040469,000000000,-00000025,0000.000,0000.000,0000.000,
 
002040489,000000002,-00000025,0000.000,0000.000,0000.000,
 
002040509,000000001,-00000022,0000.000,0000.000,0000.000,
 
002040529,000000001,-00000020,0000.000,0000.000,0000.000,
 
002040549,000000001,-00000020,0000.000,0000.000,0000.000,
 
002040569,000000001,-00000025,0000.000,0000.000,0000.000,
 
002040589,000000000,-00000021,0000.000,0000.000,0000.000,
 
002040609,000000001,-00000021,0000.000,0000.000,0000.000,
 
002040629,000000001,-00000025,0000.000,0000.000,0000.000,
 
002040649,000000000,-00000017,0000.000,0000.000,0000.000,
 
002040669,000000000,-00000016,0000.000,0000.000,0000.000,
 
002040689,000000000,-00000015,0000.000,0000.000,0000.000,
 
002040709,000000000,-00000016,0000.000,0000.000,0000.000,
 
002040729,000000000,-00000015,0000.000,0000.000,0000.000,
 
002040749,000000000,-00000014,0000.000,0000.000,0000.000,
 
002040769,000000000,-00000013,0000.000,0000.000,0000.000,
 
002040789,000000000,-00000015,0000.000,0000.000,0000.000,
 
002040809,000000000,-00000015,0000.000,0000.000,0000.000,
 
002040829,000000000,-00000019,0000.000,0000.000,0000.000,
 
002040849,-00000001,-00000025,0000.000,0000.000,0000.000,
 
002040869,000000000,-00000022,0000.000,0000.000,0000.000,
 
002040889,-00000001,-00000023,0000.000,0000.000,0000.000,
 
002040909,-00000001,-00000023,0000.000,0000.000,0000.000,
 
002040929,000000000,-00000025,0000.000,0000.000,0000.000,
 
002040949,000000000,-00000018,0000.000,0000.000,0000.000,
 
002040969,000000000,-00000017,0000.000,0000.000,0000.000,
 
002040989,000000000,-00000016,0000.000,0000.000,0000.000,
 
002041009,000000000,-00000025,0000.000,0000.000,0000.000,
 
002041029,000000000,-00000016,0000.000,0000.000,0000.000,
 
002041049,000000000,-00000015,0000.000,0000.000,0000.000,
 
002041069,-00000002,-00000014,0000.000,0000.000,0000.000,
 
002041089,000000000,-00000016,0000.000,0000.000,0000.000,
 
002041109,-00000001,-00000015,0000.000,0000.000,0000.000,
 
002041129,000000000,-00000016,0000.000,0000.000,0000.000,
 
002041149,000000000,-00000015,0000.000,0000.000,0000.000,
 
002041169,000000000,-00000025,0000.000,0000.000,0000.000,
 
002041189,000000000,-00000017,0000.000,0000.000,0000.000,
 
002041209,000000000,-00000017,0000.000,0000.000,0000.000,
 
002041229,000000000,-00000018,0000.000,0000.000,0000.000,
 
002041249,000000000,-00000025,0000.000,0000.000,0000.000,
 
002041269,000000000,-00000019,0000.000,0000.000,0000.000,
 
002041289,000000000,-00000021,0000.000,0000.000,0000.000,
 
002041309,000000000,-00000021,0000.000,0000.000,0000.000,
 
002041329,000000001,-00000025,0000.000,0000.000,0000.000,
 
002041349,000000000,-00000025,0000.000,0000.000,0000.000,
 
002041369,-00000002,-00000023,0000.000,0000.000,0000.000,
 
002041389,-00000002,-00000023,0000.000,0000.000,0000.000,
 
002041409,-00000001,-00000023,0000.000,0000.000,0000.000,
 
002041429,000000000,-00000025,0000.000,0000.000,0000.000,
 
002041449,000000000,-00000025,0000.000,0000.000,0000.000,
 
002041469,000000000,-00000021,0000.000,0000.000,0000.000,
 
002041489,000000000,-00000021,0000.000,0000.000,0000.000,
 
002041509,000000000,-00000025,0000.000,0000.000,0000.000,
 
002041529,000000000,-00000025,0000.000,0000.000,0000.000,
 
002041549,000000000,-00000021,0000.000,0000.000,0000.000,
 
002041569,000000000,-00000020,0000.000,0000.000,0000.000,
 
002041589,000000000,-00000018,0000.000,0000.000,0000.000,
 
002041609,000000001,-00000025,0000.000,0000.000,0000.000,
 
002041629,000000001,-00000025,0000.000,0000.000,0000.000,
 
002041649,000000001,-00000018,0000.000,0000.000,0000.000,
 
002041669,000000001,-00000016,0000.000,0000.000,0000.000,
 
002041689,000000000,-00000017,0000.000,0000.000,0000.000,
 
002041709,000000000,-00000025,0000.000,0000.000,0000.000,
 
002041729,000000000,-00000025,0000.000,0000.000,0000.000,
 
002041749,000000000,-00000020,0000.000,0000.000,0000.000,
 
002041769,000000000,-00000023,0000.000,0000.000,0000.000,
 
002041789,000000000,-00000025,0000.000,0000.000,0000.000,
 
002041809,000000000,-00000026,0000.000,0000.000,0000.000,
 
002041829,000000000,-00000025,0000.000,0000.000,0000.000,
 
002041849,000000000,-00000023,0000.000,0000.000,0000.000,
 
002041869,000000000,-00000024,0000.000,0000.000,0000.000,
 
002041889,000000000,-00000022,0000.000,0000.000,0000.000,
 
002041909,000000000,-00000025,0000.000,0000.000,0000.000,
 
002041929,-00000001,-00000025,0000.000,0000.000,0000.000,
 
002041949,-00000001,-00000021,0000.000,0000.000,0000.000,
 
002041969,000000000,-00000019,0000.000,0000.000,0000.000,
 
002041989,000000000,-00000018,0000.000,0000.000,0000.000,
 
002042009,000000000,-00000025,0000.000,0000.000,0000.000,
 
002042029,000000000,-00000025,0000.000,0000.000,0000.000,
 
002042049,000000000,-00000015,0000.000,0000.000,0000.000,
 
002042069,000000001,-00000013,0000.000,0000.000,0000.000,
 
002042089,000000000,-00000012,0000.000,0000.000,0000.000,
 
002042109,000000000,-00000013,0000.000,0000.000,0000.000,
 
002042129,-00000001,-00000013,0000.000,0000.000,0000.000,
 
002042149,000000000,-00000012,0000.000,0000.000,0000.000,
 
002042169,-00000001,-00000012,0000.000,0000.000,0000.000,
 
002042189,-00000001,-00000012,0000.000,0000.000,0000.000,
 
002042209,000000000,-00000013,0000.000,0000.000,0000.000,
 
002042229,000000000,-00000013,0000.000,0000.000,0000.000,
 
002042249,000000000,-00000011,0000.000,0000.000,0000.000,
 
002042269,000000000,-00000012,0000.000,0000.000,0000.000,
 
002042289,000000000,-00000011,0000.000,0000.000,0000.000,
 
002042309,000000000,-00000013,0000.000,0000.000,0000.000,
 
002042329,000000000,-00000013,0000.000,0000.000,0000.000,
 
002042349,-00000001,-00000013,0000.000,0000.000,0000.000,
 
002042369,000000000,-00000010,0000.000,0000.000,0000.000,
 
002042389,000000000,-00000010,0000.000,0000.000,0000.000,
 
002042409,000000000,-00000009,0000.000,0000.000,0000.000,
 
002042429,000000001,-00000013,0000.000,0000.000,0000.000,
 
002042449,000000000,-00000013,0000.000,0000.000,0000.000,
 
002042469,-00000001,-00000013,0000.000,0000.000,0000.000,
 
002042489,000000000,-00000013,0000.000,0000.000,0000.000,
 
002042509,000000000,-00000013,0000.000,0000.000,0000.000,
 
002042529,000000000,-00000012,0000.000,0000.000,0000.000,
 
002042549,000000000,-00000013,0000.000,0000.000,0000.000,
 
002042569,000000000,-00000013,0000.000,0000.000,0000.000,
 
002042589,000000000,-00000013,0000.000,0000.000,0000.000,
 
002042609,-00000001,-00000004,0000.000,0000.000,0000.000,
 
002042629,000000000,-00000002,0000.000,0000.000,0000.000,
 
002042649,000000000,-00000001,0000.000,0000.000,0000.000,
 
002042669,000000000,000000000,0000.000,0000.000,0000.000,
 
002042689,000000000,000000000,0000.000,0000.000,0000.000,
 
002042709,000000000,000000000,0000.000,0000.000,0000.000,
 
002042729,000000000,000000000,0000.000,0000.000,0000.000,
 
002042749,000000000,000000000,0000.000,0000.000,0000.000,
 
002042769,000000000,000000000,0000.000,0000.000,0000.000,
 
002042789,000000000,000000000,0000.000,0000.000,0000.000,
 
002042809,000000000,000000000,0000.000,0000.000,0000.000,
 
002042829,000000000,000000000,0000.000,0000.000,0000.000,
 
002042849,000000000,000000000,0000.000,0000.000,0000.000,
 
002042869,000000000,000000000,0000.000,0000.000,0000.000,
 
002042889,000000000,000000000,0000.000,0000.000,0000.000,
 
002042909,000000000,000000000,0000.000,0000.000,0000.000,
 
002042929,000000000,000000000,0000.000,0000.000,0000.000,
 
002042949,000000000,000000000,0000.000,0000.000,0000.000,
 
002042969,000000000,000000000,0000.000,0000.000,0000.000,
 
002042989,000000000,000000000,0000.000,0000.000,0000.000,
 
002043009,000000000,000000000,0000.000,0000.000,0000.000,
 
002043029,000000000,000000000,0000.000,0000.000,0000.000,
 
002043049,000000000,000000000,0000.000,0000.000,0000.000,
 
002043069,000000000,000000000,0000.000,0000.000,0000.000,
 
002043089,000000000,000000000,0000.000,0000.000,0000.000,
 
002043109,000000000,000000000,0000.000,0000.000,0000.000,
 
002043129,000000000,000000000,0000.000,0000.000,0000.000,
 
002043149,000000000,000000000,0000.000,0000.000,0000.000,
 
002043169,000000000,000000000,0000.000,0000.000,0000.000,
 
002043189,000000000,000000000,0000.000,0000.000,0000.000,
 
002043209,000000000,000000000,0000.000,0000.000,0000.000,
 
002043229,000000000,000000000,0000.000,0000.000,0000.000,
 
002043249,000000000,000000000,0000.000,0000.000,0000.000,
 
002043269,000000000,000000000,0000.000,0000.000,0000.000,
 
002043289,000000000,000000000,0000.000,0000.000,0000.000,
 
002043309,000000000,000000000,0000.000,0000.000,0000.000,
 
002043329,000000000,000000000,0000.000,0000.000,0000.000,
 
002043349,000000000,000000000,0000.000,0000.000,0000.000,
 
002043369,000000000,000000000,0000.000,0000.000,0000.000,
 
002043389,000000000,000000000,0000.000,0000.000,0000.000,
 
002043409,000000000,000000000,0000.000,0000.000,0000.000,
 
002043429,000000000,000000000,0000.000,0000.000,0000.000,
 
002043449,000000000,000000000,0000.000,0000.000,0000.000,
 
002043469,000000000,000000000,0000.000,0000.000,0000.000,
 
002043489,000000000,000000000,0000.000,0000.000,0000.000,
 
002043509,000000000,000000000,0000.000,0000.000,0000.000,
 
002043529,000000000,000000000,0000.000,0000.000,0000.000,
 
002043549,000000000,000000000,0000.000,0000.000,0000.000,
 
002043569,000000000,000000000,0000.000,0000.000,0000.000,
 
002043589,000000000,000000000,0000.000,0000.000,0000.000,
 
002043609,000000000,000000000,0000.000,0000.000,0000.000,
 
002043629,000000000,000000000,0000.000,0000.000,0000.000,
 
002043649,000000000,000000000,0000.000,0000.000,0000.000,
 
002043669,000000000,000000000,0000.000,0000.000,0000.000,
 
002043689,000000000,000000000,0000.000,0000.000,0000.000,
 
002043709,000000000,000000000,0000.000,0000.000,0000.000,
 
002043729,000000000,000000000,0000.000,0000.000,0000.000,
 
002043749,000000000,000000000,0000.000,0000.000,0000.000,
 
002043769,000000000,000000000,0000.000,0000.000,0000.000,
 
002043789,000000000,000000000,0000.000,0000.000,0000.000,
 
002043809,000000000,000000000,0000.000,0000.000,0000.000,
 
002043829,000000000,000000000,0000.000,0000.000,0000.000,
 
002043849,000000000,000000000,0000.000,0000.000,0000.000,
 
002043869,000000000,000000000,0000.000,0000.000,0000.000,
 
002043889,000000000,000000000,0000.000,0000.000,0000.000,
 
002043909,000000000,000000000,0000.000,0000.000,0000.000,
 
002043929,000000000,000000000,0000.000,0000.000,0000.000,
 
002043949,000000000,000000000,0000.000,0000.000,0000.000,
 
002043969,000000000,000000000,0000.000,0000.000,0000.000,
 
002043989,000000000,000000000,0000.000,0000.000,0000.000,
 
002044009,000000000,000000000,0000.000,0000.000,0000.000,
 
002044029,000000000,000000003,0000.000,0000.000,0000.000,
 
002044049,000000000,000000007,0000.000,0000.000,0000.000,
 
002044069,-00000001,000000010,0000.000,0000.000,0000.000,
 
002044089,-00000001,000000010,0000.000,0000.000,0000.000,
 
002044109,000000000,000000009,0000.000,0000.000,0000.000,
 
002044129,000000000,000000008,0000.000,0000.000,0000.000,
 
002044149,000000000,000000006,0000.000,0000.000,0000.000,
 
002044169,000000000,000000006,0000.000,0000.000,0000.000,
 
002044189,000000000,000000003,0000.000,0000.000,0000.000,
 
002044209,000000000,000000003,0000.000,0000.000,0000.000,
 
002044229,000000000,000000002,0000.000,0000.000,0000.000,
 
002044249,000000000,000000003,0000.000,0000.000,0000.000,
 
002044269,000000000,000000005,0000.000,0000.000,0000.000,
 
002044289,000000001,000000006,0000.000,0000.000,0000.000,
 
002044309,000000001,000000008,0000.000,0000.000,0000.000,
 
002044329,000000002,000000009,0000.000,0000.000,0000.000,
 
002044349,000000002,000000010,0000.000,0000.000,0000.000,
 
002044369,000000002,000000011,0000.000,0000.000,0000.000,
 
002044389,000000003,000000013,0000.000,0000.000,0000.000,
 
002044409,000000003,000000014,0000.000,0000.000,0000.000,
 
002044429,000000003,000000015,0000.000,0000.000,0000.000,
 
002044449,000000004,000000012,0000.000,0000.000,0000.000,
 
002044469,000000003,000000011,0000.000,0000.000,0000.000,
 
002044489,000000002,000000012,0000.000,0000.000,0000.000,
 
002044509,000000003,000000015,0000.000,0000.000,0000.000,
 
002044529,000000004,000000015,0000.000,0000.000,0000.000,
 
002044549,000000003,000000016,0000.000,0000.000,0000.000,
 
002044569,000000004,000000014,0000.000,0000.000,0000.000,
 
002044589,000000002,000000015,0000.000,0000.000,0000.000,
 
002044609,000000002,000000015,0000.000,0000.000,0000.000,
 
002044629,000000001,000000012,0000.000,0000.000,0000.000,
 
002044649,000000001,000000012,0000.000,0000.000,0000.000,
 
002044669,000000001,000000013,0000.000,0000.000,0000.000,
 
002044689,000000001,000000015,0000.000,0000.000,0000.000,
 
002044709,000000001,000000017,0000.000,0000.000,0000.000,
 
002044729,000000001,000000019,0000.000,0000.000,0000.000,
 
002044749,000000000,000000023,0000.000,0000.000,0000.000,
 
002044769,000000002,000000025,0000.000,0000.000,0000.000,
 
002044789,000000002,000000026,0000.000,0000.000,0000.000,
 
002044809,000000002,000000025,0000.000,0000.000,0000.000,
 
002044829,000000002,000000026,0000.000,0000.000,0000.000,
 
002044849,000000002,000000028,0000.000,0000.000,0000.000,
 
002044869,000000004,000000026,0000.000,0000.000,0000.000,
 
002044889,000000004,000000025,0000.000,0000.000,0000.000,
 
002044909,000000002,000000028,0000.000,0000.000,0000.000,
 
002044929,000000001,000000028,0000.000,0000.000,0000.000,
 
002044949,000000001,000000028,0000.000,0000.000,0000.000,
 
002044969,000000000,000000028,0000.000,0000.000,0000.000,
 
002044989,-00000001,000000028,0000.000,0000.000,0000.000,
 
002045009,-00000001,000000029,0000.000,0000.000,0000.000,
 
002045029,-00000002,000000029,0000.000,0000.000,0000.000,
 
002045049,-00000002,000000028,0000.000,0000.000,0000.000,
 
002045069,-00000002,000000027,0000.000,0000.000,0000.000,
 
002045089,-00000001,000000025,0000.000,0000.000,0000.000,
 
002045109,-00000001,000000024,0000.000,0000.000,0000.000,
 
002045129,000000000,000000024,0000.000,0000.000,0000.000,
 
002045149,000000002,000000022,0000.000,0000.000,0000.000,
 
002045169,000000002,000000020,0000.000,0000.000,0000.000,
 
002045189,000000001,000000020,0000.000,0000.000,0000.000,
 
002045209,000000000,000000018,0000.000,0000.000,0000.000,
 
002045229,000000000,000000017,0000.000,0000.000,0000.000,
 
002045249,000000000,000000017,0000.000,0000.000,0000.000,
 
002045269,-00000001,000000018,0000.000,0000.000,0000.000,
 
002045289,-00000001,000000019,0000.000,0000.000,0000.000,
 
002045309,-00000001,000000018,0000.000,0000.000,0000.000,
 
002045329,-00000001,000000018,0000.000,0000.000,0000.000,
 
002045349,-00000001,000000017,0000.000,0000.000,0000.000,
 
002045369,-00000001,000000019,0000.000,0000.000,0000.000,
 
002045389,000000000,000000020,0000.000,0000.000,0000.000,
 
002045409,-00000001,000000020,0000.000,0000.000,0000.000,
 
002045429,-00000002,000000021,0000.000,0000.000,0000.000,
 
002045449,-00000001,000000021,0000.000,0000.000,0000.000,
 
002045469,-00000002,000000019,0000.000,0000.000,0000.000,
 
002045489,-00000001,000000019,0000.000,0000.000,0000.000,
 
002045509,000000000,000000021,0000.000,0000.000,0000.000,
 
002045529,-00000002,000000024,0000.000,0000.000,0000.000,
 
002045549,-00000002,000000025,0000.000,0000.000,0000.000,
 
002045569,-00000001,000000025,0000.000,0000.000,0000.000,
 
002045589,-00000002,000000026,0000.000,0000.000,0000.000,
 
002045609,-00000002,000000027,0000.000,0000.000,0000.000,
 
002045629,-00000002,000000027,0000.000,0000.000,0000.000,
 
002045649,-00000001,000000025,0000.000,0000.000,0000.000,
 
002045669,-00000001,000000028,0000.000,0000.000,0000.000,
 
002045689,000000000,000000026,0000.000,0000.000,0000.000,
 
002045709,000000000,000000026,0000.000,0000.000,0000.000,
 
002045729,000000000,000000023,0000.000,0000.000,0000.000,
 
002045749,000000000,000000022,0000.000,0000.000,0000.000,
 
002045769,000000000,000000020,0000.000,0000.000,0000.000,
 
002045789,000000000,000000020,0000.000,0000.000,0000.000,
 
002045809,000000000,000000019,0000.000,0000.000,0000.000,
 
002045829,000000000,000000018,0000.000,0000.000,0000.000,
 
002045849,-00000002,000000019,0000.000,0000.000,0000.000,
 
002045869,-00000001,000000019,0000.000,0000.000,0000.000,
 
002045889,-00000003,000000019,0000.000,0000.000,0000.000,
 
002045909,-00000001,000000019,0000.000,0000.000,0000.000,
 
002045929,-00000002,000000019,0000.000,0000.000,0000.000,
 
002045949,-00000001,000000020,0000.000,0000.000,0000.000,
 
002045969,000000000,000000020,0000.000,0000.000,0000.000,
 
002045989,000000000,000000020,0000.000,0000.000,0000.000,
 
002046009,000000000,000000020,0000.000,0000.000,0000.000,
 
002046029,000000000,000000021,0000.000,0000.000,0000.000,
 
002046049,000000000,000000022,0000.000,0000.000,0000.000,
 
002046069,000000000,000000023,0000.000,0000.000,0000.000,
 
002046089,000000000,000000024,0000.000,0000.000,0000.000,
 
002046109,000000000,000000023,0000.000,0000.000,0000.000,
 
002046129,000000000,000000025,0000.000,0000.000,0000.000,
 
002046149,000000000,000000025,0000.000,0000.000,0000.000,
 
002046169,000000001,000000025,0000.000,0000.000,0000.000,
 
002046189,000000003,000000025,0000.000,0000.000,0000.000,
 
002046209,000000002,000000026,0000.000,0000.000,0000.000,
 
002046229,000000002,000000026,0000.000,0000.000,0000.000,
 
002046249,000000001,000000027,0000.000,0000.000,0000.000,
 
002046269,000000001,000000025,0000.000,0000.000,0000.000,
 
002046289,000000000,000000024,0000.000,0000.000,0000.000,
 
002046309,000000000,000000023,0000.000,0000.000,0000.000,
 
002046329,-00000001,000000022,0000.000,0000.000,0000.000,
 
002046349,-00000001,000000024,0000.000,0000.000,0000.000,
 
002046369,000000000,000000024,0000.000,0000.000,0000.000,
 
002046389,000000000,000000023,0000.000,0000.000,0000.000,
 
002046409,000000000,000000021,0000.000,0000.000,0000.000,
 
002046429,000000000,000000021,0000.000,0000.000,0000.000,
 
002046449,000000000,000000018,0000.000,0000.000,0000.000,
 
002046469,000000000,000000017,0000.000,0000.000,0000.000,
 
002046489,000000000,000000018,0000.000,0000.000,0000.000,
 
002046509,000000000,000000017,0000.000,0000.000,0000.000,
 
002046529,000000000,000000017,0000.000,0000.000,0000.000,
 
002046549,000000000,000000019,0000.000,0000.000,0000.000,
 
002046569,000000001,000000020,0000.000,0000.000,0000.000,
 
002046589,000000001,000000020,0000.000,0000.000,0000.000,
 
002046609,000000001,000000019,0000.000,0000.000,0000.000,
 
002046629,000000001,000000020,0000.000,0000.000,0000.000,
 
002046649,000000001,000000018,0000.000,0000.000,0000.000,
 
002046669,000000000,000000018,0000.000,0000.000,0000.000,
 
002046689,000000001,000000017,0000.000,0000.000,0000.000,
 
002046709,000000001,000000018,0000.000,0000.000,0000.000,
 
002046729,000000000,000000018,0000.000,0000.000,0000.000,
 
002046749,000000000,000000018,0000.000,0000.000,0000.000,
 
002046769,000000001,000000017,0000.000,0000.000,0000.000,
 
002046789,000000000,000000018,0000.000,0000.000,0000.000,
 
002046809,000000000,000000018,0000.000,0000.000,0000.000,
 
002046829,-00000002,000000019,0000.000,0000.000,0000.000,
 
002046849,-00000001,000000018,0000.000,0000.000,0000.000,
 
002046869,-00000001,000000018,0000.000,0000.000,0000.000,
 
002046889,-00000001,000000019,0000.000,0000.000,0000.000,
 
002046909,-00000001,000000020,0000.000,0000.000,0000.000,
 
002046929,-00000001,000000020,0000.000,0000.000,0000.000,
 
002046949,-00000001,000000019,0000.000,0000.000,0000.000,
 
002046969,-00000001,000000021,0000.000,0000.000,0000.000,
 
002046989,-00000001,000000020,0000.000,0000.000,0000.000,
 
002047009,000000000,000000017,0000.000,0000.000,0000.000,
 
002047029,000000000,000000017,0000.000,0000.000,0000.000,
 
002047049,000000000,000000018,0000.000,0000.000,0000.000,
 
002047069,000000001,000000020,0000.000,0000.000,0000.000,
 
002047089,000000001,000000021,0000.000,0000.000,0000.000,
 
002047109,000000001,000000018,0000.000,0000.000,0000.000,
 
002047129,000000001,000000017,0000.000,0000.000,0000.000,
 
002047149,000000001,000000019,0000.000,0000.000,0000.000,
 
002047169,000000001,000000020,0000.000,0000.000,0000.000,
 
002047189,000000001,000000022,0000.000,0000.000,0000.000,
 
002047209,000000000,000000022,0000.000,0000.000,0000.000,
 
002047229,000000000,000000022,0000.000,0000.000,0000.000,
 
002047249,-00000001,000000021,0000.000,0000.000,0000.000,
 
002047269,-00000001,000000022,0000.000,0000.000,0000.000,
 
002047289,-00000002,000000022,0000.000,0000.000,0000.000,
 
002047309,-00000001,000000023,0000.000,0000.000,0000.000,
 
002047329,-00000001,000000022,0000.000,0000.000,0000.000,
 
002047349,000000000,000000022,0000.000,0000.000,0000.000,
 
002047369,-00000001,000000021,0000.000,0000.000,0000.000,
 
002047389,000000000,000000021,0000.000,0000.000,0000.000,
 
002047409,-00000001,000000020,0000.000,0000.000,0000.000,
 
002047429,000000000,000000020,0000.000,0000.000,0000.000,
 
002047449,-00000001,000000018,0000.000,0000.000,0000.000,
 
002047469,000000000,000000017,0000.000,0000.000,0000.000,
 
002047489,-00000001,000000016,0000.000,0000.000,0000.000,
 
002047509,-00000001,000000015,0000.000,0000.000,0000.000,
 
002047529,000000000,000000015,0000.000,0000.000,0000.000,
 
002047549,-00000001,000000014,0000.000,0000.000,0000.000,
 
002047569,-00000001,000000015,0000.000,0000.000,0000.000,
 
002047589,-00000001,000000016,0000.000,0000.000,0000.000,
 
002047609,000000000,000000016,0000.000,0000.000,0000.000,
 
002047629,000000000,000000014,0000.000,0000.000,0000.000,
 
002047649,-00000001,000000014,0000.000,0000.000,0000.000,
 
002047669,-00000002,000000016,0000.000,0000.000,0000.000,
 
002047689,-00000002,000000018,0000.000,0000.000,0000.000,
 
002047709,-00000001,000000016,0000.000,0000.000,0000.000,
 
002047729,000000000,000000014,0000.000,0000.000,0000.000,
 
002047749,-00000001,000000014,0000.000,0000.000,0000.000,
 
002047769,-00000001,000000012,0000.000,0000.000,0000.000,
 
002047789,-00000001,000000011,0000.000,0000.000,0000.000,
 
002047809,-00000001,000000012,0000.000,0000.000,0000.000,
 
002047829,000000000,000000011,0000.000,0000.000,0000.000,
 
002047849,-00000001,000000011,0000.000,0000.000,0000.000,
 
002047869,000000000,000000011,0000.000,0000.000,0000.000,
 
002047889,000000000,000000011,0000.000,0000.000,0000.000,
 
002047909,-00000001,000000013,0000.000,0000.000,0000.000,
 
002047929,000000000,000000014,0000.000,0000.000,0000.000,
 
002047949,000000000,000000013,0000.000,0000.000,0000.000,
 
002047969,000000000,000000011,0000.000,0000.000,0000.000,
 
002047989,000000000,000000011,0000.000,0000.000,0000.000,
 
002048009,000000000,000000011,0000.000,0000.000,0000.000,
 
002048029,000000001,000000011,0000.000,0000.000,0000.000,
 
002048049,000000000,000000009,0000.000,0000.000,0000.000,
 
002048069,000000000,000000009,0000.000,0000.000,0000.000,
 
002048089,000000001,000000010,0000.000,0000.000,0000.000,
 
002048109,000000000,000000010,0000.000,0000.000,0000.000,
 
002048129,000000001,000000009,0000.000,0000.000,0000.000,
 
002048149,000000000,000000009,0000.000,0000.000,0000.000,
 
002048169,000000000,000000008,0000.000,0000.000,0000.000,
 
002048189,000000000,000000010,0000.000,0000.000,0000.000,
 
002048209,000000000,000000008,0000.000,0000.000,0000.000,
 
002048229,000000000,000000008,0000.000,0000.000,0000.000,
 
002048249,000000000,000000006,0000.000,0000.000,0000.000,
 
002048269,000000000,000000005,0000.000,0000.000,0000.000,
 
002048289,000000000,000000004,0000.000,0000.000,0000.000,
 
002048309,000000000,000000002,0000.000,0000.000,0000.000,
 
002048329,000000000,000000000,0000.000,0000.000,0000.000,
 
002048349,000000000,000000001,0000.000,0000.000,0000.000,
 
002048369,000000000,000000000,0000.000,0000.000,0000.000,
 
002048389,000000000,000000000,0000.000,0000.000,0000.000,
 
002048409,000000000,000000000,0000.000,0000.000,0000.000,
 
002048429,000000000,000000000,0000.000,0000.000,0000.000,
 
002048449,000000000,000000000,0000.000,0000.000,0000.000,
 
002048469,000000000,000000000,0000.000,0000.000,0000.000,
 
002048489,000000000,000000000,0000.000,0000.000,0000.000,
 
002048509,000000000,000000000,0000.000,0000.000,0000.000,
 
002048529,000000000,000000000,0000.000,0000.000,0000.000,
 
002048549,000000000,000000000,0000.000,0000.000,0000.000,
 
002048569,000000000,000000000,0000.000,0000.000,0000.000,
 
002048589,000000000,000000000,0000.000,0000.000,0000.000,
 
002048609,000000000,000000000,0000.000,0000.000,0000.000,
 
002048629,000000000,000000000,0000.000,0000.000,0000.000,
 
002048649,000000000,000000000,0000.000,0000.000,0000.000,
 
002048669,000000000,000000000,0000.000,0000.000,0000.000,
 
002048689,000000000,000000000,0000.000,0000.000,0000.000,
 
002048709,000000000,000000000,0000.000,0000.000,0000.000,
 
002048729,000000000,000000000,0000.000,0000.000,0000.000,
 
002048749,000000000,000000000,0000.000,0000.000,0000.000,
 
002048769,000000000,000000000,0000.000,0000.000,0000.000,
 
002048789,000000000,000000000,0000.000,0000.000,0000.000,
 
002048809,000000000,000000000,0000.000,0000.000,0000.000,
 
002048829,000000000,000000000,0000.000,0000.000,0000.000,
 
002048849,000000000,000000000,0000.000,0000.000,0000.000,
 
002048869,000000000,000000000,0000.000,0000.000,0000.000,
 
002048889,000000000,000000000,0000.000,0000.000,0000.000,
 
002048909,000000000,000000000,0000.000,0000.000,0000.000,
 
002048929,000000000,000000000,0000.000,0000.000,0000.000,
 
002048949,000000000,000000000,0000.000,0000.000,0000.000,
 
002048969,000000000,000000000,0000.000,0000.000,0000.000,
 
002048989,000000000,000000000,0000.000,0000.000,0000.000,
 
002049009,000000000,000000000,0000.000,0000.000,0000.000,
 
002049029,000000000,000000000,0000.000,0000.000,0000.000,
 
002049049,000000000,000000000,0000.000,0000.000,0000.000,
 
002049069,000000000,000000000,0000.000,0000.000,0000.000,
 
002049089,000000000,000000000,0000.000,0000.000,0000.000,
 
002049109,000000000,000000000,0000.000,0000.000,0000.000,
 
002049129,000000000,000000000,0000.000,0000.000,0000.000,
 
002049149,000000000,000000000,0000.000,0000.000,0000.000,
 
002049169,000000000,000000000,0000.000,0000.000,0000.000,
 
002049189,000000000,000000000,0000.000,0000.000,0000.000,
 
002049209,000000000,000000000,0000.000,0000.000,0000.000,
 
002049229,000000000,000000000,0000.000,0000.000,0000.000,
 
002049249,000000000,000000000,0000.000,0000.000,0000.000,
 
002049269,000000000,000000000,0000.000,0000.000,0000.000,
 
002049289,000000000,000000000,0000.000,0000.000,0000.000,
 
002049309,000000000,000000000,0000.000,0000.000,0000.000,
 
002049329,000000000,000000000,0000.000,0000.000,0000.000,
 
002049349,000000000,000000000,0000.000,0000.000,0000.000,
 
002049369,000000000,000000000,0000.000,0000.000,0000.000,
 
002049389,000000000,000000000,0000.000,0000.000,0000.000,
 
002049409,000000000,000000000,0000.000,0000.000,0000.000,
 
002049429,000000000,000000000,0000.000,0000.000,0000.000,
 
002049449,000000000,000000000,0000.000,0000.000,0000.000,
 
002049469,000000000,000000000,0000.000,0000.000,0000.000,
 
002049489,000000000,000000000,0000.000,0000.000,0000.000,
 
002049509,000000000,000000000,0000.000,0000.000,0000.000,
 
002049529,000000000,000000000,0000.000,0000.000,0000.000,
 
002049549,000000000,000000000,0000.000,0000.000,0000.000,
 
002049569,000000000,000000000,0000.000,0000.000,0000.000,
 
002049589,000000000,000000000,0000.000,0000.000,0000.000,
 
002049609,000000000,000000000,0000.000,0000.000,0000.000,
 
002049629,000000000,000000000,0000.000,0000.000,0000.000,
 
002049649,000000000,000000000,0000.000,0000.000,0000.000,
 
002049669,000000000,000000000,0000.000,0000.000,0000.000,
 
002049689,000000000,000000000,0000.000,0000.000,0000.000,
 
002049709,000000000,000000000,0000.000,0000.000,0000.000,
 
002049729,000000000,000000000,0000.000,0000.000,0000.000,
 
002049749,000000000,000000000,0000.000,0000.000,0000.000,
 
002049769,000000000,000000000,0000.000,0000.000,0000.000,
 
002049789,000000000,000000000,0000.000,0000.000,0000.000,
 
002049809,000000000,000000000,0000.000,0000.000,0000.000,
 
002049829,000000000,000000000,0000.000,0000.000,0000.000,
 
002049849,000000000,000000000,0000.000,0000.000,0000.000,
 
002049869,000000000,000000000,0000.000,0000.000,0000.000,
 
002049889,000000000,000000000,0000.000,0000.000,0000.000,
 
002049909,000000000,000000000,0000.000,0000.000,0000.000,
 
002049929,000000000,000000000,0000.000,0000.000,0000.000,
 
002049949,000000000,000000000,0000.000,0000.000,0000.000,
 
002049969,000000000,000000000,0000.000,0000.000,0000.000,
 
002049989,000000000,000000000,0000.000,0000.000,0000.000,
 
002050009,000000000,000000000,0000.000,0000.000,0000.000,
 
002050029,000000000,000000000,0000.000,0000.000,0000.000,
 
002050049,000000000,000000000,0000.000,0000.000,0000.000,
 
002050069,000000000,000000003,0000.000,0000.000,0000.000,
 
002050089,-00000001,000000006,0000.000,0000.000,0000.000,
 
002050109,-00000001,000000007,0000.000,0000.000,0000.000,
 
002050129,-00000001,000000005,0000.000,0000.000,0000.000,
 
002050149,-00000001,000000004,0000.000,0000.000,0000.000,
 
002050169,000000000,000000001,0000.000,0000.000,0000.000,
 
002050189,000000000,000000001,0000.000,0000.000,0000.000,
 
002050209,000000000,000000000,0000.000,0000.000,0000.000,
 
002050229,000000000,000000000,0000.000,0000.000,0000.000,
 
002050249,000000000,000000000,0000.000,0000.000,0000.000,
 
002050269,000000000,000000000,0000.000,0000.000,0000.000,
 
002050289,000000000,000000000,0000.000,0000.000,0000.000,
 
002050309,000000000,000000001,0000.000,0000.000,0000.000,
 
002050329,-00000001,000000005,0000.000,0000.000,0000.000,
 
002050349,000000000,000000008,0000.000,0000.000,0000.000,
 
002050369,000000000,000000006,0000.000,0000.000,0000.000,
 
002050389,-00000001,000000003,0000.000,0000.000,0000.000,
 
002050409,000000000,000000001,0000.000,0000.000,0000.000,
 
002050429,000000000,000000000,0000.000,0000.000,0000.000,
 
002050449,000000000,000000000,0000.000,0000.000,0000.000,
 
002050469,000000000,000000000,0000.000,0000.000,0000.000,
 
002050489,000000000,000000000,0000.000,0000.000,0000.000,
 
002050509,000000000,000000000,0000.000,0000.000,0000.000,
 
002050529,000000000,000000000,0000.000,0000.000,0000.000,
 
002050549,000000000,000000000,0000.000,0000.000,0000.000,
 
002050569,000000000,000000000,0000.000,0000.000,0000.000,
 
002050589,000000000,000000000,0000.000,0000.000,0000.000,
 
002050609,000000000,000000000,0000.000,0000.000,0000.000,
 
002050629,000000000,000000000,0000.000,0000.000,0000.000,
 
002050649,000000000,000000000,0000.000,0000.000,0000.000,
 
002050669,000000000,000000000,0000.000,0000.000,0000.000,
 
002050689,000000000,000000000,0000.000,0000.000,0000.000,
 
002050709,000000000,000000000,0000.000,0000.000,0000.000,
 
002050729,000000000,000000000,0000.000,0000.000,0000.000,
 
002050749,000000000,000000000,0000.000,0000.000,0000.000,
 
002050769,000000000,000000000,0000.000,0000.000,0000.000,
 
002050789,000000000,000000000,0000.000,0000.000,0000.000,
 
002050809,000000000,000000000,0000.000,0000.000,0000.000,
 
002050829,000000000,000000000,0000.000,0000.000,0000.000,
 
002050849,000000000,000000000,0000.000,0000.000,0000.000,
 
002050869,000000000,000000000,0000.000,0000.000,0000.000,
 
002050889,000000000,000000000,0000.000,0000.000,0000.000,
 
002050909,000000000,000000000,0000.000,0000.000,0000.000,
 
002050929,000000000,000000000,0000.000,0000.000,0000.000,
 
002050949,000000000,000000000,0000.000,0000.000,0000.000,
 
002050969,000000000,000000000,0000.000,0000.000,0000.000,
 
002050989,000000000,000000000,0000.000,0000.000,0000.000,
 
002051009,000000000,000000000,0000.000,0000.000,0000.000,
 
002051029,000000000,000000000,0000.000,0000.000,0000.000,
 
002051049,000000000,000000000,0000.000,0000.000,0000.000,
 
002051069,000000000,000000000,0000.000,0000.000,0000.000,
 
002051089,000000000,000000000,0000.000,0000.000,0000.000,
 
002051109,000000000,000000000,0000.000,0000.000,0000.000,
 
002051129,000000000,000000000,0000.000,0000.000,0000.000,
 
002051149,000000000,000000000,0000.000,0000.000,0000.000,
 
002051169,000000000,000000000,0000.000,0000.000,0000.000,
 
002051189,000000000,000000000,0000.000,0000.000,0000.000,
 
002051209,000000000,000000000,0000.000,0000.000,0000.000,
 
002051229,000000000,000000000,0000.000,0000.000,0000.000,
 
002051249,000000000,000000000,0000.000,0000.000,0000.000,
 
002051269,000000000,000000000,0000.000,0000.000,0000.000,
 
002051289,000000000,000000000,0000.000,0000.000,0000.000,
 
002051309,000000000,000000000,0000.000,0000.000,0000.000,
 
002051329,000000000,000000000,0000.000,0000.000,0000.000,
 
002051349,000000000,000000000,0000.000,0000.000,0000.000,
 
002051369,000000000,000000000,0000.000,0000.000,0000.000,
 
002051389,000000000,000000000,0000.000,0000.000,0000.000,
 
002051409,000000000,000000000,0000.000,0000.000,0000.000,
 
002051429,000000000,000000000,0000.000,0000.000,0000.000,
 
002051449,000000000,000000000,0000.000,0000.000,0000.000,
 
002051469,000000000,000000000,0000.000,0000.000,0000.000,
 
002051489,000000000,000000000,0000.000,0000.000,0000.000,
 
002051509,000000000,000000000,0000.000,0000.000,0000.000,
 
002051529,000000000,000000000,0000.000,0000.000,0000.000,
 
002051549,000000000,000000000,0000.000,0000.000,0000.000,
 
002051569,000000000,000000000,0000.000,0000.000,0000.000,
 
002051589,000000000,000000000,0000.000,0000.000,0000.000,
 
002051609,000000000,000000000,0000.000,0000.000,0000.000,
 
002051629,000000000,000000000,0000.000,0000.000,0000.000,
 
002051649,000000000,000000000,0000.000,0000.000,0000.000,
 
002051669,000000000,000000000,0000.000,0000.000,0000.000,
 
002051689,000000000,000000000,0000.000,0000.000,0000.000,
 
002051709,000000000,000000000,0000.000,0000.000,0000.000,
 
002051729,000000000,000000000,0000.000,0000.000,0000.000,
 
002051749,000000000,000000000,0000.000,0000.000,0000.000,
 
002051769,000000000,000000000,0000.000,0000.000,0000.000,
 
002051789,000000000,000000000,0000.000,0000.000,0000.000,
 
002051809,000000000,000000000,0000.000,0000.000,0000.000,
 
002051829,000000000,000000000,0000.000,0000.000,0000.000,
 
002051849,000000000,000000000,0000.000,0000.000,0000.000,
 
002051869,000000000,000000000,0000.000,0000.000,0000.000,
 
