001185944,000000000,000000000,0000.000,0000.000,0000.000,0152
 
001185964,000000000,000000000,0000.000,0000.000,0000.000,0153
 
001185984,-00000008,000000015,0000.000,0000.000,0000.000,0007
 
001186004,-00000036,000000063,0000.000,0000.000,0000.000,0152
 
001186024,-00000053,000000092,0000.000,0000.000,0000.000,0006
 
001186044,-00000037,000000060,0000.000,0000.000,0000.000,0153
 
001186064,-00000013,000000012,0000.000,0000.000,0000.000,0153
 
001186084,-00000014,000000010,0000.000,0000.000,0000.000,0152
 
001186104,-00000025,000000026,0000.000,0000.000,0000.000,0153
 
001186124,-00000013,000000049,0000.000,0000.000,0000.000,0153
 
001186144,000000001,000000073,0000.000,0000.000,0000.000,0152
 
001186164,000000011,000000100,0000.000,0000.000,0000.000,0152
 
001186184,000000008,000000112,0000.000,0000.000,0000.000,0152
 
001186204,000000001,000000025,0000.000,0000.000,0000.000,0152
 
001186224,000000001,000000014,0000.000,0000.000,0000.000,0153
 
001186244,000000000,000000013,0000.000,0000.000,0000.000,0152
 
001186264,000000000,000000011,0000.000,0000.000,0000.000,0152
 
001186284,000000000,000000009,0000.000,0000.000,0000.000,0153
 
001186304,000000000,000000009,0000.000,0000.000,0000.000,0152
 
001186324,000000000,000000007,0000.000,0000.000,0000.000,0152
 
001186344,000000000,000000004,0000.000,0000.000,0000.000,0152
 
001186364,000000000,000000003,0000.000,0000.000,0000.000,0152
 
001186384,-00000001,000000001,0000.000,0000.000,0000.000,0153
 
001186404,000000000,000000000,0000.000,0000.000,0000.000,0152
 
001186424,000000000,000000000,0000.000,0000.000,0000.000,0152
 
001186444,000000000,000000000,0000.000,0000.000,0000.000,0152
 
001186464,000000000,000000000,0000.000,0000.000,0000.000,0006
 
001186484,000000000,000000000,0000.000,0000.000,0000.000,0152
 
001186504,000000000,000000000,0000.000,0000.000,0000.000,0152
 
001186524,000000000,000000000,0000.000,0000.000,0000.000,0006
 
001186544,000000000,000000000,0000.000,0000.000,0000.000,0007
 
001186564,000000000,000000000,0000.000,0000.000,0000.000,0152
 
001186584,000000000,000000000,0000.000,0000.000,0000.000,0006
 
001186604,000000000,000000000,0000.000,0000.000,0000.000,0152
 
001186624,000000000,000000000,0000.000,0000.000,0000.000,0152
 
001186644,000000000,000000000,0000.000,0000.000,0000.000,0007
 
001186664,000000000,000000000,0000.000,0000.000,0000.000,0006
 
001186684,000000000,000000000,0000.000,0000.000,0000.000,0006
 
001186704,000000000,000000000,0000.000,0000.000,0000.000,0007
 
001186724,000000000,000000000,0000.000,0000.000,0000.000,0006
 
001186744,000000000,000000000,0000.000,0000.000,0000.000,0007
 
001186764,000000000,000000000,0000.000,0000.000,0000.000,0006
 
001186784,000000000,000000000,0000.000,0000.000,0000.000,0007
 
001186804,000000000,000000000,0000.000,0000.000,0000.000,0007
 
001186824,000000000,000000000,0000.000,0000.000,0000.000,0007
 
001186844,-00000001,000000002,0000.000,0000.000,0000.000,0007
 
001186864,-00000002,000000005,0000.000,0000.000,0000.000,0007
 
001186884,-00000004,000000004,0000.000,0000.000,0000.000,0007
 
001186904,-00000002,000000004,0000.000,0000.000,0000.000,0006
 
001186924,-00000004,000000006,0000.000,0000.000,0000.000,0152
 
001186944,-00000007,000000009,0000.000,0000.000,0000.000,0007
 
001186964,-00000017,000000036,0000.000,0000.000,0000.000,0007
 
001186984,-00000024,000000073,0000.000,0000.000,0000.000,0007
 
001187004,-00000007,000000055,0000.000,0000.000,0000.000,0007
 
001187024,000000000,000000026,0000.000,0000.000,0000.000,0006
 
001187044,000000000,000000022,0000.000,0000.000,0000.000,0006
 
001187064,000000000,000000034,0000.000,0000.000,0000.000,0007
 
001187084,000000000,000000045,0000.000,0000.000,0000.000,0006
 
001187104,000000000,000000044,0000.000,0000.000,0000.000,0006
 
001187124,000000000,000000037,0000.000,0000.000,0000.000,0007
 
001187144,000000000,000000025,0000.000,0000.000,0000.000,0007
 
001187164,-00000002,000000011,0000.000,0000.000,0000.000,0007
 
001187184,-00000003,000000002,0000.000,0000.000,0000.000,0007
 
001187204,-00000002,000000002,0000.000,0000.000,0000.000,0152
 
001187224,-00000001,000000002,0000.000,0000.000,0000.000,0006
 
001187244,-00000002,000000003,0000.000,0000.000,0000.000,0006
 
001187264,-00000003,000000003,0000.000,0000.000,0000.000,0152
 
001187284,-00000002,000000004,0000.000,0000.000,0000.000,0006
 
001187304,-00000001,000000002,0000.000,0000.000,0000.000,0152
 
001187324,000000000,000000002,0000.000,0000.000,0000.000,0153
 
001187344,-00000002,000000001,0000.000,0000.000,0000.000,0152
 
001187364,-00000001,000000001,0000.000,0000.000,0000.000,0152
 
001187384,-00000004,000000007,0000.000,0000.000,0000.000,0152
 
001187404,-00000007,000000023,0000.000,0000.000,0000.000,0152
 
001187424,-00000007,000000037,0000.000,0000.000,0000.000,0152
 
001187444,-00000009,000000035,0000.000,0000.000,0000.000,0153
 
001187464,-00000007,000000031,0000.000,0000.000,0000.000,0007
 
001187484,-00000007,000000026,0000.000,0000.000,0000.000,0153
 
001187504,-00000006,000000020,0000.000,0000.000,0000.000,0153
 
001187524,-00000006,000000015,0000.000,0000.000,0000.000,0006
 
001187544,-00000005,000000013,0000.000,0000.000,0000.000,0152
 
001187564,-00000004,000000007,0000.000,0000.000,0000.000,0007
 
001187584,-00000001,000000004,0000.000,0000.000,0000.000,0153
 
001187604,-00000001,000000000,0000.000,0000.000,0000.000,0152
 
001187624,-00000002,-00000001,0000.000,0000.000,0000.000,0152
 
001187644,-00000002,-00000004,0000.000,0000.000,0000.000,0153
 
001187664,-00000001,-00000002,0000.000,0000.000,0000.000,0152
 
001187684,-00000002,-00000004,0000.000,0000.000,0000.000,0152
 
001187704,-00000002,-00000006,0000.000,0000.000,0000.000,0152
 
001187724,-00000003,-00000011,0000.000,0000.000,0000.000,0152
 
001187744,-00000005,-00000013,0000.000,0000.000,0000.000,0007
 
001187764,-00000004,-00000010,0000.000,0000.000,0000.000,0152
 
001187784,-00000001,-00000007,0000.000,0000.000,0000.000,0007
 
001187804,-00000001,-00000003,0000.000,0000.000,0000.000,0153
 
001187824,000000000,-00000001,0000.000,0000.000,0000.000,0152
 
001187844,000000000,000000000,0000.000,0000.000,0000.000,0152
 
001187864,000000000,000000000,0000.000,0000.000,0000.000,0152
 
001187884,-00000001,-00000001,0000.000,0000.000,0000.000,0153
 
001187904,000000000,-00000002,0000.000,0000.000,0000.000,0007
 
001187924,-00000001,-00000002,0000.000,0000.000,0000.000,0006
 
001187944,000000000,000000000,0000.000,0000.000,0000.000,0006
 
001187964,000000000,000000000,0000.000,0000.000,0000.000,0006
 
001187984,000000000,000000000,0000.000,0000.000,0000.000,0007
 
001188004,000000000,000000000,0000.000,0000.000,0000.000,0007
 
001188024,000000001,000000000,0000.000,0000.000,0000.000,0006
 
001188044,000000000,000000001,0000.000,0000.000,0000.000,0006
 
001188064,000000000,000000001,0000.000,0000.000,0000.000,0007
 
001188084,000000000,000000000,0000.000,0000.000,0000.000,0007
 
001188104,000000000,000000000,0000.000,0000.000,0000.000,0007
 
001188124,-00000001,000000000,0000.000,0000.000,0000.000,0007
 
001188144,000000000,-00000001,0000.000,0000.000,0000.000,0007
 
001188164,000000000,000000000,0000.000,0000.000,0000.000,0007
 
001188184,000000000,000000000,0000.000,0000.000,0000.000,0007
 
001188204,000000000,000000000,0000.000,0000.000,0000.000,0007
 
001188224,000000000,000000000,0000.000,0000.000,0000.000,0007
 
001188244,000000000,000000000,0000.000,0000.000,0000.000,0007
 
001188264,000000001,000000000,0000.000,0000.000,0000.000,0007
 
001188284,000000000,000000000,0000.000,0000.000,0000.000,0007
 
001188304,000000000,000000000,0000.000,0000.000,0000.000,0007
 
001188324,000000000,000000000,0000.000,0000.000,0000.000,0007
 
001188344,000000000,000000000,0000.000,0000.000,0000.000,0007
 
001188364,000000000,000000000,0000.000,0000.000,0000.000,0153
 
001188384,000000001,000000000,0000.000,0000.000,0000.000,0152
 
001188404,000000000,000000000,0000.000,0000.000,0000.000,0152
 
001188424,000000000,-00000001,0000.000,0000.000,0000.000,0153
 
001188444,000000000,000000000,0000.000,0000.000,0000.000,0152
 
001188464,000000001,000000000,0000.000,0000.000,0000.000,0152
 
001188484,000000000,000000000,0000.000,0000.000,0000.000,0153
 
001188504,000000000,000000000,0000.000,0000.000,0000.000,0152
 
001188524,000000000,000000000,0000.000,0000.000,0000.000,0152
 
001188544,000000000,000000000,0000.000,0000.000,0000.000,0152
 
001188564,000000000,000000000,0000.000,0000.000,0000.000,0007
 
001188584,000000000,000000000,0000.000,0000.000,0000.000,0007
 
001188604,000000000,000000000,0000.000,0000.000,0000.000,0007
 
001188624,000000000,000000000,0000.000,0000.000,0000.000,0152
 
001188644,000000000,000000000,0000.000,0000.000,0000.000,0152
 
001188664,000000000,000000000,0000.000,0000.000,0000.000,0152
 
001188684,000000000,000000000,0000.000,0000.000,0000.000,0006
 
001188704,000000000,000000000,0000.000,0000.000,0000.000,0006
 
001188724,000000000,000000000,0000.000,0000.000,0000.000,0006
 
001188744,000000000,000000000,0000.000,0000.000,0000.000,0007
 
001188764,000000000,000000000,0000.000,0000.000,0000.000,0007
 
001188784,000000000,000000000,0000.000,0000.000,0000.000,0006
 
001188804,000000000,000000000,0000.000,0000.000,0000.000,0007
 
001188824,000000000,000000000,0000.000,0000.000,0000.000,0007
 
001188844,000000000,000000000,0000.000,0000.000,0000.000,0007
 
001188864,000000000,000000000,0000.000,0000.000,0000.000,0007
 
001188884,000000000,000000000,0000.000,0000.000,0000.000,0007
 
001188904,000000000,000000000,0000.000,0000.000,0000.000,0007
 
001188924,-00000001,000000000,0000.000,0000.000,0000.000,0007
 
001188944,000000000,000000001,0000.000,0000.000,0000.000,0006
 
001188964,000000000,000000000,0000.000,0000.000,0000.000,0007
 
001188984,000000000,000000000,0000.000,0000.000,0000.000,0007
 
001189004,000000000,000000000,0000.000,0000.000,0000.000,0006
 
001189024,000000000,000000000,0000.000,0000.000,0000.000,0009
 
001189044,000000000,000000000,0000.000,0000.000,0000.000,0009
 
001189064,000000000,000000000,0000.000,0000.000,0000.000,0009
 
001189084,000000000,000000000,0000.000,0000.000,0000.000,0008
 
001189104,000000000,000000000,0000.000,0000.000,0000.000,0154
 
001189124,000000000,000000000,0000.000,0000.000,0000.000,0158
 
001189144,000000000,000000000,0000.000,0000.000,0000.000,0160
 
001189164,000000000,000000000,0000.000,0000.000,0000.000,0162
 
001189185,000000000,000000000,0000.000,0000.000,0000.000,0164
 
001189205,000000000,000000000,0000.000,0000.000,0000.000,0165
 
001189225,000000000,000000001,0000.000,0000.000,0000.000,0166
 
001189245,000000000,000000000,0000.000,0000.000,0000.000,0168
 
001189265,000000000,000000000,0000.000,0000.000,0000.000,1023
 
001189285,000000000,000000000,0000.000,0000.000,0000.000,1023
 
001189305,000000000,000000000,0000.000,0000.000,0000.000,1023
 
001189325,000000000,000000000,0000.000,0000.000,0000.000,1023
 
001189345,000000000,000000000,0000.000,0000.000,0000.000,1023
 
001189365,000000000,000000000,0000.000,0000.000,0000.000,1023
 
001189385,000000000,000000000,0000.000,0000.000,0000.000,1023
 
001189405,000000000,000000000,0000.000,0000.000,0000.000,1023
 
001189425,000000000,000000000,0000.000,0000.000,0000.000,1023
 
001189445,000000000,000000001,0000.000,0000.000,0000.000,1023
 
001189465,000000000,000000000,0000.000,0000.000,0000.000,0171
 
001189485,000000000,000000000,0000.000,0000.000,0000.000,0037
 
001189505,000000000,000000000,0000.000,0000.000,0000.000,0034
 
001189525,000000000,000000000,0000.000,0000.000,0000.000,0026
 
001189544,000000000,000000000,0000.000,0000.000,0000.000,0162
 
001189564,000000000,000000000,0000.000,0000.000,0000.000,0018
 
001189584,000000000,000000000,0000.000,0000.000,0000.000,0157
 
001189604,000000000,000000000,0000.000,0000.000,0000.000,0157
 
001189624,000000000,000000000,0000.000,0000.000,0000.000,0154
 
001189644,000000000,000000000,0000.000,0000.000,0000.000,0153
 
001189664,000000000,000000000,0000.000,0000.000,0000.000,0153
 
001189684,000000000,000000000,0000.000,0000.000,0000.000,0153
 
001189704,000000001,000000000,0000.000,0000.000,0000.000,0153
 
001189724,000000000,000000000,0000.000,0000.000,0000.000,0152
 
001189744,000000000,000000000,0000.000,0000.000,0000.000,0153
 
001189764,000000001,000000000,0000.000,0000.000,0000.000,0153
 
001189784,000000000,-00000001,0000.000,0000.000,0000.000,0152
 
001189804,000000000,000000000,0000.000,0000.000,0000.000,0152
 
001189824,000000000,-00000001,0000.000,0000.000,0000.000,0152
 
001189844,000000000,-00000002,0000.000,0000.000,0000.000,0153
 
001189864,000000000,-00000003,0000.000,0000.000,0000.000,0153
 
001189884,000000000,-00000004,0000.000,0000.000,0000.000,0152
 
001189904,-00000001,-00000003,0000.000,0000.000,0000.000,0153
 
001189924,-00000001,-00000003,0000.000,0000.000,0000.000,0153
 
001189944,000000000,-00000003,0000.000,0000.000,0000.000,0153
 
001189964,-00000001,-00000012,0000.000,0000.000,0000.000,0152
 
001189984,000000000,-00000023,0000.000,0000.000,0000.000,0007
 
001190004,000000001,-00000027,0000.000,0000.000,0000.000,0152
 
001190024,000000001,-00000028,0000.000,0000.000,0000.000,0008
 
001190044,000000002,-00000030,0000.000,0000.000,0000.000,0152
 
001190064,000000001,-00000033,0000.000,0000.000,0000.000,0007
 
001190084,000000000,-00000033,0000.000,0000.000,0000.000,0007
 
001190104,000000000,-00000030,0000.000,0000.000,0000.000,0153
 
001190124,000000000,-00000022,0000.000,0000.000,0000.000,0007
 
001190144,000000001,-00000013,0000.000,0000.000,0000.000,0007
 
001190164,000000001,-00000008,0000.000,0000.000,0000.000,0007
 
001190184,000000001,-00000007,0000.000,0000.000,0000.000,0007
 
001190204,000000001,-00000007,0000.000,0000.000,0000.000,0006
 
001190224,000000000,-00000002,0000.000,0000.000,0000.000,0007
 
001190244,000000000,-00000007,0000.000,0000.000,0000.000,0007
 
001190264,-00000003,-00000013,0000.000,0000.000,0000.000,0007
 
001190284,-00000001,-00000018,0000.000,0000.000,0000.000,0153
 
001190304,000000000,-00000020,0000.000,0000.000,0000.000,0153
 
001190324,000000000,-00000021,0000.000,0000.000,0000.000,0152
 
001190344,-00000002,-00000023,0000.000,0000.000,0000.000,0006
 
001190364,-00000002,-00000020,0000.000,0000.000,0000.000,0153
 
001190384,-00000001,-00000020,0000.000,0000.000,0000.000,0153
 
001190404,-00000001,-00000023,0000.000,0000.000,0000.000,0007
 
001190424,000000000,-00000018,0000.000,0000.000,0000.000,0153
 
001190444,000000002,-00000013,0000.000,0000.000,0000.000,0153
 
001190464,000000002,-00000003,0000.000,0000.000,0000.000,0008
 
001190484,000000000,-00000003,0000.000,0000.000,0000.000,0007
 
001190504,000000000,-00000002,0000.000,0000.000,0000.000,0007
 
001190524,000000000,-00000011,0000.000,0000.000,0000.000,0007
 
001190544,-00000001,-00000019,0000.000,0000.000,0000.000,0153
 
001190564,000000000,-00000024,0000.000,0000.000,0000.000,0006
 
001190584,000000000,-00000025,0000.000,0000.000,0000.000,0153
 
001190604,000000000,-00000022,0000.000,0000.000,0000.000,0008
 
001190624,000000000,-00000022,0000.000,0000.000,0000.000,0154
 
001190644,-00000001,-00000026,0000.000,0000.000,0000.000,0008
 
001190664,-00000002,-00000031,0000.000,0000.000,0000.000,0153
 
001190684,-00000001,-00000031,0000.000,0000.000,0000.000,0008
 
001190704,000000003,-00000031,0000.000,0000.000,0000.000,0153
 
001190724,000000002,-00000030,0000.000,0000.000,0000.000,0008
 
001190744,000000001,-00000028,0000.000,0000.000,0000.000,0008
 
001190764,000000001,-00000026,0000.000,0000.000,0000.000,0153
 
001190784,000000000,-00000018,0000.000,0000.000,0000.000,0007
 
001190804,-00000002,-00000011,0000.000,0000.000,0000.000,0154
 
001190824,-00000002,-00000008,0000.000,0000.000,0000.000,0154
 
001190844,000000000,-00000010,0000.000,0000.000,0000.000,0009
 
001190864,000000000,-00000013,0000.000,0000.000,0000.000,0153
 
001190884,-00000001,-00000014,0000.000,0000.000,0000.000,0154
 
001190904,-00000001,-00000017,0000.000,0000.000,0000.000,0154
 
001190924,000000000,-00000019,0000.000,0000.000,0000.000,0154
 
001190944,000000000,-00000024,0000.000,0000.000,0000.000,0006
 
001190964,000000000,-00000028,0000.000,0000.000,0000.000,0154
 
001190984,-00000002,-00000030,0000.000,0000.000,0000.000,0154
 
001191004,-00000002,-00000028,0000.000,0000.000,0000.000,0154
 
001191024,-00000004,-00000028,0000.000,0000.000,0000.000,0155
 
001191044,-00000001,-00000024,0000.000,0000.000,0000.000,0155
 
001191064,000000000,-00000018,0000.000,0000.000,0000.000,0153
 
001191084,-00000002,-00000017,0000.000,0000.000,0000.000,0153
 
001191104,-00000002,-00000015,0000.000,0000.000,0000.000,0154
 
001191124,000000000,-00000016,0000.000,0000.000,0000.000,0154
 
001191144,000000000,-00000015,0000.000,0000.000,0000.000,0154
 
001191164,000000000,-00000016,0000.000,0000.000,0000.000,0154
 
001191184,-00000001,-00000014,0000.000,0000.000,0000.000,0009
 
001191204,-00000001,-00000015,0000.000,0000.000,0000.000,0154
 
001191224,-00000001,-00000014,0000.000,0000.000,0000.000,0008
 
001191244,000000000,-00000014,0000.000,0000.000,0000.000,0154
 
001191264,000000001,-00000020,0000.000,0000.000,0000.000,0007
 
001191284,000000000,-00000028,0000.000,0000.000,0000.000,0154
 
001191304,-00000002,-00000049,0000.000,0000.000,0000.000,0009
 
001191324,-00000001,-00000037,0000.000,0000.000,0000.000,0154
 
001191344,000000000,-00000037,0000.000,0000.000,0000.000,0008
 
001191364,000000002,-00000036,0000.000,0000.000,0000.000,0154
 
001191384,000000001,-00000036,0000.000,0000.000,0000.000,0009
 
001191404,000000001,-00000037,0000.000,0000.000,0000.000,0154
 
001191424,000000003,-00000034,0000.000,0000.000,0000.000,0011
 
001191444,000000003,-00000033,0000.000,0000.000,0000.000,0010
 
001191464,000000002,-00000035,0000.000,0000.000,0000.000,0009
 
001191484,000000001,-00000039,0000.000,0000.000,0000.000,0154
 
001191504,000000001,-00000037,0000.000,0000.000,0000.000,0008
 
001191524,000000000,-00000030,0000.000,0000.000,0000.000,0155
 
001191544,000000001,-00000022,0000.000,0000.000,0000.000,0007
 
001191564,000000003,-00000019,0000.000,0000.000,0000.000,0008
 
001191584,000000003,-00000016,0000.000,0000.000,0000.000,0154
 
001191604,000000001,-00000013,0000.000,0000.000,0000.000,0012
 
001191624,000000001,-00000013,0000.000,0000.000,0000.000,0010
 
001191644,000000001,-00000016,0000.000,0000.000,0000.000,0155
 
001191664,000000000,-00000021,0000.000,0000.000,0000.000,0154
 
001191684,-00000001,-00000022,0000.000,0000.000,0000.000,0008
 
001191704,-00000002,-00000018,0000.000,0000.000,0000.000,0154
 
001191724,-00000001,-00000021,0000.000,0000.000,0000.000,0155
 
001191744,000000000,-00000020,0000.000,0000.000,0000.000,0009
 
001191764,000000000,-00000015,0000.000,0000.000,0000.000,0154
 
001191784,000000000,-00000013,0000.000,0000.000,0000.000,0009
 
001191804,-00000001,-00000016,0000.000,0000.000,0000.000,0155
 
001191824,-00000001,-00000016,0000.000,0000.000,0000.000,0155
 
001191844,000000000,-00000013,0000.000,0000.000,0000.000,0154
 
001191864,000000000,-00000004,0000.000,0000.000,0000.000,0154
 
001191884,-00000003,-00000014,0000.000,0000.000,0000.000,0154
 
001191904,-00000003,-00000026,0000.000,0000.000,0000.000,0011
 
001191924,-00000001,-00000034,0000.000,0000.000,0000.000,0154
 
001191944,000000000,-00000038,0000.000,0000.000,0000.000,0154
 
001191964,-00000001,-00000038,0000.000,0000.000,0000.000,0154
 
001191984,-00000002,-00000031,0000.000,0000.000,0000.000,0009
 
001192004,-00000002,-00000027,0000.000,0000.000,0000.000,0154
 
001192024,-00000001,-00000028,0000.000,0000.000,0000.000,0010
 
001192044,000000000,-00000021,0000.000,0000.000,0000.000,0155
 
001192064,000000000,-00000025,0000.000,0000.000,0000.000,0011
 
001192084,000000000,-00000020,0000.000,0000.000,0000.000,0154
 
001192104,-00000003,-00000024,0000.000,0000.000,0000.000,0009
 
001192124,-00000001,-00000022,0000.000,0000.000,0000.000,0153
 
001192144,000000000,-00000020,0000.000,0000.000,0000.000,0008
 
001192164,000000000,-00000016,0000.000,0000.000,0000.000,0153
 
001192184,-00000003,-00000016,0000.000,0000.000,0000.000,0010
 
001192204,-00000003,-00000019,0000.000,0000.000,0000.000,0009
 
001192224,-00000004,-00000021,0000.000,0000.000,0000.000,0009
 
001192244,-00000001,-00000021,0000.000,0000.000,0000.000,0154
 
001192264,-00000001,-00000016,0000.000,0000.000,0000.000,0010
 
001192284,000000000,-00000016,0000.000,0000.000,0000.000,0009
 
001192304,000000000,-00000025,0000.000,0000.000,0000.000,0154
 
001192324,000000000,-00000023,0000.000,0000.000,0000.000,0011
 
001192344,-00000001,-00000023,0000.000,0000.000,0000.000,0012
 
001192364,000000000,-00000020,0000.000,0000.000,0000.000,0154
 
001192384,-00000001,-00000020,0000.000,0000.000,0000.000,0007
 
001192404,-00000002,-00000022,0000.000,0000.000,0000.000,0155
 
001192424,-00000004,-00000025,0000.000,0000.000,0000.000,0154
 
001192444,000000000,-00000024,0000.000,0000.000,0000.000,0154
 
001192464,000000001,-00000023,0000.000,0000.000,0000.000,0008
 
001192484,000000001,-00000020,0000.000,0000.000,0000.000,0154
 
001192504,000000000,-00000021,0000.000,0000.000,0000.000,0155
 
001192524,000000000,-00000025,0000.000,0000.000,0000.000,0008
 
001192544,000000000,-00000028,0000.000,0000.000,0000.000,0155
 
001192564,000000001,-00000024,0000.000,0000.000,0000.000,0154
 
001192584,000000002,-00000019,0000.000,0000.000,0000.000,0154
 
001192604,000000002,-00000017,0000.000,0000.000,0000.000,0154
 
001192624,-00000002,-00000018,0000.000,0000.000,0000.000,0012
 
001192644,-00000003,-00000022,0000.000,0000.000,0000.000,0154
 
001192664,-00000002,-00000025,0000.000,0000.000,0000.000,0154
 
001192684,000000002,-00000030,0000.000,0000.000,0000.000,0009
 
001192704,000000003,-00000031,0000.000,0000.000,0000.000,0155
 
001192724,000000001,-00000028,0000.000,0000.000,0000.000,0154
 
001192744,000000001,-00000025,0000.000,0000.000,0000.000,0008
 
001192764,000000001,-00000026,0000.000,0000.000,0000.000,0153
 
001192784,000000000,-00000025,0000.000,0000.000,0000.000,0008
 
001192804,-00000001,-00000022,0000.000,0000.000,0000.000,0154
 
001192824,-00000002,-00000025,0000.000,0000.000,0000.000,0011
 
001192844,-00000002,-00000015,0000.000,0000.000,0000.000,0154
 
001192864,-00000001,-00000008,0000.000,0000.000,0000.000,0009
 
001192884,-00000002,-00000005,0000.000,0000.000,0000.000,0153
 
001192904,-00000001,-00000013,0000.000,0000.000,0000.000,0154
 
001192924,-00000002,-00000019,0000.000,0000.000,0000.000,0010
 
001192944,-00000002,-00000023,0000.000,0000.000,0000.000,0008
 
001192964,-00000003,-00000026,0000.000,0000.000,0000.000,0153
 
001192984,-00000003,-00000033,0000.000,0000.000,0000.000,0010
 
001193004,-00000004,-00000032,0000.000,0000.000,0000.000,0007
 
001193024,-00000002,-00000031,0000.000,0000.000,0000.000,0154
 
001193044,-00000002,-00000029,0000.000,0000.000,0000.000,0006
 
001193064,-00000001,-00000030,0000.000,0000.000,0000.000,0154
 
001193084,-00000001,-00000030,0000.000,0000.000,0000.000,0009
 
001193104,000000001,-00000028,0000.000,0000.000,0000.000,0154
 
001193124,000000003,-00000023,0000.000,0000.000,0000.000,0008
 
001193144,000000002,-00000015,0000.000,0000.000,0000.000,0009
 
001193164,000000000,-00000010,0000.000,0000.000,0000.000,0009
 
001193184,000000000,-00000013,0000.000,0000.000,0000.000,0009
 
001193204,-00000002,-00000011,0000.000,0000.000,0000.000,0155
 
001193224,-00000002,-00000014,0000.000,0000.000,0000.000,0154
 
001193244,000000000,-00000017,0000.000,0000.000,0000.000,0154
 
001193264,000000000,-00000018,0000.000,0000.000,0000.000,0154
 
001193284,-00000002,-00000025,0000.000,0000.000,0000.000,0011
 
001193304,-00000002,-00000028,0000.000,0000.000,0000.000,0155
 
001193324,-00000003,-00000029,0000.000,0000.000,0000.000,0154
 
001193344,-00000003,-00000028,0000.000,0000.000,0000.000,0154
 
001193364,-00000002,-00000029,0000.000,0000.000,0000.000,0154
 
001193384,-00000003,-00000030,0000.000,0000.000,0000.000,0154
 
001193404,-00000002,-00000030,0000.000,0000.000,0000.000,0154
 
001193424,-00000002,-00000029,0000.000,0000.000,0000.000,0155
 
001193444,-00000001,-00000030,0000.000,0000.000,0000.000,0010
 
001193464,000000000,-00000031,0000.000,0000.000,0000.000,0154
 
001193484,000000002,-00000030,0000.000,0000.000,0000.000,0154
 
001193504,000000004,-00000030,0000.000,0000.000,0000.000,0010
 
001193524,000000000,-00000031,0000.000,0000.000,0000.000,0153
 
001193544,000000000,-00000032,0000.000,0000.000,0000.000,0008
 
001193564,-00000001,-00000030,0000.000,0000.000,0000.000,0153
 
001193584,000000000,-00000034,0000.000,0000.000,0000.000,0010
 
001193604,000000001,-00000036,0000.000,0000.000,0000.000,0154
 
001193624,000000001,-00000036,0000.000,0000.000,0000.000,0008
 
001193644,000000000,-00000030,0000.000,0000.000,0000.000,0154
 
001193664,-00000003,-00000027,0000.000,0000.000,0000.000,0007
 
001193684,-00000001,-00000024,0000.000,0000.000,0000.000,0154
 
001193704,-00000001,-00000027,0000.000,0000.000,0000.000,0011
 
001193724,-00000001,-00000026,0000.000,0000.000,0000.000,0009
 
001193744,-00000002,-00000024,0000.000,0000.000,0000.000,0154
 
001193764,-00000001,-00000022,0000.000,0000.000,0000.000,0009
 
001193784,-00000001,-00000023,0000.000,0000.000,0000.000,0155
 
001193804,000000000,-00000026,0000.000,0000.000,0000.000,0006
 
001193824,000000000,-00000029,0000.000,0000.000,0000.000,0154
 
001193844,000000002,-00000029,0000.000,0000.000,0000.000,0009
 
001193864,000000004,-00000031,0000.000,0000.000,0000.000,0009
 
001193884,000000003,-00000032,0000.000,0000.000,0000.000,0154
 
001193904,000000005,-00000031,0000.000,0000.000,0000.000,0010
 
001193924,000000007,-00000028,0000.000,0000.000,0000.000,0154
 
001193944,000000004,-00000028,0000.000,0000.000,0000.000,0010
 
001193964,000000002,-00000029,0000.000,0000.000,0000.000,0007
 
001193984,000000002,-00000032,0000.000,0000.000,0000.000,0153
 
001194004,000000003,-00000032,0000.000,0000.000,0000.000,0155
 
001194024,000000000,-00000028,0000.000,0000.000,0000.000,0155
 
001194044,-00000004,-00000023,0000.000,0000.000,0000.000,0155
 
001194064,-00000003,-00000020,0000.000,0000.000,0000.000,0154
 
001194084,-00000001,-00000016,0000.000,0000.000,0000.000,0155
 
001194104,-00000002,-00000014,0000.000,0000.000,0000.000,0155
 
001194124,-00000002,-00000015,0000.000,0000.000,0000.000,0154
 
001194144,-00000002,-00000016,0000.000,0000.000,0000.000,0154
 
001194164,-00000002,-00000025,0000.000,0000.000,0000.000,0154
 
001194184,-00000005,-00000020,0000.000,0000.000,0000.000,0010
 
001194204,-00000004,-00000022,0000.000,0000.000,0000.000,0154
 
001194224,-00000002,-00000025,0000.000,0000.000,0000.000,0007
 
001194244,000000001,-00000023,0000.000,0000.000,0000.000,0155
 
001194264,000000002,-00000021,0000.000,0000.000,0000.000,0008
 
001194284,000000001,-00000021,0000.000,0000.000,0000.000,0154
 
001194304,000000000,-00000025,0000.000,0000.000,0000.000,0009
 
001194324,-00000002,-00000027,0000.000,0000.000,0000.000,0155
 
001194344,-00000002,-00000027,0000.000,0000.000,0000.000,0010
 
001194364,-00000003,-00000026,0000.000,0000.000,0000.000,0010
 
001194384,-00000003,-00000025,0000.000,0000.000,0000.000,0010
 
001194404,-00000003,-00000020,0000.000,0000.000,0000.000,0008
 
001194424,-00000002,-00000021,0000.000,0000.000,0000.000,0154
 
001194444,-00000001,-00000026,0000.000,0000.000,0000.000,0008
 
001194464,-00000002,-00000028,0000.000,0000.000,0000.000,0153
 
001194484,-00000002,-00000029,0000.000,0000.000,0000.000,0007
 
001194504,-00000003,-00000028,0000.000,0000.000,0000.000,0008
 
001194524,-00000001,-00000025,0000.000,0000.000,0000.000,0154
 
001194544,000000000,-00000025,0000.000,0000.000,0000.000,0011
 
001194564,000000001,-00000018,0000.000,0000.000,0000.000,0008
 
001194584,000000003,-00000018,0000.000,0000.000,0000.000,0008
 
001194604,000000001,-00000015,0000.000,0000.000,0000.000,0155
 
001194624,000000000,-00000014,0000.000,0000.000,0000.000,0009
 
001194644,-00000001,-00000014,0000.000,0000.000,0000.000,0154
 
001194664,-00000001,-00000013,0000.000,0000.000,0000.000,0154
 
001194684,-00000001,-00000010,0000.000,0000.000,0000.000,0010
 
001194704,-00000003,-00000007,0000.000,0000.000,0000.000,0154
 
001194724,-00000004,-00000009,0000.000,0000.000,0000.000,0154
 
001194744,000000000,-00000016,0000.000,0000.000,0000.000,0153
 
001194764,000000000,-00000022,0000.000,0000.000,0000.000,0154
 
001194784,000000000,-00000020,0000.000,0000.000,0000.000,0010
 
001194804,000000000,-00000018,0000.000,0000.000,0000.000,0155
 
001194824,000000001,-00000025,0000.000,0000.000,0000.000,0154
 
001194844,000000001,-00000020,0000.000,0000.000,0000.000,0011
 
001194864,000000002,-00000019,0000.000,0000.000,0000.000,0154
 
001194884,000000001,-00000021,0000.000,0000.000,0000.000,0154
 
001194904,000000001,-00000023,0000.000,0000.000,0000.000,0155
 
001194924,000000001,-00000020,0000.000,0000.000,0000.000,0155
 
001194944,000000001,-00000016,0000.000,0000.000,0000.000,0155
 
001194964,000000000,-00000014,0000.000,0000.000,0000.000,0010
 
001194984,000000000,-00000015,0000.000,0000.000,0000.000,0155
 
001195004,000000001,-00000013,0000.000,0000.000,0000.000,0011
 
001195024,000000001,-00000011,0000.000,0000.000,0000.000,0154
 
001195044,000000001,-00000012,0000.000,0000.000,0000.000,0006
 
001195064,000000000,-00000014,0000.000,0000.000,0000.000,0153
 
001195084,-00000002,-00000015,0000.000,0000.000,0000.000,0011
 
001195104,-00000002,-00000016,0000.000,0000.000,0000.000,0006
 
001195124,-00000002,-00000017,0000.000,0000.000,0000.000,0155
 
001195144,-00000002,-00000019,0000.000,0000.000,0000.000,0008
 
001195164,-00000001,-00000018,0000.000,0000.000,0000.000,0008
 
001195184,000000000,-00000013,0000.000,0000.000,0000.000,0154
 
001195204,-00000001,-00000010,0000.000,0000.000,0000.000,0011
 
001195224,000000000,-00000011,0000.000,0000.000,0000.000,0011
 
001195244,000000000,-00000013,0000.000,0000.000,0000.000,0010
 
001195264,000000000,-00000012,0000.000,0000.000,0000.000,0010
 
001195284,-00000003,-00000015,0000.000,0000.000,0000.000,0012
 
001195304,-00000004,-00000014,0000.000,0000.000,0000.000,0010
 
001195324,-00000003,-00000013,0000.000,0000.000,0000.000,0008
 
001195344,000000000,-00000010,0000.000,0000.000,0000.000,0154
 
001195364,-00000002,-00000012,0000.000,0000.000,0000.000,0154
 
001195384,-00000002,-00000016,0000.000,0000.000,0000.000,0007
 
001195404,-00000002,-00000018,0000.000,0000.000,0000.000,0154
 
001195424,-00000002,-00000025,0000.000,0000.000,0000.000,0155
 
001195444,-00000003,-00000017,0000.000,0000.000,0000.000,0154
 
001195464,-00000004,-00000016,0000.000,0000.000,0000.000,0007
 
001195484,-00000003,-00000013,0000.000,0000.000,0000.000,0154
 
001195504,-00000002,-00000012,0000.000,0000.000,0000.000,0154
 
001195524,-00000002,-00000011,0000.000,0000.000,0000.000,0155
 
001195544,000000000,-00000013,0000.000,0000.000,0000.000,0154
 
001195564,-00000001,-00000012,0000.000,0000.000,0000.000,0010
 
001195584,-00000002,-00000016,0000.000,0000.000,0000.000,0155
 
001195604,-00000004,-00000020,0000.000,0000.000,0000.000,0156
 
001195624,-00000005,-00000021,0000.000,0000.000,0000.000,0153
 
001195644,-00000004,-00000021,0000.000,0000.000,0000.000,0154
 
001195664,-00000002,-00000019,0000.000,0000.000,0000.000,0155
 
001195684,-00000003,-00000016,0000.000,0000.000,0000.000,0012
 
001195704,-00000001,-00000016,0000.000,0000.000,0000.000,0154
 
001195724,-00000001,-00000018,0000.000,0000.000,0000.000,0008
 
001195744,-00000002,-00000016,0000.000,0000.000,0000.000,0154
 
001195764,000000000,-00000014,0000.000,0000.000,0000.000,0010
 
001195784,-00000001,-00000014,0000.000,0000.000,0000.000,0154
 
001195804,-00000002,-00000013,0000.000,0000.000,0000.000,0010
 
001195824,-00000002,-00000012,0000.000,0000.000,0000.000,0010
 
001195844,-00000002,-00000013,0000.000,0000.000,0000.000,0154
 
001195864,-00000002,-00000013,0000.000,0000.000,0000.000,0008
 
001195884,-00000004,-00000012,0000.000,0000.000,0000.000,0154
 
001195904,-00000003,-00000012,0000.000,0000.000,0000.000,0008
 
001195924,-00000001,-00000012,0000.000,0000.000,0000.000,0154
 
001195944,000000000,-00000010,0000.000,0000.000,0000.000,0011
 
001195964,000000000,-00000009,0000.000,0000.000,0000.000,0012
 
001195984,000000001,-00000008,0000.000,0000.000,0000.000,0154
 
001196004,000000000,-00000009,0000.000,0000.000,0000.000,0155
 
001196024,000000000,-00000006,0000.000,0000.000,0000.000,0154
 
001196044,000000000,-00000004,0000.000,0000.000,0000.000,0153
 
001196064,000000000,000000000,0000.000,0000.000,0000.000,0153
 
001196084,000000000,000000000,0000.000,0000.000,0000.000,0155
 
001196104,000000000,000000000,0000.000,0000.000,0000.000,0154
 
001196124,000000000,000000000,0000.000,0000.000,0000.000,0008
 
001196144,000000000,000000000,0000.000,0000.000,0000.000,0009
 
001196164,-00000001,-00000009,0000.000,0000.000,0000.000,0008
 
001196184,-00000002,-00000016,0000.000,0000.000,0000.000,0009
 
001196204,-00000002,-00000019,0000.000,0000.000,0000.000,0156
 
001196224,000000000,-00000019,0000.000,0000.000,0000.000,0155
 
001196244,000000000,-00000013,0000.000,0000.000,0000.000,0155
 
001196264,000000001,-00000007,0000.000,0000.000,0000.000,0155
 
001196284,000000000,-00000002,0000.000,0000.000,0000.000,0154
 
001196304,000000000,-00000001,0000.000,0000.000,0000.000,0010
 
001196324,000000000,-00000001,0000.000,0000.000,0000.000,0153
 
001196344,000000000,000000000,0000.000,0000.000,0000.000,0154
 
001196364,000000000,000000000,0000.000,0000.000,0000.000,0154
 
001196384,000000000,-00000001,0000.000,0000.000,0000.000,0154
 
001196404,000000000,000000000,0000.000,0000.000,0000.000,0154
 
001196424,000000000,000000000,0000.000,0000.000,0000.000,0155
 
001196444,000000000,000000000,0000.000,0000.000,0000.000,0154
 
001196464,000000000,000000000,0000.000,0000.000,0000.000,0154
 
001196484,000000000,000000000,0000.000,0000.000,0000.000,0154
 
001196504,000000000,000000000,0000.000,0000.000,0000.000,0154
 
001196524,000000000,000000000,0000.000,0000.000,0000.000,0154
 
001196544,-00000001,000000000,0000.000,0000.000,0000.000,0154
 
001196564,000000000,000000000,0000.000,0000.000,0000.000,0159
 
001196585,-00000001,000000000,0000.000,0000.000,0000.000,0163
 
001196605,000000000,000000000,0000.000,0000.000,0000.000,0165
 
001196625,-00000001,000000000,0000.000,0000.000,0000.000,0027
 
001196645,-00000001,000000000,0000.000,0000.000,0000.000,0167
 
001196665,000000000,000000000,0000.000,0000.000,0000.000,0040
 
001196685,000000000,-00000001,0000.000,0000.000,0000.000,0038
 
001196705,000000000,000000000,0000.000,0000.000,0000.000,0171
 
001196725,000000000,000000000,0000.000,0000.000,0000.000,1023
 
001196745,000000000,000000000,0000.000,0000.000,0000.000,1023
 
001196765,000000001,-00000001,0000.000,0000.000,0000.000,1023
 
001196785,000000000,000000000,0000.000,0000.000,0000.000,1023
 
001196805,000000000,000000000,0000.000,0000.000,0000.000,1023
 
001196825,000000000,000000000,0000.000,0000.000,0000.000,1023
 
001196845,000000000,000000000,0000.000,0000.000,0000.000,1023
 
001196865,000000000,000000000,0000.000,0000.000,0000.000,1023
 
001196885,000000001,000000000,0000.000,0000.000,0000.000,1023
 
001196905,000000000,000000000,0000.000,0000.000,0000.000,0173
 
001196925,000000000,000000000,0000.000,0000.000,0000.000,0039
 
001196945,000000000,000000000,0000.000,0000.000,0000.000,0168
 
001196965,000000000,000000000,0000.000,0000.000,0000.000,0166
 
001196985,000000000,000000000,0000.000,0000.000,0000.000,0028
 
001197005,000000000,000000000,0000.000,0000.000,0000.000,0024
 
001197024,000000001,000000000,0000.000,0000.000,0000.000,0162
 
001197044,000000000,000000000,0000.000,0000.000,0000.000,0162
 
001197064,000000000,000000000,0000.000,0000.000,0000.000,0022
 
001197084,000000000,000000000,0000.000,0000.000,0000.000,0161
 
001197104,000000000,000000000,0000.000,0000.000,0000.000,0160
 
001197124,000000000,000000000,0000.000,0000.000,0000.000,0019
 
001197144,000000000,000000000,0000.000,0000.000,0000.000,0018
 
001197164,000000000,000000000,0000.000,0000.000,0000.000,0017
 
001197184,000000001,000000000,0000.000,0000.000,0000.000,0159
 
001197204,000000000,000000000,0000.000,0000.000,0000.000,0159
 
001197224,000000000,000000000,0000.000,0000.000,0000.000,0158
 
001197244,000000000,000000000,0000.000,0000.000,0000.000,0159
 
001197264,000000001,-00000001,0000.000,0000.000,0000.000,0159
 
001197284,000000000,000000000,0000.000,0000.000,0000.000,0159
 
001197304,000000001,000000000,0000.000,0000.000,0000.000,0159
 
001197324,000000000,000000000,0000.000,0000.000,0000.000,0158
 
001197344,000000000,000000000,0000.000,0000.000,0000.000,0159
 
001197364,000000000,000000000,0000.000,0000.000,0000.000,0158
 
001197384,000000000,-00000001,0000.000,0000.000,0000.000,0158
 
001197404,000000001,000000000,0000.000,0000.000,0000.000,0158
 
001197424,000000000,000000000,0000.000,0000.000,0000.000,0016
 
001197444,000000000,000000000,0000.000,0000.000,0000.000,0157
 
001197464,000000000,000000000,0000.000,0000.000,0000.000,0158
 
001197484,000000000,000000000,0000.000,0000.000,0000.000,0158
 
001197504,000000000,000000000,0000.000,0000.000,0000.000,0158
 
001197524,000000000,000000000,0000.000,0000.000,0000.000,0158
 
001197544,000000000,000000000,0000.000,0000.000,0000.000,0016
 
001197564,000000000,000000000,0000.000,0000.000,0000.000,0017
 
001197584,000000000,000000000,0000.000,0000.000,0000.000,0017
 
001197604,000000000,-00000004,0000.000,0000.000,0000.000,0015
 
001197624,000000005,-00000024,0000.000,0000.000,0000.000,0016
 
001197644,000000014,-00000041,0000.000,0000.000,0000.000,0158
 
001197664,000000025,-00000044,0000.000,0000.000,0000.000,0158
 
001197684,000000044,-00000044,0000.000,0000.000,0000.000,0159
 
001197704,000000056,-00000048,0000.000,0000.000,0000.000,0158
 
001197724,000000074,-00000062,0000.000,0000.000,0000.000,0014
 
001197744,000000057,-00000055,0000.000,0000.000,0000.000,0017
 
001197764,000000018,-00000025,0000.000,0000.000,0000.000,0158
 
001197784,000000016,-00000015,0000.000,0000.000,0000.000,0014
 
001197804,000000016,-00000015,0000.000,0000.000,0000.000,0017
 
001197824,000000015,-00000014,0000.000,0000.000,0000.000,0016
 
001197844,000000012,-00000014,0000.000,0000.000,0000.000,0016
 
001197864,000000012,-00000013,0000.000,0000.000,0000.000,0014
 
001197884,000000012,-00000013,0000.000,0000.000,0000.000,0014
 
001197904,000000009,-00000013,0000.000,0000.000,0000.000,0012
 
001197924,000000009,-00000013,0000.000,0000.000,0000.000,0157
 
001197944,000000008,-00000008,0000.000,0000.000,0000.000,0013
 
001197964,000000006,-00000007,0000.000,0000.000,0000.000,0158
 
001197984,000000004,-00000004,0000.000,0000.000,0000.000,0158
 
001198004,000000004,-00000003,0000.000,0000.000,0000.000,0157
 
001198024,000000001,-00000001,0000.000,0000.000,0000.000,0157
 
001198044,000000001,-00000001,0000.000,0000.000,0000.000,0158
 
001198064,000000000,000000000,0000.000,0000.000,0000.000,0157
 
001198084,000000000,000000000,0000.000,0000.000,0000.000,0157
 
001198104,000000000,000000000,0000.000,0000.000,0000.000,0158
 
001198124,000000000,000000000,0000.000,0000.000,0000.000,0157
 
001198144,000000000,000000000,0000.000,0000.000,0000.000,0157
 
001198164,000000000,000000000,0000.000,0000.000,0000.000,0016
 
001198184,000000000,000000000,0000.000,0000.000,0000.000,0156
 
001198204,000000000,000000000,0000.000,0000.000,0000.000,0156
 
001198224,000000000,000000000,0000.000,0000.000,0000.000,0015
 
001198244,000000000,000000000,0000.000,0000.000,0000.000,0155
 
001198264,000000000,000000000,0000.000,0000.000,0000.000,0157
 
001198284,000000000,000000000,0000.000,0000.000,0000.000,0011
 
001198304,000000000,000000000,0000.000,0000.000,0000.000,0155
 
001198324,000000000,000000000,0000.000,0000.000,0000.000,0154
 
001198344,000000016,-00000015,0000.000,0000.000,0000.000,0009
 
001198364,000000035,-00000038,0000.000,0000.000,0000.000,0154
 
001198384,000000049,-00000055,0000.000,0000.000,0000.000,0153
 
001198404,000000045,-00000058,0000.000,0000.000,0000.000,0152
 
001198424,000000046,-00000055,0000.000,0000.000,0000.000,0152
 
001198444,000000047,-00000040,0000.000,0000.000,0000.000,0006
 
001198464,000000047,-00000025,0000.000,0000.000,0000.000,0006
 
001198484,000000040,-00000004,0000.000,0000.000,0000.000,0153
 
001198504,000000023,000000000,0000.000,0000.000,0000.000,0007
 
001198524,000000008,000000004,0000.000,0000.000,0000.000,0153
 
001198544,000000003,000000005,0000.000,0000.000,0000.000,0152
 
001198564,000000001,000000002,0000.000,0000.000,0000.000,0152
 
001198584,000000000,000000000,0000.000,0000.000,0000.000,0152
 
001198604,000000000,000000000,0000.000,0000.000,0000.000,0152
 
001198624,000000000,000000000,0000.000,0000.000,0000.000,0153
 
001198644,000000000,000000000,0000.000,0000.000,0000.000,0152
 
001198664,000000000,000000000,0000.000,0000.000,0000.000,0152
 
001198684,000000000,000000000,0000.000,0000.000,0000.000,0152
 
001198704,000000000,000000000,0000.000,0000.000,0000.000,0152
 
001198724,000000000,000000000,0000.000,0000.000,0000.000,0152
 
001198744,000000000,000000000,0000.000,0000.000,0000.000,0152
 
001198764,000000000,000000000,0000.000,0000.000,0000.000,0152
 
001198784,000000000,000000000,0000.000,0000.000,0000.000,0152
 
001198804,000000000,000000000,0000.000,0000.000,0000.000,0152
 
001198824,000000000,000000000,0000.000,0000.000,0000.000,0152
 
001198844,000000000,000000000,0000.000,0000.000,0000.000,0152
 
001198864,000000000,000000000,0000.000,0000.000,0000.000,0153
 
001198884,000000000,000000000,0000.000,0000.000,0000.000,0007
 
001198904,000000000,000000000,0000.000,0000.000,0000.000,0153
 
001198924,000000000,000000000,0000.000,0000.000,0000.000,0153
 
001198944,000000000,000000000,0000.000,0000.000,0000.000,0006
 
001198964,000000000,000000000,0000.000,0000.000,0000.000,0006
 
001198984,000000000,000000000,0000.000,0000.000,0000.000,0006
 
001199004,000000000,000000000,0000.000,0000.000,0000.000,0006
 
001199024,000000000,000000000,0000.000,0000.000,0000.000,0007
 
001199044,000000000,000000000,0000.000,0000.000,0000.000,0007
 
