000935013,-00000036,000000031,0000.000,0000.000,0000.000,
 
000935032,000000000,000000000,0000.000,0000.000,0000.000,
 
000935052,000000000,000000000,0000.000,0000.000,0000.000,
 
000935072,000000000,000000000,0000.000,0000.000,0000.000,
 
000935092,000000000,000000000,0000.000,0000.000,0000.000,
 
000935112,000000000,000000000,0000.000,0000.000,0000.000,
 
000935132,000000000,000000000,0000.000,0000.000,0000.000,
 
000935152,000000000,000000000,0000.000,0000.000,0000.000,
 
000935172,000000000,000000000,0000.000,0000.000,0000.000,
 
000935192,000000000,000000000,0000.000,0000.000,0000.000,
 
000935212,000000000,000000000,0000.000,0000.000,0000.000,
 
000935232,000000000,000000000,0000.000,0000.000,0000.000,
 
000935252,000000000,000000000,0000.000,0000.000,0000.000,
 
000935272,000000000,000000000,0000.000,0000.000,0000.000,
 
000935292,000000000,000000000,0000.000,0000.000,0000.000,
 
000935312,000000000,000000000,0000.000,0000.000,0000.000,
 
000935332,000000000,000000000,0000.000,0000.000,0000.000,
 
000935352,000000000,000000000,0000.000,0000.000,0000.000,
 
000935372,000000000,000000000,0000.000,0000.000,0000.000,
 
000935392,000000000,000000000,0000.000,0000.000,0000.000,
 
000935412,000000000,000000000,0000.000,0000.000,0000.000,
 
000935432,000000000,000000000,0000.000,0000.000,0000.000,
 
000935452,000000000,000000000,0000.000,0000.000,0000.000,
 
000935472,000000000,000000000,0000.000,0000.000,0000.000,
 
000935492,000000000,000000000,0000.000,0000.000,0000.000,
 
000935512,000000000,000000000,0000.000,0000.000,0000.000,
 
000935532,000000000,000000000,0000.000,0000.000,0000.000,
 
000935552,000000000,000000000,0000.000,0000.000,0000.000,
 
000935572,000000000,000000000,0000.000,0000.000,0000.000,
 
000935592,000000000,000000000,0000.000,0000.000,0000.000,
 
000935612,000000000,000000000,0000.000,0000.000,0000.000,
 
000935632,000000000,000000000,0000.000,0000.000,0000.000,
 
000935652,000000000,000000000,0000.000,0000.000,0000.000,
 
000935672,000000000,000000000,0000.000,0000.000,0000.000,
 
000935692,000000000,000000000,0000.000,0000.000,0000.000,
 
000935712,000000000,000000000,0000.000,0000.000,0000.000,
 
000935732,000000000,000000000,0000.000,0000.000,0000.000,
 
000935752,000000000,000000000,0000.000,0000.000,0000.000,
 
000935772,000000000,000000000,0000.000,0000.000,0000.000,
 
000935792,000000000,000000000,0000.000,0000.000,0000.000,
 
000935812,000000000,000000000,0000.000,0000.000,0000.000,
 
000935832,000000000,000000000,0000.000,0000.000,0000.000,
 
000935852,000000000,000000000,0000.000,0000.000,0000.000,
 
000935872,000000000,000000000,0000.000,0000.000,0000.000,
 
000935892,000000000,000000000,0000.000,0000.000,0000.000,
 
000935912,000000000,000000000,0000.000,0000.000,0000.000,
 
000935932,000000000,000000000,0000.000,0000.000,0000.000,
 
000935952,000000000,000000000,0000.000,0000.000,0000.000,
 
000935972,000000000,000000000,0000.000,0000.000,0000.000,
 
000935992,000000000,000000000,0000.000,0000.000,0000.000,
 
000936012,000000000,000000000,0000.000,0000.000,0000.000,
 
000936032,000000000,000000000,0000.000,0000.000,0000.000,
 
000936052,000000000,000000000,0000.000,0000.000,0000.000,
 
000936072,000000000,000000000,0000.000,0000.000,0000.000,
 
000936092,000000000,000000000,0000.000,0000.000,0000.000,
 
000936112,000000000,000000000,0000.000,0000.000,0000.000,
 
000936132,000000000,000000000,0000.000,0000.000,0000.000,
 
000936152,000000000,000000000,0000.000,0000.000,0000.000,
 
000936172,000000000,000000000,0000.000,0000.000,0000.000,
 
000936192,000000000,000000000,0000.000,0000.000,0000.000,
 
000936212,000000000,000000000,0000.000,0000.000,0000.000,
 
000936232,000000000,000000000,0000.000,0000.000,0000.000,
 
000936252,000000000,000000000,0000.000,0000.000,0000.000,
 
000936272,000000000,000000000,0000.000,0000.000,0000.000,
 
000936292,000000000,000000000,0000.000,0000.000,0000.000,
 
000936312,000000000,000000000,0000.000,0000.000,0000.000,
 
000936332,000000000,000000000,0000.000,0000.000,0000.000,
 
000936352,000000000,000000000,0000.000,0000.000,0000.000,
 
000936372,000000000,000000000,0000.000,0000.000,0000.000,
 
000936392,000000000,000000000,0000.000,0000.000,0000.000,
 
000936412,000000000,000000000,0000.000,0000.000,0000.000,
 
000936432,000000000,000000000,0000.000,0000.000,0000.000,
 
000936452,000000000,000000000,0000.000,0000.000,0000.000,
 
000936472,000000000,000000000,0000.000,0000.000,0000.000,
 
000936492,000000000,000000000,0000.000,0000.000,0000.000,
 
000936512,000000000,000000000,0000.000,0000.000,0000.000,
 
000936532,000000000,000000000,0000.000,0000.000,0000.000,
 
000936552,000000000,000000000,0000.000,0000.000,0000.000,
 
000936572,000000000,000000000,0000.000,0000.000,0000.000,
 
000936592,000000000,000000000,0000.000,0000.000,0000.000,
 
000936612,000000000,000000000,0000.000,0000.000,0000.000,
 
000936632,000000000,000000000,0000.000,0000.000,0000.000,
 
000936652,000000000,000000000,0000.000,0000.000,0000.000,
 
000936672,000000000,000000000,0000.000,0000.000,0000.000,
 
000936692,000000000,000000000,0000.000,0000.000,0000.000,
 
000936712,000000000,000000000,0000.000,0000.000,0000.000,
 
000936732,000000000,000000000,0000.000,0000.000,0000.000,
 
000936752,000000000,000000000,0000.000,0000.000,0000.000,
 
000936772,000000000,000000000,0000.000,0000.000,0000.000,
 
000936792,000000000,000000000,0000.000,0000.000,0000.000,
 
000936812,000000000,000000000,0000.000,0000.000,0000.000,
 
000936832,000000000,000000000,0000.000,0000.000,0000.000,
 
000936852,000000000,000000000,0000.000,0000.000,0000.000,
 
000936872,000000000,000000000,0000.000,0000.000,0000.000,
 
000936892,000000000,000000000,0000.000,0000.000,0000.000,
 
000936912,000000000,000000000,0000.000,0000.000,0000.000,
 
000936932,000000000,000000000,0000.000,0000.000,0000.000,
 
000936952,000000000,000000000,0000.000,0000.000,0000.000,
 
000936972,000000000,000000000,0000.000,0000.000,0000.000,
 
000936992,000000000,000000000,0000.000,0000.000,0000.000,
 
000937012,000000000,000000000,0000.000,0000.000,0000.000,
 
000937032,000000000,000000000,0000.000,0000.000,0000.000,
 
000937052,000000000,000000000,0000.000,0000.000,0000.000,
 
000937072,000000000,000000000,0000.000,0000.000,0000.000,
 
000937092,000000000,000000000,0000.000,0000.000,0000.000,
 
000937112,000000000,000000000,0000.000,0000.000,0000.000,
 
000937132,000000000,000000000,0000.000,0000.000,0000.000,
 
000937152,000000000,000000000,0000.000,0000.000,0000.000,
 
000937172,000000000,000000000,0000.000,0000.000,0000.000,
 
000937192,000000000,000000000,0000.000,0000.000,0000.000,
 
000937212,000000000,000000000,0000.000,0000.000,0000.000,
 
000937232,000000000,000000000,0000.000,0000.000,0000.000,
 
000937252,000000000,000000000,0000.000,0000.000,0000.000,
 
000937272,000000000,000000000,0000.000,0000.000,0000.000,
 
000937292,000000000,000000000,0000.000,0000.000,0000.000,
 
000937312,000000000,000000000,0000.000,0000.000,0000.000,
 
000937332,000000000,000000000,0000.000,0000.000,0000.000,
 
000937352,000000000,000000000,0000.000,0000.000,0000.000,
 
000937372,000000000,000000000,0000.000,0000.000,0000.000,
 
000937392,000000000,000000000,0000.000,0000.000,0000.000,
 
000937412,000000000,000000000,0000.000,0000.000,0000.000,
 
000937432,000000000,000000000,0000.000,0000.000,0000.000,
 
000937452,000000000,000000000,0000.000,0000.000,0000.000,
 
000937472,000000000,000000000,0000.000,0000.000,0000.000,
 
000937492,000000000,000000000,0000.000,0000.000,0000.000,
 
000937512,000000000,000000000,0000.000,0000.000,0000.000,
 
000937532,000000000,000000000,0000.000,0000.000,0000.000,
 
000937552,000000000,000000000,0000.000,0000.000,0000.000,
 
000937572,000000000,000000000,0000.000,0000.000,0000.000,
 
000937592,000000000,000000000,0000.000,0000.000,0000.000,
 
000937612,000000000,000000000,0000.000,0000.000,0000.000,
 
000937632,000000000,000000000,0000.000,0000.000,0000.000,
 
000937652,000000000,000000000,0000.000,0000.000,0000.000,
 
000937672,000000000,000000000,0000.000,0000.000,0000.000,
 
000937692,000000000,000000000,0000.000,0000.000,0000.000,
 
000937712,000000000,000000000,0000.000,0000.000,0000.000,
 
000937732,000000000,000000000,0000.000,0000.000,0000.000,
 
000937752,000000000,000000000,0000.000,0000.000,0000.000,
 
000937772,000000000,000000000,0000.000,0000.000,0000.000,
 
000937792,000000000,000000000,0000.000,0000.000,0000.000,
 
000937812,000000000,000000000,0000.000,0000.000,0000.000,
 
000937832,000000000,000000000,0000.000,0000.000,0000.000,
 
000937852,000000000,000000000,0000.000,0000.000,0000.000,
 
000937872,000000000,000000000,0000.000,0000.000,0000.000,
 
000937892,000000000,-00000003,0000.000,0000.000,0000.000,
 
000937912,000000000,-00000007,0000.000,0000.000,0000.000,
 
000937932,000000000,-00000008,0000.000,0000.000,0000.000,
 
000937952,000000000,-00000013,0000.000,0000.000,0000.000,
 
000937972,000000000,-00000009,0000.000,0000.000,0000.000,
 
000937992,000000000,-00000007,0000.000,0000.000,0000.000,
 
000938012,000000000,-00000005,0000.000,0000.000,0000.000,
 
000938032,-00000001,-00000004,0000.000,0000.000,0000.000,
 
000938052,-00000001,-00000004,0000.000,0000.000,0000.000,
 
000938072,000000000,-00000004,0000.000,0000.000,0000.000,
 
000938092,-00000002,-00000006,0000.000,0000.000,0000.000,
 
000938112,-00000001,-00000007,0000.000,0000.000,0000.000,
 
000938132,-00000002,-00000008,0000.000,0000.000,0000.000,
 
000938152,-00000002,-00000008,0000.000,0000.000,0000.000,
 
000938172,-00000001,-00000008,0000.000,0000.000,0000.000,
 
000938192,-00000002,-00000009,0000.000,0000.000,0000.000,
 
000938212,-00000001,-00000013,0000.000,0000.000,0000.000,
 
000938232,-00000002,-00000015,0000.000,0000.000,0000.000,
 
000938252,-00000002,-00000017,0000.000,0000.000,0000.000,
 
000938272,-00000001,-00000025,0000.000,0000.000,0000.000,
 
000938292,-00000001,-00000022,0000.000,0000.000,0000.000,
 
000938312,-00000002,-00000025,0000.000,0000.000,0000.000,
 
000938332,-00000001,-00000026,0000.000,0000.000,0000.000,
 
000938352,-00000001,-00000028,0000.000,0000.000,0000.000,
 
000938372,000000000,-00000029,0000.000,0000.000,0000.000,
 
000938392,000000000,-00000029,0000.000,0000.000,0000.000,
 
000938412,-00000001,-00000030,0000.000,0000.000,0000.000,
 
000938432,-00000002,-00000029,0000.000,0000.000,0000.000,
 
000938452,-00000001,-00000027,0000.000,0000.000,0000.000,
 
000938472,-00000002,-00000025,0000.000,0000.000,0000.000,
 
000938492,-00000001,-00000023,0000.000,0000.000,0000.000,
 
000938512,-00000001,-00000025,0000.000,0000.000,0000.000,
 
000938532,-00000002,-00000025,0000.000,0000.000,0000.000,
 
000938552,-00000002,-00000024,0000.000,0000.000,0000.000,
 
000938572,-00000002,-00000026,0000.000,0000.000,0000.000,
 
000938592,-00000001,-00000026,0000.000,0000.000,0000.000,
 
000938612,-00000002,-00000028,0000.000,0000.000,0000.000,
 
000938632,-00000004,-00000029,0000.000,0000.000,0000.000,
 
000938652,-00000004,-00000029,0000.000,0000.000,0000.000,
 
000938672,-00000002,-00000029,0000.000,0000.000,0000.000,
 
000938692,-00000002,-00000026,0000.000,0000.000,0000.000,
 
000938712,000000000,-00000026,0000.000,0000.000,0000.000,
 
000938732,-00000001,-00000025,0000.000,0000.000,0000.000,
 
000938752,000000000,-00000025,0000.000,0000.000,0000.000,
 
000938772,000000000,-00000025,0000.000,0000.000,0000.000,
 
000938792,000000000,-00000025,0000.000,0000.000,0000.000,
 
000938812,000000000,-00000020,0000.000,0000.000,0000.000,
 
000938832,-00000004,-00000020,0000.000,0000.000,0000.000,
 
000938852,-00000002,-00000025,0000.000,0000.000,0000.000,
 
000938872,000000000,-00000025,0000.000,0000.000,0000.000,
 
000938892,000000000,-00000025,0000.000,0000.000,0000.000,
 
000938912,-00000001,-00000026,0000.000,0000.000,0000.000,
 
000938932,000000000,-00000027,0000.000,0000.000,0000.000,
 
000938952,-00000001,-00000027,0000.000,0000.000,0000.000,
 
000938972,000000000,-00000029,0000.000,0000.000,0000.000,
 
000938992,000000000,-00000031,0000.000,0000.000,0000.000,
 
000939012,-00000001,-00000032,0000.000,0000.000,0000.000,
 
000939032,-00000001,-00000032,0000.000,0000.000,0000.000,
 
000939052,-00000001,-00000031,0000.000,0000.000,0000.000,
 
000939072,-00000001,-00000032,0000.000,0000.000,0000.000,
 
000939092,-00000001,-00000032,0000.000,0000.000,0000.000,
 
000939112,000000000,-00000031,0000.000,0000.000,0000.000,
 
000939132,-00000002,-00000031,0000.000,0000.000,0000.000,
 
000939152,-00000002,-00000031,0000.000,0000.000,0000.000,
 
000939172,-00000001,-00000030,0000.000,0000.000,0000.000,
 
000939192,000000001,-00000031,0000.000,0000.000,0000.000,
 
000939212,000000001,-00000032,0000.000,0000.000,0000.000,
 
000939232,000000001,-00000049,0000.000,0000.000,0000.000,
 
000939252,000000000,-00000036,0000.000,0000.000,0000.000,
 
000939272,000000000,-00000035,0000.000,0000.000,0000.000,
 
000939292,000000000,-00000034,0000.000,0000.000,0000.000,
 
000939312,-00000002,-00000033,0000.000,0000.000,0000.000,
 
000939332,-00000003,-00000049,0000.000,0000.000,0000.000,
 
000939352,-00000001,-00000049,0000.000,0000.000,0000.000,
 
000939372,-00000002,-00000049,0000.000,0000.000,0000.000,
 
000939392,-00000002,-00000049,0000.000,0000.000,0000.000,
 
000939412,-00000002,-00000034,0000.000,0000.000,0000.000,
 
000939432,-00000002,-00000034,0000.000,0000.000,0000.000,
 
000939452,-00000001,-00000034,0000.000,0000.000,0000.000,
 
000939472,-00000001,-00000034,0000.000,0000.000,0000.000,
 
000939492,-00000001,-00000033,0000.000,0000.000,0000.000,
 
000939512,-00000001,-00000032,0000.000,0000.000,0000.000,
 
000939532,-00000001,-00000049,0000.000,0000.000,0000.000,
 
000939552,000000000,-00000049,0000.000,0000.000,0000.000,
 
000939572,000000001,-00000049,0000.000,0000.000,0000.000,
 
000939592,000000001,-00000049,0000.000,0000.000,0000.000,
 
000939612,000000002,-00000036,0000.000,0000.000,0000.000,
 
000939632,000000001,-00000036,0000.000,0000.000,0000.000,
 
000939652,000000001,-00000036,0000.000,0000.000,0000.000,
 
000939672,000000002,-00000036,0000.000,0000.000,0000.000,
 
000939692,000000001,-00000035,0000.000,0000.000,0000.000,
 
000939712,000000002,-00000037,0000.000,0000.000,0000.000,
 
000939732,000000000,-00000038,0000.000,0000.000,0000.000,
 
000939752,000000000,-00000049,0000.000,0000.000,0000.000,
 
000939772,000000000,-00000049,0000.000,0000.000,0000.000,
 
000939792,-00000001,-00000049,0000.000,0000.000,0000.000,
 
000939812,000000000,-00000049,0000.000,0000.000,0000.000,
 
000939832,-00000001,-00000049,0000.000,0000.000,0000.000,
 
000939852,000000000,-00000049,0000.000,0000.000,0000.000,
 
000939872,000000000,-00000039,0000.000,0000.000,0000.000,
 
000939892,000000001,-00000039,0000.000,0000.000,0000.000,
 
000939912,000000000,-00000037,0000.000,0000.000,0000.000,
 
000939932,000000000,-00000036,0000.000,0000.000,0000.000,
 
000939952,000000000,-00000033,0000.000,0000.000,0000.000,
 
000939972,000000000,-00000033,0000.000,0000.000,0000.000,
 
000939992,000000001,-00000031,0000.000,0000.000,0000.000,
 
000940012,000000001,-00000031,0000.000,0000.000,0000.000,
 
000940032,000000002,-00000031,0000.000,0000.000,0000.000,
 
000940052,000000001,-00000031,0000.000,0000.000,0000.000,
 
000940072,000000000,-00000031,0000.000,0000.000,0000.000,
 
000940092,000000000,-00000032,0000.000,0000.000,0000.000,
 
000940112,000000000,-00000033,0000.000,0000.000,0000.000,
 
000940132,000000000,-00000049,0000.000,0000.000,0000.000,
 
000940152,000000001,-00000049,0000.000,0000.000,0000.000,
 
000940172,000000003,-00000049,0000.000,0000.000,0000.000,
 
000940192,000000002,-00000049,0000.000,0000.000,0000.000,
 
000940212,000000000,-00000049,0000.000,0000.000,0000.000,
 
000940232,000000000,-00000049,0000.000,0000.000,0000.000,
 
000940252,-00000003,-00000049,0000.000,0000.000,0000.000,
 
000940272,-00000003,-00000049,0000.000,0000.000,0000.000,
 
000940292,-00000001,-00000049,0000.000,0000.000,0000.000,
 
000940312,-00000002,-00000049,0000.000,0000.000,0000.000,
 
000940332,-00000002,-00000049,0000.000,0000.000,0000.000,
 
000940352,-00000002,-00000049,0000.000,0000.000,0000.000,
 
000940372,000000000,-00000049,0000.000,0000.000,0000.000,
 
000940392,000000000,-00000049,0000.000,0000.000,0000.000,
 
000940412,-00000001,-00000032,0000.000,0000.000,0000.000,
 
000940432,000000000,-00000031,0000.000,0000.000,0000.000,
 
000940452,000000000,-00000032,0000.000,0000.000,0000.000,
 
000940472,000000000,-00000032,0000.000,0000.000,0000.000,
 
000940492,-00000001,-00000031,0000.000,0000.000,0000.000,
 
000940512,000000000,-00000030,0000.000,0000.000,0000.000,
 
000940532,000000002,-00000029,0000.000,0000.000,0000.000,
 
000940552,000000000,-00000028,0000.000,0000.000,0000.000,
 
000940572,000000000,-00000026,0000.000,0000.000,0000.000,
 
000940592,000000000,-00000025,0000.000,0000.000,0000.000,
 
000940612,000000000,-00000025,0000.000,0000.000,0000.000,
 
000940632,000000000,-00000025,0000.000,0000.000,0000.000,
 
000940652,000000000,-00000025,0000.000,0000.000,0000.000,
 
000940672,-00000001,-00000025,0000.000,0000.000,0000.000,
 
000940692,-00000001,-00000026,0000.000,0000.000,0000.000,
 
000940712,-00000001,-00000028,0000.000,0000.000,0000.000,
 
000940732,000000000,-00000027,0000.000,0000.000,0000.000,
 
000940752,000000000,-00000029,0000.000,0000.000,0000.000,
 
000940772,-00000001,-00000032,0000.000,0000.000,0000.000,
 
000940792,000000000,-00000032,0000.000,0000.000,0000.000,
 
000940812,000000000,-00000032,0000.000,0000.000,0000.000,
 
000940832,000000000,-00000031,0000.000,0000.000,0000.000,
 
000940852,000000000,-00000029,0000.000,0000.000,0000.000,
 
000940872,000000000,-00000028,0000.000,0000.000,0000.000,
 
000940892,-00000001,-00000028,0000.000,0000.000,0000.000,
 
000940912,-00000001,-00000028,0000.000,0000.000,0000.000,
 
000940932,-00000002,-00000029,0000.000,0000.000,0000.000,
 
000940952,-00000001,-00000028,0000.000,0000.000,0000.000,
 
000940972,-00000001,-00000029,0000.000,0000.000,0000.000,
 
000940992,-00000001,-00000029,0000.000,0000.000,0000.000,
 
000941012,-00000001,-00000032,0000.000,0000.000,0000.000,
 
000941032,-00000002,-00000049,0000.000,0000.000,0000.000,
 
000941052,000000000,-00000049,0000.000,0000.000,0000.000,
 
000941072,-00000001,-00000049,0000.000,0000.000,0000.000,
 
000941092,-00000001,-00000049,0000.000,0000.000,0000.000,
 
000941112,-00000001,-00000049,0000.000,0000.000,0000.000,
 
000941132,-00000001,-00000034,0000.000,0000.000,0000.000,
 
000941152,-00000001,-00000036,0000.000,0000.000,0000.000,
 
000941172,-00000002,-00000035,0000.000,0000.000,0000.000,
 
000941192,-00000001,-00000036,0000.000,0000.000,0000.000,
 
000941212,000000000,-00000033,0000.000,0000.000,0000.000,
 
000941232,-00000001,-00000031,0000.000,0000.000,0000.000,
 
000941252,-00000002,-00000030,0000.000,0000.000,0000.000,
 
000941272,-00000002,-00000027,0000.000,0000.000,0000.000,
 
000941292,-00000001,-00000026,0000.000,0000.000,0000.000,
 
000941312,-00000001,-00000025,0000.000,0000.000,0000.000,
 
000941332,000000000,-00000025,0000.000,0000.000,0000.000,
 
000941352,000000000,-00000025,0000.000,0000.000,0000.000,
 
000941372,000000000,-00000026,0000.000,0000.000,0000.000,
 
000941392,-00000001,-00000028,0000.000,0000.000,0000.000,
 
000941412,-00000002,-00000029,0000.000,0000.000,0000.000,
 
000941432,-00000002,-00000031,0000.000,0000.000,0000.000,
 
000941452,-00000001,-00000031,0000.000,0000.000,0000.000,
 
000941472,000000000,-00000030,0000.000,0000.000,0000.000,
 
000941492,-00000001,-00000030,0000.000,0000.000,0000.000,
 
000941512,-00000003,-00000030,0000.000,0000.000,0000.000,
 
000941532,-00000001,-00000029,0000.000,0000.000,0000.000,
 
000941552,-00000001,-00000029,0000.000,0000.000,0000.000,
 
000941572,000000000,-00000029,0000.000,0000.000,0000.000,
 
000941592,000000000,-00000028,0000.000,0000.000,0000.000,
 
000941612,000000000,-00000027,0000.000,0000.000,0000.000,
 
000941632,000000000,-00000027,0000.000,0000.000,0000.000,
 
000941652,000000000,-00000026,0000.000,0000.000,0000.000,
 
000941672,000000000,-00000025,0000.000,0000.000,0000.000,
 
000941692,000000002,-00000025,0000.000,0000.000,0000.000,
 
000941712,000000002,-00000027,0000.000,0000.000,0000.000,
 
000941732,000000004,-00000028,0000.000,0000.000,0000.000,
 
000941752,000000002,-00000031,0000.000,0000.000,0000.000,
 
000941772,000000003,-00000030,0000.000,0000.000,0000.000,
 
000941792,000000000,-00000029,0000.000,0000.000,0000.000,
 
000941812,000000000,-00000027,0000.000,0000.000,0000.000,
 
000941832,000000000,-00000027,0000.000,0000.000,0000.000,
 
000941852,-00000001,-00000027,0000.000,0000.000,0000.000,
 
000941872,000000000,-00000027,0000.000,0000.000,0000.000,
 
000941892,000000000,-00000026,0000.000,0000.000,0000.000,
 
000941912,-00000001,-00000026,0000.000,0000.000,0000.000,
 
000941932,000000000,-00000028,0000.000,0000.000,0000.000,
 
000941952,000000000,-00000030,0000.000,0000.000,0000.000,
 
000941972,000000001,-00000031,0000.000,0000.000,0000.000,
 
000941992,000000001,-00000032,0000.000,0000.000,0000.000,
 
000942012,000000000,-00000032,0000.000,0000.000,0000.000,
 
000942032,000000000,-00000049,0000.000,0000.000,0000.000,
 
000942052,000000000,-00000032,0000.000,0000.000,0000.000,
 
000942072,000000000,-00000031,0000.000,0000.000,0000.000,
 
000942092,-00000001,-00000029,0000.000,0000.000,0000.000,
 
000942112,-00000001,-00000029,0000.000,0000.000,0000.000,
 
000942132,000000000,-00000027,0000.000,0000.000,0000.000,
 
000942152,-00000001,-00000029,0000.000,0000.000,0000.000,
 
000942172,-00000001,-00000029,0000.000,0000.000,0000.000,
 
000942192,-00000001,-00000028,0000.000,0000.000,0000.000,
 
000942212,-00000001,-00000028,0000.000,0000.000,0000.000,
 
000942232,000000000,-00000028,0000.000,0000.000,0000.000,
 
000942252,-00000001,-00000030,0000.000,0000.000,0000.000,
 
000942272,-00000001,-00000032,0000.000,0000.000,0000.000,
 
000942292,-00000003,-00000032,0000.000,0000.000,0000.000,
 
000942312,-00000002,-00000049,0000.000,0000.000,0000.000,
 
000942332,000000000,-00000032,0000.000,0000.000,0000.000,
 
000942352,-00000001,-00000031,0000.000,0000.000,0000.000,
 
000942372,-00000001,-00000030,0000.000,0000.000,0000.000,
 
000942392,-00000002,-00000031,0000.000,0000.000,0000.000,
 
000942412,-00000001,-00000033,0000.000,0000.000,0000.000,
 
000942432,000000000,-00000034,0000.000,0000.000,0000.000,
 
000942452,000000002,-00000049,0000.000,0000.000,0000.000,
 
000942472,000000001,-00000049,0000.000,0000.000,0000.000,
 
000942492,000000001,-00000036,0000.000,0000.000,0000.000,
 
000942512,000000000,-00000034,0000.000,0000.000,0000.000,
 
000942532,000000000,-00000035,0000.000,0000.000,0000.000,
 
000942552,000000000,-00000034,0000.000,0000.000,0000.000,
 
000942572,000000000,-00000032,0000.000,0000.000,0000.000,
 
000942592,000000000,-00000029,0000.000,0000.000,0000.000,
 
000942612,000000000,-00000025,0000.000,0000.000,0000.000,
 
000942632,000000000,-00000022,0000.000,0000.000,0000.000,
 
000942652,000000000,-00000021,0000.000,0000.000,0000.000,
 
000942672,-00000001,-00000022,0000.000,0000.000,0000.000,
 
000942692,-00000001,-00000025,0000.000,0000.000,0000.000,
 
000942712,-00000002,-00000025,0000.000,0000.000,0000.000,
 
000942732,000000000,-00000025,0000.000,0000.000,0000.000,
 
000942752,-00000001,-00000025,0000.000,0000.000,0000.000,
 
000942772,-00000001,-00000019,0000.000,0000.000,0000.000,
 
000942792,000000000,-00000021,0000.000,0000.000,0000.000,
 
000942812,-00000001,-00000025,0000.000,0000.000,0000.000,
 
000942832,000000000,-00000025,0000.000,0000.000,0000.000,
 
000942852,-00000001,-00000025,0000.000,0000.000,0000.000,
 
000942872,-00000001,-00000018,0000.000,0000.000,0000.000,
 
000942892,000000000,-00000017,0000.000,0000.000,0000.000,
 
000942912,-00000002,-00000018,0000.000,0000.000,0000.000,
 
000942932,-00000002,-00000025,0000.000,0000.000,0000.000,
 
000942952,-00000003,-00000025,0000.000,0000.000,0000.000,
 
000942972,-00000001,-00000025,0000.000,0000.000,0000.000,
 
000942992,-00000001,-00000017,0000.000,0000.000,0000.000,
 
000943012,-00000001,-00000019,0000.000,0000.000,0000.000,
 
000943032,000000000,-00000025,0000.000,0000.000,0000.000,
 
000943052,-00000001,-00000025,0000.000,0000.000,0000.000,
 
000943072,-00000001,-00000025,0000.000,0000.000,0000.000,
 
000943092,000000000,-00000020,0000.000,0000.000,0000.000,
 
000943112,-00000001,-00000019,0000.000,0000.000,0000.000,
 
000943132,-00000001,-00000025,0000.000,0000.000,0000.000,
 
000943152,-00000001,-00000025,0000.000,0000.000,0000.000,
 
000943172,-00000001,-00000025,0000.000,0000.000,0000.000,
 
000943192,-00000001,-00000021,0000.000,0000.000,0000.000,
 
000943212,-00000001,-00000021,0000.000,0000.000,0000.000,
 
000943232,-00000002,-00000025,0000.000,0000.000,0000.000,
 
000943252,-00000002,-00000025,0000.000,0000.000,0000.000,
 
000943272,-00000003,-00000025,0000.000,0000.000,0000.000,
 
000943292,-00000001,-00000016,0000.000,0000.000,0000.000,
 
000943312,000000000,-00000015,0000.000,0000.000,0000.000,
 
000943332,000000000,-00000015,0000.000,0000.000,0000.000,
 
000943352,-00000001,-00000016,0000.000,0000.000,0000.000,
 
000943372,-00000001,-00000015,0000.000,0000.000,0000.000,
 
000943392,-00000001,-00000014,0000.000,0000.000,0000.000,
 
000943412,-00000001,-00000013,0000.000,0000.000,0000.000,
 
000943432,-00000001,-00000013,0000.000,0000.000,0000.000,
 
000943452,-00000001,-00000013,0000.000,0000.000,0000.000,
 
000943472,-00000001,-00000010,0000.000,0000.000,0000.000,
 
000943492,000000000,-00000013,0000.000,0000.000,0000.000,
 
000943512,-00000001,-00000008,0000.000,0000.000,0000.000,
 
000943532,000000000,-00000007,0000.000,0000.000,0000.000,
 
000943552,-00000001,-00000006,0000.000,0000.000,0000.000,
 
000943572,000000000,-00000005,0000.000,0000.000,0000.000,
 
000943592,-00000001,-00000004,0000.000,0000.000,0000.000,
 
000943612,000000000,-00000004,0000.000,0000.000,0000.000,
 
000943632,000000000,-00000004,0000.000,0000.000,0000.000,
 
000943652,-00000001,-00000002,0000.000,0000.000,0000.000,
 
000943672,000000000,-00000001,0000.000,0000.000,0000.000,
 
000943692,000000000,-00000001,0000.000,0000.000,0000.000,
 
000943712,000000000,000000000,0000.000,0000.000,0000.000,
 
000943732,000000000,000000000,0000.000,0000.000,0000.000,
 
000943752,000000000,000000000,0000.000,0000.000,0000.000,
 
000943772,000000000,000000000,0000.000,0000.000,0000.000,
 
000943792,000000000,000000000,0000.000,0000.000,0000.000,
 
000943812,000000000,000000000,0000.000,0000.000,0000.000,
 
000943832,000000000,000000000,0000.000,0000.000,0000.000,
 
000943852,000000000,000000000,0000.000,0000.000,0000.000,
 
000943872,000000000,000000000,0000.000,0000.000,0000.000,
 
000943892,000000000,000000000,0000.000,0000.000,0000.000,
 
000943912,000000000,000000000,0000.000,0000.000,0000.000,
 
000943932,000000000,000000000,0000.000,0000.000,0000.000,
 
000943952,000000000,000000000,0000.000,0000.000,0000.000,
 
000943972,000000000,000000000,0000.000,0000.000,0000.000,
 
000943992,000000000,000000000,0000.000,0000.000,0000.000,
 
000944012,000000000,000000000,0000.000,0000.000,0000.000,
 
000944032,000000000,000000000,0000.000,0000.000,0000.000,
 
000944052,000000000,-00000002,0000.000,0000.000,0000.000,
 
000944072,000000000,-00000008,0000.000,0000.000,0000.000,
 
000944092,-00000001,-00000008,0000.000,0000.000,0000.000,
 
000944112,000000000,-00000007,0000.000,0000.000,0000.000,
 
000944132,-00000001,-00000002,0000.000,0000.000,0000.000,
 
000944152,000000000,-00000001,0000.000,0000.000,0000.000,
 
000944172,000000000,000000000,0000.000,0000.000,0000.000,
 
000944192,000000000,000000000,0000.000,0000.000,0000.000,
 
000944212,000000000,000000000,0000.000,0000.000,0000.000,
 
000944232,000000000,000000000,0000.000,0000.000,0000.000,
 
000944252,000000000,000000000,0000.000,0000.000,0000.000,
 
000944272,000000000,000000000,0000.000,0000.000,0000.000,
 
000944292,000000000,000000000,0000.000,0000.000,0000.000,
 
000944312,000000000,000000000,0000.000,0000.000,0000.000,
 
000944332,000000000,000000000,0000.000,0000.000,0000.000,
 
000944352,000000000,000000000,0000.000,0000.000,0000.000,
 
000944372,000000000,000000000,0000.000,0000.000,0000.000,
 
000944392,000000000,000000000,0000.000,0000.000,0000.000,
 
000944412,000000000,000000000,0000.000,0000.000,0000.000,
 
000944432,000000000,000000000,0000.000,0000.000,0000.000,
 
000944452,000000000,000000000,0000.000,0000.000,0000.000,
 
000944472,000000000,000000000,0000.000,0000.000,0000.000,
 
000944492,000000000,000000000,0000.000,0000.000,0000.000,
 
000944512,000000000,000000000,0000.000,0000.000,0000.000,
 
000944532,000000000,000000000,0000.000,0000.000,0000.000,
 
000944552,000000000,000000000,0000.000,0000.000,0000.000,
 
000944572,000000000,000000000,0000.000,0000.000,0000.000,
 
000944592,000000000,000000000,0000.000,0000.000,0000.000,
 
000944612,000000000,000000000,0000.000,0000.000,0000.000,
 
000944632,000000000,000000000,0000.000,0000.000,0000.000,
 
000944652,000000000,000000000,0000.000,0000.000,0000.000,
 
000944672,000000000,000000000,0000.000,0000.000,0000.000,
 
000944692,000000000,000000000,0000.000,0000.000,0000.000,
 
000944712,000000000,000000000,0000.000,0000.000,0000.000,
 
000944732,000000000,000000000,0000.000,0000.000,0000.000,
 
000944752,000000000,000000000,0000.000,0000.000,0000.000,
 
000944772,000000000,000000000,0000.000,0000.000,0000.000,
 
000944792,000000000,000000000,0000.000,0000.000,0000.000,
 
000944812,000000000,000000000,0000.000,0000.000,0000.000,
 
000944832,000000000,000000000,0000.000,0000.000,0000.000,
 
000944852,000000000,000000000,0000.000,0000.000,0000.000,
 
000944872,000000000,000000000,0000.000,0000.000,0000.000,
 
000944892,000000000,000000000,0000.000,0000.000,0000.000,
 
000944912,000000000,000000000,0000.000,0000.000,0000.000,
 
000944932,000000000,000000000,0000.000,0000.000,0000.000,
 
000944952,000000000,000000000,0000.000,0000.000,0000.000,
 
000944972,000000000,000000000,0000.000,0000.000,0000.000,
 
000944992,000000000,000000000,0000.000,0000.000,0000.000,
 
000945012,000000000,000000000,0000.000,0000.000,0000.000,
 
000945032,000000000,000000000,0000.000,0000.000,0000.000,
 
000945052,000000000,000000000,0000.000,0000.000,0000.000,
 
000945072,000000000,000000000,0000.000,0000.000,0000.000,
 
000945092,000000000,000000000,0000.000,0000.000,0000.000,
 
