002694350,000000045,-00000132,0000.000,0000.000,0000.000,
 
002694369,000000000,000000000,0000.000,0000.000,0000.000,
 
002694389,000000000,000000000,0000.000,0000.000,0000.000,
 
002694409,000000000,000000000,0000.000,0000.000,0000.000,
 
002694429,000000000,000000000,0000.000,0000.000,0000.000,
 
002694449,000000000,000000000,0000.000,0000.000,0000.000,
 
002694469,000000000,000000000,0000.000,0000.000,0000.000,
 
002694489,000000000,000000000,0000.000,0000.000,0000.000,
 
002694509,000000000,000000000,0000.000,0000.000,0000.000,
 
002694529,000000000,000000000,0000.000,0000.000,0000.000,
 
002694549,000000000,000000000,0000.000,0000.000,0000.000,
 
002694569,000000000,000000000,0000.000,0000.000,0000.000,
 
002694589,000000000,000000000,0000.000,0000.000,0000.000,
 
002694609,000000000,000000000,0000.000,0000.000,0000.000,
 
002694629,000000000,000000000,0000.000,0000.000,0000.000,
 
002694649,000000000,000000000,0000.000,0000.000,0000.000,
 
002694669,000000000,000000000,0000.000,0000.000,0000.000,
 
002694689,000000000,000000000,0000.000,0000.000,0000.000,
 
002694709,000000000,000000000,0000.000,0000.000,0000.000,
 
002694729,000000000,000000000,0000.000,0000.000,0000.000,
 
002694749,000000000,000000000,0000.000,0000.000,0000.000,
 
002694769,000000000,000000000,0000.000,0000.000,0000.000,
 
002694789,000000000,000000000,0000.000,0000.000,0000.000,
 
002694809,000000000,000000000,0000.000,0000.000,0000.000,
 
002694829,000000000,000000000,0000.000,0000.000,0000.000,
 
002694849,000000000,000000000,0000.000,0000.000,0000.000,
 
002694869,000000000,000000000,0000.000,0000.000,0000.000,
 
002694889,000000000,000000000,0000.000,0000.000,0000.000,
 
002694909,000000000,000000000,0000.000,0000.000,0000.000,
 
002694929,000000000,000000000,0000.000,0000.000,0000.000,
 
002694949,000000000,000000000,0000.000,0000.000,0000.000,
 
002694969,000000000,000000000,0000.000,0000.000,0000.000,
 
002694989,000000000,000000000,0000.000,0000.000,0000.000,
 
002695009,000000000,000000000,0000.000,0000.000,0000.000,
 
002695029,000000000,000000000,0000.000,0000.000,0000.000,
 
002695049,000000000,000000000,0000.000,0000.000,0000.000,
 
002695069,000000000,000000000,0000.000,0000.000,0000.000,
 
002695089,000000000,000000000,0000.000,0000.000,0000.000,
 
002695109,000000000,000000000,0000.000,0000.000,0000.000,
 
002695129,000000000,000000000,0000.000,0000.000,0000.000,
 
002695149,000000000,000000000,0000.000,0000.000,0000.000,
 
002695169,000000000,000000000,0000.000,0000.000,0000.000,
 
002695189,000000000,000000000,0000.000,0000.000,0000.000,
 
002695209,000000000,000000000,0000.000,0000.000,0000.000,
 
002695229,000000000,000000000,0000.000,0000.000,0000.000,
 
002695249,000000000,000000000,0000.000,0000.000,0000.000,
 
002695269,000000000,000000000,0000.000,0000.000,0000.000,
 
002695289,000000000,000000000,0000.000,0000.000,0000.000,
 
002695309,000000000,000000000,0000.000,0000.000,0000.000,
 
002695329,000000000,000000000,0000.000,0000.000,0000.000,
 
002695349,000000000,000000000,0000.000,0000.000,0000.000,
 
002695369,000000000,000000000,0000.000,0000.000,0000.000,
 
002695389,000000000,000000000,0000.000,0000.000,0000.000,
 
002695409,000000000,000000000,0000.000,0000.000,0000.000,
 
002695429,000000000,000000000,0000.000,0000.000,0000.000,
 
002695449,000000000,000000000,0000.000,0000.000,0000.000,
 
002695469,000000000,000000000,0000.000,0000.000,0000.000,
 
002695489,000000000,000000000,0000.000,0000.000,0000.000,
 
002695509,000000000,000000000,0000.000,0000.000,0000.000,
 
002695529,000000000,000000000,0000.000,0000.000,0000.000,
 
002695549,000000000,000000000,0000.000,0000.000,0000.000,
 
002695569,000000000,000000000,0000.000,0000.000,0000.000,
 
002695589,000000000,000000000,0000.000,0000.000,0000.000,
 
002695609,000000000,000000000,0000.000,0000.000,0000.000,
 
002695629,000000000,000000000,0000.000,0000.000,0000.000,
 
002695649,000000000,-00000001,0000.000,0000.000,0000.000,
 
002695669,000000000,000000000,0000.000,0000.000,0000.000,
 
002695689,000000000,000000000,0000.000,0000.000,0000.000,
 
002695709,000000000,000000000,0000.000,0000.000,0000.000,
 
002695729,000000000,000000000,0000.000,0000.000,0000.000,
 
002695749,000000000,000000000,0000.000,0000.000,0000.000,
 
002695769,000000000,000000000,0000.000,0000.000,0000.000,
 
002695789,000000000,000000000,0000.000,0000.000,0000.000,
 
002695809,000000000,000000000,0000.000,0000.000,0000.000,
 
002695829,000000000,000000000,0000.000,0000.000,0000.000,
 
002695849,000000000,000000000,0000.000,0000.000,0000.000,
 
002695869,000000000,000000000,0000.000,0000.000,0000.000,
 
002695889,000000000,000000000,0000.000,0000.000,0000.000,
 
002695909,000000000,000000000,0000.000,0000.000,0000.000,
 
002695929,000000000,000000000,0000.000,0000.000,0000.000,
 
002695949,000000000,000000000,0000.000,0000.000,0000.000,
 
002695969,000000000,000000000,0000.000,0000.000,0000.000,
 
002695989,000000000,000000000,0000.000,0000.000,0000.000,
 
002696009,000000000,000000000,0000.000,0000.000,0000.000,
 
002696029,000000000,000000000,0000.000,0000.000,0000.000,
 
002696049,000000000,000000000,0000.000,0000.000,0000.000,
 
002696069,000000000,000000000,0000.000,0000.000,0000.000,
 
002696089,000000000,000000000,0000.000,0000.000,0000.000,
 
002696109,000000000,000000000,0000.000,0000.000,0000.000,
 
002696129,000000000,000000000,0000.000,0000.000,0000.000,
 
002696149,000000000,000000000,0000.000,0000.000,0000.000,
 
002696169,000000000,000000000,0000.000,0000.000,0000.000,
 
002696189,000000000,000000000,0000.000,0000.000,0000.000,
 
002696209,000000000,000000000,0000.000,0000.000,0000.000,
 
002696229,000000000,000000000,0000.000,0000.000,0000.000,
 
002696249,000000000,000000000,0000.000,0000.000,0000.000,
 
002696269,000000000,000000000,0000.000,0000.000,0000.000,
 
002696289,000000000,000000000,0000.000,0000.000,0000.000,
 
002696309,000000000,000000000,0000.000,0000.000,0000.000,
 
002696329,000000000,000000000,0000.000,0000.000,0000.000,
 
002696349,000000000,000000000,0000.000,0000.000,0000.000,
 
002696369,000000000,000000000,0000.000,0000.000,0000.000,
 
002696389,000000000,000000000,0000.000,0000.000,0000.000,
 
002696409,000000000,000000000,0000.000,0000.000,0000.000,
 
002696429,000000000,000000000,0000.000,0000.000,0000.000,
 
002696449,000000000,000000000,0000.000,0000.000,0000.000,
 
002696469,000000000,000000000,0000.000,0000.000,0000.000,
 
002696489,000000000,000000000,0000.000,0000.000,0000.000,
 
002696509,000000000,000000000,0000.000,0000.000,0000.000,
 
002696529,000000000,000000000,0000.000,0000.000,0000.000,
 
002696549,000000000,000000000,0000.000,0000.000,0000.000,
 
002696569,000000000,000000000,0000.000,0000.000,0000.000,
 
002696589,000000000,000000000,0000.000,0000.000,0000.000,
 
002696609,000000000,000000000,0000.000,0000.000,0000.000,
 
002696629,000000000,000000000,0000.000,0000.000,0000.000,
 
002696649,000000000,000000000,0000.000,0000.000,0000.000,
 
002696669,000000000,000000000,0000.000,0000.000,0000.000,
 
002696689,000000000,000000000,0000.000,0000.000,0000.000,
 
002696709,000000000,000000000,0000.000,0000.000,0000.000,
 
002696729,000000000,000000000,0000.000,0000.000,0000.000,
 
002696749,000000000,000000000,0000.000,0000.000,0000.000,
 
002696769,000000000,000000000,0000.000,0000.000,0000.000,
 
002696789,000000000,000000000,0000.000,0000.000,0000.000,
 
002696809,000000000,000000000,0000.000,0000.000,0000.000,
 
002696829,000000000,000000000,0000.000,0000.000,0000.000,
 
002696849,000000000,000000000,0000.000,0000.000,0000.000,
 
002696869,000000000,000000000,0000.000,0000.000,0000.000,
 
002696889,000000000,000000000,0000.000,0000.000,0000.000,
 
002696909,000000000,000000000,0000.000,0000.000,0000.000,
 
002696929,000000000,000000000,0000.000,0000.000,0000.000,
 
002696949,000000000,000000000,0000.000,0000.000,0000.000,
 
002696969,000000000,000000000,0000.000,0000.000,0000.000,
 
002696989,000000000,000000000,0000.000,0000.000,0000.000,
 
002697009,000000000,000000000,0000.000,0000.000,0000.000,
 
002697029,000000000,000000000,0000.000,0000.000,0000.000,
 
002697049,000000000,000000000,0000.000,0000.000,0000.000,
 
002697069,000000000,000000000,0000.000,0000.000,0000.000,
 
002697089,000000000,000000000,0000.000,0000.000,0000.000,
 
002697109,000000000,000000000,0000.000,0000.000,0000.000,
 
002697129,000000000,000000000,0000.000,0000.000,0000.000,
 
002697149,000000000,000000000,0000.000,0000.000,0000.000,
 
002697169,000000000,000000000,0000.000,0000.000,0000.000,
 
002697189,000000000,000000000,0000.000,0000.000,0000.000,
 
002697209,000000000,000000000,0000.000,0000.000,0000.000,
 
002697229,000000000,000000000,0000.000,0000.000,0000.000,
 
002697249,000000000,000000000,0000.000,0000.000,0000.000,
 
002697269,000000000,000000000,0000.000,0000.000,0000.000,
 
002697289,000000000,000000000,0000.000,0000.000,0000.000,
 
002697309,000000000,000000000,0000.000,0000.000,0000.000,
 
002697329,000000000,000000000,0000.000,0000.000,0000.000,
 
002697349,000000000,000000000,0000.000,0000.000,0000.000,
 
002697369,000000000,000000000,0000.000,0000.000,0000.000,
 
002697389,000000000,000000000,0000.000,0000.000,0000.000,
 
002697409,000000000,000000000,0000.000,0000.000,0000.000,
 
002697429,000000000,000000000,0000.000,0000.000,0000.000,
 
002697449,000000000,-00000007,0000.000,0000.000,0000.000,
 
002697469,000000000,-00000009,0000.000,0000.000,0000.000,
 
002697489,000000000,-00000013,0000.000,0000.000,0000.000,
 
002697509,000000000,-00000009,0000.000,0000.000,0000.000,
 
002697529,000000000,-00000007,0000.000,0000.000,0000.000,
 
002697549,000000000,-00000003,0000.000,0000.000,0000.000,
 
002697569,000000000,-00000002,0000.000,0000.000,0000.000,
 
002697589,-00000001,-00000004,0000.000,0000.000,0000.000,
 
002697609,000000000,-00000005,0000.000,0000.000,0000.000,
 
002697629,000000000,-00000004,0000.000,0000.000,0000.000,
 
002697649,000000000,-00000004,0000.000,0000.000,0000.000,
 
002697669,000000001,-00000008,0000.000,0000.000,0000.000,
 
002697689,000000001,-00000011,0000.000,0000.000,0000.000,
 
002697709,000000001,-00000013,0000.000,0000.000,0000.000,
 
002697729,000000000,-00000011,0000.000,0000.000,0000.000,
 
002697749,000000001,-00000013,0000.000,0000.000,0000.000,
 
002697769,000000001,-00000013,0000.000,0000.000,0000.000,
 
002697789,000000001,-00000013,0000.000,0000.000,0000.000,
 
002697809,000000001,-00000013,0000.000,0000.000,0000.000,
 
002697829,000000000,-00000016,0000.000,0000.000,0000.000,
 
002697849,000000000,-00000025,0000.000,0000.000,0000.000,
 
002697869,000000000,-00000017,0000.000,0000.000,0000.000,
 
002697889,-00000001,-00000025,0000.000,0000.000,0000.000,
 
002697909,000000000,-00000025,0000.000,0000.000,0000.000,
 
002697929,000000000,-00000017,0000.000,0000.000,0000.000,
 
002697949,-00000002,-00000025,0000.000,0000.000,0000.000,
 
002697969,-00000001,-00000020,0000.000,0000.000,0000.000,
 
002697989,-00000001,-00000021,0000.000,0000.000,0000.000,
 
002698009,000000000,-00000025,0000.000,0000.000,0000.000,
 
002698029,-00000001,-00000022,0000.000,0000.000,0000.000,
 
002698049,-00000002,-00000025,0000.000,0000.000,0000.000,
 
002698069,-00000002,-00000026,0000.000,0000.000,0000.000,
 
002698089,-00000007,-00000030,0000.000,0000.000,0000.000,
 
002698109,-00000005,-00000032,0000.000,0000.000,0000.000,
 
002698129,-00000005,-00000032,0000.000,0000.000,0000.000,
 
002698149,-00000004,-00000032,0000.000,0000.000,0000.000,
 
002698169,-00000005,-00000029,0000.000,0000.000,0000.000,
 
002698189,-00000002,-00000028,0000.000,0000.000,0000.000,
 
002698209,-00000002,-00000025,0000.000,0000.000,0000.000,
 
002698229,000000000,-00000025,0000.000,0000.000,0000.000,
 
002698249,000000002,-00000025,0000.000,0000.000,0000.000,
 
002698269,000000002,-00000018,0000.000,0000.000,0000.000,
 
002698289,000000002,-00000016,0000.000,0000.000,0000.000,
 
002698309,000000002,-00000025,0000.000,0000.000,0000.000,
 
002698329,000000001,-00000018,0000.000,0000.000,0000.000,
 
002698349,000000001,-00000017,0000.000,0000.000,0000.000,
 
002698369,000000000,-00000015,0000.000,0000.000,0000.000,
 
002698389,000000000,-00000014,0000.000,0000.000,0000.000,
 
002698409,000000000,-00000016,0000.000,0000.000,0000.000,
 
002698429,-00000001,-00000017,0000.000,0000.000,0000.000,
 
002698449,000000000,-00000025,0000.000,0000.000,0000.000,
 
002698469,000000001,-00000025,0000.000,0000.000,0000.000,
 
002698489,000000001,-00000026,0000.000,0000.000,0000.000,
 
002698509,000000001,-00000029,0000.000,0000.000,0000.000,
 
002698529,000000001,-00000030,0000.000,0000.000,0000.000,
 
002698549,000000001,-00000032,0000.000,0000.000,0000.000,
 
002698569,000000000,-00000032,0000.000,0000.000,0000.000,
 
002698589,000000001,-00000035,0000.000,0000.000,0000.000,
 
002698609,000000002,-00000049,0000.000,0000.000,0000.000,
 
002698629,000000001,-00000049,0000.000,0000.000,0000.000,
 
002698649,000000000,-00000032,0000.000,0000.000,0000.000,
 
002698669,-00000004,-00000029,0000.000,0000.000,0000.000,
 
002698689,-00000003,-00000028,0000.000,0000.000,0000.000,
 
002698709,-00000001,-00000030,0000.000,0000.000,0000.000,
 
002698729,000000000,-00000032,0000.000,0000.000,0000.000,
 
002698749,000000000,-00000034,0000.000,0000.000,0000.000,
 
002698769,000000002,-00000034,0000.000,0000.000,0000.000,
 
002698789,000000004,-00000035,0000.000,0000.000,0000.000,
 
002698809,000000003,-00000049,0000.000,0000.000,0000.000,
 
002698829,000000002,-00000049,0000.000,0000.000,0000.000,
 
002698849,000000001,-00000037,0000.000,0000.000,0000.000,
 
002698869,000000001,-00000037,0000.000,0000.000,0000.000,
 
002698889,000000002,-00000037,0000.000,0000.000,0000.000,
 
002698909,000000003,-00000049,0000.000,0000.000,0000.000,
 
002698929,000000002,-00000037,0000.000,0000.000,0000.000,
 
002698949,000000002,-00000038,0000.000,0000.000,0000.000,
 
002698969,000000002,-00000042,0000.000,0000.000,0000.000,
 
002698989,000000001,-00000044,0000.000,0000.000,0000.000,
 
002699009,000000000,-00000049,0000.000,0000.000,0000.000,
 
002699029,000000000,-00000050,0000.000,0000.000,0000.000,
 
002699049,-00000001,-00000049,0000.000,0000.000,0000.000,
 
002699069,-00000002,-00000044,0000.000,0000.000,0000.000,
 
002699089,-00000001,-00000042,0000.000,0000.000,0000.000,
 
002699109,000000000,-00000039,0000.000,0000.000,0000.000,
 
002699129,000000001,-00000037,0000.000,0000.000,0000.000,
 
002699149,000000001,-00000037,0000.000,0000.000,0000.000,
 
002699169,000000001,-00000049,0000.000,0000.000,0000.000,
 
002699189,000000000,-00000049,0000.000,0000.000,0000.000,
 
002699209,000000001,-00000033,0000.000,0000.000,0000.000,
 
002699229,000000000,-00000032,0000.000,0000.000,0000.000,
 
002699249,000000001,-00000033,0000.000,0000.000,0000.000,
 
002699269,000000000,-00000033,0000.000,0000.000,0000.000,
 
002699289,000000000,-00000032,0000.000,0000.000,0000.000,
 
002699309,-00000001,-00000032,0000.000,0000.000,0000.000,
 
002699329,-00000002,-00000030,0000.000,0000.000,0000.000,
 
002699349,-00000001,-00000049,0000.000,0000.000,0000.000,
 
002699369,-00000001,-00000033,0000.000,0000.000,0000.000,
 
002699389,-00000001,-00000034,0000.000,0000.000,0000.000,
 
002699409,-00000001,-00000036,0000.000,0000.000,0000.000,
 
002699429,-00000001,-00000037,0000.000,0000.000,0000.000,
 
002699449,000000000,-00000037,0000.000,0000.000,0000.000,
 
002699469,-00000001,-00000049,0000.000,0000.000,0000.000,
 
002699489,-00000001,-00000049,0000.000,0000.000,0000.000,
 
002699509,-00000002,-00000049,0000.000,0000.000,0000.000,
 
002699529,-00000002,-00000034,0000.000,0000.000,0000.000,
 
002699549,-00000001,-00000033,0000.000,0000.000,0000.000,
 
002699569,-00000001,-00000033,0000.000,0000.000,0000.000,
 
002699589,-00000002,-00000034,0000.000,0000.000,0000.000,
 
002699609,000000000,-00000035,0000.000,0000.000,0000.000,
 
002699629,000000000,-00000036,0000.000,0000.000,0000.000,
 
002699649,000000000,-00000036,0000.000,0000.000,0000.000,
 
002699669,000000001,-00000037,0000.000,0000.000,0000.000,
 
002699689,000000000,-00000038,0000.000,0000.000,0000.000,
 
002699709,-00000001,-00000049,0000.000,0000.000,0000.000,
 
002699729,000000000,-00000049,0000.000,0000.000,0000.000,
 
002699749,-00000001,-00000049,0000.000,0000.000,0000.000,
 
002699769,-00000001,-00000034,0000.000,0000.000,0000.000,
 
002699789,-00000002,-00000035,0000.000,0000.000,0000.000,
 
002699809,000000000,-00000035,0000.000,0000.000,0000.000,
 
002699829,000000000,-00000037,0000.000,0000.000,0000.000,
 
002699849,000000000,-00000037,0000.000,0000.000,0000.000,
 
002699869,000000001,-00000037,0000.000,0000.000,0000.000,
 
002699889,000000000,-00000037,0000.000,0000.000,0000.000,
 
002699909,000000001,-00000035,0000.000,0000.000,0000.000,
 
002699929,000000002,-00000035,0000.000,0000.000,0000.000,
 
002699949,000000001,-00000033,0000.000,0000.000,0000.000,
 
002699969,000000002,-00000032,0000.000,0000.000,0000.000,
 
002699989,000000001,-00000030,0000.000,0000.000,0000.000,
 
002700009,000000003,-00000031,0000.000,0000.000,0000.000,
 
002700029,000000002,-00000032,0000.000,0000.000,0000.000,
 
002700049,000000001,-00000032,0000.000,0000.000,0000.000,
 
002700069,000000002,-00000031,0000.000,0000.000,0000.000,
 
002700089,000000001,-00000030,0000.000,0000.000,0000.000,
 
002700109,000000000,-00000031,0000.000,0000.000,0000.000,
 
002700129,-00000001,-00000030,0000.000,0000.000,0000.000,
 
002700149,000000000,-00000030,0000.000,0000.000,0000.000,
 
002700169,000000000,-00000030,0000.000,0000.000,0000.000,
 
002700189,000000001,-00000029,0000.000,0000.000,0000.000,
 
002700209,000000000,-00000030,0000.000,0000.000,0000.000,
 
002700229,000000000,-00000030,0000.000,0000.000,0000.000,
 
002700249,000000000,-00000031,0000.000,0000.000,0000.000,
 
002700269,000000000,-00000029,0000.000,0000.000,0000.000,
 
002700289,000000001,-00000029,0000.000,0000.000,0000.000,
 
002700309,000000001,-00000029,0000.000,0000.000,0000.000,
 
002700329,000000002,-00000029,0000.000,0000.000,0000.000,
 
002700349,000000002,-00000030,0000.000,0000.000,0000.000,
 
002700369,000000002,-00000029,0000.000,0000.000,0000.000,
 
002700389,000000001,-00000029,0000.000,0000.000,0000.000,
 
002700409,000000001,-00000028,0000.000,0000.000,0000.000,
 
002700429,000000003,-00000029,0000.000,0000.000,0000.000,
 
002700449,000000002,-00000029,0000.000,0000.000,0000.000,
 
002700469,000000002,-00000031,0000.000,0000.000,0000.000,
 
002700489,000000001,-00000030,0000.000,0000.000,0000.000,
 
002700509,000000002,-00000030,0000.000,0000.000,0000.000,
 
002700529,000000002,-00000030,0000.000,0000.000,0000.000,
 
002700549,000000001,-00000030,0000.000,0000.000,0000.000,
 
002700569,000000000,-00000027,0000.000,0000.000,0000.000,
 
002700589,000000001,-00000027,0000.000,0000.000,0000.000,
 
002700609,000000001,-00000027,0000.000,0000.000,0000.000,
 
002700629,000000001,-00000030,0000.000,0000.000,0000.000,
 
002700649,000000000,-00000029,0000.000,0000.000,0000.000,
 
002700669,000000000,-00000028,0000.000,0000.000,0000.000,
 
002700689,-00000001,-00000031,0000.000,0000.000,0000.000,
 
002700709,-00000001,-00000049,0000.000,0000.000,0000.000,
 
002700729,000000000,-00000034,0000.000,0000.000,0000.000,
 
002700749,-00000001,-00000032,0000.000,0000.000,0000.000,
 
002700769,000000000,-00000031,0000.000,0000.000,0000.000,
 
002700789,-00000001,-00000030,0000.000,0000.000,0000.000,
 
002700809,000000000,-00000031,0000.000,0000.000,0000.000,
 
002700829,000000000,-00000032,0000.000,0000.000,0000.000,
 
002700849,-00000001,-00000032,0000.000,0000.000,0000.000,
 
002700869,000000000,-00000031,0000.000,0000.000,0000.000,
 
002700889,-00000001,-00000034,0000.000,0000.000,0000.000,
 
002700909,000000000,-00000036,0000.000,0000.000,0000.000,
 
002700929,000000000,-00000037,0000.000,0000.000,0000.000,
 
002700949,000000001,-00000036,0000.000,0000.000,0000.000,
 
002700969,000000001,-00000039,0000.000,0000.000,0000.000,
 
002700989,000000000,-00000039,0000.000,0000.000,0000.000,
 
002701009,000000000,-00000040,0000.000,0000.000,0000.000,
 
002701029,000000000,-00000042,0000.000,0000.000,0000.000,
 
002701049,000000000,-00000044,0000.000,0000.000,0000.000,
 
002701069,000000000,-00000045,0000.000,0000.000,0000.000,
 
002701089,-00000001,-00000044,0000.000,0000.000,0000.000,
 
002701109,000000000,-00000045,0000.000,0000.000,0000.000,
 
002701129,-00000002,-00000044,0000.000,0000.000,0000.000,
 
002701149,-00000001,-00000049,0000.000,0000.000,0000.000,
 
002701169,-00000001,-00000049,0000.000,0000.000,0000.000,
 
002701189,-00000001,-00000049,0000.000,0000.000,0000.000,
 
002701209,000000000,-00000036,0000.000,0000.000,0000.000,
 
002701229,000000000,-00000032,0000.000,0000.000,0000.000,
 
002701249,-00000001,-00000031,0000.000,0000.000,0000.000,
 
002701269,-00000001,-00000030,0000.000,0000.000,0000.000,
 
002701289,000000000,-00000031,0000.000,0000.000,0000.000,
 
002701309,000000000,-00000034,0000.000,0000.000,0000.000,
 
002701329,000000000,-00000036,0000.000,0000.000,0000.000,
 
002701349,000000000,-00000035,0000.000,0000.000,0000.000,
 
002701369,000000000,-00000034,0000.000,0000.000,0000.000,
 
002701389,000000000,-00000036,0000.000,0000.000,0000.000,
 
002701409,000000001,-00000049,0000.000,0000.000,0000.000,
 
002701429,000000002,-00000049,0000.000,0000.000,0000.000,
 
002701449,000000003,-00000039,0000.000,0000.000,0000.000,
 
002701469,000000002,-00000040,0000.000,0000.000,0000.000,
 
002701489,000000001,-00000038,0000.000,0000.000,0000.000,
 
002701509,-00000001,-00000035,0000.000,0000.000,0000.000,
 
002701529,-00000001,-00000033,0000.000,0000.000,0000.000,
 
002701549,000000000,-00000030,0000.000,0000.000,0000.000,
 
002701569,-00000001,-00000027,0000.000,0000.000,0000.000,
 
002701589,000000000,-00000025,0000.000,0000.000,0000.000,
 
002701609,000000000,-00000026,0000.000,0000.000,0000.000,
 
002701629,000000000,-00000026,0000.000,0000.000,0000.000,
 
002701649,000000001,-00000026,0000.000,0000.000,0000.000,
 
002701669,000000000,-00000024,0000.000,0000.000,0000.000,
 
002701689,000000000,-00000023,0000.000,0000.000,0000.000,
 
002701709,000000000,-00000023,0000.000,0000.000,0000.000,
 
002701729,000000000,-00000024,0000.000,0000.000,0000.000,
 
002701749,000000001,-00000024,0000.000,0000.000,0000.000,
 
002701769,000000002,-00000025,0000.000,0000.000,0000.000,
 
002701789,000000002,-00000025,0000.000,0000.000,0000.000,
 
002701809,000000001,-00000025,0000.000,0000.000,0000.000,
 
002701829,000000001,-00000024,0000.000,0000.000,0000.000,
 
002701849,000000002,-00000025,0000.000,0000.000,0000.000,
 
002701869,000000001,-00000026,0000.000,0000.000,0000.000,
 
002701889,000000001,-00000027,0000.000,0000.000,0000.000,
 
002701909,000000001,-00000027,0000.000,0000.000,0000.000,
 
002701929,000000003,-00000026,0000.000,0000.000,0000.000,
 
002701949,000000003,-00000026,0000.000,0000.000,0000.000,
 
002701969,000000003,-00000027,0000.000,0000.000,0000.000,
 
002701989,000000003,-00000026,0000.000,0000.000,0000.000,
 
002702009,000000003,-00000025,0000.000,0000.000,0000.000,
 
002702029,000000003,-00000025,0000.000,0000.000,0000.000,
 
002702049,000000001,-00000025,0000.000,0000.000,0000.000,
 
002702069,000000002,-00000023,0000.000,0000.000,0000.000,
 
002702089,000000002,-00000024,0000.000,0000.000,0000.000,
 
002702109,000000002,-00000025,0000.000,0000.000,0000.000,
 
002702129,000000001,-00000025,0000.000,0000.000,0000.000,
 
002702149,000000002,-00000025,0000.000,0000.000,0000.000,
 
002702169,000000001,-00000023,0000.000,0000.000,0000.000,
 
002702189,000000001,-00000022,0000.000,0000.000,0000.000,
 
002702209,000000000,-00000021,0000.000,0000.000,0000.000,
 
002702229,000000001,-00000022,0000.000,0000.000,0000.000,
 
002702249,000000002,-00000022,0000.000,0000.000,0000.000,
 
002702269,000000001,-00000025,0000.000,0000.000,0000.000,
 
002702289,000000001,-00000025,0000.000,0000.000,0000.000,
 
002702309,000000000,-00000025,0000.000,0000.000,0000.000,
 
002702329,000000000,-00000023,0000.000,0000.000,0000.000,
 
002702349,000000000,-00000021,0000.000,0000.000,0000.000,
 
002702369,000000000,-00000023,0000.000,0000.000,0000.000,
 
002702389,000000001,-00000022,0000.000,0000.000,0000.000,
 
002702409,000000000,-00000025,0000.000,0000.000,0000.000,
 
002702429,000000000,-00000025,0000.000,0000.000,0000.000,
 
002702449,000000000,-00000016,0000.000,0000.000,0000.000,
 
002702469,-00000001,-00000015,0000.000,0000.000,0000.000,
 
002702489,-00000001,-00000014,0000.000,0000.000,0000.000,
 
002702509,-00000001,-00000014,0000.000,0000.000,0000.000,
 
002702529,000000000,-00000013,0000.000,0000.000,0000.000,
 
002702549,000000000,-00000014,0000.000,0000.000,0000.000,
 
002702569,000000000,-00000014,0000.000,0000.000,0000.000,
 
002702589,000000000,-00000014,0000.000,0000.000,0000.000,
 
002702609,000000000,-00000015,0000.000,0000.000,0000.000,
 
002702629,000000000,-00000017,0000.000,0000.000,0000.000,
 
002702649,000000000,-00000015,0000.000,0000.000,0000.000,
 
002702669,000000000,-00000015,0000.000,0000.000,0000.000,
 
002702689,000000001,-00000014,0000.000,0000.000,0000.000,
 
002702709,000000001,-00000015,0000.000,0000.000,0000.000,
 
002702729,000000000,-00000013,0000.000,0000.000,0000.000,
 
002702749,000000001,-00000012,0000.000,0000.000,0000.000,
 
002702769,000000001,-00000013,0000.000,0000.000,0000.000,
 
002702789,000000000,-00000013,0000.000,0000.000,0000.000,
 
002702809,000000000,-00000013,0000.000,0000.000,0000.000,
 
002702829,-00000001,-00000014,0000.000,0000.000,0000.000,
 
002702849,000000000,-00000013,0000.000,0000.000,0000.000,
 
002702869,000000000,-00000013,0000.000,0000.000,0000.000,
 
002702889,-00000001,-00000013,0000.000,0000.000,0000.000,
 
002702909,-00000001,-00000008,0000.000,0000.000,0000.000,
 
002702929,-00000001,-00000007,0000.000,0000.000,0000.000,
 
002702949,000000000,-00000007,0000.000,0000.000,0000.000,
 
002702969,-00000001,-00000006,0000.000,0000.000,0000.000,
 
002702989,-00000001,-00000005,0000.000,0000.000,0000.000,
 
002703009,000000000,-00000007,0000.000,0000.000,0000.000,
 
002703029,-00000001,-00000007,0000.000,0000.000,0000.000,
 
002703049,000000000,-00000005,0000.000,0000.000,0000.000,
 
002703069,000000000,-00000002,0000.000,0000.000,0000.000,
 
002703089,000000000,-00000002,0000.000,0000.000,0000.000,
 
002703109,000000000,-00000002,0000.000,0000.000,0000.000,
 
002703129,000000001,-00000004,0000.000,0000.000,0000.000,
 
002703149,000000000,-00000003,0000.000,0000.000,0000.000,
 
002703169,000000000,-00000004,0000.000,0000.000,0000.000,
 
002703189,000000001,-00000004,0000.000,0000.000,0000.000,
 
002703209,000000000,-00000004,0000.000,0000.000,0000.000,
 
002703229,000000000,-00000004,0000.000,0000.000,0000.000,
 
002703249,000000000,-00000004,0000.000,0000.000,0000.000,
 
002703269,000000000,-00000005,0000.000,0000.000,0000.000,
 
002703289,000000000,-00000004,0000.000,0000.000,0000.000,
 
002703309,000000000,-00000003,0000.000,0000.000,0000.000,
 
002703329,000000000,-00000002,0000.000,0000.000,0000.000,
 
002703349,000000000,000000000,0000.000,0000.000,0000.000,
 
002703369,000000000,000000000,0000.000,0000.000,0000.000,
 
002703389,000000000,000000000,0000.000,0000.000,0000.000,
 
002703409,000000000,000000000,0000.000,0000.000,0000.000,
 
002703429,000000000,000000000,0000.000,0000.000,0000.000,
 
002703449,000000000,000000000,0000.000,0000.000,0000.000,
 
002703469,000000000,000000000,0000.000,0000.000,0000.000,
 
002703489,000000000,000000000,0000.000,0000.000,0000.000,
 
002703509,000000000,000000000,0000.000,0000.000,0000.000,
 
002703529,000000000,000000000,0000.000,0000.000,0000.000,
 
002703549,000000000,000000000,0000.000,0000.000,0000.000,
 
002703569,000000000,000000000,0000.000,0000.000,0000.000,
 
002703589,000000000,000000000,0000.000,0000.000,0000.000,
 
002703609,000000000,000000000,0000.000,0000.000,0000.000,
 
002703629,000000000,000000000,0000.000,0000.000,0000.000,
 
002703649,000000000,000000000,0000.000,0000.000,0000.000,
 
002703669,000000000,000000000,0000.000,0000.000,0000.000,
 
002703689,000000000,000000000,0000.000,0000.000,0000.000,
 
002703709,000000000,000000000,0000.000,0000.000,0000.000,
 
002703729,000000000,000000000,0000.000,0000.000,0000.000,
 
002703749,000000000,000000000,0000.000,0000.000,0000.000,
 
002703769,000000000,000000000,0000.000,0000.000,0000.000,
 
002703789,000000000,000000000,0000.000,0000.000,0000.000,
 
002703809,000000000,000000000,0000.000,0000.000,0000.000,
 
002703829,000000000,000000000,0000.000,0000.000,0000.000,
 
002703849,000000000,000000000,0000.000,0000.000,0000.000,
 
002703869,000000000,000000000,0000.000,0000.000,0000.000,
 
002703889,000000000,000000000,0000.000,0000.000,0000.000,
 
002703909,000000000,000000000,0000.000,0000.000,0000.000,
 
002703929,000000000,000000000,0000.000,0000.000,0000.000,
 
002703949,000000000,000000000,0000.000,0000.000,0000.000,
 
002703969,000000000,000000000,0000.000,0000.000,0000.000,
 
002703989,000000000,000000000,0000.000,0000.000,0000.000,
 
002704009,000000000,000000000,0000.000,0000.000,0000.000,
 
002704029,000000000,000000000,0000.000,0000.000,0000.000,
 
002704049,000000000,000000000,0000.000,0000.000,0000.000,
 
002704069,000000000,000000000,0000.000,0000.000,0000.000,
 
002704089,000000000,000000000,0000.000,0000.000,0000.000,
 
002704109,000000000,000000000,0000.000,0000.000,0000.000,
 
002704129,000000000,000000000,0000.000,0000.000,0000.000,
 
002704149,000000000,000000000,0000.000,0000.000,0000.000,
 
002704169,000000000,000000000,0000.000,0000.000,0000.000,
 
002704189,000000000,000000000,0000.000,0000.000,0000.000,
 
002704209,000000000,000000000,0000.000,0000.000,0000.000,
 
002704229,000000000,000000000,0000.000,0000.000,0000.000,
 
002704249,000000000,000000000,0000.000,0000.000,0000.000,
 
002704269,000000000,000000000,0000.000,0000.000,0000.000,
 
002704289,000000000,000000000,0000.000,0000.000,0000.000,
 
002704309,000000000,000000000,0000.000,0000.000,0000.000,
 
002704329,000000000,000000000,0000.000,0000.000,0000.000,
 
002704349,000000000,-00000002,0000.000,0000.000,0000.000,
 
002704369,-00000001,-00000008,0000.000,0000.000,0000.000,
 
002704389,-00000001,-00000014,0000.000,0000.000,0000.000,
 
002704409,-00000002,-00000013,0000.000,0000.000,0000.000,
 
002704429,-00000001,-00000006,0000.000,0000.000,0000.000,
 
002704449,000000000,-00000001,0000.000,0000.000,0000.000,
 
002704469,000000000,-00000001,0000.000,0000.000,0000.000,
 
002704489,000000000,000000000,0000.000,0000.000,0000.000,
 
002704509,000000000,000000000,0000.000,0000.000,0000.000,
 
002704529,000000000,000000000,0000.000,0000.000,0000.000,
 
002704549,000000000,000000000,0000.000,0000.000,0000.000,
 
002704569,000000000,000000000,0000.000,0000.000,0000.000,
 
002704589,000000000,000000000,0000.000,0000.000,0000.000,
 
002704609,000000000,000000000,0000.000,0000.000,0000.000,
 
002704629,000000000,000000000,0000.000,0000.000,0000.000,
 
002704649,000000000,000000000,0000.000,0000.000,0000.000,
 
002704669,000000000,000000000,0000.000,0000.000,0000.000,
 
002704689,000000000,000000000,0000.000,0000.000,0000.000,
 
002704709,000000000,000000000,0000.000,0000.000,0000.000,
 
002704729,000000000,000000000,0000.000,0000.000,0000.000,
 
002704749,000000000,000000000,0000.000,0000.000,0000.000,
 
002704769,000000000,000000000,0000.000,0000.000,0000.000,
 
002704789,000000000,000000000,0000.000,0000.000,0000.000,
 
002704809,000000000,000000000,0000.000,0000.000,0000.000,
 
002704829,000000000,000000000,0000.000,0000.000,0000.000,
 
002704849,000000000,000000000,0000.000,0000.000,0000.000,
 
002704869,000000000,000000000,0000.000,0000.000,0000.000,
 
002704889,000000000,000000000,0000.000,0000.000,0000.000,
 
002704909,000000000,000000000,0000.000,0000.000,0000.000,
 
002704929,000000000,000000000,0000.000,0000.000,0000.000,
 
002704949,000000000,000000000,0000.000,0000.000,0000.000,
 
002704969,000000000,000000000,0000.000,0000.000,0000.000,
 
002704989,000000000,000000000,0000.000,0000.000,0000.000,
 
002705009,000000000,000000000,0000.000,0000.000,0000.000,
 
002705029,000000000,000000000,0000.000,0000.000,0000.000,
 
002705049,000000000,000000000,0000.000,0000.000,0000.000,
 
002705069,000000000,000000000,0000.000,0000.000,0000.000,
 
002705089,000000000,000000000,0000.000,0000.000,0000.000,
 
002705109,000000000,000000000,0000.000,0000.000,0000.000,
 
002705129,000000000,000000000,0000.000,0000.000,0000.000,
 
002705149,000000000,000000000,0000.000,0000.000,0000.000,
 
002705169,000000000,000000000,0000.000,0000.000,0000.000,
 
002705189,000000000,000000000,0000.000,0000.000,0000.000,
 
002705209,000000000,000000000,0000.000,0000.000,0000.000,
 
002705229,000000000,000000000,0000.000,0000.000,0000.000,
 
002705249,000000000,000000000,0000.000,0000.000,0000.000,
 
002705269,000000000,000000000,0000.000,0000.000,0000.000,
 
002705289,-00000001,000000005,0000.000,0000.000,0000.000,
 
002705309,-00000001,000000015,0000.000,0000.000,0000.000,
 
002705329,-00000002,000000022,0000.000,0000.000,0000.000,
 
002705349,-00000002,000000021,0000.000,0000.000,0000.000,
 
002705369,000000000,000000019,0000.000,0000.000,0000.000,
 
002705389,000000000,000000017,0000.000,0000.000,0000.000,
 
002705409,000000000,000000014,0000.000,0000.000,0000.000,
 
002705429,-00000001,000000010,0000.000,0000.000,0000.000,
 
002705449,000000000,000000008,0000.000,0000.000,0000.000,
 
002705469,-00000001,000000006,0000.000,0000.000,0000.000,
 
002705489,000000000,000000006,0000.000,0000.000,0000.000,
 
002705509,000000001,000000006,0000.000,0000.000,0000.000,
 
002705529,000000002,000000010,0000.000,0000.000,0000.000,
 
002705549,000000002,000000013,0000.000,0000.000,0000.000,
 
002705569,000000002,000000013,0000.000,0000.000,0000.000,
 
002705589,000000004,000000014,0000.000,0000.000,0000.000,
 
002705609,000000003,000000013,0000.000,0000.000,0000.000,
 
002705629,000000003,000000016,0000.000,0000.000,0000.000,
 
002705649,000000002,000000018,0000.000,0000.000,0000.000,
 
002705669,000000000,000000016,0000.000,0000.000,0000.000,
 
002705689,000000000,000000012,0000.000,0000.000,0000.000,
 
002705709,000000000,000000008,0000.000,0000.000,0000.000,
 
002705729,-00000001,000000005,0000.000,0000.000,0000.000,
 
002705749,000000000,000000004,0000.000,0000.000,0000.000,
 
002705769,-00000001,000000005,0000.000,0000.000,0000.000,
 
002705789,-00000001,000000007,0000.000,0000.000,0000.000,
 
002705809,-00000001,000000008,0000.000,0000.000,0000.000,
 
002705829,-00000001,000000012,0000.000,0000.000,0000.000,
 
002705849,-00000002,000000017,0000.000,0000.000,0000.000,
 
002705869,-00000001,000000020,0000.000,0000.000,0000.000,
 
002705889,-00000001,000000023,0000.000,0000.000,0000.000,
 
002705909,000000000,000000026,0000.000,0000.000,0000.000,
 
002705929,-00000001,000000030,0000.000,0000.000,0000.000,
 
002705949,000000000,000000030,0000.000,0000.000,0000.000,
 
002705969,-00000001,000000030,0000.000,0000.000,0000.000,
 
002705989,-00000002,000000029,0000.000,0000.000,0000.000,
 
002706009,-00000002,000000027,0000.000,0000.000,0000.000,
 
002706029,-00000001,000000028,0000.000,0000.000,0000.000,
 
002706049,-00000001,000000028,0000.000,0000.000,0000.000,
 
002706069,000000000,000000028,0000.000,0000.000,0000.000,
 
002706089,-00000001,000000028,0000.000,0000.000,0000.000,
 
002706109,-00000001,000000025,0000.000,0000.000,0000.000,
 
002706129,-00000001,000000027,0000.000,0000.000,0000.000,
 
002706149,000000000,000000028,0000.000,0000.000,0000.000,
 
002706169,-00000001,000000031,0000.000,0000.000,0000.000,
 
002706189,-00000001,000000032,0000.000,0000.000,0000.000,
 
002706209,-00000002,000000031,0000.000,0000.000,0000.000,
 
002706229,-00000001,000000030,0000.000,0000.000,0000.000,
 
002706249,-00000002,000000030,0000.000,0000.000,0000.000,
 
002706269,-00000001,000000032,0000.000,0000.000,0000.000,
 
002706289,-00000001,000000031,0000.000,0000.000,0000.000,
 
002706309,-00000001,000000031,0000.000,0000.000,0000.000,
 
002706329,-00000001,000000032,0000.000,0000.000,0000.000,
 
002706349,000000000,000000032,0000.000,0000.000,0000.000,
 
002706369,000000000,000000033,0000.000,0000.000,0000.000,
 
002706389,000000000,000000034,0000.000,0000.000,0000.000,
 
002706409,-00000001,000000035,0000.000,0000.000,0000.000,
 
002706429,-00000001,000000036,0000.000,0000.000,0000.000,
 
002706449,000000000,000000034,0000.000,0000.000,0000.000,
 
002706469,-00000001,000000035,0000.000,0000.000,0000.000,
 
002706489,-00000001,000000036,0000.000,0000.000,0000.000,
 
002706509,000000000,000000037,0000.000,0000.000,0000.000,
 
002706529,000000000,000000038,0000.000,0000.000,0000.000,
 
002706549,-00000001,000000039,0000.000,0000.000,0000.000,
 
002706569,-00000001,000000040,0000.000,0000.000,0000.000,
 
002706589,-00000002,000000040,0000.000,0000.000,0000.000,
 
002706609,000000000,000000039,0000.000,0000.000,0000.000,
 
002706629,000000001,000000036,0000.000,0000.000,0000.000,
 
002706649,000000004,000000037,0000.000,0000.000,0000.000,
 
002706669,000000001,000000040,0000.000,0000.000,0000.000,
 
002706689,000000002,000000040,0000.000,0000.000,0000.000,
 
002706709,000000001,000000040,0000.000,0000.000,0000.000,
 
002706729,000000002,000000041,0000.000,0000.000,0000.000,
 
002706749,000000001,000000041,0000.000,0000.000,0000.000,
 
002706769,000000001,000000042,0000.000,0000.000,0000.000,
 
002706789,000000002,000000042,0000.000,0000.000,0000.000,
 
002706809,000000003,000000042,0000.000,0000.000,0000.000,
 
002706829,000000002,000000042,0000.000,0000.000,0000.000,
 
002706849,000000002,000000044,0000.000,0000.000,0000.000,
 
002706869,000000001,000000044,0000.000,0000.000,0000.000,
 
002706889,000000000,000000044,0000.000,0000.000,0000.000,
 
002706909,000000000,000000045,0000.000,0000.000,0000.000,
 
002706929,000000000,000000043,0000.000,0000.000,0000.000,
 
002706949,000000002,000000042,0000.000,0000.000,0000.000,
 
002706969,000000000,000000040,0000.000,0000.000,0000.000,
 
002706989,000000000,000000039,0000.000,0000.000,0000.000,
 
002707009,-00000001,000000038,0000.000,0000.000,0000.000,
 
002707029,-00000001,000000037,0000.000,0000.000,0000.000,
 
002707049,000000000,000000038,0000.000,0000.000,0000.000,
 
002707069,-00000001,000000036,0000.000,0000.000,0000.000,
 
002707089,-00000001,000000035,0000.000,0000.000,0000.000,
 
002707109,000000000,000000035,0000.000,0000.000,0000.000,
 
002707129,000000000,000000035,0000.000,0000.000,0000.000,
 
002707149,-00000001,000000035,0000.000,0000.000,0000.000,
 
002707169,000000000,000000033,0000.000,0000.000,0000.000,
 
002707189,000000000,000000033,0000.000,0000.000,0000.000,
 
002707209,000000000,000000030,0000.000,0000.000,0000.000,
 
002707229,-00000001,000000030,0000.000,0000.000,0000.000,
 
002707249,000000000,000000031,0000.000,0000.000,0000.000,
 
002707269,000000001,000000031,0000.000,0000.000,0000.000,
 
002707289,000000000,000000031,0000.000,0000.000,0000.000,
 
002707309,000000000,000000029,0000.000,0000.000,0000.000,
 
002707329,000000000,000000026,0000.000,0000.000,0000.000,
 
002707349,000000001,000000024,0000.000,0000.000,0000.000,
 
002707369,000000001,000000022,0000.000,0000.000,0000.000,
 
002707389,000000001,000000021,0000.000,0000.000,0000.000,
 
002707409,000000000,000000019,0000.000,0000.000,0000.000,
 
002707429,000000000,000000018,0000.000,0000.000,0000.000,
 
002707449,000000000,000000020,0000.000,0000.000,0000.000,
 
002707469,000000000,000000021,0000.000,0000.000,0000.000,
 
002707489,000000000,000000022,0000.000,0000.000,0000.000,
 
002707509,-00000001,000000024,0000.000,0000.000,0000.000,
 
002707529,000000000,000000027,0000.000,0000.000,0000.000,
 
002707549,-00000001,000000027,0000.000,0000.000,0000.000,
 
002707569,-00000001,000000028,0000.000,0000.000,0000.000,
 
002707589,-00000001,000000028,0000.000,0000.000,0000.000,
 
002707609,000000000,000000029,0000.000,0000.000,0000.000,
 
002707629,000000000,000000031,0000.000,0000.000,0000.000,
 
002707649,000000000,000000032,0000.000,0000.000,0000.000,
 
002707669,000000000,000000035,0000.000,0000.000,0000.000,
 
002707689,000000000,000000037,0000.000,0000.000,0000.000,
 
002707709,-00000002,000000040,0000.000,0000.000,0000.000,
 
002707729,000000000,000000041,0000.000,0000.000,0000.000,
 
002707749,000000000,000000040,0000.000,0000.000,0000.000,
 
002707769,000000000,000000040,0000.000,0000.000,0000.000,
 
002707789,000000000,000000038,0000.000,0000.000,0000.000,
 
002707809,000000002,000000037,0000.000,0000.000,0000.000,
 
002707829,000000003,000000032,0000.000,0000.000,0000.000,
 
002707849,000000002,000000030,0000.000,0000.000,0000.000,
 
002707869,000000001,000000031,0000.000,0000.000,0000.000,
 
002707889,000000000,000000034,0000.000,0000.000,0000.000,
 
002707909,000000000,000000033,0000.000,0000.000,0000.000,
 
002707929,000000000,000000031,0000.000,0000.000,0000.000,
 
002707949,-00000002,000000029,0000.000,0000.000,0000.000,
 
002707969,000000000,000000028,0000.000,0000.000,0000.000,
 
002707989,000000000,000000035,0000.000,0000.000,0000.000,
 
002708009,000000000,000000038,0000.000,0000.000,0000.000,
 
002708029,000000000,000000041,0000.000,0000.000,0000.000,
 
002708049,-00000002,000000045,0000.000,0000.000,0000.000,
 
002708069,-00000001,000000047,0000.000,0000.000,0000.000,
 
002708089,000000000,000000050,0000.000,0000.000,0000.000,
 
002708109,000000000,000000052,0000.000,0000.000,0000.000,
 
002708129,000000001,000000051,0000.000,0000.000,0000.000,
 
002708149,000000002,000000053,0000.000,0000.000,0000.000,
 
002708169,000000002,000000053,0000.000,0000.000,0000.000,
 
002708189,000000002,000000052,0000.000,0000.000,0000.000,
 
002708209,000000002,000000054,0000.000,0000.000,0000.000,
 
002708229,000000001,000000054,0000.000,0000.000,0000.000,
 
002708249,000000001,000000053,0000.000,0000.000,0000.000,
 
002708269,000000002,000000050,0000.000,0000.000,0000.000,
 
002708289,000000003,000000049,0000.000,0000.000,0000.000,
 
002708309,000000003,000000049,0000.000,0000.000,0000.000,
 
002708329,000000002,000000051,0000.000,0000.000,0000.000,
 
002708349,000000002,000000051,0000.000,0000.000,0000.000,
 
002708369,000000002,000000055,0000.000,0000.000,0000.000,
 
002708389,000000003,000000053,0000.000,0000.000,0000.000,
 
002708409,000000002,000000051,0000.000,0000.000,0000.000,
 
002708429,000000001,000000050,0000.000,0000.000,0000.000,
 
002708449,000000000,000000050,0000.000,0000.000,0000.000,
 
002708469,-00000001,000000049,0000.000,0000.000,0000.000,
 
002708489,-00000002,000000047,0000.000,0000.000,0000.000,
 
002708509,-00000002,000000045,0000.000,0000.000,0000.000,
 
002708529,-00000004,000000044,0000.000,0000.000,0000.000,
 
002708549,-00000003,000000044,0000.000,0000.000,0000.000,
 
002708569,-00000002,000000043,0000.000,0000.000,0000.000,
 
002708589,-00000001,000000041,0000.000,0000.000,0000.000,
 
002708609,-00000003,000000039,0000.000,0000.000,0000.000,
 
002708629,-00000001,000000041,0000.000,0000.000,0000.000,
 
002708649,000000000,000000041,0000.000,0000.000,0000.000,
 
002708669,-00000002,000000043,0000.000,0000.000,0000.000,
 
002708689,-00000003,000000046,0000.000,0000.000,0000.000,
 
002708709,-00000002,000000053,0000.000,0000.000,0000.000,
 
002708729,-00000001,000000057,0000.000,0000.000,0000.000,
 
002708749,000000000,000000057,0000.000,0000.000,0000.000,
 
002708769,000000000,000000058,0000.000,0000.000,0000.000,
 
002708789,000000002,000000057,0000.000,0000.000,0000.000,
 
002708809,000000002,000000056,0000.000,0000.000,0000.000,
 
002708829,000000002,000000053,0000.000,0000.000,0000.000,
 
002708849,000000003,000000050,0000.000,0000.000,0000.000,
 
002708869,000000002,000000048,0000.000,0000.000,0000.000,
 
002708889,000000002,000000045,0000.000,0000.000,0000.000,
 
002708909,000000002,000000044,0000.000,0000.000,0000.000,
 
002708929,000000002,000000045,0000.000,0000.000,0000.000,
 
002708949,000000001,000000045,0000.000,0000.000,0000.000,
 
002708969,000000001,000000044,0000.000,0000.000,0000.000,
 
002708989,000000000,000000045,0000.000,0000.000,0000.000,
 
002709009,000000000,000000043,0000.000,0000.000,0000.000,
 
002709029,000000000,000000044,0000.000,0000.000,0000.000,
 
002709049,000000000,000000044,0000.000,0000.000,0000.000,
 
002709069,000000000,000000042,0000.000,0000.000,0000.000,
 
002709089,000000000,000000042,0000.000,0000.000,0000.000,
 
002709109,000000000,000000041,0000.000,0000.000,0000.000,
 
002709129,000000000,000000042,0000.000,0000.000,0000.000,
 
002709149,000000000,000000042,0000.000,0000.000,0000.000,
 
002709169,000000000,000000042,0000.000,0000.000,0000.000,
 
002709189,000000000,000000041,0000.000,0000.000,0000.000,
 
002709209,000000000,000000041,0000.000,0000.000,0000.000,
 
002709229,000000003,000000041,0000.000,0000.000,0000.000,
 
002709249,000000001,000000042,0000.000,0000.000,0000.000,
 
002709269,000000000,000000041,0000.000,0000.000,0000.000,
 
002709289,000000000,000000040,0000.000,0000.000,0000.000,
 
002709309,000000000,000000041,0000.000,0000.000,0000.000,
 
002709329,000000001,000000040,0000.000,0000.000,0000.000,
 
002709349,000000001,000000039,0000.000,0000.000,0000.000,
 
002709369,000000002,000000038,0000.000,0000.000,0000.000,
 
002709389,000000001,000000038,0000.000,0000.000,0000.000,
 
002709409,000000002,000000034,0000.000,0000.000,0000.000,
 
002709429,000000002,000000031,0000.000,0000.000,0000.000,
 
002709449,000000002,000000027,0000.000,0000.000,0000.000,
 
002709469,000000001,000000022,0000.000,0000.000,0000.000,
 
002709489,000000001,000000020,0000.000,0000.000,0000.000,
 
002709509,000000000,000000020,0000.000,0000.000,0000.000,
 
002709529,000000000,000000022,0000.000,0000.000,0000.000,
 
002709549,000000000,000000021,0000.000,0000.000,0000.000,
 
002709569,000000000,000000020,0000.000,0000.000,0000.000,
 
002709589,000000000,000000019,0000.000,0000.000,0000.000,
 
002709609,000000001,000000018,0000.000,0000.000,0000.000,
 
002709629,000000001,000000017,0000.000,0000.000,0000.000,
 
002709649,000000000,000000015,0000.000,0000.000,0000.000,
 
002709669,000000001,000000012,0000.000,0000.000,0000.000,
 
002709689,000000000,000000010,0000.000,0000.000,0000.000,
 
002709709,000000000,000000009,0000.000,0000.000,0000.000,
 
002709729,000000000,000000008,0000.000,0000.000,0000.000,
 
002709749,000000000,000000008,0000.000,0000.000,0000.000,
 
002709769,000000001,000000008,0000.000,0000.000,0000.000,
 
002709789,000000000,000000008,0000.000,0000.000,0000.000,
 
002709809,000000000,000000008,0000.000,0000.000,0000.000,
 
002709829,000000000,000000007,0000.000,0000.000,0000.000,
 
002709849,000000000,000000005,0000.000,0000.000,0000.000,
 
002709869,000000000,000000006,0000.000,0000.000,0000.000,
 
002709889,000000000,000000008,0000.000,0000.000,0000.000,
 
002709909,000000001,000000009,0000.000,0000.000,0000.000,
 
002709929,000000000,000000010,0000.000,0000.000,0000.000,
 
002709949,000000000,000000011,0000.000,0000.000,0000.000,
 
002709969,000000000,000000010,0000.000,0000.000,0000.000,
 
002709989,000000000,000000010,0000.000,0000.000,0000.000,
 
002710009,000000001,000000010,0000.000,0000.000,0000.000,
 
002710029,000000001,000000009,0000.000,0000.000,0000.000,
 
002710049,000000001,000000008,0000.000,0000.000,0000.000,
 
002710069,000000001,000000009,0000.000,0000.000,0000.000,
 
002710089,000000000,000000010,0000.000,0000.000,0000.000,
 
002710109,000000001,000000010,0000.000,0000.000,0000.000,
 
002710129,000000002,000000008,0000.000,0000.000,0000.000,
 
002710149,000000001,000000007,0000.000,0000.000,0000.000,
 
002710169,000000001,000000008,0000.000,0000.000,0000.000,
 
002710189,000000002,000000009,0000.000,0000.000,0000.000,
 
002710209,000000001,000000009,0000.000,0000.000,0000.000,
 
002710229,000000002,000000009,0000.000,0000.000,0000.000,
 
002710249,000000000,000000007,0000.000,0000.000,0000.000,
 
002710269,000000001,000000006,0000.000,0000.000,0000.000,
 
002710289,000000000,000000006,0000.000,0000.000,0000.000,
 
002710309,000000001,000000004,0000.000,0000.000,0000.000,
 
002710329,000000001,000000002,0000.000,0000.000,0000.000,
 
002710349,000000000,000000002,0000.000,0000.000,0000.000,
 
002710369,000000000,000000000,0000.000,0000.000,0000.000,
 
002710389,000000000,000000000,0000.000,0000.000,0000.000,
 
002710409,000000000,000000000,0000.000,0000.000,0000.000,
 
002710429,000000000,000000000,0000.000,0000.000,0000.000,
 
002710449,000000000,000000000,0000.000,0000.000,0000.000,
 
002710469,000000000,000000001,0000.000,0000.000,0000.000,
 
002710489,000000000,000000004,0000.000,0000.000,0000.000,
 
002710509,000000000,000000005,0000.000,0000.000,0000.000,
 
002710529,000000000,000000005,0000.000,0000.000,0000.000,
 
002710549,-00000001,000000002,0000.000,0000.000,0000.000,
 
002710569,000000000,000000001,0000.000,0000.000,0000.000,
 
002710589,000000000,000000002,0000.000,0000.000,0000.000,
 
002710609,000000000,000000003,0000.000,0000.000,0000.000,
 
002710629,000000000,000000003,0000.000,0000.000,0000.000,
 
002710649,000000000,000000002,0000.000,0000.000,0000.000,
 
002710669,000000001,000000000,0000.000,0000.000,0000.000,
 
002710689,000000000,000000000,0000.000,0000.000,0000.000,
 
002710709,000000000,000000001,0000.000,0000.000,0000.000,
 
002710729,000000000,000000002,0000.000,0000.000,0000.000,
 
002710749,000000000,000000005,0000.000,0000.000,0000.000,
 
002710769,000000001,000000006,0000.000,0000.000,0000.000,
 
002710789,000000000,000000004,0000.000,0000.000,0000.000,
 
002710809,000000000,000000001,0000.000,0000.000,0000.000,
 
002710829,000000000,000000000,0000.000,0000.000,0000.000,
 
002710849,000000000,000000000,0000.000,0000.000,0000.000,
 
002710869,000000000,000000000,0000.000,0000.000,0000.000,
 
002710889,000000000,000000000,0000.000,0000.000,0000.000,
 
002710909,000000000,000000000,0000.000,0000.000,0000.000,
 
002710929,000000000,000000000,0000.000,0000.000,0000.000,
 
002710949,000000000,000000000,0000.000,0000.000,0000.000,
 
002710969,000000000,000000000,0000.000,0000.000,0000.000,
 
002710989,000000000,000000000,0000.000,0000.000,0000.000,
 
002711009,000000000,000000000,0000.000,0000.000,0000.000,
 
002711029,000000000,000000000,0000.000,0000.000,0000.000,
 
002711049,000000000,000000000,0000.000,0000.000,0000.000,
 
002711069,000000000,000000000,0000.000,0000.000,0000.000,
 
002711089,000000000,000000000,0000.000,0000.000,0000.000,
 
002711109,000000000,000000000,0000.000,0000.000,0000.000,
 
002711129,000000000,000000000,0000.000,0000.000,0000.000,
 
002711149,000000000,000000000,0000.000,0000.000,0000.000,
 
002711169,000000000,000000000,0000.000,0000.000,0000.000,
 
002711189,000000000,000000000,0000.000,0000.000,0000.000,
 
002711209,000000000,000000000,0000.000,0000.000,0000.000,
 
002711229,000000000,000000000,0000.000,0000.000,0000.000,
 
002711249,000000000,000000000,0000.000,0000.000,0000.000,
 
002711269,000000000,000000000,0000.000,0000.000,0000.000,
 
002711289,000000000,000000000,0000.000,0000.000,0000.000,
 
002711309,000000000,000000000,0000.000,0000.000,0000.000,
 
002711329,000000000,000000000,0000.000,0000.000,0000.000,
 
002711349,000000000,000000000,0000.000,0000.000,0000.000,
 
002711369,000000000,000000000,0000.000,0000.000,0000.000,
 
002711389,000000000,000000000,0000.000,0000.000,0000.000,
 
002711409,000000000,000000000,0000.000,0000.000,0000.000,
 
002711429,000000000,000000000,0000.000,0000.000,0000.000,
 
002711449,000000000,000000000,0000.000,0000.000,0000.000,
 
002711469,000000000,000000000,0000.000,0000.000,0000.000,
 
002711489,000000000,000000000,0000.000,0000.000,0000.000,
 
002711509,000000000,000000000,0000.000,0000.000,0000.000,
 
002711529,000000000,000000000,0000.000,0000.000,0000.000,
 
002711549,000000000,000000000,0000.000,0000.000,0000.000,
 
002711569,000000000,000000000,0000.000,0000.000,0000.000,
 
002711589,000000000,000000000,0000.000,0000.000,0000.000,
 
002711609,000000000,000000000,0000.000,0000.000,0000.000,
 
002711629,000000000,000000000,0000.000,0000.000,0000.000,
 
002711649,000000000,000000000,0000.000,0000.000,0000.000,
 
002711669,000000000,000000000,0000.000,0000.000,0000.000,
 
002711689,000000000,000000000,0000.000,0000.000,0000.000,
 
002711709,000000000,000000000,0000.000,0000.000,0000.000,
 
002711729,000000000,000000000,0000.000,0000.000,0000.000,
 
002711749,000000000,000000000,0000.000,0000.000,0000.000,
 
002711769,000000000,000000000,0000.000,0000.000,0000.000,
 
002711789,000000000,000000000,0000.000,0000.000,0000.000,
 
002711809,000000000,000000000,0000.000,0000.000,0000.000,
 
002711829,000000000,000000000,0000.000,0000.000,0000.000,
 
002711849,000000000,000000000,0000.000,0000.000,0000.000,
 
002711869,000000000,000000000,0000.000,0000.000,0000.000,
 
002711889,000000000,000000000,0000.000,0000.000,0000.000,
 
002711909,000000000,000000000,0000.000,0000.000,0000.000,
 
002711929,000000000,000000000,0000.000,0000.000,0000.000,
 
002711949,000000000,000000000,0000.000,0000.000,0000.000,
 
002711969,000000000,000000000,0000.000,0000.000,0000.000,
 
002711989,000000000,000000000,0000.000,0000.000,0000.000,
 
002712009,000000000,000000000,0000.000,0000.000,0000.000,
 
002712029,000000000,000000000,0000.000,0000.000,0000.000,
 
002712049,000000000,000000000,0000.000,0000.000,0000.000,
 
002712069,000000000,000000000,0000.000,0000.000,0000.000,
 
002712089,000000000,000000000,0000.000,0000.000,0000.000,
 
002712109,000000000,000000000,0000.000,0000.000,0000.000,
 
002712129,000000000,000000000,0000.000,0000.000,0000.000,
 
002712149,000000000,000000000,0000.000,0000.000,0000.000,
 
002712169,000000000,000000000,0000.000,0000.000,0000.000,
 
002712189,000000000,000000000,0000.000,0000.000,0000.000,
 
002712209,000000000,000000000,0000.000,0000.000,0000.000,
 
002712229,000000000,000000000,0000.000,0000.000,0000.000,
 
002712249,000000000,000000000,0000.000,0000.000,0000.000,
 
