000149330,000000195,000003370,0000.000,0000.000,0000.000,
 
000149350,000000000,000000000,0000.000,0000.000,0000.000,
 
000149370,000000000,000000000,0000.000,0000.000,0000.000,
 
000149390,000000000,000000000,0000.000,0000.000,0000.000,
 
000149410,000000000,000000000,0000.000,0000.000,0000.000,
 
000149430,000000000,000000000,0000.000,0000.000,0000.000,
 
000149450,000000000,000000000,0000.000,0000.000,0000.000,
 
000149470,000000000,000000000,0000.000,0000.000,0000.000,
 
000149490,000000000,000000000,0000.000,0000.000,0000.000,
 
000149510,000000000,000000000,0000.000,0000.000,0000.000,
 
000149530,000000000,000000000,0000.000,0000.000,0000.000,
 
000149550,000000000,000000000,0000.000,0000.000,0000.000,
 
000149570,000000000,000000000,0000.000,0000.000,0000.000,
 
000149590,000000000,000000000,0000.000,0000.000,0000.000,
 
000149610,000000000,000000000,0000.000,0000.000,0000.000,
 
000149630,000000000,000000000,0000.000,0000.000,0000.000,
 
000149650,000000000,000000000,0000.000,0000.000,0000.000,
 
000149670,000000000,000000000,0000.000,0000.000,0000.000,
 
000149690,000000000,000000000,0000.000,0000.000,0000.000,
 
000149710,000000000,000000000,0000.000,0000.000,0000.000,
 
000149730,-00000002,000000001,0000.000,0000.000,0000.000,
 
000149750,-00000009,000000000,0000.000,0000.000,0000.000,
 
000149770,-00000013,000000001,0000.000,0000.000,0000.000,
 
000149790,-00000004,000000001,0000.000,0000.000,0000.000,
 
000149810,-00000001,000000000,0000.000,0000.000,0000.000,
 
000149830,000000000,000000001,0000.000,0000.000,0000.000,
 
000149850,000000000,000000000,0000.000,0000.000,0000.000,
 
000149870,000000000,000000000,0000.000,0000.000,0000.000,
 
000149890,000000000,000000000,0000.000,0000.000,0000.000,
 
000149910,000000000,000000000,0000.000,0000.000,0000.000,
 
000149930,000000000,000000000,0000.000,0000.000,0000.000,
 
000149950,000000000,000000000,0000.000,0000.000,0000.000,
 
000149970,000000000,000000000,0000.000,0000.000,0000.000,
 
000149990,000000000,000000000,0000.000,0000.000,0000.000,
 
000150010,000000000,000000000,0000.000,0000.000,0000.000,
 
000150030,000000000,000000000,0000.000,0000.000,0000.000,
 
000150050,000000000,000000000,0000.000,0000.000,0000.000,
 
000150070,000000000,000000000,0000.000,0000.000,0000.000,
 
000150090,000000000,000000000,0000.000,0000.000,0000.000,
 
000150110,000000000,000000000,0000.000,0000.000,0000.000,
 
000150130,000000000,000000000,0000.000,0000.000,0000.000,
 
000150150,000000000,000000000,0000.000,0000.000,0000.000,
 
000150170,000000000,000000000,0000.000,0000.000,0000.000,
 
000150190,000000000,000000000,0000.000,0000.000,0000.000,
 
000150210,000000000,000000000,0000.000,0000.000,0000.000,
 
000150230,000000000,000000000,0000.000,0000.000,0000.000,
 
000150250,000000000,000000000,0000.000,0000.000,0000.000,
 
000150270,000000000,000000000,0000.000,0000.000,0000.000,
 
000150290,000000000,000000000,0000.000,0000.000,0000.000,
 
000150310,000000000,000000000,0000.000,0000.000,0000.000,
 
000150330,000000000,000000000,0000.000,0000.000,0000.000,
 
000150350,000000000,000000000,0000.000,0000.000,0000.000,
 
000150370,000000000,000000000,0000.000,0000.000,0000.000,
 
000150390,000000000,000000000,0000.000,0000.000,0000.000,
 
000150410,000000000,000000000,0000.000,0000.000,0000.000,
 
000150430,000000000,000000000,0000.000,0000.000,0000.000,
 
000150450,000000000,000000000,0000.000,0000.000,0000.000,
 
000150470,000000000,000000000,0000.000,0000.000,0000.000,
 
000150490,000000000,000000000,0000.000,0000.000,0000.000,
 
000150510,000000000,000000000,0000.000,0000.000,0000.000,
 
000150530,000000000,000000000,0000.000,0000.000,0000.000,
 
000150550,000000000,000000000,0000.000,0000.000,0000.000,
 
000150570,000000000,000000000,0000.000,0000.000,0000.000,
 
000150590,000000000,000000000,0000.000,0000.000,0000.000,
 
000150610,000000000,000000000,0000.000,0000.000,0000.000,
 
000150630,000000000,000000000,0000.000,0000.000,0000.000,
 
000150650,000000000,000000000,0000.000,0000.000,0000.000,
 
000150670,000000000,000000000,0000.000,0000.000,0000.000,
 
000150690,000000000,000000000,0000.000,0000.000,0000.000,
 
000150710,000000000,000000000,0000.000,0000.000,0000.000,
 
000150730,000000000,000000000,0000.000,0000.000,0000.000,
 
000150750,000000000,000000000,0000.000,0000.000,0000.000,
 
000150770,000000000,000000000,0000.000,0000.000,0000.000,
 
000150790,000000000,000000000,0000.000,0000.000,0000.000,
 
000150810,000000000,000000000,0000.000,0000.000,0000.000,
 
000150830,000000000,000000000,0000.000,0000.000,0000.000,
 
000150850,000000000,000000000,0000.000,0000.000,0000.000,
 
000150870,000000000,000000000,0000.000,0000.000,0000.000,
 
000150890,000000000,000000000,0000.000,0000.000,0000.000,
 
000150910,000000000,000000000,0000.000,0000.000,0000.000,
 
000150930,000000000,000000000,0000.000,0000.000,0000.000,
 
000150950,000000000,000000000,0000.000,0000.000,0000.000,
 
000150970,000000000,000000000,0000.000,0000.000,0000.000,
 
000150990,000000000,000000000,0000.000,0000.000,0000.000,
 
000151010,000000000,000000000,0000.000,0000.000,0000.000,
 
000151030,000000000,000000000,0000.000,0000.000,0000.000,
 
000151050,000000000,000000000,0000.000,0000.000,0000.000,
 
000151070,000000000,000000000,0000.000,0000.000,0000.000,
 
000151090,000000000,000000000,0000.000,0000.000,0000.000,
 
000151110,000000000,000000000,0000.000,0000.000,0000.000,
 
000151130,000000000,000000000,0000.000,0000.000,0000.000,
 
000151150,000000000,000000000,0000.000,0000.000,0000.000,
 
000151170,000000000,000000000,0000.000,0000.000,0000.000,
 
000151190,000000000,000000000,0000.000,0000.000,0000.000,
 
000151210,000000000,000000000,0000.000,0000.000,0000.000,
 
000151230,000000000,000000000,0000.000,0000.000,0000.000,
 
000151250,000000000,000000000,0000.000,0000.000,0000.000,
 
000151270,000000000,000000000,0000.000,0000.000,0000.000,
 
000151290,000000000,000000000,0000.000,0000.000,0000.000,
 
000151310,000000000,000000000,0000.000,0000.000,0000.000,
 
000151330,000000000,000000000,0000.000,0000.000,0000.000,
 
000151350,000000000,000000000,0000.000,0000.000,0000.000,
 
000151370,000000000,000000000,0000.000,0000.000,0000.000,
 
000151390,000000000,000000000,0000.000,0000.000,0000.000,
 
000151410,000000000,000000000,0000.000,0000.000,0000.000,
 
000151430,000000000,000000000,0000.000,0000.000,0000.000,
 
000151450,000000000,000000000,0000.000,0000.000,0000.000,
 
000151470,000000000,000000000,0000.000,0000.000,0000.000,
 
000151490,000000000,000000000,0000.000,0000.000,0000.000,
 
000151510,000000000,000000000,0000.000,0000.000,0000.000,
 
000151530,000000000,000000000,0000.000,0000.000,0000.000,
 
000151550,000000000,000000000,0000.000,0000.000,0000.000,
 
000151570,000000000,000000000,0000.000,0000.000,0000.000,
 
000151590,000000000,000000000,0000.000,0000.000,0000.000,
 
000151610,000000000,-00000004,0000.000,0000.000,0000.000,
 
000151630,-00000001,-00000007,0000.000,0000.000,0000.000,
 
000151650,-00000001,-00000013,0000.000,0000.000,0000.000,
 
000151670,000000000,-00000008,0000.000,0000.000,0000.000,
 
000151690,000000000,-00000008,0000.000,0000.000,0000.000,
 
000151710,000000000,-00000008,0000.000,0000.000,0000.000,
 
000151730,000000002,-00000013,0000.000,0000.000,0000.000,
 
000151750,000000002,-00000013,0000.000,0000.000,0000.000,
 
000151770,000000002,-00000016,0000.000,0000.000,0000.000,
 
000151790,000000001,-00000025,0000.000,0000.000,0000.000,
 
000151810,000000001,-00000025,0000.000,0000.000,0000.000,
 
000151830,000000001,-00000025,0000.000,0000.000,0000.000,
 
000151850,000000001,-00000026,0000.000,0000.000,0000.000,
 
000151870,000000000,-00000027,0000.000,0000.000,0000.000,
 
000151890,000000001,-00000027,0000.000,0000.000,0000.000,
 
000151910,000000000,-00000029,0000.000,0000.000,0000.000,
 
000151930,000000000,-00000029,0000.000,0000.000,0000.000,
 
000151950,000000000,-00000030,0000.000,0000.000,0000.000,
 
000151970,000000000,-00000032,0000.000,0000.000,0000.000,
 
000151990,000000000,-00000034,0000.000,0000.000,0000.000,
 
000152010,000000000,-00000035,0000.000,0000.000,0000.000,
 
000152030,-00000001,-00000049,0000.000,0000.000,0000.000,
 
000152050,-00000003,-00000049,0000.000,0000.000,0000.000,
 
000152070,-00000003,-00000049,0000.000,0000.000,0000.000,
 
000152090,-00000002,-00000036,0000.000,0000.000,0000.000,
 
000152110,-00000001,-00000036,0000.000,0000.000,0000.000,
 
000152130,-00000002,-00000036,0000.000,0000.000,0000.000,
 
000152150,-00000001,-00000049,0000.000,0000.000,0000.000,
 
000152170,000000000,-00000032,0000.000,0000.000,0000.000,
 
000152190,000000000,-00000032,0000.000,0000.000,0000.000,
 
000152210,-00000001,-00000049,0000.000,0000.000,0000.000,
 
000152230,-00000002,-00000036,0000.000,0000.000,0000.000,
 
000152250,-00000001,-00000034,0000.000,0000.000,0000.000,
 
000152270,000000000,-00000036,0000.000,0000.000,0000.000,
 
000152290,000000000,-00000035,0000.000,0000.000,0000.000,
 
000152310,000000001,-00000036,0000.000,0000.000,0000.000,
 
000152330,000000000,-00000049,0000.000,0000.000,0000.000,
 
000152350,000000000,-00000049,0000.000,0000.000,0000.000,
 
000152370,000000000,-00000049,0000.000,0000.000,0000.000,
 
000152390,000000000,-00000049,0000.000,0000.000,0000.000,
 
000152410,000000000,-00000049,0000.000,0000.000,0000.000,
 
000152430,-00000004,-00000051,0000.000,0000.000,0000.000,
 
000152450,-00000004,-00000052,0000.000,0000.000,0000.000,
 
000152470,-00000004,-00000056,0000.000,0000.000,0000.000,
 
000152490,-00000002,-00000056,0000.000,0000.000,0000.000,
 
000152510,-00000002,-00000058,0000.000,0000.000,0000.000,
 
000152530,-00000004,-00000056,0000.000,0000.000,0000.000,
 
000152550,-00000004,-00000055,0000.000,0000.000,0000.000,
 
000152570,-00000004,-00000054,0000.000,0000.000,0000.000,
 
000152590,-00000002,-00000052,0000.000,0000.000,0000.000,
 
000152610,-00000002,-00000049,0000.000,0000.000,0000.000,
 
000152630,-00000001,-00000049,0000.000,0000.000,0000.000,
 
000152650,000000000,-00000049,0000.000,0000.000,0000.000,
 
000152670,000000003,-00000049,0000.000,0000.000,0000.000,
 
000152690,000000003,-00000049,0000.000,0000.000,0000.000,
 
000152710,000000003,-00000049,0000.000,0000.000,0000.000,
 
000152730,000000000,-00000050,0000.000,0000.000,0000.000,
 
000152750,000000000,-00000052,0000.000,0000.000,0000.000,
 
000152770,000000000,-00000052,0000.000,0000.000,0000.000,
 
000152790,000000001,-00000052,0000.000,0000.000,0000.000,
 
000152810,000000000,-00000052,0000.000,0000.000,0000.000,
 
000152830,-00000001,-00000053,0000.000,0000.000,0000.000,
 
000152850,-00000001,-00000054,0000.000,0000.000,0000.000,
 
000152870,-00000001,-00000054,0000.000,0000.000,0000.000,
 
000152890,000000000,-00000052,0000.000,0000.000,0000.000,
 
000152910,000000000,-00000050,0000.000,0000.000,0000.000,
 
000152930,000000000,-00000049,0000.000,0000.000,0000.000,
 
000152950,000000000,-00000050,0000.000,0000.000,0000.000,
 
000152970,-00000001,-00000049,0000.000,0000.000,0000.000,
 
000152990,000000000,-00000046,0000.000,0000.000,0000.000,
 
000153010,000000000,-00000044,0000.000,0000.000,0000.000,
 
000153030,000000000,-00000043,0000.000,0000.000,0000.000,
 
000153050,000000000,-00000043,0000.000,0000.000,0000.000,
 
000153070,000000000,-00000043,0000.000,0000.000,0000.000,
 
000153090,-00000001,-00000045,0000.000,0000.000,0000.000,
 
000153110,-00000004,-00000045,0000.000,0000.000,0000.000,
 
000153130,-00000004,-00000047,0000.000,0000.000,0000.000,
 
000153150,-00000002,-00000045,0000.000,0000.000,0000.000,
 
000153170,-00000002,-00000043,0000.000,0000.000,0000.000,
 
000153190,-00000002,-00000040,0000.000,0000.000,0000.000,
 
000153210,-00000002,-00000049,0000.000,0000.000,0000.000,
 
000153230,000000000,-00000049,0000.000,0000.000,0000.000,
 
000153250,000000000,-00000049,0000.000,0000.000,0000.000,
 
000153270,-00000001,-00000049,0000.000,0000.000,0000.000,
 
000153290,000000000,-00000049,0000.000,0000.000,0000.000,
 
000153310,000000000,-00000049,0000.000,0000.000,0000.000,
 
000153330,000000000,-00000049,0000.000,0000.000,0000.000,
 
000153350,-00000001,-00000049,0000.000,0000.000,0000.000,
 
000153370,-00000002,-00000049,0000.000,0000.000,0000.000,
 
000153390,-00000002,-00000032,0000.000,0000.000,0000.000,
 
000153410,-00000004,-00000033,0000.000,0000.000,0000.000,
 
000153430,-00000004,-00000032,0000.000,0000.000,0000.000,
 
000153450,-00000002,-00000033,0000.000,0000.000,0000.000,
 
000153470,-00000004,-00000034,0000.000,0000.000,0000.000,
 
000153490,-00000002,-00000033,0000.000,0000.000,0000.000,
 
000153510,-00000002,-00000030,0000.000,0000.000,0000.000,
 
000153530,-00000002,-00000028,0000.000,0000.000,0000.000,
 
000153550,-00000002,-00000026,0000.000,0000.000,0000.000,
 
000153570,-00000001,-00000025,0000.000,0000.000,0000.000,
 
000153590,-00000001,-00000025,0000.000,0000.000,0000.000,
 
000153610,-00000001,-00000025,0000.000,0000.000,0000.000,
 
000153630,-00000001,-00000025,0000.000,0000.000,0000.000,
 
000153650,-00000001,-00000025,0000.000,0000.000,0000.000,
 
000153670,000000000,-00000017,0000.000,0000.000,0000.000,
 
000153690,-00000001,-00000015,0000.000,0000.000,0000.000,
 
000153710,000000000,-00000013,0000.000,0000.000,0000.000,
 
000153730,000000000,-00000013,0000.000,0000.000,0000.000,
 
000153750,-00000001,-00000013,0000.000,0000.000,0000.000,
 
000153770,000000000,-00000007,0000.000,0000.000,0000.000,
 
000153790,-00000001,-00000004,0000.000,0000.000,0000.000,
 
000153810,000000000,-00000002,0000.000,0000.000,0000.000,
 
000153830,-00000001,-00000001,0000.000,0000.000,0000.000,
 
000153850,000000000,-00000001,0000.000,0000.000,0000.000,
 
000153870,000000000,000000000,0000.000,0000.000,0000.000,
 
000153890,000000000,000000000,0000.000,0000.000,0000.000,
 
000153910,000000000,000000000,0000.000,0000.000,0000.000,
 
000153930,000000000,000000000,0000.000,0000.000,0000.000,
 
000153950,000000000,000000000,0000.000,0000.000,0000.000,
 
000153970,000000000,000000000,0000.000,0000.000,0000.000,
 
000153990,000000000,000000000,0000.000,0000.000,0000.000,
 
000154010,000000000,000000000,0000.000,0000.000,0000.000,
 
000154030,000000000,000000000,0000.000,0000.000,0000.000,
 
000154050,000000000,000000000,0000.000,0000.000,0000.000,
 
000154070,000000000,000000000,0000.000,0000.000,0000.000,
 
000154090,000000000,000000000,0000.000,0000.000,0000.000,
 
000154110,000000000,000000000,0000.000,0000.000,0000.000,
 
000154130,000000000,000000000,0000.000,0000.000,0000.000,
 
000154150,000000000,000000000,0000.000,0000.000,0000.000,
 
000154170,000000000,000000000,0000.000,0000.000,0000.000,
 
000154190,000000000,000000000,0000.000,0000.000,0000.000,
 
000154210,000000000,000000000,0000.000,0000.000,0000.000,
 
000154230,000000000,000000000,0000.000,0000.000,0000.000,
 
000154250,000000000,000000000,0000.000,0000.000,0000.000,
 
000154270,000000000,000000000,0000.000,0000.000,0000.000,
 
000154290,000000000,000000000,0000.000,0000.000,0000.000,
 
000154310,000000000,000000000,0000.000,0000.000,0000.000,
 
000154330,000000000,000000000,0000.000,0000.000,0000.000,
 
000154350,000000000,000000000,0000.000,0000.000,0000.000,
 
000154370,000000000,000000000,0000.000,0000.000,0000.000,
 
000154390,000000000,000000000,0000.000,0000.000,0000.000,
 
000154410,000000000,000000000,0000.000,0000.000,0000.000,
 
000154430,000000000,000000000,0000.000,0000.000,0000.000,
 
000154450,000000000,000000000,0000.000,0000.000,0000.000,
 
000154470,000000000,000000000,0000.000,0000.000,0000.000,
 
000154490,000000000,000000000,0000.000,0000.000,0000.000,
 
000154510,000000000,000000000,0000.000,0000.000,0000.000,
 
000154530,000000000,000000000,0000.000,0000.000,0000.000,
 
000154550,000000000,000000000,0000.000,0000.000,0000.000,
 
000154570,000000000,000000000,0000.000,0000.000,0000.000,
 
000154590,000000000,000000000,0000.000,0000.000,0000.000,
 
000154610,000000000,000000000,0000.000,0000.000,0000.000,
 
000154630,000000000,000000000,0000.000,0000.000,0000.000,
 
000154650,000000000,000000000,0000.000,0000.000,0000.000,
 
000154670,000000000,000000000,0000.000,0000.000,0000.000,
 
000154690,000000000,000000000,0000.000,0000.000,0000.000,
 
000154710,000000000,000000000,0000.000,0000.000,0000.000,
 
000154730,000000000,000000000,0000.000,0000.000,0000.000,
 
000154750,000000000,000000000,0000.000,0000.000,0000.000,
 
000154770,000000000,000000000,0000.000,0000.000,0000.000,
 
000154790,000000000,000000000,0000.000,0000.000,0000.000,
 
000154810,000000000,000000000,0000.000,0000.000,0000.000,
 
000154830,000000000,000000000,0000.000,0000.000,0000.000,
 
000154850,000000000,000000000,0000.000,0000.000,0000.000,
 
000154870,000000000,000000000,0000.000,0000.000,0000.000,
 
000154890,000000000,000000000,0000.000,0000.000,0000.000,
 
000154910,000000000,000000000,0000.000,0000.000,0000.000,
 
000154930,000000000,000000000,0000.000,0000.000,0000.000,
 
000154950,000000000,000000000,0000.000,0000.000,0000.000,
 
000154970,000000000,000000000,0000.000,0000.000,0000.000,
 
000154990,000000000,000000000,0000.000,0000.000,0000.000,
 
000155010,000000000,000000000,0000.000,0000.000,0000.000,
 
000155030,000000000,000000000,0000.000,0000.000,0000.000,
 
000155050,000000000,000000000,0000.000,0000.000,0000.000,
 
000155070,000000000,000000000,0000.000,0000.000,0000.000,
 
000155090,000000000,000000000,0000.000,0000.000,0000.000,
 
000155110,000000000,000000000,0000.000,0000.000,0000.000,
 
000155130,000000000,000000000,0000.000,0000.000,0000.000,
 
000155150,000000000,000000000,0000.000,0000.000,0000.000,
 
000155170,000000000,000000000,0000.000,0000.000,0000.000,
 
000155190,000000000,000000000,0000.000,0000.000,0000.000,
 
000155210,000000000,000000000,0000.000,0000.000,0000.000,
 
000155230,000000000,000000000,0000.000,0000.000,0000.000,
 
000155250,000000000,000000000,0000.000,0000.000,0000.000,
 
000155270,000000000,000000000,0000.000,0000.000,0000.000,
 
000155290,000000000,000000000,0000.000,0000.000,0000.000,
 
000155310,000000000,000000000,0000.000,0000.000,0000.000,
 
000155330,000000000,000000000,0000.000,0000.000,0000.000,
 
000155350,000000000,000000000,0000.000,0000.000,0000.000,
 
000155370,000000000,000000000,0000.000,0000.000,0000.000,
 
000155390,000000000,000000000,0000.000,0000.000,0000.000,
 
000155410,000000000,000000000,0000.000,0000.000,0000.000,
 
000155430,000000000,000000000,0000.000,0000.000,0000.000,
 
000155450,000000000,000000000,0000.000,0000.000,0000.000,
 
000155470,000000000,000000000,0000.000,0000.000,0000.000,
 
000155490,000000000,000000000,0000.000,0000.000,0000.000,
 
000155510,000000000,000000000,0000.000,0000.000,0000.000,
 
000155530,000000000,000000000,0000.000,0000.000,0000.000,
 
000155550,000000000,000000000,0000.000,0000.000,0000.000,
 
000155570,000000000,000000000,0000.000,0000.000,0000.000,
 
000155590,000000000,000000000,0000.000,0000.000,0000.000,
 
000155610,000000000,000000000,0000.000,0000.000,0000.000,
 
000155630,000000000,000000000,0000.000,0000.000,0000.000,
 
000155650,000000000,000000000,0000.000,0000.000,0000.000,
 
000155670,000000000,000000000,0000.000,0000.000,0000.000,
 
000155690,000000000,000000000,0000.000,0000.000,0000.000,
 
