002060429,000000000,000000000,0000.000,0000.000,0000.000,
 
002060449,000000000,000000000,0000.000,0000.000,0000.000,
 
002060469,000000000,000000000,0000.000,0000.000,0000.000,
 
002060489,000000000,000000000,0000.000,0000.000,0000.000,
 
002060509,000000000,000000000,0000.000,0000.000,0000.000,
 
002060529,000000000,000000000,0000.000,0000.000,0000.000,
 
002060549,000000000,000000000,0000.000,0000.000,0000.000,
 
002060569,000000000,000000000,0000.000,0000.000,0000.000,
 
002060589,000000000,000000000,0000.000,0000.000,0000.000,
 
002060609,000000000,000000000,0000.000,0000.000,0000.000,
 
002060629,000000000,000000000,0000.000,0000.000,0000.000,
 
002060649,000000000,000000000,0000.000,0000.000,0000.000,
 
002060669,000000000,000000000,0000.000,0000.000,0000.000,
 
002060689,000000000,000000000,0000.000,0000.000,0000.000,
 
002060709,000000000,000000000,0000.000,0000.000,0000.000,
 
002060729,000000000,000000000,0000.000,0000.000,0000.000,
 
002060749,000000000,000000000,0000.000,0000.000,0000.000,
 
002060769,000000000,000000000,0000.000,0000.000,0000.000,
 
002060789,000000000,000000000,0000.000,0000.000,0000.000,
 
002060809,000000000,000000000,0000.000,0000.000,0000.000,
 
002060829,000000000,000000000,0000.000,0000.000,0000.000,
 
002060849,000000000,000000000,0000.000,0000.000,0000.000,
 
002060869,000000000,000000000,0000.000,0000.000,0000.000,
 
002060889,000000000,000000000,0000.000,0000.000,0000.000,
 
002060909,000000000,000000000,0000.000,0000.000,0000.000,
 
002060929,000000000,000000000,0000.000,0000.000,0000.000,
 
002060949,000000000,000000000,0000.000,0000.000,0000.000,
 
002060969,000000000,000000000,0000.000,0000.000,0000.000,
 
002060989,000000000,000000000,0000.000,0000.000,0000.000,
 
002061009,000000000,000000000,0000.000,0000.000,0000.000,
 
002061029,000000000,000000000,0000.000,0000.000,0000.000,
 
002061049,000000000,000000000,0000.000,0000.000,0000.000,
 
002061069,000000000,000000000,0000.000,0000.000,0000.000,
 
002061089,000000000,000000000,0000.000,0000.000,0000.000,
 
002061109,000000000,000000000,0000.000,0000.000,0000.000,
 
002061129,000000000,000000000,0000.000,0000.000,0000.000,
 
002061149,000000000,000000000,0000.000,0000.000,0000.000,
 
002061169,000000000,000000000,0000.000,0000.000,0000.000,
 
002061189,000000000,000000000,0000.000,0000.000,0000.000,
 
002061209,000000000,000000000,0000.000,0000.000,0000.000,
 
002061229,000000000,000000000,0000.000,0000.000,0000.000,
 
002061249,000000000,000000000,0000.000,0000.000,0000.000,
 
002061269,000000000,000000000,0000.000,0000.000,0000.000,
 
002061289,000000000,000000000,0000.000,0000.000,0000.000,
 
002061309,000000000,000000000,0000.000,0000.000,0000.000,
 
002061329,000000000,000000000,0000.000,0000.000,0000.000,
 
002061349,000000000,000000000,0000.000,0000.000,0000.000,
 
002061369,000000000,000000000,0000.000,0000.000,0000.000,
 
002061389,000000000,000000000,0000.000,0000.000,0000.000,
 
002061409,000000000,000000000,0000.000,0000.000,0000.000,
 
002061429,000000000,000000000,0000.000,0000.000,0000.000,
 
002061449,000000000,000000000,0000.000,0000.000,0000.000,
 
002061469,000000000,000000000,0000.000,0000.000,0000.000,
 
002061489,000000000,000000000,0000.000,0000.000,0000.000,
 
002061509,000000000,000000000,0000.000,0000.000,0000.000,
 
002061529,000000000,000000000,0000.000,0000.000,0000.000,
 
002061549,000000000,000000000,0000.000,0000.000,0000.000,
 
002061569,000000000,000000000,0000.000,0000.000,0000.000,
 
002061589,000000000,000000000,0000.000,0000.000,0000.000,
 
002061609,000000000,000000000,0000.000,0000.000,0000.000,
 
002061629,000000000,000000000,0000.000,0000.000,0000.000,
 
002061649,000000000,000000000,0000.000,0000.000,0000.000,
 
002061669,000000000,000000000,0000.000,0000.000,0000.000,
 
002061689,000000000,000000000,0000.000,0000.000,0000.000,
 
002061709,000000000,000000000,0000.000,0000.000,0000.000,
 
002061729,000000000,000000000,0000.000,0000.000,0000.000,
 
002061749,000000000,000000000,0000.000,0000.000,0000.000,
 
002061769,000000000,000000000,0000.000,0000.000,0000.000,
 
002061789,000000000,000000000,0000.000,0000.000,0000.000,
 
002061809,000000000,000000000,0000.000,0000.000,0000.000,
 
002061829,000000000,000000000,0000.000,0000.000,0000.000,
 
002061849,000000000,000000000,0000.000,0000.000,0000.000,
 
002061869,000000000,000000000,0000.000,0000.000,0000.000,
 
002061889,000000000,000000000,0000.000,0000.000,0000.000,
 
002061909,000000000,000000000,0000.000,0000.000,0000.000,
 
002061929,000000000,000000000,0000.000,0000.000,0000.000,
 
002061949,000000000,000000000,0000.000,0000.000,0000.000,
 
002061969,000000000,000000000,0000.000,0000.000,0000.000,
 
002061989,000000000,000000000,0000.000,0000.000,0000.000,
 
002062009,000000000,000000000,0000.000,0000.000,0000.000,
 
002062029,000000000,000000000,0000.000,0000.000,0000.000,
 
002062049,000000000,000000000,0000.000,0000.000,0000.000,
 
002062069,000000000,000000000,0000.000,0000.000,0000.000,
 
002062089,000000000,000000000,0000.000,0000.000,0000.000,
 
002062109,000000000,000000000,0000.000,0000.000,0000.000,
 
002062129,000000000,000000000,0000.000,0000.000,0000.000,
 
002062149,000000000,000000000,0000.000,0000.000,0000.000,
 
002062169,000000000,000000000,0000.000,0000.000,0000.000,
 
002062189,000000000,000000000,0000.000,0000.000,0000.000,
 
002062209,000000000,000000000,0000.000,0000.000,0000.000,
 
002062229,000000000,000000000,0000.000,0000.000,0000.000,
 
002062249,000000000,000000000,0000.000,0000.000,0000.000,
 
002062269,000000000,000000000,0000.000,0000.000,0000.000,
 
002062289,000000000,000000000,0000.000,0000.000,0000.000,
 
002062309,000000000,000000000,0000.000,0000.000,0000.000,
 
002062329,000000000,000000000,0000.000,0000.000,0000.000,
 
002062349,000000000,000000000,0000.000,0000.000,0000.000,
 
002062369,000000000,000000000,0000.000,0000.000,0000.000,
 
002062389,000000000,000000000,0000.000,0000.000,0000.000,
 
002062409,000000000,000000000,0000.000,0000.000,0000.000,
 
002062429,000000000,000000000,0000.000,0000.000,0000.000,
 
002062449,000000000,000000000,0000.000,0000.000,0000.000,
 
002062469,000000000,000000000,0000.000,0000.000,0000.000,
 
002062489,000000000,000000000,0000.000,0000.000,0000.000,
 
002062509,000000000,000000000,0000.000,0000.000,0000.000,
 
002062529,000000000,000000000,0000.000,0000.000,0000.000,
 
002062549,000000000,000000000,0000.000,0000.000,0000.000,
 
002062569,000000000,000000000,0000.000,0000.000,0000.000,
 
002062589,000000000,000000000,0000.000,0000.000,0000.000,
 
002062609,000000000,000000000,0000.000,0000.000,0000.000,
 
002062629,000000000,000000000,0000.000,0000.000,0000.000,
 
002062649,000000000,000000000,0000.000,0000.000,0000.000,
 
002062669,000000000,000000000,0000.000,0000.000,0000.000,
 
002062689,000000000,000000000,0000.000,0000.000,0000.000,
 
002062709,000000000,000000000,0000.000,0000.000,0000.000,
 
002062729,000000000,000000000,0000.000,0000.000,0000.000,
 
002062749,000000000,000000000,0000.000,0000.000,0000.000,
 
002062769,000000000,000000000,0000.000,0000.000,0000.000,
 
002062789,000000000,000000000,0000.000,0000.000,0000.000,
 
002062809,000000000,000000000,0000.000,0000.000,0000.000,
 
002062829,000000000,000000000,0000.000,0000.000,0000.000,
 
002062849,000000000,000000000,0000.000,0000.000,0000.000,
 
002062869,000000000,000000000,0000.000,0000.000,0000.000,
 
002062889,000000000,000000000,0000.000,0000.000,0000.000,
 
002062909,000000000,000000000,0000.000,0000.000,0000.000,
 
002062929,000000000,000000000,0000.000,0000.000,0000.000,
 
002062949,000000000,000000000,0000.000,0000.000,0000.000,
 
002062969,000000000,000000000,0000.000,0000.000,0000.000,
 
002062989,000000000,000000000,0000.000,0000.000,0000.000,
 
002063009,000000000,000000000,0000.000,0000.000,0000.000,
 
002063029,000000000,000000000,0000.000,0000.000,0000.000,
 
002063049,000000000,000000000,0000.000,0000.000,0000.000,
 
002063069,000000000,000000000,0000.000,0000.000,0000.000,
 
002063089,000000000,000000000,0000.000,0000.000,0000.000,
 
002063109,000000000,000000000,0000.000,0000.000,0000.000,
 
002063129,000000000,000000000,0000.000,0000.000,0000.000,
 
002063149,000000000,000000000,0000.000,0000.000,0000.000,
 
002063169,000000000,000000000,0000.000,0000.000,0000.000,
 
002063189,000000000,000000000,0000.000,0000.000,0000.000,
 
002063209,000000000,000000000,0000.000,0000.000,0000.000,
 
002063229,000000000,000000000,0000.000,0000.000,0000.000,
 
002063249,000000000,-00000001,0000.000,0000.000,0000.000,
 
002063269,000000000,-00000008,0000.000,0000.000,0000.000,
 
002063289,-00000001,-00000014,0000.000,0000.000,0000.000,
 
002063309,-00000002,-00000014,0000.000,0000.000,0000.000,
 
002063329,-00000001,-00000013,0000.000,0000.000,0000.000,
 
002063349,-00000001,-00000011,0000.000,0000.000,0000.000,
 
002063369,-00000001,-00000013,0000.000,0000.000,0000.000,
 
002063389,-00000001,-00000013,0000.000,0000.000,0000.000,
 
002063409,-00000001,-00000008,0000.000,0000.000,0000.000,
 
002063429,000000000,-00000009,0000.000,0000.000,0000.000,
 
002063449,-00000001,-00000007,0000.000,0000.000,0000.000,
 
002063469,000000000,-00000007,0000.000,0000.000,0000.000,
 
002063489,000000000,-00000007,0000.000,0000.000,0000.000,
 
002063509,-00000001,-00000007,0000.000,0000.000,0000.000,
 
002063529,000000000,-00000007,0000.000,0000.000,0000.000,
 
002063549,-00000001,-00000006,0000.000,0000.000,0000.000,
 
002063569,000000000,-00000007,0000.000,0000.000,0000.000,
 
002063589,000000000,-00000006,0000.000,0000.000,0000.000,
 
002063609,-00000001,-00000006,0000.000,0000.000,0000.000,
 
002063629,-00000001,-00000008,0000.000,0000.000,0000.000,
 
002063649,-00000001,-00000009,0000.000,0000.000,0000.000,
 
002063669,000000000,-00000013,0000.000,0000.000,0000.000,
 
002063689,-00000001,-00000007,0000.000,0000.000,0000.000,
 
002063709,000000000,-00000007,0000.000,0000.000,0000.000,
 
002063729,000000000,-00000007,0000.000,0000.000,0000.000,
 
002063749,-00000001,-00000009,0000.000,0000.000,0000.000,
 
002063769,000000000,-00000013,0000.000,0000.000,0000.000,
 
002063789,-00000001,-00000009,0000.000,0000.000,0000.000,
 
002063809,-00000001,-00000013,0000.000,0000.000,0000.000,
 
002063829,000000000,-00000010,0000.000,0000.000,0000.000,
 
002063849,000000000,-00000010,0000.000,0000.000,0000.000,
 
002063869,000000000,-00000013,0000.000,0000.000,0000.000,
 
002063889,000000000,-00000008,0000.000,0000.000,0000.000,
 
002063909,000000000,-00000008,0000.000,0000.000,0000.000,
 
002063929,000000000,-00000010,0000.000,0000.000,0000.000,
 
002063949,000000001,-00000013,0000.000,0000.000,0000.000,
 
002063969,000000001,-00000017,0000.000,0000.000,0000.000,
 
002063989,000000002,-00000025,0000.000,0000.000,0000.000,
 
002064009,000000002,-00000024,0000.000,0000.000,0000.000,
 
002064029,000000001,-00000025,0000.000,0000.000,0000.000,
 
002064049,000000001,-00000025,0000.000,0000.000,0000.000,
 
002064069,000000001,-00000025,0000.000,0000.000,0000.000,
 
002064089,000000000,-00000025,0000.000,0000.000,0000.000,
 
002064109,000000000,-00000025,0000.000,0000.000,0000.000,
 
002064129,000000000,-00000022,0000.000,0000.000,0000.000,
 
002064149,-00000001,-00000025,0000.000,0000.000,0000.000,
 
002064169,000000000,-00000019,0000.000,0000.000,0000.000,
 
002064189,-00000001,-00000025,0000.000,0000.000,0000.000,
 
002064209,-00000001,-00000022,0000.000,0000.000,0000.000,
 
002064229,-00000002,-00000025,0000.000,0000.000,0000.000,
 
002064249,-00000002,-00000023,0000.000,0000.000,0000.000,
 
002064269,-00000002,-00000025,0000.000,0000.000,0000.000,
 
002064289,-00000002,-00000019,0000.000,0000.000,0000.000,
 
002064309,-00000001,-00000025,0000.000,0000.000,0000.000,
 
002064329,-00000001,-00000017,0000.000,0000.000,0000.000,
 
002064349,-00000001,-00000016,0000.000,0000.000,0000.000,
 
002064369,-00000001,-00000015,0000.000,0000.000,0000.000,
 
002064389,000000000,-00000013,0000.000,0000.000,0000.000,
 
002064409,000000000,-00000013,0000.000,0000.000,0000.000,
 
002064429,000000000,-00000013,0000.000,0000.000,0000.000,
 
002064449,000000000,-00000014,0000.000,0000.000,0000.000,
 
002064469,-00000001,-00000015,0000.000,0000.000,0000.000,
 
002064489,-00000001,-00000016,0000.000,0000.000,0000.000,
 
002064509,-00000001,-00000015,0000.000,0000.000,0000.000,
 
002064529,000000000,-00000014,0000.000,0000.000,0000.000,
 
002064549,-00000001,-00000013,0000.000,0000.000,0000.000,
 
002064569,000000000,-00000010,0000.000,0000.000,0000.000,
 
002064589,000000000,-00000013,0000.000,0000.000,0000.000,
 
002064609,000000000,-00000008,0000.000,0000.000,0000.000,
 
002064629,000000000,-00000013,0000.000,0000.000,0000.000,
 
002064649,000000000,-00000013,0000.000,0000.000,0000.000,
 
002064669,-00000001,-00000007,0000.000,0000.000,0000.000,
 
002064689,000000000,-00000007,0000.000,0000.000,0000.000,
 
002064709,-00000001,-00000008,0000.000,0000.000,0000.000,
 
002064729,-00000001,-00000010,0000.000,0000.000,0000.000,
 
002064749,-00000001,-00000013,0000.000,0000.000,0000.000,
 
002064769,-00000001,-00000010,0000.000,0000.000,0000.000,
 
002064789,-00000001,-00000013,0000.000,0000.000,0000.000,
 
002064809,-00000001,-00000013,0000.000,0000.000,0000.000,
 
002064829,-00000001,-00000011,0000.000,0000.000,0000.000,
 
002064849,000000000,-00000013,0000.000,0000.000,0000.000,
 
002064869,000000000,-00000012,0000.000,0000.000,0000.000,
 
002064889,000000000,-00000012,0000.000,0000.000,0000.000,
 
002064909,000000000,-00000013,0000.000,0000.000,0000.000,
 
002064929,000000000,-00000011,0000.000,0000.000,0000.000,
 
002064949,-00000001,-00000011,0000.000,0000.000,0000.000,
 
002064969,000000000,-00000013,0000.000,0000.000,0000.000,
 
002064989,000000000,-00000014,0000.000,0000.000,0000.000,
 
002065009,000000000,-00000014,0000.000,0000.000,0000.000,
 
002065029,000000001,-00000015,0000.000,0000.000,0000.000,
 
002065049,000000001,-00000014,0000.000,0000.000,0000.000,
 
002065069,000000000,-00000016,0000.000,0000.000,0000.000,
 
002065089,000000000,-00000016,0000.000,0000.000,0000.000,
 
002065109,000000000,-00000016,0000.000,0000.000,0000.000,
 
002065129,-00000001,-00000015,0000.000,0000.000,0000.000,
 
002065149,000000000,-00000014,0000.000,0000.000,0000.000,
 
002065169,000000001,-00000016,0000.000,0000.000,0000.000,
 
002065189,000000000,-00000015,0000.000,0000.000,0000.000,
 
002065209,000000000,-00000013,0000.000,0000.000,0000.000,
 
002065229,000000000,-00000013,0000.000,0000.000,0000.000,
 
002065249,-00000001,-00000012,0000.000,0000.000,0000.000,
 
002065269,-00000001,-00000013,0000.000,0000.000,0000.000,
 
002065289,-00000001,-00000015,0000.000,0000.000,0000.000,
 
002065309,000000000,-00000016,0000.000,0000.000,0000.000,
 
002065329,000000000,-00000016,0000.000,0000.000,0000.000,
 
002065349,000000000,-00000016,0000.000,0000.000,0000.000,
 
002065369,000000000,-00000017,0000.000,0000.000,0000.000,
 
002065389,000000000,-00000017,0000.000,0000.000,0000.000,
 
002065409,000000000,-00000016,0000.000,0000.000,0000.000,
 
002065429,000000000,-00000016,0000.000,0000.000,0000.000,
 
002065449,000000000,-00000015,0000.000,0000.000,0000.000,
 
002065469,000000000,-00000017,0000.000,0000.000,0000.000,
 
002065489,000000000,-00000025,0000.000,0000.000,0000.000,
 
002065509,000000000,-00000020,0000.000,0000.000,0000.000,
 
002065529,000000000,-00000019,0000.000,0000.000,0000.000,
 
002065549,000000000,-00000025,0000.000,0000.000,0000.000,
 
002065569,000000000,-00000025,0000.000,0000.000,0000.000,
 
002065589,000000000,-00000019,0000.000,0000.000,0000.000,
 
002065609,000000000,-00000025,0000.000,0000.000,0000.000,
 
002065629,-00000001,-00000025,0000.000,0000.000,0000.000,
 
002065649,000000000,-00000017,0000.000,0000.000,0000.000,
 
002065669,-00000001,-00000017,0000.000,0000.000,0000.000,
 
002065689,-00000001,-00000015,0000.000,0000.000,0000.000,
 
002065709,000000000,-00000016,0000.000,0000.000,0000.000,
 
002065729,000000000,-00000018,0000.000,0000.000,0000.000,
 
002065749,000000000,-00000018,0000.000,0000.000,0000.000,
 
002065769,000000000,-00000025,0000.000,0000.000,0000.000,
 
002065789,000000000,-00000025,0000.000,0000.000,0000.000,
 
002065809,-00000001,-00000019,0000.000,0000.000,0000.000,
 
002065829,000000000,-00000022,0000.000,0000.000,0000.000,
 
002065849,000000000,-00000025,0000.000,0000.000,0000.000,
 
002065869,-00000001,-00000025,0000.000,0000.000,0000.000,
 
002065889,-00000001,-00000026,0000.000,0000.000,0000.000,
 
002065909,000000000,-00000028,0000.000,0000.000,0000.000,
 
002065929,-00000001,-00000029,0000.000,0000.000,0000.000,
 
002065949,-00000002,-00000030,0000.000,0000.000,0000.000,
 
002065969,-00000002,-00000031,0000.000,0000.000,0000.000,
 
002065989,-00000002,-00000030,0000.000,0000.000,0000.000,
 
002066009,-00000001,-00000027,0000.000,0000.000,0000.000,
 
002066029,000000000,-00000026,0000.000,0000.000,0000.000,
 
002066049,000000000,-00000025,0000.000,0000.000,0000.000,
 
002066069,-00000001,-00000023,0000.000,0000.000,0000.000,
 
002066089,-00000002,-00000023,0000.000,0000.000,0000.000,
 
002066109,000000000,-00000025,0000.000,0000.000,0000.000,
 
002066129,000000000,-00000025,0000.000,0000.000,0000.000,
 
002066149,000000000,-00000017,0000.000,0000.000,0000.000,
 
002066169,000000000,-00000016,0000.000,0000.000,0000.000,
 
002066189,000000000,-00000016,0000.000,0000.000,0000.000,
 
002066209,000000000,-00000025,0000.000,0000.000,0000.000,
 
002066229,000000000,-00000019,0000.000,0000.000,0000.000,
 
002066249,000000000,-00000019,0000.000,0000.000,0000.000,
 
002066269,000000000,-00000017,0000.000,0000.000,0000.000,
 
002066289,-00000001,-00000025,0000.000,0000.000,0000.000,
 
002066309,000000000,-00000025,0000.000,0000.000,0000.000,
 
002066329,000000000,-00000028,0000.000,0000.000,0000.000,
 
002066349,000000001,-00000033,0000.000,0000.000,0000.000,
 
002066369,000000000,-00000035,0000.000,0000.000,0000.000,
 
002066389,000000000,-00000049,0000.000,0000.000,0000.000,
 
002066409,-00000001,-00000032,0000.000,0000.000,0000.000,
 
002066429,-00000001,-00000031,0000.000,0000.000,0000.000,
 
002066449,-00000001,-00000029,0000.000,0000.000,0000.000,
 
002066469,-00000001,-00000025,0000.000,0000.000,0000.000,
 
002066489,000000000,-00000025,0000.000,0000.000,0000.000,
 
002066509,-00000001,-00000026,0000.000,0000.000,0000.000,
 
002066529,000000000,-00000025,0000.000,0000.000,0000.000,
 
002066549,000000000,-00000026,0000.000,0000.000,0000.000,
 
002066569,000000001,-00000026,0000.000,0000.000,0000.000,
 
002066589,000000001,-00000025,0000.000,0000.000,0000.000,
 
002066609,000000002,-00000025,0000.000,0000.000,0000.000,
 
002066629,000000001,-00000023,0000.000,0000.000,0000.000,
 
002066649,000000001,-00000024,0000.000,0000.000,0000.000,
 
002066669,000000001,-00000022,0000.000,0000.000,0000.000,
 
002066689,000000001,-00000025,0000.000,0000.000,0000.000,
 
002066709,000000000,-00000025,0000.000,0000.000,0000.000,
 
002066729,000000001,-00000023,0000.000,0000.000,0000.000,
 
002066749,000000000,-00000024,0000.000,0000.000,0000.000,
 
002066769,000000000,-00000023,0000.000,0000.000,0000.000,
 
002066789,000000000,-00000023,0000.000,0000.000,0000.000,
 
002066809,000000001,-00000025,0000.000,0000.000,0000.000,
 
002066829,000000000,-00000025,0000.000,0000.000,0000.000,
 
002066849,000000000,-00000019,0000.000,0000.000,0000.000,
 
002066869,-00000001,-00000019,0000.000,0000.000,0000.000,
 
002066889,000000000,-00000021,0000.000,0000.000,0000.000,
 
002066909,000000000,-00000025,0000.000,0000.000,0000.000,
 
002066929,000000000,-00000025,0000.000,0000.000,0000.000,
 
002066949,000000000,-00000021,0000.000,0000.000,0000.000,
 
002066969,000000000,-00000020,0000.000,0000.000,0000.000,
 
002066989,-00000002,-00000020,0000.000,0000.000,0000.000,
 
002067009,000000000,-00000022,0000.000,0000.000,0000.000,
 
002067029,000000000,-00000021,0000.000,0000.000,0000.000,
 
002067049,000000000,-00000025,0000.000,0000.000,0000.000,
 
002067069,000000001,-00000025,0000.000,0000.000,0000.000,
 
002067089,000000002,-00000018,0000.000,0000.000,0000.000,
 
002067109,000000001,-00000017,0000.000,0000.000,0000.000,
 
002067129,000000000,-00000018,0000.000,0000.000,0000.000,
 
002067149,000000000,-00000017,0000.000,0000.000,0000.000,
 
002067169,000000000,-00000020,0000.000,0000.000,0000.000,
 
002067189,000000000,-00000025,0000.000,0000.000,0000.000,
 
002067209,000000001,-00000025,0000.000,0000.000,0000.000,
 
002067229,000000000,-00000017,0000.000,0000.000,0000.000,
 
002067249,000000001,-00000016,0000.000,0000.000,0000.000,
 
002067269,000000000,-00000015,0000.000,0000.000,0000.000,
 
002067289,000000000,-00000014,0000.000,0000.000,0000.000,
 
002067309,000000001,-00000012,0000.000,0000.000,0000.000,
 
002067329,000000000,-00000013,0000.000,0000.000,0000.000,
 
002067349,000000001,-00000013,0000.000,0000.000,0000.000,
 
002067369,000000000,-00000013,0000.000,0000.000,0000.000,
 
002067389,000000000,-00000013,0000.000,0000.000,0000.000,
 
002067409,000000001,-00000013,0000.000,0000.000,0000.000,
 
002067429,000000001,-00000012,0000.000,0000.000,0000.000,
 
002067449,000000001,-00000012,0000.000,0000.000,0000.000,
 
002067469,000000001,-00000013,0000.000,0000.000,0000.000,
 
002067489,000000000,-00000013,0000.000,0000.000,0000.000,
 
002067509,000000000,-00000014,0000.000,0000.000,0000.000,
 
002067529,000000000,-00000013,0000.000,0000.000,0000.000,
 
002067549,000000000,-00000013,0000.000,0000.000,0000.000,
 
002067569,000000000,-00000014,0000.000,0000.000,0000.000,
 
002067589,000000000,-00000014,0000.000,0000.000,0000.000,
 
002067609,000000000,-00000012,0000.000,0000.000,0000.000,
 
002067629,000000000,-00000013,0000.000,0000.000,0000.000,
 
002067649,000000000,-00000013,0000.000,0000.000,0000.000,
 
002067669,000000000,-00000013,0000.000,0000.000,0000.000,
 
002067689,000000000,-00000013,0000.000,0000.000,0000.000,
 
002067709,000000000,-00000007,0000.000,0000.000,0000.000,
 
002067729,000000001,-00000006,0000.000,0000.000,0000.000,
 
002067749,000000000,-00000007,0000.000,0000.000,0000.000,
 
002067769,000000001,-00000006,0000.000,0000.000,0000.000,
 
002067789,000000000,-00000007,0000.000,0000.000,0000.000,
 
002067809,000000001,-00000007,0000.000,0000.000,0000.000,
 
002067829,000000001,-00000008,0000.000,0000.000,0000.000,
 
002067849,000000001,-00000008,0000.000,0000.000,0000.000,
 
002067869,000000000,-00000007,0000.000,0000.000,0000.000,
 
002067889,000000000,-00000007,0000.000,0000.000,0000.000,
 
002067909,000000001,-00000007,0000.000,0000.000,0000.000,
 
002067929,000000001,-00000006,0000.000,0000.000,0000.000,
 
002067949,000000000,-00000006,0000.000,0000.000,0000.000,
 
002067969,000000000,-00000004,0000.000,0000.000,0000.000,
 
002067989,000000000,-00000004,0000.000,0000.000,0000.000,
 
002068009,000000000,-00000004,0000.000,0000.000,0000.000,
 
002068029,000000000,-00000004,0000.000,0000.000,0000.000,
 
002068049,000000000,-00000007,0000.000,0000.000,0000.000,
 
002068069,000000000,-00000004,0000.000,0000.000,0000.000,
 
002068089,000000000,-00000002,0000.000,0000.000,0000.000,
 
002068109,000000000,-00000001,0000.000,0000.000,0000.000,
 
002068129,000000000,000000000,0000.000,0000.000,0000.000,
 
002068149,000000000,000000000,0000.000,0000.000,0000.000,
 
002068169,000000000,000000000,0000.000,0000.000,0000.000,
 
002068189,000000000,000000000,0000.000,0000.000,0000.000,
 
002068209,000000000,000000000,0000.000,0000.000,0000.000,
 
002068229,000000000,000000000,0000.000,0000.000,0000.000,
 
002068249,000000000,000000000,0000.000,0000.000,0000.000,
 
002068269,000000000,000000000,0000.000,0000.000,0000.000,
 
002068289,000000000,000000000,0000.000,0000.000,0000.000,
 
002068309,000000000,000000000,0000.000,0000.000,0000.000,
 
002068329,000000000,000000000,0000.000,0000.000,0000.000,
 
002068349,000000000,000000000,0000.000,0000.000,0000.000,
 
002068369,000000000,000000000,0000.000,0000.000,0000.000,
 
002068389,000000000,000000000,0000.000,0000.000,0000.000,
 
002068409,000000000,000000000,0000.000,0000.000,0000.000,
 
002068429,000000000,000000000,0000.000,0000.000,0000.000,
 
002068449,000000000,000000000,0000.000,0000.000,0000.000,
 
002068469,000000000,000000000,0000.000,0000.000,0000.000,
 
002068489,000000000,000000000,0000.000,0000.000,0000.000,
 
002068509,000000000,000000000,0000.000,0000.000,0000.000,
 
002068529,000000000,000000000,0000.000,0000.000,0000.000,
 
002068549,000000000,000000000,0000.000,0000.000,0000.000,
 
002068569,000000000,000000000,0000.000,0000.000,0000.000,
 
002068589,000000000,000000000,0000.000,0000.000,0000.000,
 
002068609,000000000,000000000,0000.000,0000.000,0000.000,
 
002068629,000000000,000000000,0000.000,0000.000,0000.000,
 
002068649,000000000,000000000,0000.000,0000.000,0000.000,
 
002068669,000000000,000000000,0000.000,0000.000,0000.000,
 
002068689,000000000,000000000,0000.000,0000.000,0000.000,
 
002068709,000000000,000000000,0000.000,0000.000,0000.000,
 
002068729,000000000,000000000,0000.000,0000.000,0000.000,
 
002068749,000000000,000000000,0000.000,0000.000,0000.000,
 
002068769,000000000,000000000,0000.000,0000.000,0000.000,
 
002068789,000000000,000000000,0000.000,0000.000,0000.000,
 
002068809,000000000,000000000,0000.000,0000.000,0000.000,
 
002068829,000000000,000000000,0000.000,0000.000,0000.000,
 
002068849,000000000,000000000,0000.000,0000.000,0000.000,
 
002068869,000000000,000000000,0000.000,0000.000,0000.000,
 
002068889,000000000,000000000,0000.000,0000.000,0000.000,
 
002068909,000000000,000000000,0000.000,0000.000,0000.000,
 
002068929,000000000,000000000,0000.000,0000.000,0000.000,
 
002068949,000000000,000000000,0000.000,0000.000,0000.000,
 
002068969,000000000,000000000,0000.000,0000.000,0000.000,
 
002068989,000000000,000000000,0000.000,0000.000,0000.000,
 
002069009,000000000,000000000,0000.000,0000.000,0000.000,
 
002069029,000000000,000000000,0000.000,0000.000,0000.000,
 
002069049,000000000,000000000,0000.000,0000.000,0000.000,
 
002069069,000000000,000000000,0000.000,0000.000,0000.000,
 
002069089,000000000,000000000,0000.000,0000.000,0000.000,
 
002069109,000000000,000000000,0000.000,0000.000,0000.000,
 
002069129,000000000,000000000,0000.000,0000.000,0000.000,
 
002069149,000000000,000000000,0000.000,0000.000,0000.000,
 
002069169,000000000,000000000,0000.000,0000.000,0000.000,
 
002069189,000000000,000000000,0000.000,0000.000,0000.000,
 
002069209,000000000,000000000,0000.000,0000.000,0000.000,
 
002069229,000000000,000000000,0000.000,0000.000,0000.000,
 
002069249,000000000,000000000,0000.000,0000.000,0000.000,
 
002069269,000000000,000000000,0000.000,0000.000,0000.000,
 
002069289,000000000,000000000,0000.000,0000.000,0000.000,
 
002069309,000000000,000000000,0000.000,0000.000,0000.000,
 
002069329,000000000,000000000,0000.000,0000.000,0000.000,
 
002069349,000000000,000000000,0000.000,0000.000,0000.000,
 
002069369,000000000,000000000,0000.000,0000.000,0000.000,
 
002069389,000000000,000000000,0000.000,0000.000,0000.000,
 
002069409,000000000,000000000,0000.000,0000.000,0000.000,
 
002069429,000000000,000000000,0000.000,0000.000,0000.000,
 
002069449,000000000,000000000,0000.000,0000.000,0000.000,
 
002069469,000000000,000000000,0000.000,0000.000,0000.000,
 
002069489,000000000,000000000,0000.000,0000.000,0000.000,
 
002069509,000000000,000000000,0000.000,0000.000,0000.000,
 
002069529,000000000,000000000,0000.000,0000.000,0000.000,
 
002069549,000000000,000000000,0000.000,0000.000,0000.000,
 
002069569,000000000,000000000,0000.000,0000.000,0000.000,
 
002069589,000000000,000000000,0000.000,0000.000,0000.000,
 
002069609,000000000,000000000,0000.000,0000.000,0000.000,
 
002069629,000000000,000000000,0000.000,0000.000,0000.000,
 
002069649,000000000,000000000,0000.000,0000.000,0000.000,
 
002069669,000000000,000000000,0000.000,0000.000,0000.000,
 
002069689,000000000,000000000,0000.000,0000.000,0000.000,
 
002069709,000000000,000000000,0000.000,0000.000,0000.000,
 
002069729,000000000,000000000,0000.000,0000.000,0000.000,
 
002069749,000000000,000000000,0000.000,0000.000,0000.000,
 
002069769,000000000,000000000,0000.000,0000.000,0000.000,
 
002069789,000000000,000000000,0000.000,0000.000,0000.000,
 
002069809,000000000,000000000,0000.000,0000.000,0000.000,
 
002069829,000000000,000000000,0000.000,0000.000,0000.000,
 
002069849,000000000,000000000,0000.000,0000.000,0000.000,
 
002069869,000000000,000000000,0000.000,0000.000,0000.000,
 
002069889,000000000,000000000,0000.000,0000.000,0000.000,
 
002069909,000000000,000000000,0000.000,0000.000,0000.000,
 
002069929,000000000,000000000,0000.000,0000.000,0000.000,
 
002069949,000000000,000000000,0000.000,0000.000,0000.000,
 
002069969,000000000,000000000,0000.000,0000.000,0000.000,
 
002069989,000000000,000000000,0000.000,0000.000,0000.000,
 
002070009,000000000,000000000,0000.000,0000.000,0000.000,
 
002070029,000000000,000000000,0000.000,0000.000,0000.000,
 
002070049,000000000,000000000,0000.000,0000.000,0000.000,
 
002070069,000000000,000000000,0000.000,0000.000,0000.000,
 
002070089,000000000,000000000,0000.000,0000.000,0000.000,
 
002070109,000000000,000000000,0000.000,0000.000,0000.000,
 
002070129,000000000,000000000,0000.000,0000.000,0000.000,
 
002070149,000000000,000000000,0000.000,0000.000,0000.000,
 
002070169,000000000,000000000,0000.000,0000.000,0000.000,
 
002070189,000000000,000000000,0000.000,0000.000,0000.000,
 
002070209,000000000,000000000,0000.000,0000.000,0000.000,
 
002070229,000000000,000000000,0000.000,0000.000,0000.000,
 
002070249,000000000,000000000,0000.000,0000.000,0000.000,
 
002070269,000000000,000000000,0000.000,0000.000,0000.000,
 
002070289,000000000,000000000,0000.000,0000.000,0000.000,
 
002070309,000000000,000000000,0000.000,0000.000,0000.000,
 
002070329,000000000,000000002,0000.000,0000.000,0000.000,
 
002070349,000000001,000000006,0000.000,0000.000,0000.000,
 
002070369,000000000,000000007,0000.000,0000.000,0000.000,
 
002070389,000000001,000000007,0000.000,0000.000,0000.000,
 
002070409,000000001,000000007,0000.000,0000.000,0000.000,
 
002070429,000000001,000000007,0000.000,0000.000,0000.000,
 
002070449,000000001,000000007,0000.000,0000.000,0000.000,
 
002070469,000000001,000000008,0000.000,0000.000,0000.000,
 
002070489,000000001,000000007,0000.000,0000.000,0000.000,
 
002070509,000000001,000000005,0000.000,0000.000,0000.000,
 
002070529,000000001,000000004,0000.000,0000.000,0000.000,
 
002070549,000000002,000000006,0000.000,0000.000,0000.000,
 
002070569,000000002,000000009,0000.000,0000.000,0000.000,
 
002070589,000000003,000000010,0000.000,0000.000,0000.000,
 
002070609,000000003,000000010,0000.000,0000.000,0000.000,
 
002070629,000000002,000000012,0000.000,0000.000,0000.000,
 
002070649,000000003,000000012,0000.000,0000.000,0000.000,
 
002070669,000000004,000000012,0000.000,0000.000,0000.000,
 
002070689,000000003,000000011,0000.000,0000.000,0000.000,
 
002070709,000000002,000000009,0000.000,0000.000,0000.000,
 
002070729,000000002,000000009,0000.000,0000.000,0000.000,
 
002070749,000000002,000000010,0000.000,0000.000,0000.000,
 
002070769,000000002,000000010,0000.000,0000.000,0000.000,
 
002070789,000000001,000000009,0000.000,0000.000,0000.000,
 
002070809,000000001,000000012,0000.000,0000.000,0000.000,
 
002070829,000000001,000000014,0000.000,0000.000,0000.000,
 
002070849,000000001,000000016,0000.000,0000.000,0000.000,
 
002070869,000000000,000000016,0000.000,0000.000,0000.000,
 
002070889,000000000,000000015,0000.000,0000.000,0000.000,
 
002070909,000000000,000000016,0000.000,0000.000,0000.000,
 
002070929,000000000,000000015,0000.000,0000.000,0000.000,
 
002070949,000000000,000000016,0000.000,0000.000,0000.000,
 
002070969,000000000,000000016,0000.000,0000.000,0000.000,
 
002070989,000000000,000000017,0000.000,0000.000,0000.000,
 
002071009,000000000,000000018,0000.000,0000.000,0000.000,
 
002071029,000000000,000000019,0000.000,0000.000,0000.000,
 
002071049,000000002,000000020,0000.000,0000.000,0000.000,
 
002071069,000000001,000000018,0000.000,0000.000,0000.000,
 
002071089,000000001,000000019,0000.000,0000.000,0000.000,
 
002071109,000000000,000000023,0000.000,0000.000,0000.000,
 
002071129,000000000,000000028,0000.000,0000.000,0000.000,
 
002071149,000000002,000000030,0000.000,0000.000,0000.000,
 
002071169,000000001,000000031,0000.000,0000.000,0000.000,
 
002071189,000000000,000000033,0000.000,0000.000,0000.000,
 
002071209,000000000,000000035,0000.000,0000.000,0000.000,
 
002071229,000000000,000000034,0000.000,0000.000,0000.000,
 
002071249,000000001,000000031,0000.000,0000.000,0000.000,
 
002071269,000000001,000000028,0000.000,0000.000,0000.000,
 
002071289,000000000,000000026,0000.000,0000.000,0000.000,
 
002071309,000000000,000000025,0000.000,0000.000,0000.000,
 
002071329,000000001,000000025,0000.000,0000.000,0000.000,
 
002071349,000000001,000000027,0000.000,0000.000,0000.000,
 
002071369,000000000,000000026,0000.000,0000.000,0000.000,
 
002071389,000000002,000000026,0000.000,0000.000,0000.000,
 
002071409,000000002,000000025,0000.000,0000.000,0000.000,
 
002071429,000000001,000000024,0000.000,0000.000,0000.000,
 
002071449,000000000,000000026,0000.000,0000.000,0000.000,
 
002071469,000000000,000000028,0000.000,0000.000,0000.000,
 
002071489,-00000001,000000031,0000.000,0000.000,0000.000,
 
002071509,-00000001,000000030,0000.000,0000.000,0000.000,
 
002071529,-00000001,000000030,0000.000,0000.000,0000.000,
 
002071549,-00000002,000000028,0000.000,0000.000,0000.000,
 
002071569,-00000004,000000026,0000.000,0000.000,0000.000,
 
002071589,-00000002,000000025,0000.000,0000.000,0000.000,
 
002071609,-00000002,000000024,0000.000,0000.000,0000.000,
 
002071629,-00000002,000000026,0000.000,0000.000,0000.000,
 
002071649,-00000002,000000025,0000.000,0000.000,0000.000,
 
002071669,-00000002,000000025,0000.000,0000.000,0000.000,
 
002071689,-00000001,000000025,0000.000,0000.000,0000.000,
 
002071709,-00000002,000000023,0000.000,0000.000,0000.000,
 
002071729,-00000001,000000022,0000.000,0000.000,0000.000,
 
002071749,-00000001,000000022,0000.000,0000.000,0000.000,
 
002071769,000000000,000000021,0000.000,0000.000,0000.000,
 
002071789,-00000001,000000022,0000.000,0000.000,0000.000,
 
002071809,000000000,000000022,0000.000,0000.000,0000.000,
 
002071829,-00000001,000000023,0000.000,0000.000,0000.000,
 
002071849,-00000001,000000022,0000.000,0000.000,0000.000,
 
002071869,000000000,000000022,0000.000,0000.000,0000.000,
 
002071889,000000000,000000021,0000.000,0000.000,0000.000,
 
002071909,000000000,000000023,0000.000,0000.000,0000.000,
 
002071929,-00000001,000000025,0000.000,0000.000,0000.000,
 
002071949,000000000,000000025,0000.000,0000.000,0000.000,
 
002071969,000000000,000000025,0000.000,0000.000,0000.000,
 
002071989,000000000,000000026,0000.000,0000.000,0000.000,
 
002072009,000000001,000000027,0000.000,0000.000,0000.000,
 
002072029,000000000,000000027,0000.000,0000.000,0000.000,
 
002072049,-00000001,000000029,0000.000,0000.000,0000.000,
 
002072069,-00000001,000000029,0000.000,0000.000,0000.000,
 
002072089,-00000001,000000031,0000.000,0000.000,0000.000,
 
002072109,-00000001,000000032,0000.000,0000.000,0000.000,
 
002072129,-00000001,000000033,0000.000,0000.000,0000.000,
 
002072149,000000000,000000032,0000.000,0000.000,0000.000,
 
002072169,000000000,000000031,0000.000,0000.000,0000.000,
 
002072189,000000000,000000032,0000.000,0000.000,0000.000,
 
002072209,000000000,000000033,0000.000,0000.000,0000.000,
 
002072229,000000002,000000032,0000.000,0000.000,0000.000,
 
002072249,000000003,000000029,0000.000,0000.000,0000.000,
 
002072269,000000002,000000029,0000.000,0000.000,0000.000,
 
002072289,000000000,000000032,0000.000,0000.000,0000.000,
 
002072309,000000000,000000034,0000.000,0000.000,0000.000,
 
002072329,-00000001,000000033,0000.000,0000.000,0000.000,
 
002072349,000000000,000000033,0000.000,0000.000,0000.000,
 
002072369,000000000,000000030,0000.000,0000.000,0000.000,
 
002072389,-00000001,000000028,0000.000,0000.000,0000.000,
 
002072409,000000000,000000025,0000.000,0000.000,0000.000,
 
002072429,-00000001,000000027,0000.000,0000.000,0000.000,
 
002072449,000000000,000000027,0000.000,0000.000,0000.000,
 
002072469,000000001,000000027,0000.000,0000.000,0000.000,
 
002072489,000000000,000000025,0000.000,0000.000,0000.000,
 
002072509,000000000,000000023,0000.000,0000.000,0000.000,
 
002072529,000000000,000000023,0000.000,0000.000,0000.000,
 
002072549,000000000,000000024,0000.000,0000.000,0000.000,
 
002072569,000000000,000000024,0000.000,0000.000,0000.000,
 
002072589,000000000,000000023,0000.000,0000.000,0000.000,
 
002072609,000000000,000000023,0000.000,0000.000,0000.000,
 
002072629,000000000,000000025,0000.000,0000.000,0000.000,
 
002072649,000000000,000000025,0000.000,0000.000,0000.000,
 
002072669,000000000,000000025,0000.000,0000.000,0000.000,
 
002072689,000000001,000000027,0000.000,0000.000,0000.000,
 
002072709,000000001,000000026,0000.000,0000.000,0000.000,
 
002072729,000000001,000000028,0000.000,0000.000,0000.000,
 
002072749,000000000,000000029,0000.000,0000.000,0000.000,
 
002072769,000000000,000000032,0000.000,0000.000,0000.000,
 
002072789,-00000001,000000032,0000.000,0000.000,0000.000,
 
002072809,-00000001,000000033,0000.000,0000.000,0000.000,
 
002072829,000000000,000000031,0000.000,0000.000,0000.000,
 
002072849,000000000,000000030,0000.000,0000.000,0000.000,
 
002072869,000000000,000000031,0000.000,0000.000,0000.000,
 
002072889,-00000001,000000033,0000.000,0000.000,0000.000,
 
002072909,000000000,000000035,0000.000,0000.000,0000.000,
 
002072929,-00000001,000000035,0000.000,0000.000,0000.000,
 
002072949,000000000,000000035,0000.000,0000.000,0000.000,
 
002072969,-00000001,000000034,0000.000,0000.000,0000.000,
 
002072989,-00000002,000000032,0000.000,0000.000,0000.000,
 
002073009,-00000001,000000033,0000.000,0000.000,0000.000,
 
002073029,-00000002,000000033,0000.000,0000.000,0000.000,
 
002073049,-00000002,000000032,0000.000,0000.000,0000.000,
 
002073069,000000000,000000031,0000.000,0000.000,0000.000,
 
002073089,000000000,000000028,0000.000,0000.000,0000.000,
 
002073109,000000001,000000024,0000.000,0000.000,0000.000,
 
002073129,000000001,000000023,0000.000,0000.000,0000.000,
 
002073149,000000000,000000020,0000.000,0000.000,0000.000,
 
002073169,000000000,000000020,0000.000,0000.000,0000.000,
 
002073189,000000000,000000020,0000.000,0000.000,0000.000,
 
002073209,000000000,000000019,0000.000,0000.000,0000.000,
 
002073229,000000000,000000019,0000.000,0000.000,0000.000,
 
002073249,000000000,000000018,0000.000,0000.000,0000.000,
 
002073269,000000000,000000018,0000.000,0000.000,0000.000,
 
002073289,000000000,000000019,0000.000,0000.000,0000.000,
 
002073309,000000001,000000019,0000.000,0000.000,0000.000,
 
002073329,000000001,000000018,0000.000,0000.000,0000.000,
 
002073349,000000000,000000019,0000.000,0000.000,0000.000,
 
002073369,000000000,000000019,0000.000,0000.000,0000.000,
 
002073389,000000000,000000019,0000.000,0000.000,0000.000,
 
002073409,000000000,000000016,0000.000,0000.000,0000.000,
 
002073429,000000000,000000014,0000.000,0000.000,0000.000,
 
002073449,000000001,000000014,0000.000,0000.000,0000.000,
 
002073469,000000000,000000013,0000.000,0000.000,0000.000,
 
002073489,000000000,000000012,0000.000,0000.000,0000.000,
 
002073509,000000000,000000012,0000.000,0000.000,0000.000,
 
002073529,000000000,000000011,0000.000,0000.000,0000.000,
 
002073549,000000000,000000013,0000.000,0000.000,0000.000,
 
002073569,000000000,000000013,0000.000,0000.000,0000.000,
 
002073589,-00000001,000000011,0000.000,0000.000,0000.000,
 
002073609,000000000,000000011,0000.000,0000.000,0000.000,
 
002073629,000000000,000000010,0000.000,0000.000,0000.000,
 
002073649,000000000,000000009,0000.000,0000.000,0000.000,
 
002073669,000000000,000000008,0000.000,0000.000,0000.000,
 
002073689,000000000,000000008,0000.000,0000.000,0000.000,
 
002073709,000000000,000000007,0000.000,0000.000,0000.000,
 
002073729,000000000,000000006,0000.000,0000.000,0000.000,
 
002073749,000000000,000000007,0000.000,0000.000,0000.000,
 
002073769,000000000,000000006,0000.000,0000.000,0000.000,
 
002073789,000000000,000000006,0000.000,0000.000,0000.000,
 
002073809,000000000,000000007,0000.000,0000.000,0000.000,
 
002073829,000000000,000000007,0000.000,0000.000,0000.000,
 
002073849,000000001,000000007,0000.000,0000.000,0000.000,
 
002073869,000000000,000000006,0000.000,0000.000,0000.000,
 
002073889,000000000,000000007,0000.000,0000.000,0000.000,
 
002073909,000000000,000000005,0000.000,0000.000,0000.000,
 
002073929,000000000,000000003,0000.000,0000.000,0000.000,
 
002073949,000000000,000000001,0000.000,0000.000,0000.000,
 
002073969,000000000,000000000,0000.000,0000.000,0000.000,
 
002073989,000000000,000000000,0000.000,0000.000,0000.000,
 
002074009,000000000,000000001,0000.000,0000.000,0000.000,
 
002074029,000000001,000000002,0000.000,0000.000,0000.000,
 
002074049,000000000,000000003,0000.000,0000.000,0000.000,
 
002074069,000000000,000000002,0000.000,0000.000,0000.000,
 
002074089,000000000,000000000,0000.000,0000.000,0000.000,
 
002074109,000000000,000000000,0000.000,0000.000,0000.000,
 
002074129,000000000,000000000,0000.000,0000.000,0000.000,
 
002074149,000000000,000000000,0000.000,0000.000,0000.000,
 
002074169,000000000,000000000,0000.000,0000.000,0000.000,
 
002074189,000000000,000000000,0000.000,0000.000,0000.000,
 
002074209,000000000,000000000,0000.000,0000.000,0000.000,
 
002074229,000000000,000000000,0000.000,0000.000,0000.000,
 
002074249,000000000,000000000,0000.000,0000.000,0000.000,
 
002074269,000000000,000000000,0000.000,0000.000,0000.000,
 
002074289,000000000,000000000,0000.000,0000.000,0000.000,
 
002074309,000000000,000000000,0000.000,0000.000,0000.000,
 
002074329,000000000,000000000,0000.000,0000.000,0000.000,
 
002074349,000000000,000000000,0000.000,0000.000,0000.000,
 
002074369,000000000,000000000,0000.000,0000.000,0000.000,
 
002074389,000000000,000000000,0000.000,0000.000,0000.000,
 
002074409,000000000,000000000,0000.000,0000.000,0000.000,
 
002074429,000000000,000000000,0000.000,0000.000,0000.000,
 
002074449,000000000,000000000,0000.000,0000.000,0000.000,
 
002074469,000000000,000000000,0000.000,0000.000,0000.000,
 
002074489,000000000,000000000,0000.000,0000.000,0000.000,
 
002074509,000000000,000000000,0000.000,0000.000,0000.000,
 
002074529,000000000,000000000,0000.000,0000.000,0000.000,
 
002074549,000000000,000000000,0000.000,0000.000,0000.000,
 
002074569,000000000,000000000,0000.000,0000.000,0000.000,
 
002074589,000000000,000000000,0000.000,0000.000,0000.000,
 
002074609,000000000,000000000,0000.000,0000.000,0000.000,
 
002074629,000000000,000000000,0000.000,0000.000,0000.000,
 
002074649,000000000,000000000,0000.000,0000.000,0000.000,
 
002074669,000000000,000000000,0000.000,0000.000,0000.000,
 
002074689,000000000,000000000,0000.000,0000.000,0000.000,
 
002074709,000000000,000000000,0000.000,0000.000,0000.000,
 
002074729,000000000,000000000,0000.000,0000.000,0000.000,
 
002074749,000000000,000000000,0000.000,0000.000,0000.000,
 
002074769,000000000,000000000,0000.000,0000.000,0000.000,
 
002074789,000000000,000000000,0000.000,0000.000,0000.000,
 
002074809,000000000,000000000,0000.000,0000.000,0000.000,
 
002074829,000000000,000000000,0000.000,0000.000,0000.000,
 
002074849,000000000,000000000,0000.000,0000.000,0000.000,
 
002074869,000000000,000000000,0000.000,0000.000,0000.000,
 
002074889,000000000,000000000,0000.000,0000.000,0000.000,
 
002074909,000000000,000000000,0000.000,0000.000,0000.000,
 
002074929,000000000,000000000,0000.000,0000.000,0000.000,
 
002074949,000000000,000000000,0000.000,0000.000,0000.000,
 
002074969,000000000,000000000,0000.000,0000.000,0000.000,
 
002074989,000000000,000000001,0000.000,0000.000,0000.000,
 
002075009,000000000,000000007,0000.000,0000.000,0000.000,
 
002075029,000000001,000000011,0000.000,0000.000,0000.000,
 
002075049,000000001,000000009,0000.000,0000.000,0000.000,
 
002075069,000000000,000000002,0000.000,0000.000,0000.000,
 
002075089,000000000,000000000,0000.000,0000.000,0000.000,
 
002075109,000000000,000000000,0000.000,0000.000,0000.000,
 
002075129,000000000,000000000,0000.000,0000.000,0000.000,
 
002075149,000000000,000000000,0000.000,0000.000,0000.000,
 
002075169,000000000,000000000,0000.000,0000.000,0000.000,
 
002075189,000000000,000000000,0000.000,0000.000,0000.000,
 
002075209,000000000,000000001,0000.000,0000.000,0000.000,
 
002075229,000000000,000000002,0000.000,0000.000,0000.000,
 
002075249,000000000,000000004,0000.000,0000.000,0000.000,
 
002075269,000000000,000000003,0000.000,0000.000,0000.000,
 
002075289,000000000,000000001,0000.000,0000.000,0000.000,
 
002075309,000000000,000000000,0000.000,0000.000,0000.000,
 
002075329,000000000,000000000,0000.000,0000.000,0000.000,
 
002075349,000000000,000000000,0000.000,0000.000,0000.000,
 
002075369,000000000,000000000,0000.000,0000.000,0000.000,
 
002075389,000000000,000000000,0000.000,0000.000,0000.000,
 
002075409,000000000,000000000,0000.000,0000.000,0000.000,
 
002075429,000000000,000000000,0000.000,0000.000,0000.000,
 
002075449,000000000,000000000,0000.000,0000.000,0000.000,
 
002075469,000000000,000000000,0000.000,0000.000,0000.000,
 
002075489,000000000,000000000,0000.000,0000.000,0000.000,
 
002075509,000000000,000000000,0000.000,0000.000,0000.000,
 
002075529,000000000,000000000,0000.000,0000.000,0000.000,
 
002075549,000000000,000000000,0000.000,0000.000,0000.000,
 
002075569,000000000,000000000,0000.000,0000.000,0000.000,
 
002075589,000000000,000000001,0000.000,0000.000,0000.000,
 
002075609,000000000,000000005,0000.000,0000.000,0000.000,
 
002075629,000000000,000000005,0000.000,0000.000,0000.000,
 
002075649,000000000,000000004,0000.000,0000.000,0000.000,
 
002075669,000000000,000000001,0000.000,0000.000,0000.000,
 
002075689,000000000,000000001,0000.000,0000.000,0000.000,
 
002075709,000000000,000000000,0000.000,0000.000,0000.000,
 
002075729,000000000,000000000,0000.000,0000.000,0000.000,
 
002075749,000000000,000000000,0000.000,0000.000,0000.000,
 
002075769,000000000,000000000,0000.000,0000.000,0000.000,
 
002075789,000000000,000000000,0000.000,0000.000,0000.000,
 
002075809,000000000,000000000,0000.000,0000.000,0000.000,
 
002075829,000000000,000000000,0000.000,0000.000,0000.000,
 
002075849,000000000,000000000,0000.000,0000.000,0000.000,
 
002075869,000000000,000000000,0000.000,0000.000,0000.000,
 
002075889,000000000,000000000,0000.000,0000.000,0000.000,
 
002075909,000000000,000000000,0000.000,0000.000,0000.000,
 
002075929,000000000,000000000,0000.000,0000.000,0000.000,
 
002075949,000000000,000000000,0000.000,0000.000,0000.000,
 
002075969,000000000,000000000,0000.000,0000.000,0000.000,
 
002075989,000000000,000000000,0000.000,0000.000,0000.000,
 
002076009,000000000,000000000,0000.000,0000.000,0000.000,
 
002076029,000000000,000000000,0000.000,0000.000,0000.000,
 
002076049,000000000,000000000,0000.000,0000.000,0000.000,
 
002076069,000000000,000000000,0000.000,0000.000,0000.000,
 
002076089,000000000,000000000,0000.000,0000.000,0000.000,
 
002076109,000000000,000000000,0000.000,0000.000,0000.000,
 
002076129,000000000,000000000,0000.000,0000.000,0000.000,
 
002076149,000000000,000000000,0000.000,0000.000,0000.000,
 
002076169,000000000,000000000,0000.000,0000.000,0000.000,
 
002076189,000000000,000000000,0000.000,0000.000,0000.000,
 
002076209,000000000,000000000,0000.000,0000.000,0000.000,
 
002076229,000000000,000000000,0000.000,0000.000,0000.000,
 
002076249,000000000,000000000,0000.000,0000.000,0000.000,
 
002076269,000000000,000000000,0000.000,0000.000,0000.000,
 
002076289,000000000,000000000,0000.000,0000.000,0000.000,
 
002076309,000000000,000000000,0000.000,0000.000,0000.000,
 
002076329,000000000,000000000,0000.000,0000.000,0000.000,
 
002076349,000000000,000000000,0000.000,0000.000,0000.000,
 
002076369,000000000,000000000,0000.000,0000.000,0000.000,
 
002076389,000000000,000000000,0000.000,0000.000,0000.000,
 
002076409,000000000,000000000,0000.000,0000.000,0000.000,
 
002076429,000000000,000000000,0000.000,0000.000,0000.000,
 
002076449,000000000,000000000,0000.000,0000.000,0000.000,
 
002076469,000000000,000000000,0000.000,0000.000,0000.000,
 
002076489,000000000,000000000,0000.000,0000.000,0000.000,
 
002076509,000000000,000000000,0000.000,0000.000,0000.000,
 
002076529,000000000,000000000,0000.000,0000.000,0000.000,
 
002076549,000000000,000000000,0000.000,0000.000,0000.000,
 
002076569,000000000,000000000,0000.000,0000.000,0000.000,
 
002076589,000000000,000000000,0000.000,0000.000,0000.000,
 
002076609,000000000,000000000,0000.000,0000.000,0000.000,
 
002076629,000000000,000000000,0000.000,0000.000,0000.000,
 
002076649,000000000,000000000,0000.000,0000.000,0000.000,
 
002076669,000000000,000000000,0000.000,0000.000,0000.000,
 
002076689,000000000,000000000,0000.000,0000.000,0000.000,
 
002076709,000000000,000000000,0000.000,0000.000,0000.000,
 
002076729,000000000,000000000,0000.000,0000.000,0000.000,
 
002076749,000000000,000000000,0000.000,0000.000,0000.000,
 
002076769,000000000,000000000,0000.000,0000.000,0000.000,
 
