000812610,000000326,000003185,0000.000,0000.000,0000.000,
 
000812629,000000000,000000000,0000.000,0000.000,0000.000,
 
000812649,000000000,000000000,0000.000,0000.000,0000.000,
 
000812669,000000000,000000000,0000.000,0000.000,0000.000,
 
000812689,000000000,000000000,0000.000,0000.000,0000.000,
 
000812709,000000000,000000000,0000.000,0000.000,0000.000,
 
000812729,000000000,000000000,0000.000,0000.000,0000.000,
 
000812749,000000000,000000000,0000.000,0000.000,0000.000,
 
000812769,000000000,000000000,0000.000,0000.000,0000.000,
 
000812789,000000000,000000000,0000.000,0000.000,0000.000,
 
000812809,000000000,000000000,0000.000,0000.000,0000.000,
 
000812829,000000000,000000000,0000.000,0000.000,0000.000,
 
000812849,000000000,000000000,0000.000,0000.000,0000.000,
 
000812869,000000000,000000000,0000.000,0000.000,0000.000,
 
000812889,000000000,000000000,0000.000,0000.000,0000.000,
 
000812909,000000000,000000000,0000.000,0000.000,0000.000,
 
000812929,000000000,000000000,0000.000,0000.000,0000.000,
 
000812949,000000000,000000000,0000.000,0000.000,0000.000,
 
000812969,000000000,000000000,0000.000,0000.000,0000.000,
 
000812989,000000000,000000000,0000.000,0000.000,0000.000,
 
000813009,000000000,000000000,0000.000,0000.000,0000.000,
 
000813029,000000000,000000000,0000.000,0000.000,0000.000,
 
000813049,000000000,000000000,0000.000,0000.000,0000.000,
 
000813069,000000000,000000000,0000.000,0000.000,0000.000,
 
000813089,000000000,000000000,0000.000,0000.000,0000.000,
 
000813109,000000000,000000000,0000.000,0000.000,0000.000,
 
000813129,000000000,000000000,0000.000,0000.000,0000.000,
 
000813149,000000000,000000000,0000.000,0000.000,0000.000,
 
000813169,000000000,000000000,0000.000,0000.000,0000.000,
 
000813189,000000000,000000000,0000.000,0000.000,0000.000,
 
000813209,000000000,000000000,0000.000,0000.000,0000.000,
 
000813229,000000000,000000000,0000.000,0000.000,0000.000,
 
000813249,000000000,000000000,0000.000,0000.000,0000.000,
 
000813269,000000000,000000000,0000.000,0000.000,0000.000,
 
000813289,000000000,000000000,0000.000,0000.000,0000.000,
 
000813309,000000000,000000000,0000.000,0000.000,0000.000,
 
000813329,000000000,000000000,0000.000,0000.000,0000.000,
 
000813349,000000000,000000000,0000.000,0000.000,0000.000,
 
000813369,000000000,000000000,0000.000,0000.000,0000.000,
 
000813389,000000000,000000000,0000.000,0000.000,0000.000,
 
000813409,000000000,000000000,0000.000,0000.000,0000.000,
 
000813429,000000000,000000000,0000.000,0000.000,0000.000,
 
000813449,000000000,000000000,0000.000,0000.000,0000.000,
 
000813469,000000000,000000000,0000.000,0000.000,0000.000,
 
000813489,000000000,000000000,0000.000,0000.000,0000.000,
 
000813509,000000000,000000000,0000.000,0000.000,0000.000,
 
000813529,000000000,000000000,0000.000,0000.000,0000.000,
 
000813549,000000000,000000000,0000.000,0000.000,0000.000,
 
000813569,000000000,000000000,0000.000,0000.000,0000.000,
 
000813589,000000000,000000000,0000.000,0000.000,0000.000,
 
000813609,000000000,000000000,0000.000,0000.000,0000.000,
 
000813629,000000000,000000000,0000.000,0000.000,0000.000,
 
000813649,000000000,000000000,0000.000,0000.000,0000.000,
 
000813669,000000000,000000000,0000.000,0000.000,0000.000,
 
000813689,000000000,000000000,0000.000,0000.000,0000.000,
 
000813709,000000000,000000000,0000.000,0000.000,0000.000,
 
000813729,000000000,000000000,0000.000,0000.000,0000.000,
 
000813749,000000000,000000000,0000.000,0000.000,0000.000,
 
000813769,000000000,000000000,0000.000,0000.000,0000.000,
 
000813789,000000000,000000000,0000.000,0000.000,0000.000,
 
000813809,000000000,000000000,0000.000,0000.000,0000.000,
 
000813829,000000000,000000000,0000.000,0000.000,0000.000,
 
000813849,000000000,000000000,0000.000,0000.000,0000.000,
 
000813869,000000000,000000000,0000.000,0000.000,0000.000,
 
000813889,000000000,000000000,0000.000,0000.000,0000.000,
 
000813909,000000000,000000000,0000.000,0000.000,0000.000,
 
000813929,000000000,000000000,0000.000,0000.000,0000.000,
 
000813949,000000000,000000000,0000.000,0000.000,0000.000,
 
000813969,000000000,000000000,0000.000,0000.000,0000.000,
 
000813989,000000000,000000000,0000.000,0000.000,0000.000,
 
000814009,000000000,000000000,0000.000,0000.000,0000.000,
 
000814029,000000000,000000000,0000.000,0000.000,0000.000,
 
000814049,000000000,000000000,0000.000,0000.000,0000.000,
 
000814069,000000000,000000000,0000.000,0000.000,0000.000,
 
000814089,000000000,000000000,0000.000,0000.000,0000.000,
 
000814109,000000000,000000000,0000.000,0000.000,0000.000,
 
000814129,000000000,000000000,0000.000,0000.000,0000.000,
 
000814149,000000000,000000000,0000.000,0000.000,0000.000,
 
000814169,000000000,000000000,0000.000,0000.000,0000.000,
 
000814189,000000000,000000000,0000.000,0000.000,0000.000,
 
000814209,000000000,000000000,0000.000,0000.000,0000.000,
 
000814229,000000000,000000000,0000.000,0000.000,0000.000,
 
000814249,000000000,000000000,0000.000,0000.000,0000.000,
 
000814269,000000000,000000000,0000.000,0000.000,0000.000,
 
000814289,000000000,000000000,0000.000,0000.000,0000.000,
 
000814309,000000000,000000000,0000.000,0000.000,0000.000,
 
000814329,000000000,000000000,0000.000,0000.000,0000.000,
 
000814349,000000000,000000000,0000.000,0000.000,0000.000,
 
000814369,000000000,000000000,0000.000,0000.000,0000.000,
 
000814389,000000000,000000000,0000.000,0000.000,0000.000,
 
000814409,000000000,000000000,0000.000,0000.000,0000.000,
 
000814429,000000000,000000000,0000.000,0000.000,0000.000,
 
000814449,000000000,000000000,0000.000,0000.000,0000.000,
 
000814469,000000000,000000000,0000.000,0000.000,0000.000,
 
000814489,000000000,000000000,0000.000,0000.000,0000.000,
 
000814509,000000000,000000000,0000.000,0000.000,0000.000,
 
000814529,000000000,000000000,0000.000,0000.000,0000.000,
 
000814549,000000000,000000000,0000.000,0000.000,0000.000,
 
000814569,000000000,000000000,0000.000,0000.000,0000.000,
 
000814589,000000000,000000000,0000.000,0000.000,0000.000,
 
000814609,000000000,000000000,0000.000,0000.000,0000.000,
 
000814629,000000000,000000000,0000.000,0000.000,0000.000,
 
000814649,000000000,000000000,0000.000,0000.000,0000.000,
 
000814669,000000000,000000000,0000.000,0000.000,0000.000,
 
000814689,000000000,000000000,0000.000,0000.000,0000.000,
 
000814709,000000000,000000000,0000.000,0000.000,0000.000,
 
000814729,000000000,000000000,0000.000,0000.000,0000.000,
 
000814749,000000000,000000000,0000.000,0000.000,0000.000,
 
000814769,000000000,000000000,0000.000,0000.000,0000.000,
 
000814789,000000000,000000000,0000.000,0000.000,0000.000,
 
000814809,000000000,000000000,0000.000,0000.000,0000.000,
 
000814829,000000000,000000000,0000.000,0000.000,0000.000,
 
000814849,000000000,000000000,0000.000,0000.000,0000.000,
 
000814869,000000000,000000000,0000.000,0000.000,0000.000,
 
000814889,000000000,000000000,0000.000,0000.000,0000.000,
 
000814909,000000000,000000000,0000.000,0000.000,0000.000,
 
000814929,000000000,000000000,0000.000,0000.000,0000.000,
 
000814949,000000000,000000000,0000.000,0000.000,0000.000,
 
000814969,000000000,000000000,0000.000,0000.000,0000.000,
 
000814989,000000000,000000000,0000.000,0000.000,0000.000,
 
000815009,000000000,000000000,0000.000,0000.000,0000.000,
 
000815029,000000000,000000000,0000.000,0000.000,0000.000,
 
000815049,000000000,000000000,0000.000,0000.000,0000.000,
 
000815069,000000000,000000000,0000.000,0000.000,0000.000,
 
000815089,000000000,000000000,0000.000,0000.000,0000.000,
 
000815109,000000000,000000000,0000.000,0000.000,0000.000,
 
000815129,000000000,000000000,0000.000,0000.000,0000.000,
 
000815149,000000000,000000000,0000.000,0000.000,0000.000,
 
000815169,000000000,000000000,0000.000,0000.000,0000.000,
 
000815189,000000000,000000000,0000.000,0000.000,0000.000,
 
000815209,000000000,000000000,0000.000,0000.000,0000.000,
 
000815229,000000000,000000000,0000.000,0000.000,0000.000,
 
000815249,000000000,000000000,0000.000,0000.000,0000.000,
 
000815269,000000000,000000000,0000.000,0000.000,0000.000,
 
000815289,000000000,000000000,0000.000,0000.000,0000.000,
 
000815309,000000000,000000000,0000.000,0000.000,0000.000,
 
000815329,000000000,000000000,0000.000,0000.000,0000.000,
 
000815349,000000000,000000000,0000.000,0000.000,0000.000,
 
000815369,000000000,000000000,0000.000,0000.000,0000.000,
 
000815389,000000000,000000000,0000.000,0000.000,0000.000,
 
000815409,000000000,000000000,0000.000,0000.000,0000.000,
 
000815429,000000000,000000000,0000.000,0000.000,0000.000,
 
000815449,000000000,000000000,0000.000,0000.000,0000.000,
 
000815469,000000000,000000000,0000.000,0000.000,0000.000,
 
000815489,000000000,000000000,0000.000,0000.000,0000.000,
 
000815509,000000000,000000000,0000.000,0000.000,0000.000,
 
000815529,000000000,000000000,0000.000,0000.000,0000.000,
 
000815549,000000000,000000000,0000.000,0000.000,0000.000,
 
000815569,000000000,000000000,0000.000,0000.000,0000.000,
 
000815589,000000000,000000000,0000.000,0000.000,0000.000,
 
000815609,000000000,000000000,0000.000,0000.000,0000.000,
 
000815629,000000000,000000000,0000.000,0000.000,0000.000,
 
000815649,000000000,000000000,0000.000,0000.000,0000.000,
 
000815669,000000000,000000000,0000.000,0000.000,0000.000,
 
000815689,000000000,000000000,0000.000,0000.000,0000.000,
 
000815709,000000000,000000000,0000.000,0000.000,0000.000,
 
000815729,000000000,000000000,0000.000,0000.000,0000.000,
 
000815749,000000000,000000000,0000.000,0000.000,0000.000,
 
000815769,000000000,000000000,0000.000,0000.000,0000.000,
 
000815789,000000000,000000000,0000.000,0000.000,0000.000,
 
000815809,000000000,000000000,0000.000,0000.000,0000.000,
 
000815829,000000000,000000000,0000.000,0000.000,0000.000,
 
000815849,000000000,000000000,0000.000,0000.000,0000.000,
 
000815869,000000000,000000000,0000.000,0000.000,0000.000,
 
000815889,000000000,000000000,0000.000,0000.000,0000.000,
 
000815909,000000000,-00000002,0000.000,0000.000,0000.000,
 
000815929,000000000,-00000005,0000.000,0000.000,0000.000,
 
000815949,000000000,-00000007,0000.000,0000.000,0000.000,
 
000815969,000000001,-00000007,0000.000,0000.000,0000.000,
 
000815989,000000000,-00000004,0000.000,0000.000,0000.000,
 
000816009,000000000,-00000002,0000.000,0000.000,0000.000,
 
000816029,000000000,-00000001,0000.000,0000.000,0000.000,
 
000816049,000000000,000000000,0000.000,0000.000,0000.000,
 
000816069,000000000,000000000,0000.000,0000.000,0000.000,
 
000816089,000000000,000000000,0000.000,0000.000,0000.000,
 
000816109,000000000,000000000,0000.000,0000.000,0000.000,
 
000816129,000000000,000000000,0000.000,0000.000,0000.000,
 
000816149,000000000,-00000001,0000.000,0000.000,0000.000,
 
000816169,000000000,-00000002,0000.000,0000.000,0000.000,
 
000816189,-00000001,-00000004,0000.000,0000.000,0000.000,
 
000816209,000000000,-00000003,0000.000,0000.000,0000.000,
 
000816229,-00000001,-00000004,0000.000,0000.000,0000.000,
 
000816249,-00000002,-00000004,0000.000,0000.000,0000.000,
 
000816269,-00000002,-00000006,0000.000,0000.000,0000.000,
 
000816289,-00000002,-00000013,0000.000,0000.000,0000.000,
 
000816309,-00000002,-00000013,0000.000,0000.000,0000.000,
 
000816329,-00000006,-00000016,0000.000,0000.000,0000.000,
 
000816349,-00000008,-00000019,0000.000,0000.000,0000.000,
 
000816369,-00000008,-00000025,0000.000,0000.000,0000.000,
 
000816389,-00000010,-00000025,0000.000,0000.000,0000.000,
 
000816409,-00000013,-00000027,0000.000,0000.000,0000.000,
 
000816429,-00000013,-00000027,0000.000,0000.000,0000.000,
 
000816449,-00000008,-00000028,0000.000,0000.000,0000.000,
 
000816469,-00000007,-00000026,0000.000,0000.000,0000.000,
 
000816489,-00000002,-00000025,0000.000,0000.000,0000.000,
 
000816509,000000000,-00000025,0000.000,0000.000,0000.000,
 
000816529,000000000,-00000018,0000.000,0000.000,0000.000,
 
000816549,000000000,-00000017,0000.000,0000.000,0000.000,
 
000816569,000000001,-00000025,0000.000,0000.000,0000.000,
 
000816589,000000001,-00000021,0000.000,0000.000,0000.000,
 
000816609,000000000,-00000021,0000.000,0000.000,0000.000,
 
000816629,000000000,-00000025,0000.000,0000.000,0000.000,
 
000816649,000000000,-00000019,0000.000,0000.000,0000.000,
 
000816669,000000001,-00000025,0000.000,0000.000,0000.000,
 
000816689,000000002,-00000021,0000.000,0000.000,0000.000,
 
000816709,000000001,-00000023,0000.000,0000.000,0000.000,
 
000816729,000000000,-00000025,0000.000,0000.000,0000.000,
 
000816749,-00000001,-00000023,0000.000,0000.000,0000.000,
 
000816769,-00000001,-00000025,0000.000,0000.000,0000.000,
 
000816789,000000000,-00000025,0000.000,0000.000,0000.000,
 
000816809,000000001,-00000026,0000.000,0000.000,0000.000,
 
000816829,000000002,-00000027,0000.000,0000.000,0000.000,
 
000816849,000000002,-00000029,0000.000,0000.000,0000.000,
 
000816869,000000003,-00000027,0000.000,0000.000,0000.000,
 
000816889,000000002,-00000026,0000.000,0000.000,0000.000,
 
000816909,000000003,-00000025,0000.000,0000.000,0000.000,
 
000816929,000000003,-00000024,0000.000,0000.000,0000.000,
 
000816949,000000003,-00000023,0000.000,0000.000,0000.000,
 
000816969,000000003,-00000025,0000.000,0000.000,0000.000,
 
000816989,000000002,-00000022,0000.000,0000.000,0000.000,
 
000817009,000000002,-00000025,0000.000,0000.000,0000.000,
 
000817029,000000001,-00000020,0000.000,0000.000,0000.000,
 
000817049,000000000,-00000025,0000.000,0000.000,0000.000,
 
000817069,000000000,-00000016,0000.000,0000.000,0000.000,
 
000817089,000000000,-00000015,0000.000,0000.000,0000.000,
 
000817109,000000000,-00000016,0000.000,0000.000,0000.000,
 
000817129,-00000001,-00000025,0000.000,0000.000,0000.000,
 
000817149,000000000,-00000017,0000.000,0000.000,0000.000,
 
000817169,-00000001,-00000025,0000.000,0000.000,0000.000,
 
000817189,-00000001,-00000018,0000.000,0000.000,0000.000,
 
000817209,-00000001,-00000025,0000.000,0000.000,0000.000,
 
000817229,-00000002,-00000019,0000.000,0000.000,0000.000,
 
000817249,-00000001,-00000025,0000.000,0000.000,0000.000,
 
000817269,-00000001,-00000018,0000.000,0000.000,0000.000,
 
000817289,000000000,-00000025,0000.000,0000.000,0000.000,
 
000817309,-00000001,-00000018,0000.000,0000.000,0000.000,
 
000817329,000000000,-00000025,0000.000,0000.000,0000.000,
 
000817349,000000000,-00000019,0000.000,0000.000,0000.000,
 
000817369,000000000,-00000025,0000.000,0000.000,0000.000,
 
000817389,000000001,-00000021,0000.000,0000.000,0000.000,
 
000817409,000000001,-00000025,0000.000,0000.000,0000.000,
 
000817429,000000001,-00000026,0000.000,0000.000,0000.000,
 
000817449,000000001,-00000028,0000.000,0000.000,0000.000,
 
000817469,000000001,-00000030,0000.000,0000.000,0000.000,
 
000817489,000000000,-00000029,0000.000,0000.000,0000.000,
 
000817509,000000000,-00000027,0000.000,0000.000,0000.000,
 
000817529,000000000,-00000026,0000.000,0000.000,0000.000,
 
000817549,000000000,-00000025,0000.000,0000.000,0000.000,
 
000817569,000000000,-00000025,0000.000,0000.000,0000.000,
 
000817589,-00000002,-00000027,0000.000,0000.000,0000.000,
 
000817609,-00000002,-00000027,0000.000,0000.000,0000.000,
 
000817629,-00000003,-00000027,0000.000,0000.000,0000.000,
 
000817649,-00000004,-00000027,0000.000,0000.000,0000.000,
 
000817669,-00000002,-00000029,0000.000,0000.000,0000.000,
 
000817689,-00000003,-00000030,0000.000,0000.000,0000.000,
 
000817709,-00000004,-00000032,0000.000,0000.000,0000.000,
 
000817729,-00000003,-00000049,0000.000,0000.000,0000.000,
 
000817749,-00000004,-00000035,0000.000,0000.000,0000.000,
 
000817769,-00000002,-00000039,0000.000,0000.000,0000.000,
 
000817789,-00000002,-00000039,0000.000,0000.000,0000.000,
 
000817809,-00000002,-00000041,0000.000,0000.000,0000.000,
 
000817829,-00000002,-00000049,0000.000,0000.000,0000.000,
 
000817849,-00000001,-00000042,0000.000,0000.000,0000.000,
 
000817869,-00000002,-00000041,0000.000,0000.000,0000.000,
 
000817889,-00000002,-00000049,0000.000,0000.000,0000.000,
 
000817909,-00000002,-00000039,0000.000,0000.000,0000.000,
 
000817929,000000000,-00000049,0000.000,0000.000,0000.000,
 
000817949,000000000,-00000036,0000.000,0000.000,0000.000,
 
000817969,000000000,-00000035,0000.000,0000.000,0000.000,
 
000817989,000000002,-00000049,0000.000,0000.000,0000.000,
 
000818009,000000003,-00000035,0000.000,0000.000,0000.000,
 
000818029,000000003,-00000049,0000.000,0000.000,0000.000,
 
000818049,000000002,-00000032,0000.000,0000.000,0000.000,
 
000818069,000000001,-00000032,0000.000,0000.000,0000.000,
 
000818089,000000000,-00000029,0000.000,0000.000,0000.000,
 
000818109,000000001,-00000028,0000.000,0000.000,0000.000,
 
000818129,000000001,-00000029,0000.000,0000.000,0000.000,
 
000818149,000000001,-00000028,0000.000,0000.000,0000.000,
 
000818169,000000002,-00000027,0000.000,0000.000,0000.000,
 
000818189,000000001,-00000027,0000.000,0000.000,0000.000,
 
000818209,000000001,-00000026,0000.000,0000.000,0000.000,
 
000818229,000000001,-00000025,0000.000,0000.000,0000.000,
 
000818249,000000001,-00000025,0000.000,0000.000,0000.000,
 
000818269,000000001,-00000026,0000.000,0000.000,0000.000,
 
000818289,000000003,-00000027,0000.000,0000.000,0000.000,
 
000818309,000000001,-00000025,0000.000,0000.000,0000.000,
 
000818329,000000000,-00000025,0000.000,0000.000,0000.000,
 
000818349,000000000,-00000024,0000.000,0000.000,0000.000,
 
000818369,000000000,-00000026,0000.000,0000.000,0000.000,
 
000818389,000000001,-00000025,0000.000,0000.000,0000.000,
 
000818409,000000001,-00000027,0000.000,0000.000,0000.000,
 
000818429,000000001,-00000029,0000.000,0000.000,0000.000,
 
000818449,000000001,-00000031,0000.000,0000.000,0000.000,
 
000818469,000000000,-00000031,0000.000,0000.000,0000.000,
 
000818489,000000000,-00000032,0000.000,0000.000,0000.000,
 
000818509,000000001,-00000033,0000.000,0000.000,0000.000,
 
000818529,000000000,-00000031,0000.000,0000.000,0000.000,
 
000818549,000000000,-00000029,0000.000,0000.000,0000.000,
 
000818569,000000000,-00000026,0000.000,0000.000,0000.000,
 
000818589,000000000,-00000026,0000.000,0000.000,0000.000,
 
000818609,-00000001,-00000025,0000.000,0000.000,0000.000,
 
000818629,-00000001,-00000023,0000.000,0000.000,0000.000,
 
000818649,-00000002,-00000024,0000.000,0000.000,0000.000,
 
000818669,-00000003,-00000025,0000.000,0000.000,0000.000,
 
000818689,-00000004,-00000029,0000.000,0000.000,0000.000,
 
000818709,-00000002,-00000029,0000.000,0000.000,0000.000,
 
000818729,-00000001,-00000030,0000.000,0000.000,0000.000,
 
000818749,-00000001,-00000031,0000.000,0000.000,0000.000,
 
000818769,-00000002,-00000033,0000.000,0000.000,0000.000,
 
000818789,-00000001,-00000031,0000.000,0000.000,0000.000,
 
000818809,-00000001,-00000031,0000.000,0000.000,0000.000,
 
000818829,000000000,-00000030,0000.000,0000.000,0000.000,
 
000818849,000000000,-00000028,0000.000,0000.000,0000.000,
 
000818869,000000001,-00000027,0000.000,0000.000,0000.000,
 
000818889,000000000,-00000024,0000.000,0000.000,0000.000,
 
000818909,000000000,-00000025,0000.000,0000.000,0000.000,
 
000818929,000000000,-00000025,0000.000,0000.000,0000.000,
 
000818949,000000000,-00000022,0000.000,0000.000,0000.000,
 
000818969,-00000002,-00000022,0000.000,0000.000,0000.000,
 
000818989,-00000001,-00000025,0000.000,0000.000,0000.000,
 
000819009,-00000002,-00000025,0000.000,0000.000,0000.000,
 
000819029,-00000001,-00000016,0000.000,0000.000,0000.000,
 
000819049,-00000001,-00000013,0000.000,0000.000,0000.000,
 
000819069,000000000,-00000013,0000.000,0000.000,0000.000,
 
000819089,000000000,-00000010,0000.000,0000.000,0000.000,
 
000819109,000000000,-00000010,0000.000,0000.000,0000.000,
 
000819129,000000000,-00000013,0000.000,0000.000,0000.000,
 
000819149,000000000,-00000013,0000.000,0000.000,0000.000,
 
000819169,000000000,-00000007,0000.000,0000.000,0000.000,
 
000819189,000000000,-00000007,0000.000,0000.000,0000.000,
 
000819209,000000000,-00000004,0000.000,0000.000,0000.000,
 
000819229,000000000,-00000007,0000.000,0000.000,0000.000,
 
000819249,000000000,-00000006,0000.000,0000.000,0000.000,
 
000819269,000000000,-00000007,0000.000,0000.000,0000.000,
 
000819289,-00000001,-00000008,0000.000,0000.000,0000.000,
 
000819309,000000000,-00000007,0000.000,0000.000,0000.000,
 
000819329,000000000,-00000009,0000.000,0000.000,0000.000,
 
000819349,-00000001,-00000013,0000.000,0000.000,0000.000,
 
000819369,000000000,-00000013,0000.000,0000.000,0000.000,
 
000819389,-00000001,-00000008,0000.000,0000.000,0000.000,
 
000819409,-00000001,-00000007,0000.000,0000.000,0000.000,
 
000819429,000000000,-00000004,0000.000,0000.000,0000.000,
 
000819449,000000000,-00000004,0000.000,0000.000,0000.000,
 
000819469,000000000,-00000003,0000.000,0000.000,0000.000,
 
000819489,000000000,-00000004,0000.000,0000.000,0000.000,
 
000819509,000000000,-00000004,0000.000,0000.000,0000.000,
 
000819529,000000000,-00000004,0000.000,0000.000,0000.000,
 
000819549,000000000,-00000004,0000.000,0000.000,0000.000,
 
000819569,000000000,-00000004,0000.000,0000.000,0000.000,
 
000819589,-00000001,-00000004,0000.000,0000.000,0000.000,
 
000819609,000000000,-00000002,0000.000,0000.000,0000.000,
 
000819629,000000000,-00000001,0000.000,0000.000,0000.000,
 
000819649,000000000,-00000004,0000.000,0000.000,0000.000,
 
000819669,-00000001,-00000004,0000.000,0000.000,0000.000,
 
000819689,-00000001,-00000003,0000.000,0000.000,0000.000,
 
000819709,000000000,-00000004,0000.000,0000.000,0000.000,
 
000819729,000000000,-00000004,0000.000,0000.000,0000.000,
 
000819749,-00000001,-00000005,0000.000,0000.000,0000.000,
 
000819769,-00000001,-00000004,0000.000,0000.000,0000.000,
 
000819789,000000000,-00000007,0000.000,0000.000,0000.000,
 
000819809,000000000,-00000007,0000.000,0000.000,0000.000,
 
000819829,-00000001,-00000004,0000.000,0000.000,0000.000,
 
000819849,000000000,-00000003,0000.000,0000.000,0000.000,
 
000819869,000000000,-00000001,0000.000,0000.000,0000.000,
 
000819889,000000000,-00000001,0000.000,0000.000,0000.000,
 
000819909,000000000,-00000001,0000.000,0000.000,0000.000,
 
000819929,000000000,-00000001,0000.000,0000.000,0000.000,
 
000819949,000000000,-00000002,0000.000,0000.000,0000.000,
 
000819969,000000000,-00000001,0000.000,0000.000,0000.000,
 
000819989,000000000,-00000004,0000.000,0000.000,0000.000,
 
000820009,000000000,-00000002,0000.000,0000.000,0000.000,
 
000820029,000000000,-00000003,0000.000,0000.000,0000.000,
 
000820049,-00000001,-00000002,0000.000,0000.000,0000.000,
 
000820069,000000000,-00000001,0000.000,0000.000,0000.000,
 
000820089,000000000,-00000002,0000.000,0000.000,0000.000,
 
000820109,000000000,-00000001,0000.000,0000.000,0000.000,
 
000820129,000000000,000000000,0000.000,0000.000,0000.000,
 
000820149,-00000001,-00000001,0000.000,0000.000,0000.000,
 
000820169,000000000,-00000001,0000.000,0000.000,0000.000,
 
000820189,000000000,000000000,0000.000,0000.000,0000.000,
 
000820209,000000000,-00000001,0000.000,0000.000,0000.000,
 
000820229,000000000,000000000,0000.000,0000.000,0000.000,
 
000820249,000000000,-00000001,0000.000,0000.000,0000.000,
 
000820269,000000000,000000000,0000.000,0000.000,0000.000,
 
000820289,000000000,000000000,0000.000,0000.000,0000.000,
 
000820309,000000000,000000000,0000.000,0000.000,0000.000,
 
000820329,000000000,000000000,0000.000,0000.000,0000.000,
 
000820349,000000000,000000000,0000.000,0000.000,0000.000,
 
000820369,000000000,000000000,0000.000,0000.000,0000.000,
 
000820389,000000000,000000000,0000.000,0000.000,0000.000,
 
000820409,000000000,000000000,0000.000,0000.000,0000.000,
 
000820429,000000000,000000000,0000.000,0000.000,0000.000,
 
000820449,000000000,000000000,0000.000,0000.000,0000.000,
 
000820469,000000000,000000000,0000.000,0000.000,0000.000,
 
000820489,000000000,000000000,0000.000,0000.000,0000.000,
 
000820509,000000000,000000000,0000.000,0000.000,0000.000,
 
000820529,000000000,000000000,0000.000,0000.000,0000.000,
 
000820549,000000000,000000000,0000.000,0000.000,0000.000,
 
000820569,000000000,000000000,0000.000,0000.000,0000.000,
 
000820589,000000000,000000000,0000.000,0000.000,0000.000,
 
000820609,000000000,000000000,0000.000,0000.000,0000.000,
 
000820629,000000000,000000000,0000.000,0000.000,0000.000,
 
000820649,000000000,000000000,0000.000,0000.000,0000.000,
 
000820669,000000000,000000000,0000.000,0000.000,0000.000,
 
000820689,000000000,000000000,0000.000,0000.000,0000.000,
 
000820709,000000000,000000000,0000.000,0000.000,0000.000,
 
000820729,000000000,000000000,0000.000,0000.000,0000.000,
 
000820749,000000000,000000000,0000.000,0000.000,0000.000,
 
000820769,000000000,000000000,0000.000,0000.000,0000.000,
 
000820789,000000000,000000000,0000.000,0000.000,0000.000,
 
000820809,000000000,000000000,0000.000,0000.000,0000.000,
 
000820829,000000000,000000000,0000.000,0000.000,0000.000,
 
000820849,000000000,000000000,0000.000,0000.000,0000.000,
 
000820869,000000000,000000000,0000.000,0000.000,0000.000,
 
000820889,000000000,000000000,0000.000,0000.000,0000.000,
 
000820909,000000000,000000000,0000.000,0000.000,0000.000,
 
000820929,000000000,000000000,0000.000,0000.000,0000.000,
 
000820949,000000000,000000000,0000.000,0000.000,0000.000,
 
