002847963,000000000,000000000,0000.000,0000.000,0000.000,
 
002847983,000000000,000000000,0000.000,0000.000,0000.000,
 
002848003,000000000,000000000,0000.000,0000.000,0000.000,
 
002848023,000000000,000000000,0000.000,0000.000,0000.000,
 
002848043,000000000,000000000,0000.000,0000.000,0000.000,
 
002848063,000000000,000000000,0000.000,0000.000,0000.000,
 
002848083,000000000,000000000,0000.000,0000.000,0000.000,
 
002848103,000000000,000000000,0000.000,0000.000,0000.000,
 
002848123,000000000,000000000,0000.000,0000.000,0000.000,
 
002848143,000000000,000000000,0000.000,0000.000,0000.000,
 
002848163,000000000,000000000,0000.000,0000.000,0000.000,
 
002848183,000000000,000000000,0000.000,0000.000,0000.000,
 
002848203,000000000,000000000,0000.000,0000.000,0000.000,
 
002848223,000000000,000000000,0000.000,0000.000,0000.000,
 
002848243,000000000,000000000,0000.000,0000.000,0000.000,
 
002848263,000000000,000000000,0000.000,0000.000,0000.000,
 
002848283,000000000,000000000,0000.000,0000.000,0000.000,
 
002848303,000000000,000000000,0000.000,0000.000,0000.000,
 
002848323,000000000,000000000,0000.000,0000.000,0000.000,
 
002848343,000000000,000000000,0000.000,0000.000,0000.000,
 
002848363,000000000,000000000,0000.000,0000.000,0000.000,
 
002848383,000000000,000000000,0000.000,0000.000,0000.000,
 
002848403,000000000,000000000,0000.000,0000.000,0000.000,
 
002848423,000000000,000000000,0000.000,0000.000,0000.000,
 
002848443,000000000,000000000,0000.000,0000.000,0000.000,
 
002848463,000000000,000000000,0000.000,0000.000,0000.000,
 
002848483,000000000,000000000,0000.000,0000.000,0000.000,
 
002848503,000000000,000000000,0000.000,0000.000,0000.000,
 
002848523,000000000,000000000,0000.000,0000.000,0000.000,
 
002848543,000000000,-00000001,0000.000,0000.000,0000.000,
 
002848563,000000000,000000000,0000.000,0000.000,0000.000,
 
002848583,000000000,000000000,0000.000,0000.000,0000.000,
 
002848603,000000000,000000000,0000.000,0000.000,0000.000,
 
002848623,000000000,000000000,0000.000,0000.000,0000.000,
 
002848643,000000000,000000000,0000.000,0000.000,0000.000,
 
002848663,000000000,000000000,0000.000,0000.000,0000.000,
 
002848683,000000000,000000000,0000.000,0000.000,0000.000,
 
002848703,000000000,000000000,0000.000,0000.000,0000.000,
 
002848723,000000000,000000000,0000.000,0000.000,0000.000,
 
002848743,000000001,000000000,0000.000,0000.000,0000.000,
 
002848763,000000000,000000000,0000.000,0000.000,0000.000,
 
002848783,000000000,000000000,0000.000,0000.000,0000.000,
 
002848803,000000000,000000000,0000.000,0000.000,0000.000,
 
002848823,000000000,000000000,0000.000,0000.000,0000.000,
 
002848843,000000000,000000000,0000.000,0000.000,0000.000,
 
002848863,000000000,000000000,0000.000,0000.000,0000.000,
 
002848883,000000000,000000000,0000.000,0000.000,0000.000,
 
002848903,000000000,000000000,0000.000,0000.000,0000.000,
 
002848923,000000000,000000000,0000.000,0000.000,0000.000,
 
002848943,000000000,000000000,0000.000,0000.000,0000.000,
 
002848963,000000000,000000000,0000.000,0000.000,0000.000,
 
002848983,000000000,000000000,0000.000,0000.000,0000.000,
 
002849003,000000000,000000000,0000.000,0000.000,0000.000,
 
002849023,000000000,000000000,0000.000,0000.000,0000.000,
 
002849043,000000000,000000000,0000.000,0000.000,0000.000,
 
002849063,000000000,000000000,0000.000,0000.000,0000.000,
 
002849083,000000000,000000000,0000.000,0000.000,0000.000,
 
002849103,000000000,000000000,0000.000,0000.000,0000.000,
 
002849123,000000000,000000000,0000.000,0000.000,0000.000,
 
002849143,000000000,000000000,0000.000,0000.000,0000.000,
 
002849163,000000000,000000000,0000.000,0000.000,0000.000,
 
002849183,000000000,000000000,0000.000,0000.000,0000.000,
 
002849203,000000000,000000000,0000.000,0000.000,0000.000,
 
002849223,000000000,000000000,0000.000,0000.000,0000.000,
 
002849243,000000000,000000000,0000.000,0000.000,0000.000,
 
002849263,000000000,000000000,0000.000,0000.000,0000.000,
 
002849283,000000000,000000000,0000.000,0000.000,0000.000,
 
002849303,000000000,000000000,0000.000,0000.000,0000.000,
 
002849323,000000000,000000000,0000.000,0000.000,0000.000,
 
002849343,000000000,000000000,0000.000,0000.000,0000.000,
 
002849363,000000000,000000000,0000.000,0000.000,0000.000,
 
002849383,000000000,000000000,0000.000,0000.000,0000.000,
 
002849403,000000000,000000000,0000.000,0000.000,0000.000,
 
002849423,000000000,000000000,0000.000,0000.000,0000.000,
 
002849443,000000000,000000000,0000.000,0000.000,0000.000,
 
002849463,000000000,000000000,0000.000,0000.000,0000.000,
 
002849483,000000000,000000000,0000.000,0000.000,0000.000,
 
002849503,000000000,000000000,0000.000,0000.000,0000.000,
 
002849523,000000000,000000000,0000.000,0000.000,0000.000,
 
002849543,000000000,000000000,0000.000,0000.000,0000.000,
 
002849563,000000000,000000000,0000.000,0000.000,0000.000,
 
002849583,000000000,000000000,0000.000,0000.000,0000.000,
 
002849603,000000000,000000000,0000.000,0000.000,0000.000,
 
002849623,000000000,000000000,0000.000,0000.000,0000.000,
 
002849643,000000000,000000000,0000.000,0000.000,0000.000,
 
002849663,000000000,000000000,0000.000,0000.000,0000.000,
 
002849683,000000000,000000000,0000.000,0000.000,0000.000,
 
002849703,000000000,000000000,0000.000,0000.000,0000.000,
 
002849723,000000000,000000000,0000.000,0000.000,0000.000,
 
002849743,000000000,000000000,0000.000,0000.000,0000.000,
 
002849763,000000000,-00000001,0000.000,0000.000,0000.000,
 
002849783,000000000,-00000004,0000.000,0000.000,0000.000,
 
002849803,000000000,-00000008,0000.000,0000.000,0000.000,
 
002849823,000000000,-00000008,0000.000,0000.000,0000.000,
 
002849843,000000000,-00000007,0000.000,0000.000,0000.000,
 
002849863,000000000,-00000004,0000.000,0000.000,0000.000,
 
002849883,000000000,-00000001,0000.000,0000.000,0000.000,
 
002849903,000000000,000000000,0000.000,0000.000,0000.000,
 
002849923,000000000,000000000,0000.000,0000.000,0000.000,
 
002849943,000000000,000000000,0000.000,0000.000,0000.000,
 
002849963,000000000,000000000,0000.000,0000.000,0000.000,
 
002849983,000000000,000000000,0000.000,0000.000,0000.000,
 
002850003,000000000,000000000,0000.000,0000.000,0000.000,
 
002850023,000000000,000000000,0000.000,0000.000,0000.000,
 
002850043,000000000,000000000,0000.000,0000.000,0000.000,
 
002850063,000000000,000000000,0000.000,0000.000,0000.000,
 
002850083,000000000,000000000,0000.000,0000.000,0000.000,
 
002850103,000000000,000000000,0000.000,0000.000,0000.000,
 
002850123,000000000,000000000,0000.000,0000.000,0000.000,
 
002850143,000000000,000000000,0000.000,0000.000,0000.000,
 
002850163,000000000,000000000,0000.000,0000.000,0000.000,
 
002850183,000000000,000000000,0000.000,0000.000,0000.000,
 
002850203,000000000,000000000,0000.000,0000.000,0000.000,
 
002850223,000000000,000000000,0000.000,0000.000,0000.000,
 
002850243,000000000,-00000002,0000.000,0000.000,0000.000,
 
002850263,000000000,-00000007,0000.000,0000.000,0000.000,
 
002850283,000000000,-00000015,0000.000,0000.000,0000.000,
 
002850303,000000000,-00000020,0000.000,0000.000,0000.000,
 
002850323,-00000001,-00000025,0000.000,0000.000,0000.000,
 
002850343,000000000,-00000025,0000.000,0000.000,0000.000,
 
002850363,-00000001,-00000023,0000.000,0000.000,0000.000,
 
002850383,000000000,-00000021,0000.000,0000.000,0000.000,
 
002850403,-00000002,-00000021,0000.000,0000.000,0000.000,
 
002850423,-00000002,-00000025,0000.000,0000.000,0000.000,
 
002850443,-00000002,-00000025,0000.000,0000.000,0000.000,
 
002850463,-00000003,-00000020,0000.000,0000.000,0000.000,
 
002850483,-00000002,-00000018,0000.000,0000.000,0000.000,
 
002850503,-00000004,-00000020,0000.000,0000.000,0000.000,
 
002850523,-00000004,-00000025,0000.000,0000.000,0000.000,
 
002850543,-00000006,-00000025,0000.000,0000.000,0000.000,
 
002850563,-00000004,-00000030,0000.000,0000.000,0000.000,
 
002850583,-00000002,-00000034,0000.000,0000.000,0000.000,
 
002850603,-00000002,-00000049,0000.000,0000.000,0000.000,
 
002850623,-00000002,-00000037,0000.000,0000.000,0000.000,
 
002850643,-00000001,-00000038,0000.000,0000.000,0000.000,
 
002850663,-00000001,-00000038,0000.000,0000.000,0000.000,
 
002850683,000000000,-00000039,0000.000,0000.000,0000.000,
 
002850703,000000000,-00000039,0000.000,0000.000,0000.000,
 
002850723,000000000,-00000037,0000.000,0000.000,0000.000,
 
002850743,000000000,-00000049,0000.000,0000.000,0000.000,
 
002850763,000000001,-00000031,0000.000,0000.000,0000.000,
 
002850783,000000002,-00000028,0000.000,0000.000,0000.000,
 
002850803,000000001,-00000025,0000.000,0000.000,0000.000,
 
002850823,000000001,-00000023,0000.000,0000.000,0000.000,
 
002850843,000000001,-00000024,0000.000,0000.000,0000.000,
 
002850863,000000001,-00000025,0000.000,0000.000,0000.000,
 
002850883,000000001,-00000024,0000.000,0000.000,0000.000,
 
002850903,000000000,-00000023,0000.000,0000.000,0000.000,
 
002850923,000000000,-00000025,0000.000,0000.000,0000.000,
 
002850943,000000000,-00000020,0000.000,0000.000,0000.000,
 
002850963,000000000,-00000020,0000.000,0000.000,0000.000,
 
002850983,000000000,-00000025,0000.000,0000.000,0000.000,
 
002851003,000000000,-00000023,0000.000,0000.000,0000.000,
 
002851023,000000000,-00000021,0000.000,0000.000,0000.000,
 
002851043,000000000,-00000025,0000.000,0000.000,0000.000,
 
002851063,-00000001,-00000024,0000.000,0000.000,0000.000,
 
002851083,000000000,-00000026,0000.000,0000.000,0000.000,
 
002851103,-00000001,-00000028,0000.000,0000.000,0000.000,
 
002851123,000000000,-00000030,0000.000,0000.000,0000.000,
 
002851143,000000000,-00000032,0000.000,0000.000,0000.000,
 
002851163,000000000,-00000034,0000.000,0000.000,0000.000,
 
002851183,000000000,-00000036,0000.000,0000.000,0000.000,
 
002851203,-00000002,-00000049,0000.000,0000.000,0000.000,
 
002851223,-00000002,-00000036,0000.000,0000.000,0000.000,
 
002851243,-00000003,-00000049,0000.000,0000.000,0000.000,
 
002851263,000000000,-00000037,0000.000,0000.000,0000.000,
 
002851283,000000000,-00000039,0000.000,0000.000,0000.000,
 
002851303,000000000,-00000049,0000.000,0000.000,0000.000,
 
002851323,-00000001,-00000043,0000.000,0000.000,0000.000,
 
002851343,-00000001,-00000049,0000.000,0000.000,0000.000,
 
002851363,-00000001,-00000044,0000.000,0000.000,0000.000,
 
002851383,-00000001,-00000044,0000.000,0000.000,0000.000,
 
002851403,-00000001,-00000049,0000.000,0000.000,0000.000,
 
002851423,000000000,-00000042,0000.000,0000.000,0000.000,
 
002851443,000000000,-00000049,0000.000,0000.000,0000.000,
 
002851463,000000000,-00000040,0000.000,0000.000,0000.000,
 
002851483,000000000,-00000040,0000.000,0000.000,0000.000,
 
002851503,000000000,-00000040,0000.000,0000.000,0000.000,
 
002851523,000000000,-00000038,0000.000,0000.000,0000.000,
 
002851543,000000000,-00000039,0000.000,0000.000,0000.000,
 
002851563,000000001,-00000038,0000.000,0000.000,0000.000,
 
002851583,000000001,-00000040,0000.000,0000.000,0000.000,
 
002851603,000000001,-00000041,0000.000,0000.000,0000.000,
 
002851623,000000000,-00000049,0000.000,0000.000,0000.000,
 
002851643,000000000,-00000046,0000.000,0000.000,0000.000,
 
002851663,000000000,-00000047,0000.000,0000.000,0000.000,
 
002851683,000000000,-00000048,0000.000,0000.000,0000.000,
 
002851703,000000000,-00000048,0000.000,0000.000,0000.000,
 
002851723,000000000,-00000049,0000.000,0000.000,0000.000,
 
002851743,000000000,-00000050,0000.000,0000.000,0000.000,
 
002851763,000000000,-00000050,0000.000,0000.000,0000.000,
 
002851783,000000001,-00000049,0000.000,0000.000,0000.000,
 
002851803,000000000,-00000049,0000.000,0000.000,0000.000,
 
002851823,000000000,-00000051,0000.000,0000.000,0000.000,
 
002851843,000000000,-00000054,0000.000,0000.000,0000.000,
 
002851863,-00000002,-00000057,0000.000,0000.000,0000.000,
 
002851883,-00000002,-00000059,0000.000,0000.000,0000.000,
 
002851903,-00000002,-00000060,0000.000,0000.000,0000.000,
 
002851923,-00000003,-00000060,0000.000,0000.000,0000.000,
 
002851943,-00000004,-00000060,0000.000,0000.000,0000.000,
 
002851963,-00000002,-00000060,0000.000,0000.000,0000.000,
 
002851983,000000000,-00000061,0000.000,0000.000,0000.000,
 
002852003,-00000001,-00000061,0000.000,0000.000,0000.000,
 
002852023,-00000001,-00000057,0000.000,0000.000,0000.000,
 
002852043,000000000,-00000054,0000.000,0000.000,0000.000,
 
002852063,000000000,-00000051,0000.000,0000.000,0000.000,
 
002852083,000000001,-00000049,0000.000,0000.000,0000.000,
 
002852103,000000002,-00000047,0000.000,0000.000,0000.000,
 
002852123,000000001,-00000046,0000.000,0000.000,0000.000,
 
002852143,000000000,-00000046,0000.000,0000.000,0000.000,
 
002852163,000000000,-00000049,0000.000,0000.000,0000.000,
 
002852183,-00000001,-00000044,0000.000,0000.000,0000.000,
 
002852203,000000000,-00000049,0000.000,0000.000,0000.000,
 
002852223,000000000,-00000039,0000.000,0000.000,0000.000,
 
002852243,000000000,-00000049,0000.000,0000.000,0000.000,
 
002852263,000000000,-00000038,0000.000,0000.000,0000.000,
 
002852283,000000001,-00000041,0000.000,0000.000,0000.000,
 
002852303,000000001,-00000046,0000.000,0000.000,0000.000,
 
002852323,000000001,-00000046,0000.000,0000.000,0000.000,
 
002852343,000000002,-00000048,0000.000,0000.000,0000.000,
 
002852363,000000002,-00000048,0000.000,0000.000,0000.000,
 
002852383,000000001,-00000048,0000.000,0000.000,0000.000,
 
002852403,000000002,-00000048,0000.000,0000.000,0000.000,
 
002852423,000000001,-00000048,0000.000,0000.000,0000.000,
 
002852443,000000002,-00000048,0000.000,0000.000,0000.000,
 
002852463,000000001,-00000049,0000.000,0000.000,0000.000,
 
002852483,000000001,-00000042,0000.000,0000.000,0000.000,
 
002852503,000000000,-00000049,0000.000,0000.000,0000.000,
 
002852523,000000000,-00000039,0000.000,0000.000,0000.000,
 
002852543,000000000,-00000038,0000.000,0000.000,0000.000,
 
002852563,000000002,-00000037,0000.000,0000.000,0000.000,
 
002852583,000000002,-00000037,0000.000,0000.000,0000.000,
 
002852603,000000002,-00000037,0000.000,0000.000,0000.000,
 
002852623,000000001,-00000037,0000.000,0000.000,0000.000,
 
002852643,000000001,-00000049,0000.000,0000.000,0000.000,
 
002852663,000000000,-00000039,0000.000,0000.000,0000.000,
 
002852683,000000001,-00000049,0000.000,0000.000,0000.000,
 
002852703,000000002,-00000042,0000.000,0000.000,0000.000,
 
002852723,000000000,-00000040,0000.000,0000.000,0000.000,
 
002852743,000000000,-00000038,0000.000,0000.000,0000.000,
 
002852763,000000000,-00000037,0000.000,0000.000,0000.000,
 
002852783,-00000002,-00000049,0000.000,0000.000,0000.000,
 
002852803,-00000002,-00000033,0000.000,0000.000,0000.000,
 
002852823,-00000002,-00000031,0000.000,0000.000,0000.000,
 
002852843,-00000002,-00000031,0000.000,0000.000,0000.000,
 
002852863,-00000001,-00000033,0000.000,0000.000,0000.000,
 
002852883,-00000002,-00000035,0000.000,0000.000,0000.000,
 
002852903,-00000003,-00000034,0000.000,0000.000,0000.000,
 
002852923,-00000003,-00000049,0000.000,0000.000,0000.000,
 
002852943,-00000004,-00000036,0000.000,0000.000,0000.000,
 
002852963,-00000003,-00000049,0000.000,0000.000,0000.000,
 
002852983,-00000002,-00000040,0000.000,0000.000,0000.000,
 
002853003,-00000002,-00000039,0000.000,0000.000,0000.000,
 
002853023,-00000003,-00000039,0000.000,0000.000,0000.000,
 
002853043,-00000002,-00000039,0000.000,0000.000,0000.000,
 
002853063,-00000001,-00000049,0000.000,0000.000,0000.000,
 
002853083,000000000,-00000038,0000.000,0000.000,0000.000,
 
002853103,000000000,-00000038,0000.000,0000.000,0000.000,
 
002853123,-00000001,-00000049,0000.000,0000.000,0000.000,
 
002853143,-00000001,-00000036,0000.000,0000.000,0000.000,
 
002853163,-00000003,-00000036,0000.000,0000.000,0000.000,
 
002853183,-00000002,-00000035,0000.000,0000.000,0000.000,
 
002853203,-00000003,-00000033,0000.000,0000.000,0000.000,
 
002853223,-00000002,-00000049,0000.000,0000.000,0000.000,
 
002853243,-00000004,-00000034,0000.000,0000.000,0000.000,
 
002853263,-00000002,-00000033,0000.000,0000.000,0000.000,
 
002853283,-00000002,-00000032,0000.000,0000.000,0000.000,
 
002853303,-00000001,-00000034,0000.000,0000.000,0000.000,
 
002853323,-00000002,-00000049,0000.000,0000.000,0000.000,
 
002853343,000000000,-00000038,0000.000,0000.000,0000.000,
 
002853363,000000001,-00000043,0000.000,0000.000,0000.000,
 
002853383,000000000,-00000047,0000.000,0000.000,0000.000,
 
002853403,000000000,-00000049,0000.000,0000.000,0000.000,
 
002853423,000000000,-00000053,0000.000,0000.000,0000.000,
 
002853443,000000000,-00000054,0000.000,0000.000,0000.000,
 
002853463,000000000,-00000056,0000.000,0000.000,0000.000,
 
002853483,000000001,-00000056,0000.000,0000.000,0000.000,
 
002853503,000000001,-00000055,0000.000,0000.000,0000.000,
 
002853523,000000000,-00000054,0000.000,0000.000,0000.000,
 
002853543,000000000,-00000054,0000.000,0000.000,0000.000,
 
002853563,-00000002,-00000055,0000.000,0000.000,0000.000,
 
002853583,000000000,-00000057,0000.000,0000.000,0000.000,
 
002853603,000000000,-00000059,0000.000,0000.000,0000.000,
 
002853623,000000000,-00000061,0000.000,0000.000,0000.000,
 
002853643,000000000,-00000061,0000.000,0000.000,0000.000,
 
002853663,000000000,-00000061,0000.000,0000.000,0000.000,
 
002853683,000000000,-00000061,0000.000,0000.000,0000.000,
 
002853703,000000000,-00000061,0000.000,0000.000,0000.000,
 
002853723,000000000,-00000058,0000.000,0000.000,0000.000,
 
002853743,000000000,-00000058,0000.000,0000.000,0000.000,
 
002853763,000000000,-00000055,0000.000,0000.000,0000.000,
 
002853783,000000000,-00000055,0000.000,0000.000,0000.000,
 
002853803,-00000001,-00000053,0000.000,0000.000,0000.000,
 
002853823,-00000002,-00000051,0000.000,0000.000,0000.000,
 
002853843,-00000001,-00000050,0000.000,0000.000,0000.000,
 
002853863,-00000002,-00000049,0000.000,0000.000,0000.000,
 
002853883,-00000002,-00000048,0000.000,0000.000,0000.000,
 
002853903,-00000003,-00000046,0000.000,0000.000,0000.000,
 
002853923,-00000002,-00000044,0000.000,0000.000,0000.000,
 
002853943,000000000,-00000044,0000.000,0000.000,0000.000,
 
002853963,-00000001,-00000049,0000.000,0000.000,0000.000,
 
002853983,-00000001,-00000045,0000.000,0000.000,0000.000,
 
002854003,000000000,-00000043,0000.000,0000.000,0000.000,
 
002854023,000000000,-00000049,0000.000,0000.000,0000.000,
 
002854043,-00000001,-00000044,0000.000,0000.000,0000.000,
 
002854063,-00000002,-00000044,0000.000,0000.000,0000.000,
 
002854083,-00000004,-00000049,0000.000,0000.000,0000.000,
 
002854103,-00000002,-00000042,0000.000,0000.000,0000.000,
 
002854123,-00000002,-00000041,0000.000,0000.000,0000.000,
 
002854143,-00000001,-00000049,0000.000,0000.000,0000.000,
 
002854163,-00000001,-00000041,0000.000,0000.000,0000.000,
 
002854183,-00000001,-00000040,0000.000,0000.000,0000.000,
 
002854203,-00000003,-00000049,0000.000,0000.000,0000.000,
 
002854223,-00000003,-00000043,0000.000,0000.000,0000.000,
 
002854243,-00000003,-00000045,0000.000,0000.000,0000.000,
 
002854263,000000000,-00000048,0000.000,0000.000,0000.000,
 
002854283,-00000002,-00000048,0000.000,0000.000,0000.000,
 
002854303,-00000004,-00000045,0000.000,0000.000,0000.000,
 
002854323,-00000004,-00000049,0000.000,0000.000,0000.000,
 
002854343,-00000003,-00000047,0000.000,0000.000,0000.000,
 
002854363,-00000003,-00000049,0000.000,0000.000,0000.000,
 
002854383,-00000004,-00000050,0000.000,0000.000,0000.000,
 
002854403,-00000004,-00000046,0000.000,0000.000,0000.000,
 
002854423,-00000004,-00000047,0000.000,0000.000,0000.000,
 
002854443,-00000004,-00000049,0000.000,0000.000,0000.000,
 
002854463,-00000005,-00000044,0000.000,0000.000,0000.000,
 
002854483,-00000004,-00000042,0000.000,0000.000,0000.000,
 
002854503,-00000004,-00000040,0000.000,0000.000,0000.000,
 
002854523,-00000004,-00000049,0000.000,0000.000,0000.000,
 
002854543,-00000002,-00000039,0000.000,0000.000,0000.000,
 
002854563,-00000002,-00000037,0000.000,0000.000,0000.000,
 
002854583,-00000001,-00000049,0000.000,0000.000,0000.000,
 
002854603,-00000001,-00000035,0000.000,0000.000,0000.000,
 
002854623,-00000002,-00000035,0000.000,0000.000,0000.000,
 
002854643,-00000002,-00000049,0000.000,0000.000,0000.000,
 
002854663,-00000002,-00000032,0000.000,0000.000,0000.000,
 
002854683,-00000002,-00000030,0000.000,0000.000,0000.000,
 
002854703,-00000002,-00000030,0000.000,0000.000,0000.000,
 
002854723,000000000,-00000031,0000.000,0000.000,0000.000,
 
002854743,-00000002,-00000031,0000.000,0000.000,0000.000,
 
002854763,-00000002,-00000034,0000.000,0000.000,0000.000,
 
002854783,-00000003,-00000049,0000.000,0000.000,0000.000,
 
002854803,-00000005,-00000032,0000.000,0000.000,0000.000,
 
002854823,-00000003,-00000034,0000.000,0000.000,0000.000,
 
002854843,-00000001,-00000035,0000.000,0000.000,0000.000,
 
002854863,000000000,-00000049,0000.000,0000.000,0000.000,
 
002854883,000000000,-00000037,0000.000,0000.000,0000.000,
 
002854903,000000001,-00000040,0000.000,0000.000,0000.000,
 
002854923,000000001,-00000042,0000.000,0000.000,0000.000,
 
002854943,000000000,-00000047,0000.000,0000.000,0000.000,
 
002854963,000000000,-00000048,0000.000,0000.000,0000.000,
 
002854983,000000000,-00000046,0000.000,0000.000,0000.000,
 
002855003,000000002,-00000044,0000.000,0000.000,0000.000,
 
002855023,000000003,-00000041,0000.000,0000.000,0000.000,
 
002855043,000000003,-00000042,0000.000,0000.000,0000.000,
 
002855063,000000002,-00000041,0000.000,0000.000,0000.000,
 
002855083,000000002,-00000040,0000.000,0000.000,0000.000,
 
002855103,000000003,-00000049,0000.000,0000.000,0000.000,
 
002855123,000000004,-00000037,0000.000,0000.000,0000.000,
 
002855143,000000002,-00000034,0000.000,0000.000,0000.000,
 
002855163,000000001,-00000032,0000.000,0000.000,0000.000,
 
002855183,000000000,-00000030,0000.000,0000.000,0000.000,
 
002855203,000000000,-00000029,0000.000,0000.000,0000.000,
 
002855223,000000000,-00000029,0000.000,0000.000,0000.000,
 
002855243,000000000,-00000030,0000.000,0000.000,0000.000,
 
002855263,000000000,-00000032,0000.000,0000.000,0000.000,
 
002855283,000000001,-00000031,0000.000,0000.000,0000.000,
 
002855303,000000000,-00000028,0000.000,0000.000,0000.000,
 
002855323,000000001,-00000025,0000.000,0000.000,0000.000,
 
002855343,000000001,-00000025,0000.000,0000.000,0000.000,
 
002855363,-00000001,-00000024,0000.000,0000.000,0000.000,
 
002855383,-00000002,-00000024,0000.000,0000.000,0000.000,
 
002855403,-00000002,-00000027,0000.000,0000.000,0000.000,
 
002855423,-00000001,-00000029,0000.000,0000.000,0000.000,
 
002855443,-00000002,-00000031,0000.000,0000.000,0000.000,
 
002855463,-00000003,-00000031,0000.000,0000.000,0000.000,
 
002855483,-00000003,-00000049,0000.000,0000.000,0000.000,
 
002855503,-00000002,-00000035,0000.000,0000.000,0000.000,
 
002855523,-00000004,-00000036,0000.000,0000.000,0000.000,
 
002855543,-00000003,-00000035,0000.000,0000.000,0000.000,
 
002855563,-00000001,-00000049,0000.000,0000.000,0000.000,
 
002855583,000000000,-00000036,0000.000,0000.000,0000.000,
 
002855603,000000001,-00000037,0000.000,0000.000,0000.000,
 
002855623,-00000001,-00000038,0000.000,0000.000,0000.000,
 
002855643,-00000002,-00000049,0000.000,0000.000,0000.000,
 
002855663,-00000002,-00000028,0000.000,0000.000,0000.000,
 
002855683,-00000002,-00000027,0000.000,0000.000,0000.000,
 
002855703,-00000001,-00000029,0000.000,0000.000,0000.000,
 
002855723,-00000002,-00000030,0000.000,0000.000,0000.000,
 
002855743,000000000,-00000028,0000.000,0000.000,0000.000,
 
002855763,-00000001,-00000028,0000.000,0000.000,0000.000,
 
002855783,000000000,-00000026,0000.000,0000.000,0000.000,
 
002855803,-00000002,-00000027,0000.000,0000.000,0000.000,
 
002855823,-00000002,-00000029,0000.000,0000.000,0000.000,
 
002855843,-00000002,-00000033,0000.000,0000.000,0000.000,
 
002855863,-00000003,-00000034,0000.000,0000.000,0000.000,
 
002855883,-00000004,-00000034,0000.000,0000.000,0000.000,
 
002855903,-00000004,-00000032,0000.000,0000.000,0000.000,
 
002855923,-00000004,-00000028,0000.000,0000.000,0000.000,
 
002855943,-00000007,-00000028,0000.000,0000.000,0000.000,
 
002855963,-00000004,-00000029,0000.000,0000.000,0000.000,
 
002855983,-00000003,-00000027,0000.000,0000.000,0000.000,
 
002856003,-00000003,-00000025,0000.000,0000.000,0000.000,
 
002856023,-00000002,-00000025,0000.000,0000.000,0000.000,
 
002856043,-00000002,-00000023,0000.000,0000.000,0000.000,
 
002856063,-00000001,-00000025,0000.000,0000.000,0000.000,
 
002856083,-00000002,-00000025,0000.000,0000.000,0000.000,
 
002856103,000000000,-00000020,0000.000,0000.000,0000.000,
 
002856123,000000000,-00000017,0000.000,0000.000,0000.000,
 
002856143,000000000,-00000015,0000.000,0000.000,0000.000,
 
002856163,000000000,-00000014,0000.000,0000.000,0000.000,
 
002856183,000000000,-00000013,0000.000,0000.000,0000.000,
 
002856203,000000000,-00000010,0000.000,0000.000,0000.000,
 
002856223,000000000,-00000009,0000.000,0000.000,0000.000,
 
002856243,-00000001,-00000009,0000.000,0000.000,0000.000,
 
002856263,000000000,-00000013,0000.000,0000.000,0000.000,
 
002856283,000000000,-00000013,0000.000,0000.000,0000.000,
 
002856303,000000000,-00000011,0000.000,0000.000,0000.000,
 
002856323,000000001,-00000011,0000.000,0000.000,0000.000,
 
002856343,000000000,-00000008,0000.000,0000.000,0000.000,
 
002856363,000000000,-00000007,0000.000,0000.000,0000.000,
 
002856383,-00000001,-00000007,0000.000,0000.000,0000.000,
 
002856403,000000000,-00000005,0000.000,0000.000,0000.000,
 
002856423,-00000001,-00000006,0000.000,0000.000,0000.000,
 
002856443,000000000,-00000006,0000.000,0000.000,0000.000,
 
002856463,000000000,-00000007,0000.000,0000.000,0000.000,
 
002856483,-00000001,-00000007,0000.000,0000.000,0000.000,
 
002856503,000000000,-00000005,0000.000,0000.000,0000.000,
 
002856523,-00000001,-00000007,0000.000,0000.000,0000.000,
 
002856543,-00000001,-00000007,0000.000,0000.000,0000.000,
 
002856563,000000000,-00000006,0000.000,0000.000,0000.000,
 
002856583,000000000,-00000007,0000.000,0000.000,0000.000,
 
002856603,-00000001,-00000005,0000.000,0000.000,0000.000,
 
002856623,000000000,-00000003,0000.000,0000.000,0000.000,
 
002856643,000000000,-00000004,0000.000,0000.000,0000.000,
 
002856663,000000000,-00000002,0000.000,0000.000,0000.000,
 
002856683,000000000,-00000002,0000.000,0000.000,0000.000,
 
002856703,000000000,000000000,0000.000,0000.000,0000.000,
 
002856723,000000000,000000000,0000.000,0000.000,0000.000,
 
002856743,000000000,000000000,0000.000,0000.000,0000.000,
 
002856763,000000000,000000000,0000.000,0000.000,0000.000,
 
002856783,000000000,000000000,0000.000,0000.000,0000.000,
 
002856803,000000000,000000000,0000.000,0000.000,0000.000,
 
002856823,000000000,000000000,0000.000,0000.000,0000.000,
 
002856843,000000000,000000000,0000.000,0000.000,0000.000,
 
002856863,000000000,000000000,0000.000,0000.000,0000.000,
 
002856883,000000000,000000000,0000.000,0000.000,0000.000,
 
002856903,000000000,000000000,0000.000,0000.000,0000.000,
 
002856923,000000000,000000000,0000.000,0000.000,0000.000,
 
002856943,000000000,000000000,0000.000,0000.000,0000.000,
 
002856963,000000000,000000000,0000.000,0000.000,0000.000,
 
002856983,000000000,000000000,0000.000,0000.000,0000.000,
 
002857003,000000000,000000000,0000.000,0000.000,0000.000,
 
002857023,000000000,000000000,0000.000,0000.000,0000.000,
 
002857043,000000000,000000000,0000.000,0000.000,0000.000,
 
002857063,000000000,000000000,0000.000,0000.000,0000.000,
 
002857083,000000000,000000000,0000.000,0000.000,0000.000,
 
002857103,000000000,000000000,0000.000,0000.000,0000.000,
 
002857123,000000000,000000000,0000.000,0000.000,0000.000,
 
002857143,000000000,000000000,0000.000,0000.000,0000.000,
 
002857163,000000000,000000000,0000.000,0000.000,0000.000,
 
002857183,000000000,000000000,0000.000,0000.000,0000.000,
 
002857203,000000000,000000000,0000.000,0000.000,0000.000,
 
002857223,000000000,000000000,0000.000,0000.000,0000.000,
 
002857243,000000000,000000000,0000.000,0000.000,0000.000,
 
002857263,000000000,000000000,0000.000,0000.000,0000.000,
 
002857283,000000000,000000000,0000.000,0000.000,0000.000,
 
002857303,000000000,000000000,0000.000,0000.000,0000.000,
 
002857323,000000000,000000000,0000.000,0000.000,0000.000,
 
002857343,000000000,000000000,0000.000,0000.000,0000.000,
 
002857363,000000000,000000000,0000.000,0000.000,0000.000,
 
002857383,000000000,000000000,0000.000,0000.000,0000.000,
 
002857403,000000000,000000000,0000.000,0000.000,0000.000,
 
002857423,000000000,000000000,0000.000,0000.000,0000.000,
 
002857443,000000000,000000000,0000.000,0000.000,0000.000,
 
002857463,000000000,000000000,0000.000,0000.000,0000.000,
 
002857483,000000000,000000000,0000.000,0000.000,0000.000,
 
002857503,000000000,000000000,0000.000,0000.000,0000.000,
 
002857523,000000000,000000000,0000.000,0000.000,0000.000,
 
002857543,000000000,000000000,0000.000,0000.000,0000.000,
 
002857563,000000000,000000000,0000.000,0000.000,0000.000,
 
002857583,000000000,000000000,0000.000,0000.000,0000.000,
 
002857603,000000000,000000000,0000.000,0000.000,0000.000,
 
002857623,000000000,000000000,0000.000,0000.000,0000.000,
 
002857643,000000000,000000000,0000.000,0000.000,0000.000,
 
002857663,000000000,000000000,0000.000,0000.000,0000.000,
 
002857683,000000000,000000000,0000.000,0000.000,0000.000,
 
002857703,000000000,000000000,0000.000,0000.000,0000.000,
 
002857723,000000000,000000000,0000.000,0000.000,0000.000,
 
002857743,000000000,000000000,0000.000,0000.000,0000.000,
 
002857763,000000000,000000000,0000.000,0000.000,0000.000,
 
002857783,000000000,000000000,0000.000,0000.000,0000.000,
 
002857803,000000000,000000000,0000.000,0000.000,0000.000,
 
002857823,000000000,000000000,0000.000,0000.000,0000.000,
 
002857843,000000000,000000000,0000.000,0000.000,0000.000,
 
002857863,000000000,000000000,0000.000,0000.000,0000.000,
 
002857883,000000000,000000000,0000.000,0000.000,0000.000,
 
002857903,000000000,000000000,0000.000,0000.000,0000.000,
 
002857923,000000000,000000000,0000.000,0000.000,0000.000,
 
002857943,000000000,000000000,0000.000,0000.000,0000.000,
 
002857963,000000000,000000000,0000.000,0000.000,0000.000,
 
002857983,000000000,000000000,0000.000,0000.000,0000.000,
 
002858003,000000000,000000000,0000.000,0000.000,0000.000,
 
002858023,000000000,000000000,0000.000,0000.000,0000.000,
 
002858043,000000000,000000000,0000.000,0000.000,0000.000,
 
002858063,000000000,000000000,0000.000,0000.000,0000.000,
 
002858083,000000000,000000000,0000.000,0000.000,0000.000,
 
002858103,000000000,000000000,0000.000,0000.000,0000.000,
 
002858123,000000000,000000000,0000.000,0000.000,0000.000,
 
002858143,000000000,000000000,0000.000,0000.000,0000.000,
 
002858163,000000000,000000000,0000.000,0000.000,0000.000,
 
002858183,000000000,000000000,0000.000,0000.000,0000.000,
 
002858203,000000000,000000000,0000.000,0000.000,0000.000,
 
002858223,000000000,000000000,0000.000,0000.000,0000.000,
 
002858243,000000000,000000000,0000.000,0000.000,0000.000,
 
002858263,000000000,-00000004,0000.000,0000.000,0000.000,
 
002858283,000000000,-00000008,0000.000,0000.000,0000.000,
 
002858303,000000000,-00000013,0000.000,0000.000,0000.000,
 
002858323,000000000,-00000006,0000.000,0000.000,0000.000,
 
002858343,000000000,-00000002,0000.000,0000.000,0000.000,
 
002858363,000000000,000000000,0000.000,0000.000,0000.000,
 
002858383,000000000,000000000,0000.000,0000.000,0000.000,
 
002858403,000000000,-00000001,0000.000,0000.000,0000.000,
 
002858423,000000000,000000000,0000.000,0000.000,0000.000,
 
002858443,000000000,000000000,0000.000,0000.000,0000.000,
 
002858463,000000000,000000000,0000.000,0000.000,0000.000,
 
002858483,000000000,000000000,0000.000,0000.000,0000.000,
 
002858503,000000000,000000000,0000.000,0000.000,0000.000,
 
002858523,000000000,000000000,0000.000,0000.000,0000.000,
 
002858543,000000000,000000000,0000.000,0000.000,0000.000,
 
002858563,000000000,000000000,0000.000,0000.000,0000.000,
 
002858583,000000000,000000000,0000.000,0000.000,0000.000,
 
002858603,000000000,000000000,0000.000,0000.000,0000.000,
 
002858623,000000000,000000000,0000.000,0000.000,0000.000,
 
002858643,000000000,000000000,0000.000,0000.000,0000.000,
 
002858663,000000000,000000000,0000.000,0000.000,0000.000,
 
002858683,000000000,000000000,0000.000,0000.000,0000.000,
 
002858703,000000000,000000000,0000.000,0000.000,0000.000,
 
002858723,000000000,000000000,0000.000,0000.000,0000.000,
 
002858743,000000000,000000000,0000.000,0000.000,0000.000,
 
002858763,000000000,000000000,0000.000,0000.000,0000.000,
 
002858783,000000000,000000000,0000.000,0000.000,0000.000,
 
002858803,000000000,000000000,0000.000,0000.000,0000.000,
 
002858823,000000000,000000000,0000.000,0000.000,0000.000,
 
002858843,000000000,000000000,0000.000,0000.000,0000.000,
 
002858863,000000000,000000000,0000.000,0000.000,0000.000,
 
002858883,000000000,000000000,0000.000,0000.000,0000.000,
 
002858903,000000000,000000000,0000.000,0000.000,0000.000,
 
002858923,000000000,000000001,0000.000,0000.000,0000.000,
 
002858943,000000000,000000006,0000.000,0000.000,0000.000,
 
002858963,000000000,000000010,0000.000,0000.000,0000.000,
 
002858983,000000000,000000009,0000.000,0000.000,0000.000,
 
002859003,000000000,000000007,0000.000,0000.000,0000.000,
 
002859023,000000000,000000005,0000.000,0000.000,0000.000,
 
002859043,000000000,000000004,0000.000,0000.000,0000.000,
 
002859063,000000000,000000001,0000.000,0000.000,0000.000,
 
002859083,000000000,000000000,0000.000,0000.000,0000.000,
 
002859103,000000000,000000000,0000.000,0000.000,0000.000,
 
002859123,000000000,000000002,0000.000,0000.000,0000.000,
 
002859143,000000000,000000008,0000.000,0000.000,0000.000,
 
002859163,000000001,000000013,0000.000,0000.000,0000.000,
 
002859183,000000003,000000016,0000.000,0000.000,0000.000,
 
002859203,000000003,000000016,0000.000,0000.000,0000.000,
 
002859223,000000002,000000014,0000.000,0000.000,0000.000,
 
002859243,000000001,000000012,0000.000,0000.000,0000.000,
 
002859263,000000002,000000014,0000.000,0000.000,0000.000,
 
002859283,000000001,000000016,0000.000,0000.000,0000.000,
 
002859303,000000001,000000017,0000.000,0000.000,0000.000,
 
002859323,000000001,000000020,0000.000,0000.000,0000.000,
 
002859343,000000004,000000025,0000.000,0000.000,0000.000,
 
002859363,000000004,000000026,0000.000,0000.000,0000.000,
 
002859383,000000004,000000025,0000.000,0000.000,0000.000,
 
002859403,000000004,000000028,0000.000,0000.000,0000.000,
 
002859423,000000003,000000030,0000.000,0000.000,0000.000,
 
002859443,000000004,000000034,0000.000,0000.000,0000.000,
 
002859463,000000004,000000039,0000.000,0000.000,0000.000,
 
002859483,000000001,000000042,0000.000,0000.000,0000.000,
 
002859503,000000000,000000045,0000.000,0000.000,0000.000,
 
002859523,-00000001,000000044,0000.000,0000.000,0000.000,
 
002859543,-00000001,000000043,0000.000,0000.000,0000.000,
 
002859563,-00000003,000000044,0000.000,0000.000,0000.000,
 
002859583,-00000002,000000044,0000.000,0000.000,0000.000,
 
002859603,-00000003,000000043,0000.000,0000.000,0000.000,
 
002859623,-00000003,000000042,0000.000,0000.000,0000.000,
 
002859643,-00000003,000000041,0000.000,0000.000,0000.000,
 
002859663,-00000004,000000042,0000.000,0000.000,0000.000,
 
002859683,-00000003,000000041,0000.000,0000.000,0000.000,
 
002859703,-00000003,000000042,0000.000,0000.000,0000.000,
 
002859723,-00000001,000000041,0000.000,0000.000,0000.000,
 
002859743,000000000,000000044,0000.000,0000.000,0000.000,
 
002859763,000000000,000000047,0000.000,0000.000,0000.000,
 
002859783,000000001,000000048,0000.000,0000.000,0000.000,
 
002859803,000000002,000000049,0000.000,0000.000,0000.000,
 
002859823,000000000,000000047,0000.000,0000.000,0000.000,
 
002859843,000000001,000000046,0000.000,0000.000,0000.000,
 
002859863,000000002,000000047,0000.000,0000.000,0000.000,
 
002859883,000000004,000000048,0000.000,0000.000,0000.000,
 
002859903,000000002,000000047,0000.000,0000.000,0000.000,
 
002859923,000000002,000000050,0000.000,0000.000,0000.000,
 
002859943,000000003,000000052,0000.000,0000.000,0000.000,
 
002859963,000000002,000000053,0000.000,0000.000,0000.000,
 
002859983,000000001,000000054,0000.000,0000.000,0000.000,
 
002860003,000000000,000000051,0000.000,0000.000,0000.000,
 
002860023,000000000,000000055,0000.000,0000.000,0000.000,
 
002860043,000000001,000000052,0000.000,0000.000,0000.000,
 
002860063,000000002,000000050,0000.000,0000.000,0000.000,
 
002860083,000000001,000000048,0000.000,0000.000,0000.000,
 
002860103,000000000,000000047,0000.000,0000.000,0000.000,
 
002860123,000000000,000000043,0000.000,0000.000,0000.000,
 
002860143,-00000001,000000042,0000.000,0000.000,0000.000,
 
002860163,-00000001,000000040,0000.000,0000.000,0000.000,
 
002860183,000000000,000000040,0000.000,0000.000,0000.000,
 
002860203,000000000,000000044,0000.000,0000.000,0000.000,
 
002860223,-00000001,000000048,0000.000,0000.000,0000.000,
 
002860243,-00000002,000000051,0000.000,0000.000,0000.000,
 
002860263,000000001,000000053,0000.000,0000.000,0000.000,
 
002860283,000000002,000000051,0000.000,0000.000,0000.000,
 
002860303,000000004,000000058,0000.000,0000.000,0000.000,
 
002860323,000000004,000000064,0000.000,0000.000,0000.000,
 
002860343,000000004,000000068,0000.000,0000.000,0000.000,
 
002860363,000000001,000000069,0000.000,0000.000,0000.000,
 
002860383,000000000,000000066,0000.000,0000.000,0000.000,
 
002860403,000000000,000000062,0000.000,0000.000,0000.000,
 
002860423,000000002,000000058,0000.000,0000.000,0000.000,
 
002860443,000000002,000000055,0000.000,0000.000,0000.000,
 
002860463,000000000,000000053,0000.000,0000.000,0000.000,
 
002860483,-00000001,000000051,0000.000,0000.000,0000.000,
 
002860503,-00000001,000000053,0000.000,0000.000,0000.000,
 
002860523,000000000,000000051,0000.000,0000.000,0000.000,
 
002860543,000000000,000000049,0000.000,0000.000,0000.000,
 
002860563,000000000,000000049,0000.000,0000.000,0000.000,
 
002860583,-00000001,000000050,0000.000,0000.000,0000.000,
 
002860603,-00000003,000000050,0000.000,0000.000,0000.000,
 
002860623,-00000004,000000049,0000.000,0000.000,0000.000,
 
002860643,-00000003,000000045,0000.000,0000.000,0000.000,
 
002860663,-00000002,000000045,0000.000,0000.000,0000.000,
 
002860683,000000000,000000045,0000.000,0000.000,0000.000,
 
002860703,-00000001,000000044,0000.000,0000.000,0000.000,
 
002860723,000000000,000000041,0000.000,0000.000,0000.000,
 
002860743,000000000,000000040,0000.000,0000.000,0000.000,
 
002860763,000000000,000000040,0000.000,0000.000,0000.000,
 
002860783,-00000001,000000041,0000.000,0000.000,0000.000,
 
002860803,000000000,000000043,0000.000,0000.000,0000.000,
 
002860823,-00000001,000000046,0000.000,0000.000,0000.000,
 
002860843,000000000,000000048,0000.000,0000.000,0000.000,
 
002860863,-00000002,000000049,0000.000,0000.000,0000.000,
 
002860883,-00000002,000000051,0000.000,0000.000,0000.000,
 
002860903,-00000001,000000051,0000.000,0000.000,0000.000,
 
002860923,000000000,000000051,0000.000,0000.000,0000.000,
 
002860943,-00000001,000000057,0000.000,0000.000,0000.000,
 
002860963,-00000001,000000064,0000.000,0000.000,0000.000,
 
002860983,-00000001,000000064,0000.000,0000.000,0000.000,
 
002861003,-00000002,000000063,0000.000,0000.000,0000.000,
 
002861023,000000000,000000062,0000.000,0000.000,0000.000,
 
002861043,-00000001,000000062,0000.000,0000.000,0000.000,
 
002861063,000000000,000000062,0000.000,0000.000,0000.000,
 
002861083,000000000,000000062,0000.000,0000.000,0000.000,
 
002861103,000000000,000000064,0000.000,0000.000,0000.000,
 
002861123,000000000,000000068,0000.000,0000.000,0000.000,
 
002861143,000000000,000000070,0000.000,0000.000,0000.000,
 
002861163,-00000002,000000069,0000.000,0000.000,0000.000,
 
002861183,-00000001,000000067,0000.000,0000.000,0000.000,
 
002861203,000000000,000000067,0000.000,0000.000,0000.000,
 
002861223,000000003,000000065,0000.000,0000.000,0000.000,
 
002861243,000000004,000000063,0000.000,0000.000,0000.000,
 
002861263,000000003,000000060,0000.000,0000.000,0000.000,
 
002861283,000000003,000000058,0000.000,0000.000,0000.000,
 
002861303,000000001,000000051,0000.000,0000.000,0000.000,
 
002861323,000000002,000000053,0000.000,0000.000,0000.000,
 
002861343,000000002,000000051,0000.000,0000.000,0000.000,
 
002861363,000000002,000000050,0000.000,0000.000,0000.000,
 
002861383,000000001,000000052,0000.000,0000.000,0000.000,
 
002861403,000000000,000000054,0000.000,0000.000,0000.000,
 
002861423,000000003,000000054,0000.000,0000.000,0000.000,
 
002861443,000000002,000000051,0000.000,0000.000,0000.000,
 
002861463,000000001,000000053,0000.000,0000.000,0000.000,
 
002861483,000000001,000000053,0000.000,0000.000,0000.000,
 
002861503,000000003,000000052,0000.000,0000.000,0000.000,
 
002861523,000000001,000000052,0000.000,0000.000,0000.000,
 
002861543,000000001,000000051,0000.000,0000.000,0000.000,
 
002861563,000000000,000000050,0000.000,0000.000,0000.000,
 
002861583,000000001,000000050,0000.000,0000.000,0000.000,
 
002861603,000000003,000000051,0000.000,0000.000,0000.000,
 
002861623,000000003,000000052,0000.000,0000.000,0000.000,
 
002861643,000000003,000000052,0000.000,0000.000,0000.000,
 
002861663,000000001,000000051,0000.000,0000.000,0000.000,
 
002861683,000000000,000000048,0000.000,0000.000,0000.000,
 
002861703,000000000,000000045,0000.000,0000.000,0000.000,
 
002861723,000000000,000000044,0000.000,0000.000,0000.000,
 
002861743,000000000,000000043,0000.000,0000.000,0000.000,
 
002861763,-00000002,000000045,0000.000,0000.000,0000.000,
 
002861783,-00000002,000000046,0000.000,0000.000,0000.000,
 
002861803,000000000,000000049,0000.000,0000.000,0000.000,
 
002861823,000000001,000000048,0000.000,0000.000,0000.000,
 
002861843,000000002,000000049,0000.000,0000.000,0000.000,
 
002861863,000000003,000000050,0000.000,0000.000,0000.000,
 
002861883,000000003,000000052,0000.000,0000.000,0000.000,
 
002861903,000000001,000000051,0000.000,0000.000,0000.000,
 
002861923,000000002,000000052,0000.000,0000.000,0000.000,
 
002861943,000000001,000000051,0000.000,0000.000,0000.000,
 
002861963,000000002,000000051,0000.000,0000.000,0000.000,
 
002861983,000000002,000000049,0000.000,0000.000,0000.000,
 
002862003,000000000,000000046,0000.000,0000.000,0000.000,
 
002862023,000000000,000000048,0000.000,0000.000,0000.000,
 
002862043,-00000002,000000048,0000.000,0000.000,0000.000,
 
002862063,-00000002,000000049,0000.000,0000.000,0000.000,
 
002862083,-00000002,000000046,0000.000,0000.000,0000.000,
 
002862103,-00000003,000000045,0000.000,0000.000,0000.000,
 
002862123,-00000002,000000043,0000.000,0000.000,0000.000,
 
002862143,-00000002,000000045,0000.000,0000.000,0000.000,
 
002862163,-00000002,000000047,0000.000,0000.000,0000.000,
 
002862183,-00000003,000000049,0000.000,0000.000,0000.000,
 
002862203,-00000002,000000051,0000.000,0000.000,0000.000,
 
002862223,-00000001,000000053,0000.000,0000.000,0000.000,
 
002862243,000000000,000000054,0000.000,0000.000,0000.000,
 
002862263,000000000,000000052,0000.000,0000.000,0000.000,
 
002862283,-00000001,000000052,0000.000,0000.000,0000.000,
 
002862303,000000000,000000050,0000.000,0000.000,0000.000,
 
002862323,000000000,000000049,0000.000,0000.000,0000.000,
 
002862343,000000001,000000049,0000.000,0000.000,0000.000,
 
002862363,000000001,000000047,0000.000,0000.000,0000.000,
 
002862383,000000000,000000047,0000.000,0000.000,0000.000,
 
002862403,000000000,000000044,0000.000,0000.000,0000.000,
 
002862423,000000000,000000044,0000.000,0000.000,0000.000,
 
002862443,000000000,000000044,0000.000,0000.000,0000.000,
 
002862463,000000000,000000045,0000.000,0000.000,0000.000,
 
002862483,000000000,000000041,0000.000,0000.000,0000.000,
 
002862503,000000002,000000042,0000.000,0000.000,0000.000,
 
002862523,000000003,000000043,0000.000,0000.000,0000.000,
 
002862543,000000002,000000046,0000.000,0000.000,0000.000,
 
002862563,000000002,000000050,0000.000,0000.000,0000.000,
 
002862583,000000001,000000051,0000.000,0000.000,0000.000,
 
002862603,000000002,000000051,0000.000,0000.000,0000.000,
 
002862623,000000002,000000055,0000.000,0000.000,0000.000,
 
002862643,000000002,000000057,0000.000,0000.000,0000.000,
 
002862663,000000002,000000060,0000.000,0000.000,0000.000,
 
002862683,000000004,000000059,0000.000,0000.000,0000.000,
 
002862703,000000003,000000055,0000.000,0000.000,0000.000,
 
002862723,000000003,000000052,0000.000,0000.000,0000.000,
 
002862743,000000001,000000048,0000.000,0000.000,0000.000,
 
002862763,000000001,000000044,0000.000,0000.000,0000.000,
 
002862783,000000000,000000040,0000.000,0000.000,0000.000,
 
002862803,-00000002,000000035,0000.000,0000.000,0000.000,
 
002862823,-00000002,000000033,0000.000,0000.000,0000.000,
 
002862843,-00000003,000000032,0000.000,0000.000,0000.000,
 
002862863,-00000001,000000030,0000.000,0000.000,0000.000,
 
002862883,-00000001,000000031,0000.000,0000.000,0000.000,
 
002862903,-00000002,000000030,0000.000,0000.000,0000.000,
 
002862923,-00000001,000000031,0000.000,0000.000,0000.000,
 
002862943,-00000001,000000032,0000.000,0000.000,0000.000,
 
002862963,-00000001,000000034,0000.000,0000.000,0000.000,
 
002862983,-00000002,000000035,0000.000,0000.000,0000.000,
 
002863003,-00000001,000000034,0000.000,0000.000,0000.000,
 
002863023,000000000,000000034,0000.000,0000.000,0000.000,
 
002863043,-00000001,000000035,0000.000,0000.000,0000.000,
 
002863063,-00000001,000000037,0000.000,0000.000,0000.000,
 
002863083,-00000001,000000038,0000.000,0000.000,0000.000,
 
002863103,-00000001,000000039,0000.000,0000.000,0000.000,
 
002863123,-00000001,000000037,0000.000,0000.000,0000.000,
 
002863143,-00000002,000000038,0000.000,0000.000,0000.000,
 
002863163,-00000002,000000040,0000.000,0000.000,0000.000,
 
002863183,-00000004,000000041,0000.000,0000.000,0000.000,
 
002863203,-00000002,000000043,0000.000,0000.000,0000.000,
 
002863223,-00000001,000000044,0000.000,0000.000,0000.000,
 
002863243,-00000002,000000045,0000.000,0000.000,0000.000,
 
002863263,-00000004,000000049,0000.000,0000.000,0000.000,
 
002863283,-00000003,000000050,0000.000,0000.000,0000.000,
 
002863303,-00000005,000000049,0000.000,0000.000,0000.000,
 
002863323,-00000004,000000049,0000.000,0000.000,0000.000,
 
002863343,-00000004,000000048,0000.000,0000.000,0000.000,
 
002863363,-00000002,000000049,0000.000,0000.000,0000.000,
 
002863383,-00000003,000000048,0000.000,0000.000,0000.000,
 
002863403,-00000003,000000048,0000.000,0000.000,0000.000,
 
002863423,-00000002,000000047,0000.000,0000.000,0000.000,
 
002863443,-00000002,000000048,0000.000,0000.000,0000.000,
 
002863463,-00000001,000000048,0000.000,0000.000,0000.000,
 
002863483,000000000,000000047,0000.000,0000.000,0000.000,
 
002863503,000000000,000000047,0000.000,0000.000,0000.000,
 
002863523,000000001,000000047,0000.000,0000.000,0000.000,
 
002863543,000000002,000000048,0000.000,0000.000,0000.000,
 
002863563,000000002,000000047,0000.000,0000.000,0000.000,
 
002863583,000000002,000000046,0000.000,0000.000,0000.000,
 
002863603,000000002,000000046,0000.000,0000.000,0000.000,
 
002863623,000000002,000000045,0000.000,0000.000,0000.000,
 
002863643,000000002,000000043,0000.000,0000.000,0000.000,
 
002863663,000000002,000000042,0000.000,0000.000,0000.000,
 
002863683,000000002,000000040,0000.000,0000.000,0000.000,
 
002863703,000000002,000000038,0000.000,0000.000,0000.000,
 
002863723,000000001,000000035,0000.000,0000.000,0000.000,
 
002863743,000000002,000000032,0000.000,0000.000,0000.000,
 
002863763,000000002,000000032,0000.000,0000.000,0000.000,
 
002863783,000000001,000000030,0000.000,0000.000,0000.000,
 
002863803,000000001,000000027,0000.000,0000.000,0000.000,
 
002863823,000000000,000000025,0000.000,0000.000,0000.000,
 
002863843,000000000,000000023,0000.000,0000.000,0000.000,
 
002863863,000000000,000000023,0000.000,0000.000,0000.000,
 
002863883,-00000001,000000023,0000.000,0000.000,0000.000,
 
002863903,000000000,000000023,0000.000,0000.000,0000.000,
 
002863923,-00000001,000000024,0000.000,0000.000,0000.000,
 
002863943,-00000001,000000020,0000.000,0000.000,0000.000,
 
002863963,-00000002,000000020,0000.000,0000.000,0000.000,
 
002863983,-00000001,000000018,0000.000,0000.000,0000.000,
 
002864003,-00000002,000000021,0000.000,0000.000,0000.000,
 
002864023,-00000002,000000020,0000.000,0000.000,0000.000,
 
002864043,-00000002,000000019,0000.000,0000.000,0000.000,
 
002864063,-00000001,000000018,0000.000,0000.000,0000.000,
 
002864083,-00000002,000000020,0000.000,0000.000,0000.000,
 
002864103,-00000001,000000021,0000.000,0000.000,0000.000,
 
002864123,-00000001,000000021,0000.000,0000.000,0000.000,
 
002864143,000000000,000000019,0000.000,0000.000,0000.000,
 
002864163,000000000,000000019,0000.000,0000.000,0000.000,
 
002864183,000000000,000000020,0000.000,0000.000,0000.000,
 
002864203,000000000,000000019,0000.000,0000.000,0000.000,
 
002864223,000000000,000000020,0000.000,0000.000,0000.000,
 
002864243,000000000,000000018,0000.000,0000.000,0000.000,
 
002864263,000000000,000000018,0000.000,0000.000,0000.000,
 
002864283,000000000,000000018,0000.000,0000.000,0000.000,
 
002864303,000000000,000000019,0000.000,0000.000,0000.000,
 
002864323,000000000,000000019,0000.000,0000.000,0000.000,
 
002864343,000000000,000000017,0000.000,0000.000,0000.000,
 
002864363,000000000,000000017,0000.000,0000.000,0000.000,
 
002864383,000000001,000000017,0000.000,0000.000,0000.000,
 
002864403,000000001,000000017,0000.000,0000.000,0000.000,
 
002864423,000000003,000000014,0000.000,0000.000,0000.000,
 
002864443,000000002,000000013,0000.000,0000.000,0000.000,
 
002864463,000000001,000000012,0000.000,0000.000,0000.000,
 
002864483,000000001,000000013,0000.000,0000.000,0000.000,
 
002864503,000000001,000000014,0000.000,0000.000,0000.000,
 
002864523,000000001,000000014,0000.000,0000.000,0000.000,
 
002864543,000000001,000000013,0000.000,0000.000,0000.000,
 
002864563,000000002,000000012,0000.000,0000.000,0000.000,
 
002864583,000000001,000000011,0000.000,0000.000,0000.000,
 
002864603,000000001,000000008,0000.000,0000.000,0000.000,
 
002864623,000000000,000000004,0000.000,0000.000,0000.000,
 
002864643,000000000,000000001,0000.000,0000.000,0000.000,
 
002864663,000000000,000000000,0000.000,0000.000,0000.000,
 
002864683,000000000,000000000,0000.000,0000.000,0000.000,
 
002864703,000000000,000000000,0000.000,0000.000,0000.000,
 
002864723,000000000,000000000,0000.000,0000.000,0000.000,
 
002864743,000000000,000000001,0000.000,0000.000,0000.000,
 
002864763,000000000,000000005,0000.000,0000.000,0000.000,
 
002864783,000000000,000000006,0000.000,0000.000,0000.000,
 
002864803,000000000,000000004,0000.000,0000.000,0000.000,
 
002864823,000000000,000000003,0000.000,0000.000,0000.000,
 
002864843,000000000,000000000,0000.000,0000.000,0000.000,
 
002864863,000000000,000000000,0000.000,0000.000,0000.000,
 
002864883,000000000,000000000,0000.000,0000.000,0000.000,
 
002864903,000000000,000000000,0000.000,0000.000,0000.000,
 
002864923,000000000,000000000,0000.000,0000.000,0000.000,
 
002864943,000000000,000000000,0000.000,0000.000,0000.000,
 
002864963,000000000,000000000,0000.000,0000.000,0000.000,
 
002864983,000000000,000000000,0000.000,0000.000,0000.000,
 
002865003,000000000,000000000,0000.000,0000.000,0000.000,
 
002865023,000000000,000000000,0000.000,0000.000,0000.000,
 
002865043,000000000,000000000,0000.000,0000.000,0000.000,
 
002865063,000000000,000000000,0000.000,0000.000,0000.000,
 
002865083,000000000,000000000,0000.000,0000.000,0000.000,
 
002865103,000000000,000000000,0000.000,0000.000,0000.000,
 
002865123,000000000,000000000,0000.000,0000.000,0000.000,
 
002865143,000000000,000000000,0000.000,0000.000,0000.000,
 
002865163,000000000,000000000,0000.000,0000.000,0000.000,
 
002865183,000000000,000000000,0000.000,0000.000,0000.000,
 
002865203,000000000,000000000,0000.000,0000.000,0000.000,
 
002865223,000000000,000000000,0000.000,0000.000,0000.000,
 
002865243,000000000,000000000,0000.000,0000.000,0000.000,
 
002865263,000000000,000000000,0000.000,0000.000,0000.000,
 
002865283,000000000,000000000,0000.000,0000.000,0000.000,
 
002865303,000000000,000000000,0000.000,0000.000,0000.000,
 
002865323,000000000,000000000,0000.000,0000.000,0000.000,
 
002865343,000000000,000000000,0000.000,0000.000,0000.000,
 
002865363,000000000,000000000,0000.000,0000.000,0000.000,
 
002865383,000000000,000000000,0000.000,0000.000,0000.000,
 
002865403,000000000,000000000,0000.000,0000.000,0000.000,
 
002865423,000000000,000000000,0000.000,0000.000,0000.000,
 
002865443,000000000,000000000,0000.000,0000.000,0000.000,
 
002865463,000000000,000000000,0000.000,0000.000,0000.000,
 
002865483,000000000,000000000,0000.000,0000.000,0000.000,
 
002865503,000000000,000000000,0000.000,0000.000,0000.000,
 
002865523,000000000,000000000,0000.000,0000.000,0000.000,
 
002865543,000000000,000000000,0000.000,0000.000,0000.000,
 
002865563,000000000,000000000,0000.000,0000.000,0000.000,
 
002865583,000000000,000000000,0000.000,0000.000,0000.000,
 
002865603,000000000,000000000,0000.000,0000.000,0000.000,
 
002865623,000000000,000000000,0000.000,0000.000,0000.000,
 
002865643,000000000,000000000,0000.000,0000.000,0000.000,
 
002865663,000000000,000000000,0000.000,0000.000,0000.000,
 
002865683,000000000,000000000,0000.000,0000.000,0000.000,
 
002865703,000000000,000000000,0000.000,0000.000,0000.000,
 
002865723,000000000,000000000,0000.000,0000.000,0000.000,
 
002865743,000000000,000000000,0000.000,0000.000,0000.000,
 
002865763,000000000,000000000,0000.000,0000.000,0000.000,
 
002865783,000000000,000000000,0000.000,0000.000,0000.000,
 
002865803,000000000,000000000,0000.000,0000.000,0000.000,
 
002865823,000000000,000000000,0000.000,0000.000,0000.000,
 
002865843,000000000,000000000,0000.000,0000.000,0000.000,
 
002865863,000000000,000000000,0000.000,0000.000,0000.000,
 
002865883,000000000,000000000,0000.000,0000.000,0000.000,
 
002865903,000000000,000000000,0000.000,0000.000,0000.000,
 
002865923,000000000,000000000,0000.000,0000.000,0000.000,
 
002865943,000000000,000000000,0000.000,0000.000,0000.000,
 
002865963,000000000,000000000,0000.000,0000.000,0000.000,
 
002865983,000000000,000000000,0000.000,0000.000,0000.000,
 
002866003,000000000,000000000,0000.000,0000.000,0000.000,
 
002866023,000000000,000000000,0000.000,0000.000,0000.000,
 
002866043,000000000,000000000,0000.000,0000.000,0000.000,
 
002866063,000000000,000000000,0000.000,0000.000,0000.000,
 
002866083,000000000,000000000,0000.000,0000.000,0000.000,
 
002866103,000000000,000000000,0000.000,0000.000,0000.000,
 
002866123,000000000,000000000,0000.000,0000.000,0000.000,
 
002866143,000000000,000000000,0000.000,0000.000,0000.000,
 
