001753467,000001830,000011878,0000.000,0000.000,0000.000,
 
001753486,000000000,000000000,0000.000,0000.000,0000.000,
 
001753506,000000000,000000000,0000.000,0000.000,0000.000,
 
001753526,000000000,000000000,0000.000,0000.000,0000.000,
 
001753546,000000000,000000000,0000.000,0000.000,0000.000,
 
001753566,000000000,000000000,0000.000,0000.000,0000.000,
 
001753586,000000000,000000000,0000.000,0000.000,0000.000,
 
001753606,000000000,000000000,0000.000,0000.000,0000.000,
 
001753626,000000000,000000000,0000.000,0000.000,0000.000,
 
001753646,000000000,000000000,0000.000,0000.000,0000.000,
 
001753666,000000000,000000000,0000.000,0000.000,0000.000,
 
001753686,000000000,000000000,0000.000,0000.000,0000.000,
 
001753706,000000000,000000000,0000.000,0000.000,0000.000,
 
001753726,000000000,000000000,0000.000,0000.000,0000.000,
 
001753746,000000000,000000000,0000.000,0000.000,0000.000,
 
001753766,000000000,000000000,0000.000,0000.000,0000.000,
 
001753786,000000000,000000000,0000.000,0000.000,0000.000,
 
001753806,000000000,000000000,0000.000,0000.000,0000.000,
 
001753826,000000000,000000000,0000.000,0000.000,0000.000,
 
001753846,000000000,000000000,0000.000,0000.000,0000.000,
 
001753866,000000000,000000000,0000.000,0000.000,0000.000,
 
001753886,000000000,000000000,0000.000,0000.000,0000.000,
 
001753906,000000000,000000000,0000.000,0000.000,0000.000,
 
001753926,000000000,000000000,0000.000,0000.000,0000.000,
 
001753946,000000000,000000000,0000.000,0000.000,0000.000,
 
001753966,000000000,000000000,0000.000,0000.000,0000.000,
 
001753986,000000000,000000000,0000.000,0000.000,0000.000,
 
001754006,000000000,000000000,0000.000,0000.000,0000.000,
 
001754026,000000000,000000000,0000.000,0000.000,0000.000,
 
001754046,000000000,000000000,0000.000,0000.000,0000.000,
 
001754066,000000000,000000000,0000.000,0000.000,0000.000,
 
001754086,000000000,000000000,0000.000,0000.000,0000.000,
 
001754106,000000000,000000000,0000.000,0000.000,0000.000,
 
001754126,000000000,000000000,0000.000,0000.000,0000.000,
 
001754146,000000000,000000000,0000.000,0000.000,0000.000,
 
001754166,000000000,000000000,0000.000,0000.000,0000.000,
 
001754186,000000000,000000000,0000.000,0000.000,0000.000,
 
001754206,000000000,000000000,0000.000,0000.000,0000.000,
 
001754226,000000000,000000000,0000.000,0000.000,0000.000,
 
001754246,000000000,000000000,0000.000,0000.000,0000.000,
 
001754266,000000000,000000000,0000.000,0000.000,0000.000,
 
001754286,000000000,000000000,0000.000,0000.000,0000.000,
 
001754306,000000000,000000000,0000.000,0000.000,0000.000,
 
001754326,000000000,000000000,0000.000,0000.000,0000.000,
 
001754346,000000000,000000000,0000.000,0000.000,0000.000,
 
001754366,000000000,000000000,0000.000,0000.000,0000.000,
 
001754386,000000000,000000000,0000.000,0000.000,0000.000,
 
001754406,000000000,000000000,0000.000,0000.000,0000.000,
 
001754426,000000000,000000000,0000.000,0000.000,0000.000,
 
001754446,000000000,000000000,0000.000,0000.000,0000.000,
 
001754466,000000000,000000000,0000.000,0000.000,0000.000,
 
001754486,000000000,000000000,0000.000,0000.000,0000.000,
 
001754506,000000000,000000000,0000.000,0000.000,0000.000,
 
001754526,000000000,000000000,0000.000,0000.000,0000.000,
 
001754546,000000000,000000000,0000.000,0000.000,0000.000,
 
001754566,000000000,000000000,0000.000,0000.000,0000.000,
 
001754586,000000000,000000000,0000.000,0000.000,0000.000,
 
001754606,000000000,000000000,0000.000,0000.000,0000.000,
 
001754626,000000000,000000000,0000.000,0000.000,0000.000,
 
001754646,000000000,000000000,0000.000,0000.000,0000.000,
 
001754666,000000000,000000000,0000.000,0000.000,0000.000,
 
001754686,000000000,000000000,0000.000,0000.000,0000.000,
 
001754706,000000000,000000000,0000.000,0000.000,0000.000,
 
001754726,000000000,000000000,0000.000,0000.000,0000.000,
 
001754746,000000000,000000000,0000.000,0000.000,0000.000,
 
001754766,000000000,000000000,0000.000,0000.000,0000.000,
 
001754786,000000000,000000000,0000.000,0000.000,0000.000,
 
001754806,000000000,000000000,0000.000,0000.000,0000.000,
 
001754826,000000000,000000000,0000.000,0000.000,0000.000,
 
001754846,000000000,000000000,0000.000,0000.000,0000.000,
 
001754866,000000000,000000000,0000.000,0000.000,0000.000,
 
001754886,000000000,000000000,0000.000,0000.000,0000.000,
 
001754906,000000000,000000000,0000.000,0000.000,0000.000,
 
001754926,000000000,000000000,0000.000,0000.000,0000.000,
 
001754946,000000000,000000000,0000.000,0000.000,0000.000,
 
001754966,000000000,000000000,0000.000,0000.000,0000.000,
 
001754986,000000000,000000000,0000.000,0000.000,0000.000,
 
001755006,000000000,000000000,0000.000,0000.000,0000.000,
 
001755026,000000000,000000000,0000.000,0000.000,0000.000,
 
001755046,000000000,000000000,0000.000,0000.000,0000.000,
 
001755066,000000000,000000000,0000.000,0000.000,0000.000,
 
001755086,000000000,000000000,0000.000,0000.000,0000.000,
 
001755106,000000000,000000000,0000.000,0000.000,0000.000,
 
001755126,000000000,000000000,0000.000,0000.000,0000.000,
 
001755146,000000000,000000000,0000.000,0000.000,0000.000,
 
001755166,000000000,000000000,0000.000,0000.000,0000.000,
 
001755186,000000000,000000000,0000.000,0000.000,0000.000,
 
001755206,000000000,000000000,0000.000,0000.000,0000.000,
 
001755226,000000000,000000000,0000.000,0000.000,0000.000,
 
001755246,000000000,000000000,0000.000,0000.000,0000.000,
 
001755266,000000000,000000000,0000.000,0000.000,0000.000,
 
001755286,000000000,000000000,0000.000,0000.000,0000.000,
 
001755306,000000000,000000000,0000.000,0000.000,0000.000,
 
001755326,000000000,000000000,0000.000,0000.000,0000.000,
 
001755346,000000000,000000000,0000.000,0000.000,0000.000,
 
001755366,000000000,000000000,0000.000,0000.000,0000.000,
 
001755386,000000000,000000000,0000.000,0000.000,0000.000,
 
001755406,000000000,000000000,0000.000,0000.000,0000.000,
 
001755426,000000000,000000000,0000.000,0000.000,0000.000,
 
001755446,000000000,000000000,0000.000,0000.000,0000.000,
 
001755466,000000000,000000000,0000.000,0000.000,0000.000,
 
001755486,000000000,000000000,0000.000,0000.000,0000.000,
 
001755506,000000000,000000000,0000.000,0000.000,0000.000,
 
001755526,000000000,000000000,0000.000,0000.000,0000.000,
 
001755546,000000000,000000000,0000.000,0000.000,0000.000,
 
001755566,000000000,000000000,0000.000,0000.000,0000.000,
 
001755586,000000000,000000000,0000.000,0000.000,0000.000,
 
001755606,000000000,000000000,0000.000,0000.000,0000.000,
 
001755626,000000000,000000000,0000.000,0000.000,0000.000,
 
001755646,000000000,000000000,0000.000,0000.000,0000.000,
 
001755666,000000000,000000000,0000.000,0000.000,0000.000,
 
001755686,000000000,000000000,0000.000,0000.000,0000.000,
 
001755706,000000000,000000000,0000.000,0000.000,0000.000,
 
001755726,000000000,000000000,0000.000,0000.000,0000.000,
 
001755746,000000000,000000000,0000.000,0000.000,0000.000,
 
001755766,000000000,000000000,0000.000,0000.000,0000.000,
 
001755786,000000000,000000000,0000.000,0000.000,0000.000,
 
001755806,000000000,000000000,0000.000,0000.000,0000.000,
 
001755826,000000000,000000000,0000.000,0000.000,0000.000,
 
001755846,000000000,000000000,0000.000,0000.000,0000.000,
 
001755866,000000000,000000000,0000.000,0000.000,0000.000,
 
001755886,000000000,000000000,0000.000,0000.000,0000.000,
 
001755906,000000000,000000000,0000.000,0000.000,0000.000,
 
001755926,000000000,000000000,0000.000,0000.000,0000.000,
 
001755946,000000000,000000000,0000.000,0000.000,0000.000,
 
001755966,000000000,000000000,0000.000,0000.000,0000.000,
 
001755986,000000000,000000000,0000.000,0000.000,0000.000,
 
001756006,000000000,000000000,0000.000,0000.000,0000.000,
 
001756026,000000000,000000000,0000.000,0000.000,0000.000,
 
001756046,000000000,000000000,0000.000,0000.000,0000.000,
 
001756066,000000000,000000000,0000.000,0000.000,0000.000,
 
001756086,000000000,000000000,0000.000,0000.000,0000.000,
 
001756106,000000000,000000000,0000.000,0000.000,0000.000,
 
001756126,000000000,000000000,0000.000,0000.000,0000.000,
 
001756146,000000000,000000000,0000.000,0000.000,0000.000,
 
001756166,000000000,000000000,0000.000,0000.000,0000.000,
 
001756186,000000000,-00000001,0000.000,0000.000,0000.000,
 
001756206,000000000,-00000007,0000.000,0000.000,0000.000,
 
001756226,000000000,-00000013,0000.000,0000.000,0000.000,
 
001756246,-00000001,-00000013,0000.000,0000.000,0000.000,
 
001756266,-00000003,-00000013,0000.000,0000.000,0000.000,
 
001756286,-00000003,-00000013,0000.000,0000.000,0000.000,
 
001756306,-00000004,-00000013,0000.000,0000.000,0000.000,
 
001756326,-00000002,-00000013,0000.000,0000.000,0000.000,
 
001756346,-00000002,-00000013,0000.000,0000.000,0000.000,
 
001756366,-00000002,-00000013,0000.000,0000.000,0000.000,
 
001756386,-00000001,-00000013,0000.000,0000.000,0000.000,
 
001756406,-00000001,-00000013,0000.000,0000.000,0000.000,
 
001756426,-00000001,-00000014,0000.000,0000.000,0000.000,
 
001756446,-00000001,-00000013,0000.000,0000.000,0000.000,
 
001756466,-00000001,-00000013,0000.000,0000.000,0000.000,
 
001756486,-00000001,-00000014,0000.000,0000.000,0000.000,
 
001756506,000000000,-00000015,0000.000,0000.000,0000.000,
 
001756526,000000000,-00000015,0000.000,0000.000,0000.000,
 
001756546,000000000,-00000016,0000.000,0000.000,0000.000,
 
001756566,000000001,-00000017,0000.000,0000.000,0000.000,
 
001756586,000000002,-00000019,0000.000,0000.000,0000.000,
 
001756606,000000001,-00000025,0000.000,0000.000,0000.000,
 
001756626,000000000,-00000025,0000.000,0000.000,0000.000,
 
001756646,000000000,-00000017,0000.000,0000.000,0000.000,
 
001756666,000000000,-00000025,0000.000,0000.000,0000.000,
 
001756686,000000000,-00000025,0000.000,0000.000,0000.000,
 
001756706,-00000001,-00000016,0000.000,0000.000,0000.000,
 
001756726,-00000001,-00000016,0000.000,0000.000,0000.000,
 
001756746,-00000001,-00000025,0000.000,0000.000,0000.000,
 
001756766,000000000,-00000018,0000.000,0000.000,0000.000,
 
001756786,000000000,-00000025,0000.000,0000.000,0000.000,
 
001756806,000000000,-00000020,0000.000,0000.000,0000.000,
 
001756826,000000000,-00000020,0000.000,0000.000,0000.000,
 
001756846,000000000,-00000025,0000.000,0000.000,0000.000,
 
001756866,-00000001,-00000022,0000.000,0000.000,0000.000,
 
001756886,-00000001,-00000025,0000.000,0000.000,0000.000,
 
001756906,-00000002,-00000025,0000.000,0000.000,0000.000,
 
001756926,000000000,-00000025,0000.000,0000.000,0000.000,
 
001756946,-00000001,-00000027,0000.000,0000.000,0000.000,
 
001756966,000000000,-00000028,0000.000,0000.000,0000.000,
 
001756986,-00000001,-00000029,0000.000,0000.000,0000.000,
 
001757006,000000000,-00000029,0000.000,0000.000,0000.000,
 
001757026,-00000001,-00000030,0000.000,0000.000,0000.000,
 
001757046,-00000001,-00000031,0000.000,0000.000,0000.000,
 
001757066,-00000001,-00000033,0000.000,0000.000,0000.000,
 
001757086,-00000001,-00000049,0000.000,0000.000,0000.000,
 
001757106,000000000,-00000033,0000.000,0000.000,0000.000,
 
001757126,000000002,-00000031,0000.000,0000.000,0000.000,
 
001757146,000000001,-00000032,0000.000,0000.000,0000.000,
 
001757166,000000000,-00000033,0000.000,0000.000,0000.000,
 
001757186,000000000,-00000032,0000.000,0000.000,0000.000,
 
001757206,000000000,-00000030,0000.000,0000.000,0000.000,
 
001757226,-00000001,-00000029,0000.000,0000.000,0000.000,
 
001757246,-00000001,-00000031,0000.000,0000.000,0000.000,
 
001757266,000000001,-00000049,0000.000,0000.000,0000.000,
 
001757286,000000002,-00000036,0000.000,0000.000,0000.000,
 
001757306,000000002,-00000049,0000.000,0000.000,0000.000,
 
001757326,000000001,-00000032,0000.000,0000.000,0000.000,
 
001757346,000000000,-00000031,0000.000,0000.000,0000.000,
 
001757366,000000000,-00000032,0000.000,0000.000,0000.000,
 
001757386,000000000,-00000032,0000.000,0000.000,0000.000,
 
001757406,000000000,-00000034,0000.000,0000.000,0000.000,
 
001757426,000000000,-00000034,0000.000,0000.000,0000.000,
 
001757446,000000000,-00000049,0000.000,0000.000,0000.000,
 
001757466,000000000,-00000033,0000.000,0000.000,0000.000,
 
001757486,000000000,-00000033,0000.000,0000.000,0000.000,
 
001757506,-00000002,-00000031,0000.000,0000.000,0000.000,
 
001757526,-00000002,-00000031,0000.000,0000.000,0000.000,
 
001757546,-00000001,-00000031,0000.000,0000.000,0000.000,
 
001757566,-00000002,-00000029,0000.000,0000.000,0000.000,
 
001757586,-00000003,-00000029,0000.000,0000.000,0000.000,
 
001757606,-00000004,-00000028,0000.000,0000.000,0000.000,
 
001757626,-00000003,-00000028,0000.000,0000.000,0000.000,
 
001757646,-00000004,-00000030,0000.000,0000.000,0000.000,
 
001757666,-00000003,-00000031,0000.000,0000.000,0000.000,
 
001757686,-00000002,-00000031,0000.000,0000.000,0000.000,
 
001757706,-00000001,-00000030,0000.000,0000.000,0000.000,
 
001757726,000000000,-00000029,0000.000,0000.000,0000.000,
 
001757746,000000000,-00000030,0000.000,0000.000,0000.000,
 
001757766,-00000002,-00000032,0000.000,0000.000,0000.000,
 
001757786,-00000001,-00000032,0000.000,0000.000,0000.000,
 
001757806,000000000,-00000032,0000.000,0000.000,0000.000,
 
001757826,-00000001,-00000032,0000.000,0000.000,0000.000,
 
001757846,-00000001,-00000032,0000.000,0000.000,0000.000,
 
001757866,-00000001,-00000029,0000.000,0000.000,0000.000,
 
001757886,-00000002,-00000029,0000.000,0000.000,0000.000,
 
001757906,-00000004,-00000026,0000.000,0000.000,0000.000,
 
001757926,-00000004,-00000026,0000.000,0000.000,0000.000,
 
001757946,-00000003,-00000025,0000.000,0000.000,0000.000,
 
001757966,-00000004,-00000024,0000.000,0000.000,0000.000,
 
001757986,-00000003,-00000025,0000.000,0000.000,0000.000,
 
001758006,-00000003,-00000025,0000.000,0000.000,0000.000,
 
001758026,-00000004,-00000024,0000.000,0000.000,0000.000,
 
001758046,-00000004,-00000025,0000.000,0000.000,0000.000,
 
001758066,-00000004,-00000026,0000.000,0000.000,0000.000,
 
001758086,-00000004,-00000027,0000.000,0000.000,0000.000,
 
001758106,-00000003,-00000030,0000.000,0000.000,0000.000,
 
001758126,-00000002,-00000032,0000.000,0000.000,0000.000,
 
001758146,-00000002,-00000032,0000.000,0000.000,0000.000,
 
001758166,-00000004,-00000032,0000.000,0000.000,0000.000,
 
001758186,-00000002,-00000049,0000.000,0000.000,0000.000,
 
001758206,-00000002,-00000049,0000.000,0000.000,0000.000,
 
001758226,-00000002,-00000033,0000.000,0000.000,0000.000,
 
001758246,-00000002,-00000049,0000.000,0000.000,0000.000,
 
001758266,-00000002,-00000035,0000.000,0000.000,0000.000,
 
001758286,000000000,-00000035,0000.000,0000.000,0000.000,
 
001758306,000000000,-00000049,0000.000,0000.000,0000.000,
 
001758326,000000000,-00000035,0000.000,0000.000,0000.000,
 
001758346,000000000,-00000049,0000.000,0000.000,0000.000,
 
001758366,-00000001,-00000049,0000.000,0000.000,0000.000,
 
001758386,-00000001,-00000039,0000.000,0000.000,0000.000,
 
001758406,000000000,-00000049,0000.000,0000.000,0000.000,
 
001758426,-00000001,-00000038,0000.000,0000.000,0000.000,
 
001758446,-00000001,-00000039,0000.000,0000.000,0000.000,
 
001758466,000000000,-00000049,0000.000,0000.000,0000.000,
 
001758486,000000000,-00000041,0000.000,0000.000,0000.000,
 
001758506,000000002,-00000049,0000.000,0000.000,0000.000,
 
001758526,000000003,-00000040,0000.000,0000.000,0000.000,
 
001758546,000000004,-00000042,0000.000,0000.000,0000.000,
 
001758566,000000004,-00000049,0000.000,0000.000,0000.000,
 
001758586,000000002,-00000043,0000.000,0000.000,0000.000,
 
001758606,000000001,-00000044,0000.000,0000.000,0000.000,
 
001758626,000000000,-00000049,0000.000,0000.000,0000.000,
 
001758646,000000000,-00000044,0000.000,0000.000,0000.000,
 
001758666,000000002,-00000041,0000.000,0000.000,0000.000,
 
001758686,000000002,-00000049,0000.000,0000.000,0000.000,
 
001758706,000000001,-00000041,0000.000,0000.000,0000.000,
 
001758726,000000001,-00000039,0000.000,0000.000,0000.000,
 
001758746,000000000,-00000049,0000.000,0000.000,0000.000,
 
001758766,000000001,-00000038,0000.000,0000.000,0000.000,
 
001758786,000000001,-00000038,0000.000,0000.000,0000.000,
 
001758806,000000001,-00000049,0000.000,0000.000,0000.000,
 
001758826,000000001,-00000043,0000.000,0000.000,0000.000,
 
001758846,000000000,-00000044,0000.000,0000.000,0000.000,
 
001758866,000000000,-00000049,0000.000,0000.000,0000.000,
 
001758886,000000000,-00000042,0000.000,0000.000,0000.000,
 
001758906,000000000,-00000042,0000.000,0000.000,0000.000,
 
001758926,000000000,-00000049,0000.000,0000.000,0000.000,
 
001758946,000000001,-00000044,0000.000,0000.000,0000.000,
 
001758966,000000000,-00000043,0000.000,0000.000,0000.000,
 
001758986,000000000,-00000049,0000.000,0000.000,0000.000,
 
001759006,-00000001,-00000040,0000.000,0000.000,0000.000,
 
001759026,-00000001,-00000039,0000.000,0000.000,0000.000,
 
001759046,-00000002,-00000049,0000.000,0000.000,0000.000,
 
001759066,-00000001,-00000041,0000.000,0000.000,0000.000,
 
001759086,-00000001,-00000040,0000.000,0000.000,0000.000,
 
001759106,-00000002,-00000049,0000.000,0000.000,0000.000,
 
001759126,-00000003,-00000049,0000.000,0000.000,0000.000,
 
001759146,-00000002,-00000042,0000.000,0000.000,0000.000,
 
001759166,-00000003,-00000049,0000.000,0000.000,0000.000,
 
001759186,-00000003,-00000049,0000.000,0000.000,0000.000,
 
001759206,-00000002,-00000042,0000.000,0000.000,0000.000,
 
001759226,-00000001,-00000044,0000.000,0000.000,0000.000,
 
001759246,-00000001,-00000049,0000.000,0000.000,0000.000,
 
001759266,000000000,-00000047,0000.000,0000.000,0000.000,
 
001759286,-00000001,-00000045,0000.000,0000.000,0000.000,
 
001759306,-00000001,-00000049,0000.000,0000.000,0000.000,
 
001759326,-00000001,-00000045,0000.000,0000.000,0000.000,
 
001759346,-00000002,-00000046,0000.000,0000.000,0000.000,
 
001759366,000000000,-00000049,0000.000,0000.000,0000.000,
 
001759386,000000000,-00000049,0000.000,0000.000,0000.000,
 
001759406,-00000001,-00000043,0000.000,0000.000,0000.000,
 
001759426,000000000,-00000043,0000.000,0000.000,0000.000,
 
001759446,-00000001,-00000049,0000.000,0000.000,0000.000,
 
001759466,-00000001,-00000049,0000.000,0000.000,0000.000,
 
001759486,-00000002,-00000049,0000.000,0000.000,0000.000,
 
001759506,-00000004,-00000053,0000.000,0000.000,0000.000,
 
001759526,-00000005,-00000055,0000.000,0000.000,0000.000,
 
001759546,-00000007,-00000055,0000.000,0000.000,0000.000,
 
001759566,-00000007,-00000054,0000.000,0000.000,0000.000,
 
001759586,-00000004,-00000052,0000.000,0000.000,0000.000,
 
001759606,-00000001,-00000049,0000.000,0000.000,0000.000,
 
001759626,000000000,-00000043,0000.000,0000.000,0000.000,
 
001759646,000000001,-00000038,0000.000,0000.000,0000.000,
 
001759666,000000001,-00000049,0000.000,0000.000,0000.000,
 
001759686,000000000,-00000032,0000.000,0000.000,0000.000,
 
001759706,000000000,-00000029,0000.000,0000.000,0000.000,
 
001759726,000000001,-00000025,0000.000,0000.000,0000.000,
 
001759746,000000001,-00000025,0000.000,0000.000,0000.000,
 
001759766,000000002,-00000025,0000.000,0000.000,0000.000,
 
001759786,000000001,-00000023,0000.000,0000.000,0000.000,
 
001759806,000000002,-00000025,0000.000,0000.000,0000.000,
 
001759826,000000001,-00000025,0000.000,0000.000,0000.000,
 
001759846,000000001,-00000025,0000.000,0000.000,0000.000,
 
001759866,000000001,-00000030,0000.000,0000.000,0000.000,
 
001759886,000000002,-00000033,0000.000,0000.000,0000.000,
 
001759906,000000002,-00000049,0000.000,0000.000,0000.000,
 
001759926,000000001,-00000049,0000.000,0000.000,0000.000,
 
001759946,000000000,-00000036,0000.000,0000.000,0000.000,
 
001759966,000000000,-00000036,0000.000,0000.000,0000.000,
 
001759986,-00000001,-00000049,0000.000,0000.000,0000.000,
 
001760006,-00000002,-00000049,0000.000,0000.000,0000.000,
 
001760026,-00000004,-00000042,0000.000,0000.000,0000.000,
 
001760046,-00000002,-00000043,0000.000,0000.000,0000.000,
 
001760066,000000000,-00000045,0000.000,0000.000,0000.000,
 
001760086,000000000,-00000049,0000.000,0000.000,0000.000,
 
001760106,-00000002,-00000049,0000.000,0000.000,0000.000,
 
001760126,-00000001,-00000050,0000.000,0000.000,0000.000,
 
001760146,-00000001,-00000050,0000.000,0000.000,0000.000,
 
001760166,000000000,-00000049,0000.000,0000.000,0000.000,
 
001760186,000000000,-00000049,0000.000,0000.000,0000.000,
 
001760206,-00000001,-00000045,0000.000,0000.000,0000.000,
 
001760226,-00000002,-00000043,0000.000,0000.000,0000.000,
 
001760246,-00000001,-00000049,0000.000,0000.000,0000.000,
 
001760266,-00000001,-00000049,0000.000,0000.000,0000.000,
 
001760286,-00000002,-00000040,0000.000,0000.000,0000.000,
 
001760306,-00000001,-00000040,0000.000,0000.000,0000.000,
 
001760326,-00000001,-00000038,0000.000,0000.000,0000.000,
 
001760346,-00000001,-00000049,0000.000,0000.000,0000.000,
 
001760366,000000000,-00000049,0000.000,0000.000,0000.000,
 
001760386,-00000001,-00000038,0000.000,0000.000,0000.000,
 
001760406,-00000002,-00000039,0000.000,0000.000,0000.000,
 
001760426,-00000002,-00000038,0000.000,0000.000,0000.000,
 
001760446,-00000002,-00000049,0000.000,0000.000,0000.000,
 
001760466,-00000001,-00000049,0000.000,0000.000,0000.000,
 
001760486,-00000001,-00000034,0000.000,0000.000,0000.000,
 
001760506,-00000001,-00000034,0000.000,0000.000,0000.000,
 
001760526,-00000002,-00000049,0000.000,0000.000,0000.000,
 
001760546,-00000003,-00000049,0000.000,0000.000,0000.000,
 
001760566,-00000002,-00000049,0000.000,0000.000,0000.000,
 
001760586,000000000,-00000036,0000.000,0000.000,0000.000,
 
001760606,-00000001,-00000037,0000.000,0000.000,0000.000,
 
001760626,-00000001,-00000049,0000.000,0000.000,0000.000,
 
001760646,-00000001,-00000049,0000.000,0000.000,0000.000,
 
001760666,-00000001,-00000049,0000.000,0000.000,0000.000,
 
001760686,-00000004,-00000043,0000.000,0000.000,0000.000,
 
001760706,-00000002,-00000045,0000.000,0000.000,0000.000,
 
001760726,-00000001,-00000044,0000.000,0000.000,0000.000,
 
001760746,000000000,-00000049,0000.000,0000.000,0000.000,
 
001760766,000000000,-00000049,0000.000,0000.000,0000.000,
 
001760786,000000000,-00000045,0000.000,0000.000,0000.000,
 
001760806,-00000002,-00000043,0000.000,0000.000,0000.000,
 
001760826,-00000002,-00000042,0000.000,0000.000,0000.000,
 
001760846,-00000002,-00000049,0000.000,0000.000,0000.000,
 
001760866,-00000002,-00000049,0000.000,0000.000,0000.000,
 
001760886,-00000003,-00000049,0000.000,0000.000,0000.000,
 
001760906,-00000001,-00000047,0000.000,0000.000,0000.000,
 
001760926,000000000,-00000047,0000.000,0000.000,0000.000,
 
001760946,000000000,-00000047,0000.000,0000.000,0000.000,
 
001760966,-00000001,-00000049,0000.000,0000.000,0000.000,
 
001760986,-00000001,-00000049,0000.000,0000.000,0000.000,
 
001761006,-00000002,-00000049,0000.000,0000.000,0000.000,
 
001761026,-00000004,-00000046,0000.000,0000.000,0000.000,
 
001761046,-00000002,-00000044,0000.000,0000.000,0000.000,
 
001761066,-00000004,-00000045,0000.000,0000.000,0000.000,
 
001761086,-00000003,-00000049,0000.000,0000.000,0000.000,
 
001761106,-00000003,-00000049,0000.000,0000.000,0000.000,
 
001761126,-00000002,-00000049,0000.000,0000.000,0000.000,
 
001761146,-00000002,-00000043,0000.000,0000.000,0000.000,
 
001761166,-00000004,-00000043,0000.000,0000.000,0000.000,
 
001761186,-00000004,-00000044,0000.000,0000.000,0000.000,
 
001761206,-00000003,-00000049,0000.000,0000.000,0000.000,
 
001761226,-00000002,-00000049,0000.000,0000.000,0000.000,
 
001761246,-00000001,-00000049,0000.000,0000.000,0000.000,
 
001761266,000000000,-00000049,0000.000,0000.000,0000.000,
 
001761286,-00000001,-00000043,0000.000,0000.000,0000.000,
 
001761306,000000000,-00000041,0000.000,0000.000,0000.000,
 
001761326,000000000,-00000039,0000.000,0000.000,0000.000,
 
001761346,000000002,-00000040,0000.000,0000.000,0000.000,
 
001761366,000000001,-00000049,0000.000,0000.000,0000.000,
 
001761386,000000000,-00000049,0000.000,0000.000,0000.000,
 
001761406,000000000,-00000049,0000.000,0000.000,0000.000,
 
001761426,000000000,-00000034,0000.000,0000.000,0000.000,
 
001761446,000000001,-00000036,0000.000,0000.000,0000.000,
 
001761466,000000000,-00000036,0000.000,0000.000,0000.000,
 
001761486,000000000,-00000036,0000.000,0000.000,0000.000,
 
001761506,000000000,-00000049,0000.000,0000.000,0000.000,
 
001761526,000000001,-00000049,0000.000,0000.000,0000.000,
 
001761546,000000000,-00000049,0000.000,0000.000,0000.000,
 
001761566,-00000004,-00000040,0000.000,0000.000,0000.000,
 
001761586,-00000004,-00000040,0000.000,0000.000,0000.000,
 
001761606,-00000004,-00000040,0000.000,0000.000,0000.000,
 
001761626,-00000004,-00000038,0000.000,0000.000,0000.000,
 
001761646,-00000003,-00000049,0000.000,0000.000,0000.000,
 
001761666,-00000004,-00000049,0000.000,0000.000,0000.000,
 
001761686,-00000004,-00000049,0000.000,0000.000,0000.000,
 
001761706,-00000007,-00000037,0000.000,0000.000,0000.000,
 
001761726,-00000007,-00000039,0000.000,0000.000,0000.000,
 
001761746,-00000007,-00000039,0000.000,0000.000,0000.000,
 
001761766,-00000004,-00000040,0000.000,0000.000,0000.000,
 
001761786,-00000004,-00000043,0000.000,0000.000,0000.000,
 
001761806,-00000004,-00000044,0000.000,0000.000,0000.000,
 
001761826,-00000004,-00000049,0000.000,0000.000,0000.000,
 
001761846,-00000006,-00000049,0000.000,0000.000,0000.000,
 
001761866,-00000006,-00000049,0000.000,0000.000,0000.000,
 
001761886,-00000007,-00000039,0000.000,0000.000,0000.000,
 
001761906,-00000007,-00000037,0000.000,0000.000,0000.000,
 
001761926,-00000007,-00000036,0000.000,0000.000,0000.000,
 
001761946,-00000004,-00000039,0000.000,0000.000,0000.000,
 
001761966,-00000004,-00000039,0000.000,0000.000,0000.000,
 
001761986,-00000003,-00000049,0000.000,0000.000,0000.000,
 
001762006,-00000002,-00000049,0000.000,0000.000,0000.000,
 
001762026,-00000001,-00000049,0000.000,0000.000,0000.000,
 
001762046,-00000002,-00000049,0000.000,0000.000,0000.000,
 
001762066,-00000002,-00000034,0000.000,0000.000,0000.000,
 
001762086,-00000002,-00000034,0000.000,0000.000,0000.000,
 
001762106,-00000002,-00000036,0000.000,0000.000,0000.000,
 
001762126,-00000001,-00000036,0000.000,0000.000,0000.000,
 
001762146,000000000,-00000049,0000.000,0000.000,0000.000,
 
001762166,000000001,-00000049,0000.000,0000.000,0000.000,
 
001762186,000000000,-00000049,0000.000,0000.000,0000.000,
 
001762206,000000000,-00000049,0000.000,0000.000,0000.000,
 
001762226,-00000001,-00000035,0000.000,0000.000,0000.000,
 
001762246,-00000001,-00000033,0000.000,0000.000,0000.000,
 
001762266,-00000001,-00000032,0000.000,0000.000,0000.000,
 
001762286,-00000001,-00000031,0000.000,0000.000,0000.000,
 
001762306,-00000001,-00000029,0000.000,0000.000,0000.000,
 
001762326,-00000001,-00000029,0000.000,0000.000,0000.000,
 
001762346,000000000,-00000030,0000.000,0000.000,0000.000,
 
001762366,000000000,-00000031,0000.000,0000.000,0000.000,
 
001762386,000000000,-00000031,0000.000,0000.000,0000.000,
 
001762406,000000001,-00000032,0000.000,0000.000,0000.000,
 
001762426,000000000,-00000031,0000.000,0000.000,0000.000,
 
001762446,000000000,-00000031,0000.000,0000.000,0000.000,
 
001762466,-00000001,-00000031,0000.000,0000.000,0000.000,
 
001762486,-00000002,-00000030,0000.000,0000.000,0000.000,
 
001762506,000000000,-00000030,0000.000,0000.000,0000.000,
 
001762526,-00000001,-00000029,0000.000,0000.000,0000.000,
 
001762546,-00000001,-00000029,0000.000,0000.000,0000.000,
 
001762566,000000000,-00000029,0000.000,0000.000,0000.000,
 
001762586,000000000,-00000027,0000.000,0000.000,0000.000,
 
001762606,000000000,-00000028,0000.000,0000.000,0000.000,
 
001762626,000000000,-00000025,0000.000,0000.000,0000.000,
 
001762646,-00000001,-00000025,0000.000,0000.000,0000.000,
 
001762666,-00000002,-00000025,0000.000,0000.000,0000.000,
 
001762686,-00000001,-00000025,0000.000,0000.000,0000.000,
 
001762706,000000000,-00000025,0000.000,0000.000,0000.000,
 
001762726,000000000,-00000014,0000.000,0000.000,0000.000,
 
001762746,000000000,-00000013,0000.000,0000.000,0000.000,
 
001762766,-00000001,-00000013,0000.000,0000.000,0000.000,
 
001762786,000000000,-00000010,0000.000,0000.000,0000.000,
 
001762806,-00000001,-00000013,0000.000,0000.000,0000.000,
 
001762826,-00000001,-00000013,0000.000,0000.000,0000.000,
 
001762846,-00000001,-00000013,0000.000,0000.000,0000.000,
 
001762866,-00000002,-00000013,0000.000,0000.000,0000.000,
 
001762886,-00000002,-00000014,0000.000,0000.000,0000.000,
 
001762906,-00000002,-00000016,0000.000,0000.000,0000.000,
 
001762926,-00000002,-00000016,0000.000,0000.000,0000.000,
 
001762946,-00000002,-00000016,0000.000,0000.000,0000.000,
 
001762966,-00000002,-00000017,0000.000,0000.000,0000.000,
 
001762986,-00000004,-00000013,0000.000,0000.000,0000.000,
 
001763006,-00000001,-00000013,0000.000,0000.000,0000.000,
 
001763026,-00000001,-00000008,0000.000,0000.000,0000.000,
 
001763046,000000000,-00000008,0000.000,0000.000,0000.000,
 
001763066,-00000001,-00000007,0000.000,0000.000,0000.000,
 
001763086,-00000001,-00000007,0000.000,0000.000,0000.000,
 
001763106,000000000,-00000004,0000.000,0000.000,0000.000,
 
001763126,-00000001,-00000004,0000.000,0000.000,0000.000,
 
001763146,000000000,-00000004,0000.000,0000.000,0000.000,
 
001763166,000000000,-00000004,0000.000,0000.000,0000.000,
 
001763186,000000000,-00000004,0000.000,0000.000,0000.000,
 
001763206,000000000,-00000002,0000.000,0000.000,0000.000,
 
001763226,000000000,-00000002,0000.000,0000.000,0000.000,
 
001763246,000000000,-00000001,0000.000,0000.000,0000.000,
 
001763266,000000000,000000000,0000.000,0000.000,0000.000,
 
001763286,000000000,000000000,0000.000,0000.000,0000.000,
 
001763306,000000000,000000000,0000.000,0000.000,0000.000,
 
001763326,000000000,000000000,0000.000,0000.000,0000.000,
 
001763346,000000000,000000000,0000.000,0000.000,0000.000,
 
001763366,000000000,000000000,0000.000,0000.000,0000.000,
 
001763386,000000000,000000000,0000.000,0000.000,0000.000,
 
001763406,000000000,000000000,0000.000,0000.000,0000.000,
 
001763426,000000000,000000000,0000.000,0000.000,0000.000,
 
001763446,000000000,000000000,0000.000,0000.000,0000.000,
 
001763466,000000000,000000000,0000.000,0000.000,0000.000,
 
001763486,000000000,000000000,0000.000,0000.000,0000.000,
 
001763506,000000000,000000000,0000.000,0000.000,0000.000,
 
001763526,000000000,000000000,0000.000,0000.000,0000.000,
 
001763546,000000000,000000000,0000.000,0000.000,0000.000,
 
001763566,000000000,000000000,0000.000,0000.000,0000.000,
 
001763586,000000000,000000000,0000.000,0000.000,0000.000,
 
001763606,000000000,000000000,0000.000,0000.000,0000.000,
 
001763626,000000000,000000000,0000.000,0000.000,0000.000,
 
001763646,000000000,000000000,0000.000,0000.000,0000.000,
 
001763666,000000000,000000000,0000.000,0000.000,0000.000,
 
001763686,000000000,000000000,0000.000,0000.000,0000.000,
 
001763706,000000000,000000000,0000.000,0000.000,0000.000,
 
001763726,000000000,000000000,0000.000,0000.000,0000.000,
 
001763746,000000000,000000000,0000.000,0000.000,0000.000,
 
001763766,000000000,000000000,0000.000,0000.000,0000.000,
 
001763786,000000000,000000000,0000.000,0000.000,0000.000,
 
001763806,000000000,000000000,0000.000,0000.000,0000.000,
 
001763826,000000000,000000000,0000.000,0000.000,0000.000,
 
001763846,000000000,000000000,0000.000,0000.000,0000.000,
 
001763866,000000000,000000000,0000.000,0000.000,0000.000,
 
001763886,000000000,000000000,0000.000,0000.000,0000.000,
 
001763906,000000000,000000000,0000.000,0000.000,0000.000,
 
001763926,000000000,000000000,0000.000,0000.000,0000.000,
 
001763946,000000000,000000000,0000.000,0000.000,0000.000,
 
001763966,000000000,000000000,0000.000,0000.000,0000.000,
 
001763986,000000000,000000000,0000.000,0000.000,0000.000,
 
001764006,000000000,000000000,0000.000,0000.000,0000.000,
 
001764026,000000000,000000000,0000.000,0000.000,0000.000,
 
001764046,000000000,000000000,0000.000,0000.000,0000.000,
 
001764066,000000000,000000000,0000.000,0000.000,0000.000,
 
001764086,000000000,000000000,0000.000,0000.000,0000.000,
 
001764106,000000000,000000000,0000.000,0000.000,0000.000,
 
001764126,000000000,000000000,0000.000,0000.000,0000.000,
 
001764146,000000000,000000000,0000.000,0000.000,0000.000,
 
001764166,000000000,000000000,0000.000,0000.000,0000.000,
 
001764186,000000000,000000000,0000.000,0000.000,0000.000,
 
001764206,000000000,000000000,0000.000,0000.000,0000.000,
 
001764226,000000000,000000000,0000.000,0000.000,0000.000,
 
001764246,000000000,000000000,0000.000,0000.000,0000.000,
 
001764266,000000000,000000000,0000.000,0000.000,0000.000,
 
