000256326,-00006241,-00001625,0000.000,0000.000,0000.000,
 
000256345,000000000,000000000,0000.000,0000.000,0000.000,
 
000256365,000000000,000000000,0000.000,0000.000,0000.000,
 
000256385,000000000,000000000,0000.000,0000.000,0000.000,
 
000256405,000000000,000000000,0000.000,0000.000,0000.000,
 
000256425,000000000,000000000,0000.000,0000.000,0000.000,
 
000256445,000000000,000000000,0000.000,0000.000,0000.000,
 
000256465,000000000,000000000,0000.000,0000.000,0000.000,
 
000256485,000000000,000000000,0000.000,0000.000,0000.000,
 
000256505,000000000,000000000,0000.000,0000.000,0000.000,
 
000256525,000000000,000000000,0000.000,0000.000,0000.000,
 
000256545,000000000,000000000,0000.000,0000.000,0000.000,
 
000256565,000000000,000000000,0000.000,0000.000,0000.000,
 
000256585,000000000,000000000,0000.000,0000.000,0000.000,
 
000256605,000000000,000000000,0000.000,0000.000,0000.000,
 
000256625,000000000,000000000,0000.000,0000.000,0000.000,
 
000256645,000000000,000000000,0000.000,0000.000,0000.000,
 
000256665,000000000,000000000,0000.000,0000.000,0000.000,
 
000256685,000000000,000000000,0000.000,0000.000,0000.000,
 
000256705,000000000,000000000,0000.000,0000.000,0000.000,
 
000256725,000000000,000000000,0000.000,0000.000,0000.000,
 
000256745,000000000,000000000,0000.000,0000.000,0000.000,
 
000256765,000000000,000000000,0000.000,0000.000,0000.000,
 
000256785,000000000,000000000,0000.000,0000.000,0000.000,
 
000256805,000000000,000000000,0000.000,0000.000,0000.000,
 
000256825,000000000,000000000,0000.000,0000.000,0000.000,
 
000256845,000000000,000000000,0000.000,0000.000,0000.000,
 
000256865,000000000,000000000,0000.000,0000.000,0000.000,
 
000256885,000000000,000000000,0000.000,0000.000,0000.000,
 
000256905,000000000,000000000,0000.000,0000.000,0000.000,
 
000256925,000000000,000000000,0000.000,0000.000,0000.000,
 
000256945,000000000,000000000,0000.000,0000.000,0000.000,
 
000256965,000000000,000000000,0000.000,0000.000,0000.000,
 
000256985,000000000,000000000,0000.000,0000.000,0000.000,
 
000257005,000000000,000000000,0000.000,0000.000,0000.000,
 
000257025,000000000,000000000,0000.000,0000.000,0000.000,
 
000257045,000000000,000000000,0000.000,0000.000,0000.000,
 
000257065,000000000,000000000,0000.000,0000.000,0000.000,
 
000257085,000000000,000000000,0000.000,0000.000,0000.000,
 
000257105,000000000,000000000,0000.000,0000.000,0000.000,
 
000257125,000000000,000000000,0000.000,0000.000,0000.000,
 
000257145,000000000,000000000,0000.000,0000.000,0000.000,
 
000257165,000000000,000000000,0000.000,0000.000,0000.000,
 
000257185,000000000,000000000,0000.000,0000.000,0000.000,
 
000257205,000000000,000000000,0000.000,0000.000,0000.000,
 
000257225,000000000,000000000,0000.000,0000.000,0000.000,
 
000257245,000000000,000000000,0000.000,0000.000,0000.000,
 
000257265,000000000,000000000,0000.000,0000.000,0000.000,
 
000257285,000000000,000000000,0000.000,0000.000,0000.000,
 
000257305,000000000,000000000,0000.000,0000.000,0000.000,
 
000257325,000000000,000000000,0000.000,0000.000,0000.000,
 
000257345,000000000,000000000,0000.000,0000.000,0000.000,
 
000257365,000000000,000000000,0000.000,0000.000,0000.000,
 
000257385,000000000,000000000,0000.000,0000.000,0000.000,
 
000257405,000000000,000000000,0000.000,0000.000,0000.000,
 
000257425,000000000,000000000,0000.000,0000.000,0000.000,
 
000257445,000000000,000000000,0000.000,0000.000,0000.000,
 
000257465,000000000,000000000,0000.000,0000.000,0000.000,
 
000257485,000000000,000000000,0000.000,0000.000,0000.000,
 
000257505,000000000,000000000,0000.000,0000.000,0000.000,
 
000257525,000000000,000000000,0000.000,0000.000,0000.000,
 
000257545,000000000,000000000,0000.000,0000.000,0000.000,
 
000257565,000000000,000000000,0000.000,0000.000,0000.000,
 
000257585,000000000,000000000,0000.000,0000.000,0000.000,
 
000257605,000000000,000000000,0000.000,0000.000,0000.000,
 
000257625,000000000,000000000,0000.000,0000.000,0000.000,
 
000257645,000000000,000000000,0000.000,0000.000,0000.000,
 
000257665,000000000,000000000,0000.000,0000.000,0000.000,
 
000257685,000000000,000000000,0000.000,0000.000,0000.000,
 
000257705,000000000,000000000,0000.000,0000.000,0000.000,
 
000257725,000000000,000000000,0000.000,0000.000,0000.000,
 
000257745,000000000,000000000,0000.000,0000.000,0000.000,
 
000257765,000000000,000000000,0000.000,0000.000,0000.000,
 
000257785,000000000,000000000,0000.000,0000.000,0000.000,
 
000257805,000000000,000000000,0000.000,0000.000,0000.000,
 
000257825,000000000,000000000,0000.000,0000.000,0000.000,
 
000257845,000000000,000000000,0000.000,0000.000,0000.000,
 
000257865,000000000,000000000,0000.000,0000.000,0000.000,
 
000257885,000000000,000000000,0000.000,0000.000,0000.000,
 
000257905,000000000,000000000,0000.000,0000.000,0000.000,
 
000257925,000000000,000000000,0000.000,0000.000,0000.000,
 
000257945,000000000,000000000,0000.000,0000.000,0000.000,
 
000257965,000000000,000000000,0000.000,0000.000,0000.000,
 
000257985,000000000,000000000,0000.000,0000.000,0000.000,
 
000258005,000000000,000000000,0000.000,0000.000,0000.000,
 
000258025,000000000,000000000,0000.000,0000.000,0000.000,
 
000258045,000000000,000000000,0000.000,0000.000,0000.000,
 
000258065,000000000,000000000,0000.000,0000.000,0000.000,
 
000258085,000000000,000000000,0000.000,0000.000,0000.000,
 
000258105,000000000,000000000,0000.000,0000.000,0000.000,
 
000258125,000000000,000000000,0000.000,0000.000,0000.000,
 
000258145,000000000,000000000,0000.000,0000.000,0000.000,
 
000258165,000000000,000000000,0000.000,0000.000,0000.000,
 
000258185,000000000,000000000,0000.000,0000.000,0000.000,
 
000258205,000000000,000000000,0000.000,0000.000,0000.000,
 
000258225,000000000,000000000,0000.000,0000.000,0000.000,
 
000258245,000000000,000000000,0000.000,0000.000,0000.000,
 
000258265,000000000,000000000,0000.000,0000.000,0000.000,
 
000258285,000000000,000000000,0000.000,0000.000,0000.000,
 
000258305,000000000,000000000,0000.000,0000.000,0000.000,
 
000258325,000000000,000000000,0000.000,0000.000,0000.000,
 
000258345,000000000,000000000,0000.000,0000.000,0000.000,
 
000258365,000000000,000000000,0000.000,0000.000,0000.000,
 
000258385,000000000,000000000,0000.000,0000.000,0000.000,
 
000258405,000000000,000000000,0000.000,0000.000,0000.000,
 
000258425,000000000,000000000,0000.000,0000.000,0000.000,
 
000258445,000000000,000000000,0000.000,0000.000,0000.000,
 
000258465,000000000,000000000,0000.000,0000.000,0000.000,
 
000258485,000000000,000000000,0000.000,0000.000,0000.000,
 
000258505,000000000,000000000,0000.000,0000.000,0000.000,
 
000258525,000000000,000000000,0000.000,0000.000,0000.000,
 
000258545,000000000,000000000,0000.000,0000.000,0000.000,
 
000258565,000000000,000000000,0000.000,0000.000,0000.000,
 
000258585,000000000,000000000,0000.000,0000.000,0000.000,
 
000258605,000000000,000000000,0000.000,0000.000,0000.000,
 
000258625,000000000,000000000,0000.000,0000.000,0000.000,
 
000258645,000000000,000000000,0000.000,0000.000,0000.000,
 
000258665,000000000,000000000,0000.000,0000.000,0000.000,
 
000258685,000000000,000000000,0000.000,0000.000,0000.000,
 
000258705,000000000,000000000,0000.000,0000.000,0000.000,
 
000258725,000000000,000000000,0000.000,0000.000,0000.000,
 
000258745,000000000,000000000,0000.000,0000.000,0000.000,
 
000258765,000000000,000000000,0000.000,0000.000,0000.000,
 
000258785,000000000,000000000,0000.000,0000.000,0000.000,
 
000258805,000000000,000000000,0000.000,0000.000,0000.000,
 
000258825,000000000,000000000,0000.000,0000.000,0000.000,
 
000258845,000000000,000000000,0000.000,0000.000,0000.000,
 
000258865,000000000,-00000002,0000.000,0000.000,0000.000,
 
000258885,000000000,-00000006,0000.000,0000.000,0000.000,
 
000258905,000000000,-00000013,0000.000,0000.000,0000.000,
 
000258925,-00000001,-00000020,0000.000,0000.000,0000.000,
 
000258945,-00000002,-00000028,0000.000,0000.000,0000.000,
 
000258965,-00000003,-00000049,0000.000,0000.000,0000.000,
 
000258985,-00000005,-00000049,0000.000,0000.000,0000.000,
 
000259005,-00000005,-00000049,0000.000,0000.000,0000.000,
 
000259025,-00000003,-00000043,0000.000,0000.000,0000.000,
 
000259045,-00000002,-00000043,0000.000,0000.000,0000.000,
 
000259065,-00000002,-00000042,0000.000,0000.000,0000.000,
 
000259085,000000000,-00000043,0000.000,0000.000,0000.000,
 
000259105,-00000001,-00000049,0000.000,0000.000,0000.000,
 
000259125,-00000001,-00000049,0000.000,0000.000,0000.000,
 
000259145,-00000001,-00000047,0000.000,0000.000,0000.000,
 
000259165,000000000,-00000046,0000.000,0000.000,0000.000,
 
000259185,000000001,-00000044,0000.000,0000.000,0000.000,
 
000259205,000000000,-00000049,0000.000,0000.000,0000.000,
 
000259225,000000000,-00000049,0000.000,0000.000,0000.000,
 
000259245,000000001,-00000049,0000.000,0000.000,0000.000,
 
000259265,000000000,-00000052,0000.000,0000.000,0000.000,
 
000259285,000000001,-00000053,0000.000,0000.000,0000.000,
 
000259305,000000002,-00000053,0000.000,0000.000,0000.000,
 
000259325,000000002,-00000054,0000.000,0000.000,0000.000,
 
000259345,000000001,-00000057,0000.000,0000.000,0000.000,
 
000259365,000000002,-00000055,0000.000,0000.000,0000.000,
 
000259385,000000002,-00000055,0000.000,0000.000,0000.000,
 
000259405,000000003,-00000057,0000.000,0000.000,0000.000,
 
000259425,000000001,-00000057,0000.000,0000.000,0000.000,
 
000259445,000000000,-00000053,0000.000,0000.000,0000.000,
 
000259465,000000000,-00000051,0000.000,0000.000,0000.000,
 
000259485,000000001,-00000049,0000.000,0000.000,0000.000,
 
000259505,000000001,-00000050,0000.000,0000.000,0000.000,
 
000259525,000000001,-00000048,0000.000,0000.000,0000.000,
 
000259545,000000001,-00000046,0000.000,0000.000,0000.000,
 
000259565,000000001,-00000044,0000.000,0000.000,0000.000,
 
000259585,000000002,-00000044,0000.000,0000.000,0000.000,
 
000259605,000000002,-00000045,0000.000,0000.000,0000.000,
 
000259625,000000004,-00000049,0000.000,0000.000,0000.000,
 
000259645,000000001,-00000046,0000.000,0000.000,0000.000,
 
000259665,000000000,-00000045,0000.000,0000.000,0000.000,
 
000259685,000000000,-00000049,0000.000,0000.000,0000.000,
 
000259705,000000000,-00000044,0000.000,0000.000,0000.000,
 
000259725,000000002,-00000044,0000.000,0000.000,0000.000,
 
000259745,000000001,-00000043,0000.000,0000.000,0000.000,
 
000259765,000000002,-00000042,0000.000,0000.000,0000.000,
 
000259785,000000002,-00000049,0000.000,0000.000,0000.000,
 
000259805,000000001,-00000042,0000.000,0000.000,0000.000,
 
000259825,000000000,-00000043,0000.000,0000.000,0000.000,
 
000259845,000000000,-00000044,0000.000,0000.000,0000.000,
 
000259865,000000000,-00000044,0000.000,0000.000,0000.000,
 
000259885,000000002,-00000049,0000.000,0000.000,0000.000,
 
000259905,000000002,-00000042,0000.000,0000.000,0000.000,
 
000259925,000000000,-00000042,0000.000,0000.000,0000.000,
 
000259945,000000000,-00000043,0000.000,0000.000,0000.000,
 
000259965,000000000,-00000043,0000.000,0000.000,0000.000,
 
000259985,000000000,-00000045,0000.000,0000.000,0000.000,
 
000260005,000000000,-00000044,0000.000,0000.000,0000.000,
 
000260025,-00000001,-00000049,0000.000,0000.000,0000.000,
 
000260045,-00000001,-00000038,0000.000,0000.000,0000.000,
 
000260065,-00000001,-00000049,0000.000,0000.000,0000.000,
 
000260085,-00000002,-00000039,0000.000,0000.000,0000.000,
 
000260105,-00000002,-00000039,0000.000,0000.000,0000.000,
 
000260125,-00000002,-00000049,0000.000,0000.000,0000.000,
 
000260145,-00000002,-00000040,0000.000,0000.000,0000.000,
 
000260165,-00000002,-00000049,0000.000,0000.000,0000.000,
 
000260185,-00000002,-00000037,0000.000,0000.000,0000.000,
 
000260205,-00000003,-00000049,0000.000,0000.000,0000.000,
 
000260225,-00000004,-00000033,0000.000,0000.000,0000.000,
 
000260245,-00000003,-00000030,0000.000,0000.000,0000.000,
 
000260265,-00000003,-00000030,0000.000,0000.000,0000.000,
 
000260285,-00000002,-00000028,0000.000,0000.000,0000.000,
 
000260305,-00000003,-00000027,0000.000,0000.000,0000.000,
 
000260325,-00000004,-00000027,0000.000,0000.000,0000.000,
 
000260345,-00000002,-00000028,0000.000,0000.000,0000.000,
 
000260365,-00000002,-00000028,0000.000,0000.000,0000.000,
 
000260385,-00000003,-00000028,0000.000,0000.000,0000.000,
 
000260405,-00000002,-00000030,0000.000,0000.000,0000.000,
 
000260425,-00000001,-00000031,0000.000,0000.000,0000.000,
 
000260445,-00000002,-00000033,0000.000,0000.000,0000.000,
 
000260465,-00000001,-00000031,0000.000,0000.000,0000.000,
 
000260485,-00000001,-00000030,0000.000,0000.000,0000.000,
 
000260505,-00000001,-00000029,0000.000,0000.000,0000.000,
 
000260525,-00000001,-00000028,0000.000,0000.000,0000.000,
 
000260545,-00000002,-00000027,0000.000,0000.000,0000.000,
 
000260565,-00000001,-00000029,0000.000,0000.000,0000.000,
 
000260585,-00000002,-00000028,0000.000,0000.000,0000.000,
 
000260605,-00000002,-00000029,0000.000,0000.000,0000.000,
 
000260625,-00000003,-00000029,0000.000,0000.000,0000.000,
 
000260645,-00000004,-00000026,0000.000,0000.000,0000.000,
 
000260665,-00000003,-00000025,0000.000,0000.000,0000.000,
 
000260685,-00000004,-00000019,0000.000,0000.000,0000.000,
 
000260705,-00000002,-00000016,0000.000,0000.000,0000.000,
 
000260725,-00000001,-00000014,0000.000,0000.000,0000.000,
 
000260745,000000000,-00000015,0000.000,0000.000,0000.000,
 
000260765,000000001,-00000014,0000.000,0000.000,0000.000,
 
000260785,000000001,-00000016,0000.000,0000.000,0000.000,
 
000260805,000000000,-00000016,0000.000,0000.000,0000.000,
 
000260825,000000000,-00000018,0000.000,0000.000,0000.000,
 
000260845,-00000002,-00000025,0000.000,0000.000,0000.000,
 
000260865,-00000001,-00000019,0000.000,0000.000,0000.000,
 
000260885,-00000001,-00000025,0000.000,0000.000,0000.000,
 
000260905,-00000001,-00000015,0000.000,0000.000,0000.000,
 
000260925,-00000001,-00000015,0000.000,0000.000,0000.000,
 
000260945,000000000,-00000014,0000.000,0000.000,0000.000,
 
000260965,-00000001,-00000012,0000.000,0000.000,0000.000,
 
000260985,-00000001,-00000013,0000.000,0000.000,0000.000,
 
000261005,000000000,-00000008,0000.000,0000.000,0000.000,
 
000261025,-00000001,-00000007,0000.000,0000.000,0000.000,
 
000261045,000000000,-00000007,0000.000,0000.000,0000.000,
 
000261065,-00000001,-00000007,0000.000,0000.000,0000.000,
 
000261085,000000000,-00000004,0000.000,0000.000,0000.000,
 
000261105,-00000001,-00000001,0000.000,0000.000,0000.000,
 
000261125,000000000,-00000002,0000.000,0000.000,0000.000,
 
000261145,-00000001,-00000003,0000.000,0000.000,0000.000,
 
000261165,000000000,-00000002,0000.000,0000.000,0000.000,
 
000261185,000000000,-00000002,0000.000,0000.000,0000.000,
 
000261205,000000000,-00000002,0000.000,0000.000,0000.000,
 
000261225,000000000,-00000002,0000.000,0000.000,0000.000,
 
000261245,000000000,-00000001,0000.000,0000.000,0000.000,
 
000261265,000000000,000000000,0000.000,0000.000,0000.000,
 
000261285,000000000,000000000,0000.000,0000.000,0000.000,
 
000261305,000000000,000000000,0000.000,0000.000,0000.000,
 
000261325,000000000,000000000,0000.000,0000.000,0000.000,
 
000261345,000000000,-00000001,0000.000,0000.000,0000.000,
 
000261365,000000000,-00000002,0000.000,0000.000,0000.000,
 
000261385,000000000,000000000,0000.000,0000.000,0000.000,
 
000261405,000000000,000000000,0000.000,0000.000,0000.000,
 
000261425,000000000,000000000,0000.000,0000.000,0000.000,
 
000261445,000000000,000000000,0000.000,0000.000,0000.000,
 
000261465,000000000,000000000,0000.000,0000.000,0000.000,
 
000261485,000000000,000000000,0000.000,0000.000,0000.000,
 
000261505,000000000,000000000,0000.000,0000.000,0000.000,
 
000261525,000000000,000000000,0000.000,0000.000,0000.000,
 
000261545,000000000,000000000,0000.000,0000.000,0000.000,
 
000261565,000000000,000000000,0000.000,0000.000,0000.000,
 
000261585,000000000,000000000,0000.000,0000.000,0000.000,
 
000261605,000000000,000000000,0000.000,0000.000,0000.000,
 
000261625,000000000,000000000,0000.000,0000.000,0000.000,
 
000261645,000000000,000000000,0000.000,0000.000,0000.000,
 
000261665,000000000,000000000,0000.000,0000.000,0000.000,
 
000261685,000000000,000000000,0000.000,0000.000,0000.000,
 
000261705,000000000,000000000,0000.000,0000.000,0000.000,
 
000261725,000000000,000000000,0000.000,0000.000,0000.000,
 
000261745,000000000,000000000,0000.000,0000.000,0000.000,
 
000261765,000000000,000000000,0000.000,0000.000,0000.000,
 
000261785,000000000,000000000,0000.000,0000.000,0000.000,
 
000261805,000000000,000000000,0000.000,0000.000,0000.000,
 
000261825,000000000,000000000,0000.000,0000.000,0000.000,
 
000261845,000000000,000000000,0000.000,0000.000,0000.000,
 
000261865,000000000,000000000,0000.000,0000.000,0000.000,
 
000261885,000000000,000000000,0000.000,0000.000,0000.000,
 
000261905,000000000,000000000,0000.000,0000.000,0000.000,
 
000261925,000000000,000000000,0000.000,0000.000,0000.000,
 
000261945,000000000,000000000,0000.000,0000.000,0000.000,
 
000261965,000000000,000000000,0000.000,0000.000,0000.000,
 
000261985,000000000,000000000,0000.000,0000.000,0000.000,
 
000262005,000000000,000000000,0000.000,0000.000,0000.000,
 
000262025,000000000,000000000,0000.000,0000.000,0000.000,
 
000262045,000000000,000000000,0000.000,0000.000,0000.000,
 
000262065,000000000,000000000,0000.000,0000.000,0000.000,
 
000262085,000000000,000000000,0000.000,0000.000,0000.000,
 
000262105,000000000,000000000,0000.000,0000.000,0000.000,
 
000262125,000000000,000000000,0000.000,0000.000,0000.000,
 
000262145,000000000,000000000,0000.000,0000.000,0000.000,
 
000262165,000000000,000000000,0000.000,0000.000,0000.000,
 
000262185,000000000,000000000,0000.000,0000.000,0000.000,
 
000262205,000000000,000000000,0000.000,0000.000,0000.000,
 
000262225,000000000,000000000,0000.000,0000.000,0000.000,
 
000262245,000000000,000000000,0000.000,0000.000,0000.000,
 
000262265,000000000,000000000,0000.000,0000.000,0000.000,
 
000262285,000000000,000000000,0000.000,0000.000,0000.000,
 
000262305,000000000,000000000,0000.000,0000.000,0000.000,
 
000262325,000000000,000000000,0000.000,0000.000,0000.000,
 
000262345,000000000,000000000,0000.000,0000.000,0000.000,
 
000262365,000000000,000000000,0000.000,0000.000,0000.000,
 
000262385,000000000,000000000,0000.000,0000.000,0000.000,
 
000262405,000000000,000000000,0000.000,0000.000,0000.000,
 
000262425,000000000,000000000,0000.000,0000.000,0000.000,
 
000262445,000000000,000000000,0000.000,0000.000,0000.000,
 
000262465,000000000,000000000,0000.000,0000.000,0000.000,
 
000262485,000000000,000000000,0000.000,0000.000,0000.000,
 
000262505,000000000,000000000,0000.000,0000.000,0000.000,
 
000262525,000000000,000000000,0000.000,0000.000,0000.000,
 
000262545,000000000,000000000,0000.000,0000.000,0000.000,
 
000262565,000000000,000000000,0000.000,0000.000,0000.000,
 
000262585,000000000,000000000,0000.000,0000.000,0000.000,
 
000262605,000000000,000000000,0000.000,0000.000,0000.000,
 
000262625,000000000,000000000,0000.000,0000.000,0000.000,
 
000262645,000000000,000000000,0000.000,0000.000,0000.000,
 
000262665,000000000,000000000,0000.000,0000.000,0000.000,
 
000262685,000000000,000000000,0000.000,0000.000,0000.000,
 
000262705,000000000,000000000,0000.000,0000.000,0000.000,
 
000262725,000000000,000000000,0000.000,0000.000,0000.000,
 
