002798822,000000000,000000000,0000.000,0000.000,0000.000,
 
002798842,000000000,000000000,0000.000,0000.000,0000.000,
 
002798862,000000000,000000000,0000.000,0000.000,0000.000,
 
002798882,000000000,000000000,0000.000,0000.000,0000.000,
 
002798902,000000000,000000000,0000.000,0000.000,0000.000,
 
002798922,000000000,000000000,0000.000,0000.000,0000.000,
 
002798942,000000000,000000000,0000.000,0000.000,0000.000,
 
002798962,000000000,000000000,0000.000,0000.000,0000.000,
 
002798982,000000000,000000000,0000.000,0000.000,0000.000,
 
002799002,000000000,000000000,0000.000,0000.000,0000.000,
 
002799022,000000000,000000000,0000.000,0000.000,0000.000,
 
002799042,000000000,000000000,0000.000,0000.000,0000.000,
 
002799062,000000000,000000000,0000.000,0000.000,0000.000,
 
002799082,000000000,000000000,0000.000,0000.000,0000.000,
 
002799102,000000000,000000000,0000.000,0000.000,0000.000,
 
002799122,000000000,000000000,0000.000,0000.000,0000.000,
 
002799142,000000000,000000000,0000.000,0000.000,0000.000,
 
002799162,000000000,000000000,0000.000,0000.000,0000.000,
 
002799182,000000000,000000000,0000.000,0000.000,0000.000,
 
002799202,000000000,000000000,0000.000,0000.000,0000.000,
 
002799222,000000000,000000000,0000.000,0000.000,0000.000,
 
002799242,000000000,000000000,0000.000,0000.000,0000.000,
 
002799262,000000000,000000000,0000.000,0000.000,0000.000,
 
002799282,000000000,000000000,0000.000,0000.000,0000.000,
 
002799302,000000000,000000000,0000.000,0000.000,0000.000,
 
002799322,000000000,000000000,0000.000,0000.000,0000.000,
 
002799342,000000000,000000000,0000.000,0000.000,0000.000,
 
002799362,000000000,000000000,0000.000,0000.000,0000.000,
 
002799382,000000000,000000000,0000.000,0000.000,0000.000,
 
002799402,000000000,000000000,0000.000,0000.000,0000.000,
 
002799422,000000000,000000000,0000.000,0000.000,0000.000,
 
002799442,000000000,000000000,0000.000,0000.000,0000.000,
 
002799462,000000000,000000000,0000.000,0000.000,0000.000,
 
002799482,000000000,000000000,0000.000,0000.000,0000.000,
 
002799502,000000000,000000000,0000.000,0000.000,0000.000,
 
002799522,000000000,000000000,0000.000,0000.000,0000.000,
 
002799542,000000000,000000000,0000.000,0000.000,0000.000,
 
002799562,000000000,000000000,0000.000,0000.000,0000.000,
 
002799582,000000000,000000000,0000.000,0000.000,0000.000,
 
002799602,000000000,000000000,0000.000,0000.000,0000.000,
 
002799622,000000000,000000000,0000.000,0000.000,0000.000,
 
002799642,000000000,000000000,0000.000,0000.000,0000.000,
 
002799662,000000000,000000000,0000.000,0000.000,0000.000,
 
002799682,000000000,000000000,0000.000,0000.000,0000.000,
 
002799702,000000000,000000000,0000.000,0000.000,0000.000,
 
002799722,000000000,000000000,0000.000,0000.000,0000.000,
 
002799742,000000000,000000000,0000.000,0000.000,0000.000,
 
002799762,000000000,000000000,0000.000,0000.000,0000.000,
 
002799782,000000000,000000000,0000.000,0000.000,0000.000,
 
002799802,000000000,000000000,0000.000,0000.000,0000.000,
 
002799822,000000000,000000000,0000.000,0000.000,0000.000,
 
002799842,000000000,000000000,0000.000,0000.000,0000.000,
 
002799862,000000000,000000000,0000.000,0000.000,0000.000,
 
002799882,000000000,000000000,0000.000,0000.000,0000.000,
 
002799902,000000000,000000000,0000.000,0000.000,0000.000,
 
002799922,000000000,000000000,0000.000,0000.000,0000.000,
 
002799942,000000000,000000000,0000.000,0000.000,0000.000,
 
002799962,000000000,000000000,0000.000,0000.000,0000.000,
 
002799982,000000000,000000000,0000.000,0000.000,0000.000,
 
002800002,000000000,000000000,0000.000,0000.000,0000.000,
 
002800022,000000000,000000000,0000.000,0000.000,0000.000,
 
002800042,000000000,000000000,0000.000,0000.000,0000.000,
 
002800062,000000000,000000000,0000.000,0000.000,0000.000,
 
002800082,000000000,000000000,0000.000,0000.000,0000.000,
 
002800102,000000000,000000000,0000.000,0000.000,0000.000,
 
002800122,000000000,000000000,0000.000,0000.000,0000.000,
 
002800142,000000000,000000000,0000.000,0000.000,0000.000,
 
002800162,000000000,000000000,0000.000,0000.000,0000.000,
 
002800182,000000000,000000000,0000.000,0000.000,0000.000,
 
002800202,000000000,000000000,0000.000,0000.000,0000.000,
 
002800222,000000000,000000000,0000.000,0000.000,0000.000,
 
002800242,000000000,000000000,0000.000,0000.000,0000.000,
 
002800262,000000000,000000000,0000.000,0000.000,0000.000,
 
002800282,000000000,000000000,0000.000,0000.000,0000.000,
 
002800302,000000000,000000000,0000.000,0000.000,0000.000,
 
002800322,000000000,000000000,0000.000,0000.000,0000.000,
 
002800342,000000000,000000000,0000.000,0000.000,0000.000,
 
002800362,000000000,000000000,0000.000,0000.000,0000.000,
 
002800382,000000000,000000000,0000.000,0000.000,0000.000,
 
002800402,000000000,000000000,0000.000,0000.000,0000.000,
 
002800422,000000000,000000000,0000.000,0000.000,0000.000,
 
002800442,000000000,000000000,0000.000,0000.000,0000.000,
 
002800462,000000000,000000000,0000.000,0000.000,0000.000,
 
002800482,000000000,000000000,0000.000,0000.000,0000.000,
 
002800502,000000000,000000000,0000.000,0000.000,0000.000,
 
002800522,000000000,000000000,0000.000,0000.000,0000.000,
 
002800542,000000000,000000000,0000.000,0000.000,0000.000,
 
002800562,000000000,000000000,0000.000,0000.000,0000.000,
 
002800582,000000000,000000000,0000.000,0000.000,0000.000,
 
002800602,000000000,000000000,0000.000,0000.000,0000.000,
 
002800622,000000000,000000000,0000.000,0000.000,0000.000,
 
002800642,000000000,000000000,0000.000,0000.000,0000.000,
 
002800662,000000000,000000000,0000.000,0000.000,0000.000,
 
002800682,000000000,000000000,0000.000,0000.000,0000.000,
 
002800702,000000000,000000000,0000.000,0000.000,0000.000,
 
002800722,000000000,000000000,0000.000,0000.000,0000.000,
 
002800742,000000000,000000000,0000.000,0000.000,0000.000,
 
002800762,000000000,000000000,0000.000,0000.000,0000.000,
 
002800782,000000000,000000000,0000.000,0000.000,0000.000,
 
002800802,000000000,000000000,0000.000,0000.000,0000.000,
 
002800822,000000000,000000000,0000.000,0000.000,0000.000,
 
002800842,000000000,000000000,0000.000,0000.000,0000.000,
 
002800862,000000000,000000000,0000.000,0000.000,0000.000,
 
002800882,000000000,000000000,0000.000,0000.000,0000.000,
 
002800902,000000000,000000000,0000.000,0000.000,0000.000,
 
002800922,000000000,000000000,0000.000,0000.000,0000.000,
 
002800942,000000000,000000000,0000.000,0000.000,0000.000,
 
002800962,000000000,000000000,0000.000,0000.000,0000.000,
 
002800982,000000000,000000000,0000.000,0000.000,0000.000,
 
002801002,000000000,000000000,0000.000,0000.000,0000.000,
 
002801022,000000000,000000000,0000.000,0000.000,0000.000,
 
002801042,000000000,000000000,0000.000,0000.000,0000.000,
 
002801062,000000000,000000000,0000.000,0000.000,0000.000,
 
002801082,000000000,000000000,0000.000,0000.000,0000.000,
 
002801102,000000000,000000000,0000.000,0000.000,0000.000,
 
002801122,000000000,000000000,0000.000,0000.000,0000.000,
 
002801142,000000000,000000000,0000.000,0000.000,0000.000,
 
002801162,000000000,-00000002,0000.000,0000.000,0000.000,
 
002801182,000000000,-00000012,0000.000,0000.000,0000.000,
 
002801202,-00000001,-00000026,0000.000,0000.000,0000.000,
 
002801222,-00000004,-00000034,0000.000,0000.000,0000.000,
 
002801242,-00000004,-00000034,0000.000,0000.000,0000.000,
 
002801262,-00000002,-00000029,0000.000,0000.000,0000.000,
 
002801282,-00000001,-00000023,0000.000,0000.000,0000.000,
 
002801302,-00000001,-00000019,0000.000,0000.000,0000.000,
 
002801322,-00000001,-00000015,0000.000,0000.000,0000.000,
 
002801342,-00000001,-00000013,0000.000,0000.000,0000.000,
 
002801362,000000000,-00000013,0000.000,0000.000,0000.000,
 
002801382,-00000001,-00000007,0000.000,0000.000,0000.000,
 
002801402,000000000,-00000007,0000.000,0000.000,0000.000,
 
002801422,000000000,-00000008,0000.000,0000.000,0000.000,
 
002801442,000000000,-00000008,0000.000,0000.000,0000.000,
 
002801462,000000000,-00000008,0000.000,0000.000,0000.000,
 
002801482,000000000,-00000008,0000.000,0000.000,0000.000,
 
002801502,000000001,-00000010,0000.000,0000.000,0000.000,
 
002801522,000000002,-00000013,0000.000,0000.000,0000.000,
 
002801542,000000000,-00000015,0000.000,0000.000,0000.000,
 
002801562,000000001,-00000025,0000.000,0000.000,0000.000,
 
002801582,000000001,-00000024,0000.000,0000.000,0000.000,
 
002801602,000000001,-00000026,0000.000,0000.000,0000.000,
 
002801622,000000001,-00000027,0000.000,0000.000,0000.000,
 
002801642,000000000,-00000029,0000.000,0000.000,0000.000,
 
002801662,000000001,-00000028,0000.000,0000.000,0000.000,
 
002801682,000000000,-00000029,0000.000,0000.000,0000.000,
 
002801702,000000002,-00000029,0000.000,0000.000,0000.000,
 
002801722,000000002,-00000030,0000.000,0000.000,0000.000,
 
002801742,000000001,-00000049,0000.000,0000.000,0000.000,
 
002801762,000000001,-00000049,0000.000,0000.000,0000.000,
 
002801782,000000002,-00000037,0000.000,0000.000,0000.000,
 
002801802,000000003,-00000039,0000.000,0000.000,0000.000,
 
002801822,000000003,-00000040,0000.000,0000.000,0000.000,
 
002801842,000000003,-00000049,0000.000,0000.000,0000.000,
 
002801862,000000003,-00000043,0000.000,0000.000,0000.000,
 
002801882,000000004,-00000045,0000.000,0000.000,0000.000,
 
002801902,000000003,-00000046,0000.000,0000.000,0000.000,
 
002801922,000000002,-00000049,0000.000,0000.000,0000.000,
 
002801942,000000002,-00000042,0000.000,0000.000,0000.000,
 
002801962,000000001,-00000041,0000.000,0000.000,0000.000,
 
002801982,000000002,-00000049,0000.000,0000.000,0000.000,
 
002802002,000000001,-00000039,0000.000,0000.000,0000.000,
 
002802022,000000000,-00000040,0000.000,0000.000,0000.000,
 
002802042,-00000001,-00000049,0000.000,0000.000,0000.000,
 
002802062,-00000002,-00000049,0000.000,0000.000,0000.000,
 
002802082,-00000002,-00000037,0000.000,0000.000,0000.000,
 
002802102,-00000001,-00000036,0000.000,0000.000,0000.000,
 
002802122,000000000,-00000039,0000.000,0000.000,0000.000,
 
002802142,000000000,-00000041,0000.000,0000.000,0000.000,
 
002802162,-00000002,-00000042,0000.000,0000.000,0000.000,
 
002802182,-00000001,-00000049,0000.000,0000.000,0000.000,
 
002802202,000000000,-00000046,0000.000,0000.000,0000.000,
 
002802222,000000000,-00000045,0000.000,0000.000,0000.000,
 
002802242,000000002,-00000049,0000.000,0000.000,0000.000,
 
002802262,000000001,-00000042,0000.000,0000.000,0000.000,
 
002802282,000000000,-00000041,0000.000,0000.000,0000.000,
 
002802302,000000000,-00000049,0000.000,0000.000,0000.000,
 
002802322,000000000,-00000039,0000.000,0000.000,0000.000,
 
002802342,000000002,-00000040,0000.000,0000.000,0000.000,
 
002802362,000000000,-00000049,0000.000,0000.000,0000.000,
 
002802382,000000000,-00000043,0000.000,0000.000,0000.000,
 
002802402,000000000,-00000044,0000.000,0000.000,0000.000,
 
002802422,000000000,-00000044,0000.000,0000.000,0000.000,
 
002802442,000000000,-00000045,0000.000,0000.000,0000.000,
 
002802462,000000001,-00000049,0000.000,0000.000,0000.000,
 
002802482,000000002,-00000047,0000.000,0000.000,0000.000,
 
002802502,000000001,-00000047,0000.000,0000.000,0000.000,
 
002802522,000000000,-00000042,0000.000,0000.000,0000.000,
 
002802542,000000000,-00000041,0000.000,0000.000,0000.000,
 
002802562,000000000,-00000049,0000.000,0000.000,0000.000,
 
002802582,000000000,-00000042,0000.000,0000.000,0000.000,
 
002802602,000000000,-00000040,0000.000,0000.000,0000.000,
 
002802622,000000001,-00000049,0000.000,0000.000,0000.000,
 
002802642,000000000,-00000041,0000.000,0000.000,0000.000,
 
002802662,000000000,-00000049,0000.000,0000.000,0000.000,
 
002802682,000000000,-00000039,0000.000,0000.000,0000.000,
 
002802702,-00000001,-00000037,0000.000,0000.000,0000.000,
 
002802722,000000000,-00000049,0000.000,0000.000,0000.000,
 
002802742,000000001,-00000040,0000.000,0000.000,0000.000,
 
002802762,000000000,-00000049,0000.000,0000.000,0000.000,
 
002802782,-00000001,-00000047,0000.000,0000.000,0000.000,
 
002802802,-00000001,-00000048,0000.000,0000.000,0000.000,
 
002802822,-00000001,-00000048,0000.000,0000.000,0000.000,
 
002802842,000000000,-00000051,0000.000,0000.000,0000.000,
 
002802862,000000000,-00000053,0000.000,0000.000,0000.000,
 
002802882,000000000,-00000054,0000.000,0000.000,0000.000,
 
002802902,000000000,-00000054,0000.000,0000.000,0000.000,
 
002802922,000000000,-00000054,0000.000,0000.000,0000.000,
 
002802942,000000001,-00000053,0000.000,0000.000,0000.000,
 
002802962,000000001,-00000051,0000.000,0000.000,0000.000,
 
002802982,000000001,-00000048,0000.000,0000.000,0000.000,
 
002803002,000000003,-00000049,0000.000,0000.000,0000.000,
 
002803022,000000003,-00000047,0000.000,0000.000,0000.000,
 
002803042,000000002,-00000049,0000.000,0000.000,0000.000,
 
002803062,000000003,-00000041,0000.000,0000.000,0000.000,
 
002803082,000000003,-00000049,0000.000,0000.000,0000.000,
 
002803102,000000003,-00000041,0000.000,0000.000,0000.000,
 
002803122,000000003,-00000049,0000.000,0000.000,0000.000,
 
002803142,000000001,-00000040,0000.000,0000.000,0000.000,
 
002803162,000000001,-00000049,0000.000,0000.000,0000.000,
 
002803182,000000002,-00000045,0000.000,0000.000,0000.000,
 
002803202,000000003,-00000048,0000.000,0000.000,0000.000,
 
002803222,000000003,-00000048,0000.000,0000.000,0000.000,
 
002803242,000000000,-00000046,0000.000,0000.000,0000.000,
 
002803262,000000000,-00000046,0000.000,0000.000,0000.000,
 
002803282,000000000,-00000047,0000.000,0000.000,0000.000,
 
002803302,000000000,-00000047,0000.000,0000.000,0000.000,
 
002803322,000000000,-00000046,0000.000,0000.000,0000.000,
 
002803342,000000001,-00000048,0000.000,0000.000,0000.000,
 
002803362,000000001,-00000049,0000.000,0000.000,0000.000,
 
002803382,000000000,-00000048,0000.000,0000.000,0000.000,
 
002803402,-00000001,-00000048,0000.000,0000.000,0000.000,
 
002803422,-00000001,-00000049,0000.000,0000.000,0000.000,
 
002803442,000000000,-00000046,0000.000,0000.000,0000.000,
 
002803462,000000000,-00000046,0000.000,0000.000,0000.000,
 
002803482,-00000001,-00000047,0000.000,0000.000,0000.000,
 
002803502,000000000,-00000048,0000.000,0000.000,0000.000,
 
002803522,000000000,-00000047,0000.000,0000.000,0000.000,
 
002803542,000000002,-00000046,0000.000,0000.000,0000.000,
 
002803562,000000002,-00000048,0000.000,0000.000,0000.000,
 
002803582,000000000,-00000050,0000.000,0000.000,0000.000,
 
002803602,000000000,-00000051,0000.000,0000.000,0000.000,
 
002803622,000000000,-00000051,0000.000,0000.000,0000.000,
 
002803642,000000000,-00000051,0000.000,0000.000,0000.000,
 
002803662,000000000,-00000052,0000.000,0000.000,0000.000,
 
002803682,000000000,-00000052,0000.000,0000.000,0000.000,
 
002803702,-00000001,-00000050,0000.000,0000.000,0000.000,
 
002803722,-00000002,-00000049,0000.000,0000.000,0000.000,
 
002803742,-00000001,-00000049,0000.000,0000.000,0000.000,
 
002803762,-00000002,-00000049,0000.000,0000.000,0000.000,
 
002803782,-00000002,-00000047,0000.000,0000.000,0000.000,
 
002803802,000000000,-00000049,0000.000,0000.000,0000.000,
 
002803822,000000000,-00000046,0000.000,0000.000,0000.000,
 
002803842,000000000,-00000049,0000.000,0000.000,0000.000,
 
002803862,000000001,-00000044,0000.000,0000.000,0000.000,
 
002803882,000000000,-00000049,0000.000,0000.000,0000.000,
 
002803902,000000000,-00000042,0000.000,0000.000,0000.000,
 
002803922,000000000,-00000041,0000.000,0000.000,0000.000,
 
002803942,000000000,-00000041,0000.000,0000.000,0000.000,
 
002803962,000000000,-00000041,0000.000,0000.000,0000.000,
 
002803982,000000000,-00000049,0000.000,0000.000,0000.000,
 
002804002,000000000,-00000044,0000.000,0000.000,0000.000,
 
002804022,000000000,-00000049,0000.000,0000.000,0000.000,
 
002804042,000000001,-00000047,0000.000,0000.000,0000.000,
 
002804062,000000001,-00000049,0000.000,0000.000,0000.000,
 
002804082,000000000,-00000046,0000.000,0000.000,0000.000,
 
002804102,-00000001,-00000045,0000.000,0000.000,0000.000,
 
002804122,-00000001,-00000045,0000.000,0000.000,0000.000,
 
002804142,-00000002,-00000046,0000.000,0000.000,0000.000,
 
002804162,-00000001,-00000049,0000.000,0000.000,0000.000,
 
002804182,-00000001,-00000043,0000.000,0000.000,0000.000,
 
002804202,000000000,-00000049,0000.000,0000.000,0000.000,
 
002804222,-00000001,-00000043,0000.000,0000.000,0000.000,
 
002804242,000000000,-00000049,0000.000,0000.000,0000.000,
 
002804262,000000000,-00000039,0000.000,0000.000,0000.000,
 
002804282,000000000,-00000037,0000.000,0000.000,0000.000,
 
002804302,-00000001,-00000037,0000.000,0000.000,0000.000,
 
002804322,000000000,-00000039,0000.000,0000.000,0000.000,
 
002804342,000000000,-00000049,0000.000,0000.000,0000.000,
 
002804362,000000000,-00000041,0000.000,0000.000,0000.000,
 
002804382,000000000,-00000049,0000.000,0000.000,0000.000,
 
002804402,-00000002,-00000042,0000.000,0000.000,0000.000,
 
002804422,000000000,-00000049,0000.000,0000.000,0000.000,
 
002804442,-00000001,-00000041,0000.000,0000.000,0000.000,
 
002804462,000000000,-00000039,0000.000,0000.000,0000.000,
 
002804482,-00000001,-00000049,0000.000,0000.000,0000.000,
 
002804502,-00000001,-00000038,0000.000,0000.000,0000.000,
 
002804522,-00000001,-00000049,0000.000,0000.000,0000.000,
 
002804542,-00000001,-00000038,0000.000,0000.000,0000.000,
 
002804562,000000000,-00000049,0000.000,0000.000,0000.000,
 
002804582,000000000,-00000036,0000.000,0000.000,0000.000,
 
002804602,-00000001,-00000037,0000.000,0000.000,0000.000,
 
002804622,-00000002,-00000037,0000.000,0000.000,0000.000,
 
002804642,-00000002,-00000036,0000.000,0000.000,0000.000,
 
002804662,-00000001,-00000049,0000.000,0000.000,0000.000,
 
002804682,-00000001,-00000036,0000.000,0000.000,0000.000,
 
002804702,-00000001,-00000049,0000.000,0000.000,0000.000,
 
002804722,-00000002,-00000036,0000.000,0000.000,0000.000,
 
002804742,-00000002,-00000036,0000.000,0000.000,0000.000,
 
002804762,-00000001,-00000049,0000.000,0000.000,0000.000,
 
002804782,-00000001,-00000034,0000.000,0000.000,0000.000,
 
002804802,-00000001,-00000032,0000.000,0000.000,0000.000,
 
002804822,-00000002,-00000030,0000.000,0000.000,0000.000,
 
002804842,-00000001,-00000030,0000.000,0000.000,0000.000,
 
002804862,-00000001,-00000029,0000.000,0000.000,0000.000,
 
002804882,000000000,-00000029,0000.000,0000.000,0000.000,
 
002804902,-00000001,-00000029,0000.000,0000.000,0000.000,
 
002804922,-00000001,-00000030,0000.000,0000.000,0000.000,
 
002804942,-00000001,-00000031,0000.000,0000.000,0000.000,
 
002804962,-00000001,-00000028,0000.000,0000.000,0000.000,
 
002804982,000000000,-00000028,0000.000,0000.000,0000.000,
 
002805002,-00000001,-00000026,0000.000,0000.000,0000.000,
 
002805022,000000000,-00000025,0000.000,0000.000,0000.000,
 
002805042,000000000,-00000025,0000.000,0000.000,0000.000,
 
002805062,000000000,-00000019,0000.000,0000.000,0000.000,
 
002805082,000000000,-00000016,0000.000,0000.000,0000.000,
 
002805102,-00000001,-00000017,0000.000,0000.000,0000.000,
 
002805122,-00000001,-00000015,0000.000,0000.000,0000.000,
 
002805142,-00000001,-00000014,0000.000,0000.000,0000.000,
 
002805162,000000000,-00000013,0000.000,0000.000,0000.000,
 
002805182,000000000,-00000013,0000.000,0000.000,0000.000,
 
002805202,000000000,-00000009,0000.000,0000.000,0000.000,
 
002805222,000000000,-00000013,0000.000,0000.000,0000.000,
 
002805242,000000000,-00000013,0000.000,0000.000,0000.000,
 
002805262,-00000001,-00000010,0000.000,0000.000,0000.000,
 
002805282,000000000,-00000013,0000.000,0000.000,0000.000,
 
002805302,-00000001,-00000006,0000.000,0000.000,0000.000,
 
002805322,000000000,-00000004,0000.000,0000.000,0000.000,
 
002805342,000000000,-00000006,0000.000,0000.000,0000.000,
 
002805362,000000000,-00000006,0000.000,0000.000,0000.000,
 
002805382,000000000,-00000007,0000.000,0000.000,0000.000,
 
002805402,-00000001,-00000008,0000.000,0000.000,0000.000,
 
002805422,-00000001,-00000013,0000.000,0000.000,0000.000,
 
002805442,000000000,-00000008,0000.000,0000.000,0000.000,
 
002805462,-00000001,-00000007,0000.000,0000.000,0000.000,
 
002805482,000000000,-00000007,0000.000,0000.000,0000.000,
 
002805502,000000000,-00000004,0000.000,0000.000,0000.000,
 
002805522,-00000001,-00000001,0000.000,0000.000,0000.000,
 
002805542,000000000,-00000001,0000.000,0000.000,0000.000,
 
002805562,000000000,000000000,0000.000,0000.000,0000.000,
 
002805582,000000000,000000000,0000.000,0000.000,0000.000,
 
002805602,000000000,000000000,0000.000,0000.000,0000.000,
 
002805622,000000000,000000000,0000.000,0000.000,0000.000,
 
002805642,000000000,000000000,0000.000,0000.000,0000.000,
 
002805662,000000000,000000000,0000.000,0000.000,0000.000,
 
002805682,000000000,000000000,0000.000,0000.000,0000.000,
 
002805702,000000000,000000000,0000.000,0000.000,0000.000,
 
002805722,000000000,000000000,0000.000,0000.000,0000.000,
 
002805742,000000000,000000000,0000.000,0000.000,0000.000,
 
002805762,000000000,000000000,0000.000,0000.000,0000.000,
 
002805782,000000000,000000000,0000.000,0000.000,0000.000,
 
002805802,000000000,000000000,0000.000,0000.000,0000.000,
 
002805822,000000000,000000000,0000.000,0000.000,0000.000,
 
002805842,000000000,000000000,0000.000,0000.000,0000.000,
 
002805862,000000000,000000000,0000.000,0000.000,0000.000,
 
002805882,000000000,000000000,0000.000,0000.000,0000.000,
 
002805902,000000000,000000000,0000.000,0000.000,0000.000,
 
002805922,000000000,000000000,0000.000,0000.000,0000.000,
 
002805942,000000000,000000000,0000.000,0000.000,0000.000,
 
002805962,000000000,000000000,0000.000,0000.000,0000.000,
 
002805982,000000000,000000000,0000.000,0000.000,0000.000,
 
002806002,000000000,000000000,0000.000,0000.000,0000.000,
 
002806022,000000000,000000000,0000.000,0000.000,0000.000,
 
002806042,000000000,000000000,0000.000,0000.000,0000.000,
 
002806062,000000000,000000000,0000.000,0000.000,0000.000,
 
002806082,000000000,000000000,0000.000,0000.000,0000.000,
 
002806102,000000000,000000000,0000.000,0000.000,0000.000,
 
002806122,000000000,000000000,0000.000,0000.000,0000.000,
 
002806142,000000000,000000000,0000.000,0000.000,0000.000,
 
002806162,000000000,000000000,0000.000,0000.000,0000.000,
 
002806182,000000000,000000000,0000.000,0000.000,0000.000,
 
002806202,000000000,000000000,0000.000,0000.000,0000.000,
 
002806222,000000000,000000000,0000.000,0000.000,0000.000,
 
002806242,000000000,000000000,0000.000,0000.000,0000.000,
 
002806262,000000000,000000000,0000.000,0000.000,0000.000,
 
002806282,000000000,000000000,0000.000,0000.000,0000.000,
 
002806302,000000000,000000000,0000.000,0000.000,0000.000,
 
002806322,000000000,000000000,0000.000,0000.000,0000.000,
 
002806342,000000000,000000000,0000.000,0000.000,0000.000,
 
002806362,-00000001,-00000007,0000.000,0000.000,0000.000,
 
002806382,-00000002,-00000013,0000.000,0000.000,0000.000,
 
002806402,-00000004,-00000013,0000.000,0000.000,0000.000,
 
002806422,-00000002,-00000004,0000.000,0000.000,0000.000,
 
002806442,000000000,-00000001,0000.000,0000.000,0000.000,
 
002806462,000000000,000000000,0000.000,0000.000,0000.000,
 
002806482,000000000,000000000,0000.000,0000.000,0000.000,
 
002806502,000000000,000000000,0000.000,0000.000,0000.000,
 
002806522,000000000,000000000,0000.000,0000.000,0000.000,
 
002806542,000000000,000000000,0000.000,0000.000,0000.000,
 
002806562,000000000,000000000,0000.000,0000.000,0000.000,
 
002806582,000000000,000000000,0000.000,0000.000,0000.000,
 
002806602,000000000,000000000,0000.000,0000.000,0000.000,
 
002806622,000000000,000000000,0000.000,0000.000,0000.000,
 
002806642,000000000,000000000,0000.000,0000.000,0000.000,
 
002806662,000000000,000000000,0000.000,0000.000,0000.000,
 
002806682,000000000,000000000,0000.000,0000.000,0000.000,
 
002806702,000000000,000000000,0000.000,0000.000,0000.000,
 
002806722,000000000,000000000,0000.000,0000.000,0000.000,
 
002806742,-00000003,-00000001,0000.000,0000.000,0000.000,
 
002806762,-00000007,-00000001,0000.000,0000.000,0000.000,
 
002806782,-00000007,-00000001,0000.000,0000.000,0000.000,
 
002806802,-00000004,-00000001,0000.000,0000.000,0000.000,
 
002806822,000000000,000000000,0000.000,0000.000,0000.000,
 
002806842,000000000,000000000,0000.000,0000.000,0000.000,
 
002806862,000000000,000000000,0000.000,0000.000,0000.000,
 
002806882,000000000,000000000,0000.000,0000.000,0000.000,
 
002806902,000000000,000000000,0000.000,0000.000,0000.000,
 
002806922,000000000,000000000,0000.000,0000.000,0000.000,
 
002806942,000000000,000000000,0000.000,0000.000,0000.000,
 
002806962,000000000,000000000,0000.000,0000.000,0000.000,
 
002806982,000000000,000000000,0000.000,0000.000,0000.000,
 
002807002,000000000,000000000,0000.000,0000.000,0000.000,
 
002807022,000000000,000000000,0000.000,0000.000,0000.000,
 
002807042,000000000,000000000,0000.000,0000.000,0000.000,
 
002807062,000000000,000000000,0000.000,0000.000,0000.000,
 
002807082,000000000,000000000,0000.000,0000.000,0000.000,
 
002807102,000000000,000000000,0000.000,0000.000,0000.000,
 
002807122,000000000,000000000,0000.000,0000.000,0000.000,
 
002807142,000000000,000000000,0000.000,0000.000,0000.000,
 
002807162,000000000,000000000,0000.000,0000.000,0000.000,
 
002807182,000000000,000000000,0000.000,0000.000,0000.000,
 
002807202,000000000,000000000,0000.000,0000.000,0000.000,
 
002807222,000000000,000000000,0000.000,0000.000,0000.000,
 
002807242,000000000,000000000,0000.000,0000.000,0000.000,
 
002807262,000000000,000000001,0000.000,0000.000,0000.000,
 
002807282,000000000,000000003,0000.000,0000.000,0000.000,
 
002807302,000000000,000000004,0000.000,0000.000,0000.000,
 
002807322,000000000,000000003,0000.000,0000.000,0000.000,
 
002807342,000000000,000000003,0000.000,0000.000,0000.000,
 
002807362,000000000,000000006,0000.000,0000.000,0000.000,
 
002807382,000000000,000000011,0000.000,0000.000,0000.000,
 
002807402,000000001,000000013,0000.000,0000.000,0000.000,
 
002807422,000000002,000000011,0000.000,0000.000,0000.000,
 
002807442,000000001,000000009,0000.000,0000.000,0000.000,
 
002807462,000000001,000000006,0000.000,0000.000,0000.000,
 
002807482,000000000,000000005,0000.000,0000.000,0000.000,
 
002807502,000000000,000000005,0000.000,0000.000,0000.000,
 
002807522,000000000,000000007,0000.000,0000.000,0000.000,
 
002807542,000000001,000000009,0000.000,0000.000,0000.000,
 
002807562,000000002,000000011,0000.000,0000.000,0000.000,
 
002807582,000000002,000000012,0000.000,0000.000,0000.000,
 
002807602,000000003,000000015,0000.000,0000.000,0000.000,
 
002807622,000000003,000000015,0000.000,0000.000,0000.000,
 
002807642,000000001,000000016,0000.000,0000.000,0000.000,
 
002807662,000000001,000000017,0000.000,0000.000,0000.000,
 
002807682,000000000,000000019,0000.000,0000.000,0000.000,
 
002807702,000000001,000000022,0000.000,0000.000,0000.000,
 
002807722,000000001,000000027,0000.000,0000.000,0000.000,
 
002807742,000000000,000000025,0000.000,0000.000,0000.000,
 
002807762,000000001,000000027,0000.000,0000.000,0000.000,
 
002807782,000000000,000000027,0000.000,0000.000,0000.000,
 
002807802,000000000,000000028,0000.000,0000.000,0000.000,
 
002807822,000000000,000000029,0000.000,0000.000,0000.000,
 
002807842,000000000,000000025,0000.000,0000.000,0000.000,
 
002807862,000000001,000000023,0000.000,0000.000,0000.000,
 
002807882,000000002,000000023,0000.000,0000.000,0000.000,
 
002807902,000000002,000000023,0000.000,0000.000,0000.000,
 
002807922,000000001,000000023,0000.000,0000.000,0000.000,
 
002807942,000000002,000000025,0000.000,0000.000,0000.000,
 
002807962,000000003,000000026,0000.000,0000.000,0000.000,
 
002807982,000000003,000000027,0000.000,0000.000,0000.000,
 
002808002,000000005,000000025,0000.000,0000.000,0000.000,
 
002808022,000000005,000000028,0000.000,0000.000,0000.000,
 
002808042,000000003,000000028,0000.000,0000.000,0000.000,
 
002808062,000000003,000000031,0000.000,0000.000,0000.000,
 
002808082,000000003,000000034,0000.000,0000.000,0000.000,
 
002808102,000000004,000000034,0000.000,0000.000,0000.000,
 
002808122,000000004,000000037,0000.000,0000.000,0000.000,
 
002808142,000000004,000000044,0000.000,0000.000,0000.000,
 
002808162,000000002,000000051,0000.000,0000.000,0000.000,
 
002808182,000000001,000000057,0000.000,0000.000,0000.000,
 
002808202,000000001,000000062,0000.000,0000.000,0000.000,
 
002808222,000000001,000000063,0000.000,0000.000,0000.000,
 
002808242,000000001,000000062,0000.000,0000.000,0000.000,
 
002808262,-00000001,000000060,0000.000,0000.000,0000.000,
 
002808282,-00000004,000000061,0000.000,0000.000,0000.000,
 
002808302,-00000005,000000056,0000.000,0000.000,0000.000,
 
002808322,-00000006,000000051,0000.000,0000.000,0000.000,
 
002808342,-00000007,000000044,0000.000,0000.000,0000.000,
 
002808362,-00000003,000000041,0000.000,0000.000,0000.000,
 
002808382,-00000003,000000038,0000.000,0000.000,0000.000,
 
002808402,-00000004,000000039,0000.000,0000.000,0000.000,
 
002808422,-00000005,000000039,0000.000,0000.000,0000.000,
 
002808442,-00000005,000000040,0000.000,0000.000,0000.000,
 
002808462,-00000004,000000042,0000.000,0000.000,0000.000,
 
002808482,-00000003,000000042,0000.000,0000.000,0000.000,
 
002808502,000000000,000000043,0000.000,0000.000,0000.000,
 
002808522,000000000,000000047,0000.000,0000.000,0000.000,
 
002808542,-00000001,000000050,0000.000,0000.000,0000.000,
 
002808562,000000000,000000051,0000.000,0000.000,0000.000,
 
002808582,000000002,000000057,0000.000,0000.000,0000.000,
 
002808602,000000002,000000058,0000.000,0000.000,0000.000,
 
002808622,000000001,000000057,0000.000,0000.000,0000.000,
 
002808642,000000000,000000058,0000.000,0000.000,0000.000,
 
002808662,000000001,000000057,0000.000,0000.000,0000.000,
 
002808682,000000002,000000060,0000.000,0000.000,0000.000,
 
002808702,000000003,000000060,0000.000,0000.000,0000.000,
 
002808722,000000003,000000060,0000.000,0000.000,0000.000,
 
002808742,000000001,000000060,0000.000,0000.000,0000.000,
 
002808762,000000001,000000062,0000.000,0000.000,0000.000,
 
002808782,000000000,000000064,0000.000,0000.000,0000.000,
 
002808802,-00000001,000000064,0000.000,0000.000,0000.000,
 
002808822,000000000,000000065,0000.000,0000.000,0000.000,
 
002808842,000000000,000000066,0000.000,0000.000,0000.000,
 
002808862,000000001,000000067,0000.000,0000.000,0000.000,
 
002808882,000000000,000000069,0000.000,0000.000,0000.000,
 
002808902,000000001,000000070,0000.000,0000.000,0000.000,
 
002808922,000000001,000000070,0000.000,0000.000,0000.000,
 
002808942,000000002,000000070,0000.000,0000.000,0000.000,
 
002808962,000000000,000000071,0000.000,0000.000,0000.000,
 
002808982,000000001,000000068,0000.000,0000.000,0000.000,
 
002809002,000000000,000000068,0000.000,0000.000,0000.000,
 
002809022,000000002,000000068,0000.000,0000.000,0000.000,
 
002809042,000000002,000000066,0000.000,0000.000,0000.000,
 
002809062,000000002,000000063,0000.000,0000.000,0000.000,
 
002809082,000000002,000000060,0000.000,0000.000,0000.000,
 
002809102,000000001,000000058,0000.000,0000.000,0000.000,
 
002809122,000000000,000000055,0000.000,0000.000,0000.000,
 
002809142,000000000,000000051,0000.000,0000.000,0000.000,
 
002809162,000000001,000000053,0000.000,0000.000,0000.000,
 
002809182,000000003,000000053,0000.000,0000.000,0000.000,
 
002809202,000000003,000000051,0000.000,0000.000,0000.000,
 
002809222,000000005,000000056,0000.000,0000.000,0000.000,
 
002809242,000000004,000000059,0000.000,0000.000,0000.000,
 
002809262,000000005,000000060,0000.000,0000.000,0000.000,
 
002809282,000000004,000000060,0000.000,0000.000,0000.000,
 
002809302,000000002,000000062,0000.000,0000.000,0000.000,
 
002809322,000000000,000000062,0000.000,0000.000,0000.000,
 
002809342,-00000001,000000061,0000.000,0000.000,0000.000,
 
002809362,-00000002,000000057,0000.000,0000.000,0000.000,
 
002809382,-00000004,000000056,0000.000,0000.000,0000.000,
 
002809402,-00000004,000000054,0000.000,0000.000,0000.000,
 
002809422,-00000002,000000051,0000.000,0000.000,0000.000,
 
002809442,-00000001,000000051,0000.000,0000.000,0000.000,
 
002809462,000000000,000000054,0000.000,0000.000,0000.000,
 
002809482,000000001,000000054,0000.000,0000.000,0000.000,
 
002809502,000000000,000000051,0000.000,0000.000,0000.000,
 
002809522,000000001,000000049,0000.000,0000.000,0000.000,
 
002809542,000000002,000000047,0000.000,0000.000,0000.000,
 
002809562,000000001,000000046,0000.000,0000.000,0000.000,
 
002809582,000000000,000000045,0000.000,0000.000,0000.000,
 
002809602,000000000,000000043,0000.000,0000.000,0000.000,
 
002809622,-00000002,000000042,0000.000,0000.000,0000.000,
 
002809642,-00000001,000000044,0000.000,0000.000,0000.000,
 
002809662,-00000001,000000044,0000.000,0000.000,0000.000,
 
002809682,-00000002,000000047,0000.000,0000.000,0000.000,
 
002809702,-00000007,000000045,0000.000,0000.000,0000.000,
 
002809722,-00000005,000000046,0000.000,0000.000,0000.000,
 
002809742,-00000005,000000048,0000.000,0000.000,0000.000,
 
002809762,-00000002,000000051,0000.000,0000.000,0000.000,
 
002809782,-00000004,000000051,0000.000,0000.000,0000.000,
 
002809802,-00000002,000000050,0000.000,0000.000,0000.000,
 
002809822,-00000001,000000051,0000.000,0000.000,0000.000,
 
002809842,-00000002,000000050,0000.000,0000.000,0000.000,
 
002809862,-00000002,000000048,0000.000,0000.000,0000.000,
 
002809882,-00000001,000000048,0000.000,0000.000,0000.000,
 
002809902,000000000,000000050,0000.000,0000.000,0000.000,
 
002809922,000000001,000000047,0000.000,0000.000,0000.000,
 
002809942,000000003,000000047,0000.000,0000.000,0000.000,
 
002809962,000000003,000000047,0000.000,0000.000,0000.000,
 
002809982,000000002,000000049,0000.000,0000.000,0000.000,
 
002810002,000000002,000000049,0000.000,0000.000,0000.000,
 
002810022,000000003,000000050,0000.000,0000.000,0000.000,
 
002810042,000000004,000000052,0000.000,0000.000,0000.000,
 
002810062,000000003,000000050,0000.000,0000.000,0000.000,
 
002810082,000000003,000000050,0000.000,0000.000,0000.000,
 
002810102,000000003,000000051,0000.000,0000.000,0000.000,
 
002810122,000000003,000000051,0000.000,0000.000,0000.000,
 
002810142,000000003,000000051,0000.000,0000.000,0000.000,
 
002810162,000000001,000000048,0000.000,0000.000,0000.000,
 
002810182,000000000,000000049,0000.000,0000.000,0000.000,
 
002810202,000000000,000000048,0000.000,0000.000,0000.000,
 
002810222,000000001,000000046,0000.000,0000.000,0000.000,
 
002810242,000000000,000000043,0000.000,0000.000,0000.000,
 
002810262,000000000,000000043,0000.000,0000.000,0000.000,
 
002810282,-00000001,000000042,0000.000,0000.000,0000.000,
 
002810302,-00000001,000000044,0000.000,0000.000,0000.000,
 
002810322,-00000002,000000045,0000.000,0000.000,0000.000,
 
002810342,-00000001,000000043,0000.000,0000.000,0000.000,
 
002810362,-00000001,000000041,0000.000,0000.000,0000.000,
 
002810382,-00000001,000000038,0000.000,0000.000,0000.000,
 
002810402,-00000001,000000035,0000.000,0000.000,0000.000,
 
002810422,000000000,000000035,0000.000,0000.000,0000.000,
 
002810442,000000001,000000034,0000.000,0000.000,0000.000,
 
002810462,000000001,000000034,0000.000,0000.000,0000.000,
 
002810482,000000000,000000033,0000.000,0000.000,0000.000,
 
002810502,000000001,000000033,0000.000,0000.000,0000.000,
 
002810522,000000000,000000032,0000.000,0000.000,0000.000,
 
002810542,000000000,000000031,0000.000,0000.000,0000.000,
 
002810562,000000000,000000030,0000.000,0000.000,0000.000,
 
002810582,000000000,000000031,0000.000,0000.000,0000.000,
 
002810602,000000000,000000030,0000.000,0000.000,0000.000,
 
002810622,-00000002,000000027,0000.000,0000.000,0000.000,
 
002810642,-00000001,000000023,0000.000,0000.000,0000.000,
 
002810662,-00000002,000000022,0000.000,0000.000,0000.000,
 
002810682,-00000001,000000021,0000.000,0000.000,0000.000,
 
002810702,-00000001,000000023,0000.000,0000.000,0000.000,
 
002810722,-00000002,000000023,0000.000,0000.000,0000.000,
 
002810742,-00000003,000000022,0000.000,0000.000,0000.000,
 
002810762,-00000001,000000019,0000.000,0000.000,0000.000,
 
002810782,-00000001,000000018,0000.000,0000.000,0000.000,
 
002810802,-00000002,000000017,0000.000,0000.000,0000.000,
 
002810822,-00000002,000000019,0000.000,0000.000,0000.000,
 
002810842,-00000002,000000018,0000.000,0000.000,0000.000,
 
002810862,-00000001,000000018,0000.000,0000.000,0000.000,
 
002810882,-00000001,000000019,0000.000,0000.000,0000.000,
 
002810902,-00000002,000000019,0000.000,0000.000,0000.000,
 
002810922,-00000001,000000020,0000.000,0000.000,0000.000,
 
002810942,-00000001,000000020,0000.000,0000.000,0000.000,
 
002810962,-00000001,000000021,0000.000,0000.000,0000.000,
 
002810982,000000000,000000021,0000.000,0000.000,0000.000,
 
002811002,000000000,000000023,0000.000,0000.000,0000.000,
 
002811022,000000000,000000023,0000.000,0000.000,0000.000,
 
002811042,-00000001,000000025,0000.000,0000.000,0000.000,
 
002811062,-00000002,000000026,0000.000,0000.000,0000.000,
 
002811082,-00000002,000000025,0000.000,0000.000,0000.000,
 
002811102,-00000003,000000028,0000.000,0000.000,0000.000,
 
002811122,-00000002,000000021,0000.000,0000.000,0000.000,
 
002811142,-00000002,000000011,0000.000,0000.000,0000.000,
 
002811162,-00000001,000000004,0000.000,0000.000,0000.000,
 
002811182,-00000001,000000002,0000.000,0000.000,0000.000,
 
002811202,000000000,000000000,0000.000,0000.000,0000.000,
 
002811222,000000000,000000000,0000.000,0000.000,0000.000,
 
002811242,000000000,000000000,0000.000,0000.000,0000.000,
 
002811262,000000000,000000000,0000.000,0000.000,0000.000,
 
002811282,000000000,000000000,0000.000,0000.000,0000.000,
 
002811302,000000000,000000000,0000.000,0000.000,0000.000,
 
002811322,000000000,000000000,0000.000,0000.000,0000.000,
 
002811342,000000000,000000000,0000.000,0000.000,0000.000,
 
002811362,000000000,000000000,0000.000,0000.000,0000.000,
 
002811382,000000000,000000000,0000.000,0000.000,0000.000,
 
002811402,000000000,000000000,0000.000,0000.000,0000.000,
 
002811422,000000000,000000000,0000.000,0000.000,0000.000,
 
002811442,000000000,000000000,0000.000,0000.000,0000.000,
 
002811462,000000000,000000000,0000.000,0000.000,0000.000,
 
002811482,000000000,000000000,0000.000,0000.000,0000.000,
 
002811502,000000000,000000000,0000.000,0000.000,0000.000,
 
002811522,000000000,000000000,0000.000,0000.000,0000.000,
 
002811542,000000000,000000000,0000.000,0000.000,0000.000,
 
002811562,000000000,000000000,0000.000,0000.000,0000.000,
 
002811582,000000000,000000000,0000.000,0000.000,0000.000,
 
002811602,000000000,000000000,0000.000,0000.000,0000.000,
 
002811622,000000000,000000000,0000.000,0000.000,0000.000,
 
002811642,000000000,000000000,0000.000,0000.000,0000.000,
 
002811662,000000000,000000000,0000.000,0000.000,0000.000,
 
002811682,000000000,000000000,0000.000,0000.000,0000.000,
 
002811702,000000000,000000000,0000.000,0000.000,0000.000,
 
002811722,000000000,000000000,0000.000,0000.000,0000.000,
 
002811742,000000000,000000000,0000.000,0000.000,0000.000,
 
002811762,000000000,000000000,0000.000,0000.000,0000.000,
 
002811782,000000000,000000000,0000.000,0000.000,0000.000,
 
002811802,000000000,000000000,0000.000,0000.000,0000.000,
 
002811822,000000000,000000000,0000.000,0000.000,0000.000,
 
002811842,000000000,000000000,0000.000,0000.000,0000.000,
 
002811862,000000000,000000000,0000.000,0000.000,0000.000,
 
002811882,000000000,000000000,0000.000,0000.000,0000.000,
 
002811902,000000000,000000000,0000.000,0000.000,0000.000,
 
002811922,000000000,000000000,0000.000,0000.000,0000.000,
 
002811942,000000000,000000000,0000.000,0000.000,0000.000,
 
002811962,000000000,000000000,0000.000,0000.000,0000.000,
 
002811982,000000000,000000000,0000.000,0000.000,0000.000,
 
002812002,000000000,000000000,0000.000,0000.000,0000.000,
 
002812022,000000000,000000000,0000.000,0000.000,0000.000,
 
002812042,000000000,000000000,0000.000,0000.000,0000.000,
 
002812062,000000000,000000000,0000.000,0000.000,0000.000,
 
002812082,000000000,000000000,0000.000,0000.000,0000.000,
 
002812102,000000000,000000000,0000.000,0000.000,0000.000,
 
002812122,000000000,000000000,0000.000,0000.000,0000.000,
 
002812142,000000000,000000000,0000.000,0000.000,0000.000,
 
002812162,000000000,000000000,0000.000,0000.000,0000.000,
 
002812182,000000000,000000000,0000.000,0000.000,0000.000,
 
002812202,000000000,000000000,0000.000,0000.000,0000.000,
 
002812222,000000000,000000000,0000.000,0000.000,0000.000,
 
002812242,000000000,000000000,0000.000,0000.000,0000.000,
 
002812262,000000000,000000000,0000.000,0000.000,0000.000,
 
002812282,000000000,000000000,0000.000,0000.000,0000.000,
 
002812302,000000000,000000000,0000.000,0000.000,0000.000,
 
002812322,000000000,000000000,0000.000,0000.000,0000.000,
 
002812342,000000000,000000000,0000.000,0000.000,0000.000,
 
002812362,000000000,000000000,0000.000,0000.000,0000.000,
 
002812382,000000000,000000000,0000.000,0000.000,0000.000,
 
002812402,000000000,000000000,0000.000,0000.000,0000.000,
 
002812422,000000000,000000000,0000.000,0000.000,0000.000,
 
002812442,000000000,000000000,0000.000,0000.000,0000.000,
 
002812462,000000000,000000000,0000.000,0000.000,0000.000,
 
002812482,000000000,000000000,0000.000,0000.000,0000.000,
 
002812502,000000000,000000000,0000.000,0000.000,0000.000,
 
002812522,000000000,000000000,0000.000,0000.000,0000.000,
 
002812542,000000000,000000000,0000.000,0000.000,0000.000,
 
002812562,000000000,000000000,0000.000,0000.000,0000.000,
 
