000044796,-00000527,000000865,0000.000,0000.000,0000.000,0155
 
000044815,000000001,000000037,0000.000,0000.000,0000.000,0009
 
000044835,000000014,000000050,0000.000,0000.000,0000.000,0011
 
000044855,000000023,000000070,0000.000,0000.000,0000.000,0155
 
000044875,000000030,000000096,0000.000,0000.000,0000.000,0154
 
000044895,000000032,000000105,0000.000,0000.000,0000.000,0009
 
000044915,000000033,000000117,0000.000,0000.000,0000.000,0155
 
000044935,000000012,000000044,0000.000,0000.000,0000.000,0010
 
000044955,000000005,000000014,0000.000,0000.000,0000.000,0155
 
000044975,000000003,000000013,0000.000,0000.000,0000.000,0154
 
000044995,000000004,000000011,0000.000,0000.000,0000.000,0155
 
000045015,000000002,000000010,0000.000,0000.000,0000.000,0156
 
000045035,000000003,000000009,0000.000,0000.000,0000.000,0156
 
000045055,000000001,000000006,0000.000,0000.000,0000.000,0010
 
000045075,000000001,000000005,0000.000,0000.000,0000.000,0009
 
000045095,000000001,000000004,0000.000,0000.000,0000.000,0006
 
000045115,000000000,000000000,0000.000,0000.000,0000.000,0156
 
000045135,000000000,000000000,0000.000,0000.000,0000.000,0156
 
000045155,000000000,000000000,0000.000,0000.000,0000.000,0155
 
000045175,000000000,000000000,0000.000,0000.000,0000.000,0155
 
000045195,000000000,000000001,0000.000,0000.000,0000.000,0155
 
000045215,000000000,000000000,0000.000,0000.000,0000.000,0156
 
000045235,000000000,000000000,0000.000,0000.000,0000.000,0156
 
000045255,000000000,000000000,0000.000,0000.000,0000.000,0154
 
000045275,000000000,000000000,0000.000,0000.000,0000.000,0155
 
000045295,000000000,000000000,0000.000,0000.000,0000.000,0156
 
000045315,000000000,000000000,0000.000,0000.000,0000.000,0012
 
000045335,000000000,000000000,0000.000,0000.000,0000.000,0011
 
000045355,000000000,000000000,0000.000,0000.000,0000.000,0156
 
000045375,000000000,000000000,0000.000,0000.000,0000.000,0157
 
000045395,000000000,000000000,0000.000,0000.000,0000.000,0155
 
000045415,000000000,000000000,0000.000,0000.000,0000.000,0013
 
000045435,000000000,000000000,0000.000,0000.000,0000.000,0154
 
000045455,000000000,000000000,0000.000,0000.000,0000.000,0014
 
000045475,000000000,000000000,0000.000,0000.000,0000.000,0010
 
000045495,000000000,000000000,0000.000,0000.000,0000.000,0014
 
000045515,000000000,000000000,0000.000,0000.000,0000.000,0004
 
000045535,000000000,000000000,0000.000,0000.000,0000.000,0156
 
000045555,000000000,000000000,0000.000,0000.000,0000.000,0012
 
000045575,000000000,000000000,0000.000,0000.000,0000.000,0012
 
000045595,000000000,000000000,0000.000,0000.000,0000.000,0009
 
000045615,000000002,000000000,0000.000,0000.000,0000.000,0011
 
000045635,000000004,-00000002,0000.000,0000.000,0000.000,0007
 
000045655,000000002,-00000002,0000.000,0000.000,0000.000,0012
 
000045675,000000002,-00000001,0000.000,0000.000,0000.000,0012
 
000045695,000000003,-00000002,0000.000,0000.000,0000.000,0014
 
000045715,000000004,-00000004,0000.000,0000.000,0000.000,0005
 
000045735,000000002,000000000,0000.000,0000.000,0000.000,0013
 
000045755,-00000002,-00000001,0000.000,0000.000,0000.000,0012
 
000045775,-00000022,000000007,0000.000,0000.000,0000.000,0155
 
000045795,-00000041,000000033,0000.000,0000.000,0000.000,0009
 
000045815,-00000043,000000058,0000.000,0000.000,0000.000,0007
 
000045835,-00000040,000000071,0000.000,0000.000,0000.000,0003
 
000045855,-00000027,000000065,0000.000,0000.000,0000.000,0013
 
000045875,-00000010,000000054,0000.000,0000.000,0000.000,0010
 
000045895,-00000001,000000042,0000.000,0000.000,0000.000,0009
 
000045915,000000002,000000030,0000.000,0000.000,0000.000,0009
 
000045935,000000002,000000014,0000.000,0000.000,0000.000,0011
 
000045955,000000001,000000002,0000.000,0000.000,0000.000,0006
 
000045975,000000004,000000000,0000.000,0000.000,0000.000,0008
 
000045995,000000009,000000000,0000.000,0000.000,0000.000,0156
 
000046015,000000013,000000008,0000.000,0000.000,0000.000,0012
 
000046035,000000010,000000013,0000.000,0000.000,0000.000,0010
 
000046055,000000003,000000009,0000.000,0000.000,0000.000,0156
 
000046075,000000001,000000003,0000.000,0000.000,0000.000,0155
 
000046095,000000000,000000002,0000.000,0000.000,0000.000,0005
 
000046115,000000000,000000005,0000.000,0000.000,0000.000,0156
 
000046135,000000000,000000010,0000.000,0000.000,0000.000,0008
 
000046155,000000000,000000015,0000.000,0000.000,0000.000,0153
 
000046175,-00000001,000000018,0000.000,0000.000,0000.000,0155
 
000046195,-00000003,000000020,0000.000,0000.000,0000.000,0155
 
000046215,-00000004,000000023,0000.000,0000.000,0000.000,0155
 
000046235,-00000007,000000031,0000.000,0000.000,0000.000,0154
 
000046255,-00000007,000000032,0000.000,0000.000,0000.000,0155
 
000046275,-00000007,000000021,0000.000,0000.000,0000.000,0155
 
000046295,-00000001,000000012,0000.000,0000.000,0000.000,0153
 
000046315,000000000,000000005,0000.000,0000.000,0000.000,0156
 
000046335,000000000,000000001,0000.000,0000.000,0000.000,0156
 
000046355,000000000,000000000,0000.000,0000.000,0000.000,0154
 
000046375,-00000002,000000000,0000.000,0000.000,0000.000,0153
 
000046395,-00000001,-00000001,0000.000,0000.000,0000.000,0155
 
000046415,-00000001,-00000002,0000.000,0000.000,0000.000,0154
 
000046435,-00000002,-00000003,0000.000,0000.000,0000.000,0155
 
000046455,-00000002,-00000004,0000.000,0000.000,0000.000,0155
 
000046475,-00000002,-00000004,0000.000,0000.000,0000.000,0155
 
000046495,-00000003,-00000001,0000.000,0000.000,0000.000,0154
 
000046515,-00000006,-00000004,0000.000,0000.000,0000.000,0155
 
000046535,-00000008,-00000008,0000.000,0000.000,0000.000,0155
 
000046555,-00000008,-00000013,0000.000,0000.000,0000.000,0155
 
000046575,-00000005,-00000007,0000.000,0000.000,0000.000,0157
 
000046595,-00000003,-00000003,0000.000,0000.000,0000.000,0156
 
000046615,-00000001,000000000,0000.000,0000.000,0000.000,0155
 
000046635,000000000,000000000,0000.000,0000.000,0000.000,0014
 
000046655,000000000,000000000,0000.000,0000.000,0000.000,0156
 
000046675,000000000,000000000,0000.000,0000.000,0000.000,0011
 
000046695,000000000,000000000,0000.000,0000.000,0000.000,0155
 
000046715,000000000,000000000,0000.000,0000.000,0000.000,0007
 
000046735,000000000,000000000,0000.000,0000.000,0000.000,0009
 
000046755,000000000,000000000,0000.000,0000.000,0000.000,0014
 
000046775,000000000,000000000,0000.000,0000.000,0000.000,0009
 
000046795,000000000,000000000,0000.000,0000.000,0000.000,0010
 
000046815,000000000,000000000,0000.000,0000.000,0000.000,0005
 
000046835,000000000,000000000,0000.000,0000.000,0000.000,0009
 
000046855,000000000,000000000,0000.000,0000.000,0000.000,0008
 
000046875,000000000,000000000,0000.000,0000.000,0000.000,0012
 
000046895,000000000,000000000,0000.000,0000.000,0000.000,0010
 
000046915,000000000,000000000,0000.000,0000.000,0000.000,0009
 
000046935,000000000,000000000,0000.000,0000.000,0000.000,0011
 
000046955,000000000,000000000,0000.000,0000.000,0000.000,0012
 
000046975,000000000,000000000,0000.000,0000.000,0000.000,0010
 
000046995,000000000,-00000001,0000.000,0000.000,0000.000,0011
 
000047015,000000001,000000000,0000.000,0000.000,0000.000,0010
 
000047035,000000000,000000000,0000.000,0000.000,0000.000,0008
 
000047055,000000001,000000000,0000.000,0000.000,0000.000,0009
 
000047075,000000001,000000000,0000.000,0000.000,0000.000,0010
 
000047095,000000000,000000000,0000.000,0000.000,0000.000,0014
 
000047115,000000000,000000000,0000.000,0000.000,0000.000,0010
 
000047135,000000000,000000000,0000.000,0000.000,0000.000,0006
 
000047155,000000000,-00000001,0000.000,0000.000,0000.000,0011
 
000047175,000000001,-00000002,0000.000,0000.000,0000.000,0007
 
000047195,000000002,-00000002,0000.000,0000.000,0000.000,0011
 
000047215,000000000,000000000,0000.000,0000.000,0000.000,0155
 
000047235,000000000,000000000,0000.000,0000.000,0000.000,0154
 
000047255,000000000,000000000,0000.000,0000.000,0000.000,0012
 
000047275,000000000,000000000,0000.000,0000.000,0000.000,0154
 
000047295,000000000,000000000,0000.000,0000.000,0000.000,0153
 
000047315,000000000,000000000,0000.000,0000.000,0000.000,0154
 
000047335,000000000,000000000,0000.000,0000.000,0000.000,0156
 
000047355,000000000,000000000,0000.000,0000.000,0000.000,0154
 
000047375,000000000,000000000,0000.000,0000.000,0000.000,0155
 
000047395,000000000,000000000,0000.000,0000.000,0000.000,0006
 
000047415,000000000,000000000,0000.000,0000.000,0000.000,0008
 
000047435,000000000,-00000001,0000.000,0000.000,0000.000,0155
 
000047455,000000002,000000000,0000.000,0000.000,0000.000,0010
 
000047475,000000001,000000000,0000.000,0000.000,0000.000,0011
 
000047495,000000001,000000001,0000.000,0000.000,0000.000,0008
 
000047515,000000000,000000002,0000.000,0000.000,0000.000,0154
 
000047535,000000000,000000001,0000.000,0000.000,0000.000,0015
 
000047555,000000000,000000000,0000.000,0000.000,0000.000,0011
 
000047575,-00000001,000000001,0000.000,0000.000,0000.000,0006
 
000047595,-00000001,000000000,0000.000,0000.000,0000.000,0004
 
000047615,000000000,000000000,0000.000,0000.000,0000.000,0007
 
000047635,000000000,000000001,0000.000,0000.000,0000.000,0008
 
000047655,-00000001,000000000,0000.000,0000.000,0000.000,0012
 
000047675,-00000001,000000001,0000.000,0000.000,0000.000,0010
 
000047695,-00000001,000000000,0000.000,0000.000,0000.000,0007
 
000047715,000000000,000000000,0000.000,0000.000,0000.000,0005
 
000047735,000000000,000000000,0000.000,0000.000,0000.000,0010
 
000047755,000000000,000000000,0000.000,0000.000,0000.000,0015
 
000047775,000000000,000000001,0000.000,0000.000,0000.000,0010
 
000047795,000000000,000000000,0000.000,0000.000,0000.000,0009
 
000047815,000000000,000000000,0000.000,0000.000,0000.000,0011
 
000047835,000000000,000000000,0000.000,0000.000,0000.000,0010
 
000047855,000000000,000000000,0000.000,0000.000,0000.000,0011
 
000047875,000000000,000000000,0000.000,0000.000,0000.000,0006
 
000047895,-00000001,000000000,0000.000,0000.000,0000.000,0012
 
000047915,-00000001,000000000,0000.000,0000.000,0000.000,0011
 
000047935,-00000002,000000000,0000.000,0000.000,0000.000,0154
 
000047955,-00000001,000000000,0000.000,0000.000,0000.000,0155
 
000047975,000000000,000000000,0000.000,0000.000,0000.000,0154
 
000047995,000000000,000000000,0000.000,0000.000,0000.000,0155
 
000048015,000000000,000000000,0000.000,0000.000,0000.000,0156
 
000048035,000000000,000000001,0000.000,0000.000,0000.000,0155
 
000048055,000000000,000000000,0000.000,0000.000,0000.000,0006
 
000048075,000000001,000000000,0000.000,0000.000,0000.000,0012
 
000048095,000000000,000000000,0000.000,0000.000,0000.000,0154
 
000048115,000000000,000000001,0000.000,0000.000,0000.000,0154
 
000048135,000000000,000000000,0000.000,0000.000,0000.000,0155
 
000048155,000000000,000000000,0000.000,0000.000,0000.000,0154
 
000048175,000000000,000000000,0000.000,0000.000,0000.000,0005
 
000048195,000000000,000000000,0000.000,0000.000,0000.000,0009
 
000048215,000000000,000000000,0000.000,0000.000,0000.000,0154
 
000048235,000000000,000000000,0000.000,0000.000,0000.000,0008
 
000048255,000000000,000000000,0000.000,0000.000,0000.000,0011
 
000048275,000000000,000000000,0000.000,0000.000,0000.000,0007
 
000048295,000000000,000000000,0000.000,0000.000,0000.000,0154
 
000048315,000000000,000000000,0000.000,0000.000,0000.000,0008
 
000048335,000000000,000000000,0000.000,0000.000,0000.000,0155
 
000048355,000000000,000000001,0000.000,0000.000,0000.000,0013
 
000048375,000000000,000000000,0000.000,0000.000,0000.000,0013
 
000048395,000000000,000000000,0000.000,0000.000,0000.000,0011
 
000048415,000000000,000000000,0000.000,0000.000,0000.000,0008
 
000048435,000000000,000000000,0000.000,0000.000,0000.000,0012
 
000048455,000000000,000000000,0000.000,0000.000,0000.000,0011
 
000048475,000000000,000000000,0000.000,0000.000,0000.000,0012
 
000048495,000000000,000000000,0000.000,0000.000,0000.000,0014
 
000048515,000000000,000000000,0000.000,0000.000,0000.000,0013
 
000048535,000000000,000000000,0000.000,0000.000,0000.000,0010
 
000048555,000000000,000000000,0000.000,0000.000,0000.000,0005
 
000048575,000000000,000000000,0000.000,0000.000,0000.000,0009
 
000048595,000000000,000000000,0000.000,0000.000,0000.000,0011
 
000048615,000000000,000000000,0000.000,0000.000,0000.000,0012
 
000048635,000000000,000000000,0000.000,0000.000,0000.000,0011
 
000048655,000000000,000000000,0000.000,0000.000,0000.000,0008
 
000048675,-00000001,000000000,0000.000,0000.000,0000.000,0003
 
000048695,000000000,000000000,0000.000,0000.000,0000.000,0006
 
000048715,000000000,000000000,0000.000,0000.000,0000.000,0009
 
000048735,000000000,000000000,0000.000,0000.000,0000.000,0006
 
000048755,000000000,000000000,0000.000,0000.000,0000.000,0155
 
000048775,000000000,000000000,0000.000,0000.000,0000.000,0154
 
000048795,000000000,000000000,0000.000,0000.000,0000.000,0153
 
000048815,-00000001,000000000,0000.000,0000.000,0000.000,0154
 
000048835,000000000,000000000,0000.000,0000.000,0000.000,0155
 
000048855,-00000001,000000000,0000.000,0000.000,0000.000,0156
 
000048875,000000000,-00000001,0000.000,0000.000,0000.000,0011
 
000048895,000000000,000000000,0000.000,0000.000,0000.000,0012
 
000048915,000000000,000000000,0000.000,0000.000,0000.000,0009
 
000048935,000000000,000000000,0000.000,0000.000,0000.000,0156
 
000048955,000000000,000000001,0000.000,0000.000,0000.000,0013
 
000048975,000000000,000000000,0000.000,0000.000,0000.000,0012
 
000048995,000000000,000000000,0000.000,0000.000,0000.000,0009
 
000049015,000000000,000000000,0000.000,0000.000,0000.000,0156
 
000049035,000000000,000000000,0000.000,0000.000,0000.000,0009
 
000049055,000000000,000000000,0000.000,0000.000,0000.000,0155
 
000049075,-00000001,-00000001,0000.000,0000.000,0000.000,0015
 
000049095,000000000,000000000,0000.000,0000.000,0000.000,0017
 
000049115,000000000,000000000,0000.000,0000.000,0000.000,0160
 
000049136,000000000,000000000,0000.000,0000.000,0000.000,1023
 
000049156,000000000,000000000,0000.000,0000.000,0000.000,1023
 
000049176,000000000,000000000,0000.000,0000.000,0000.000,1023
 
000049196,000000000,000000000,0000.000,0000.000,0000.000,1023
 
000049216,000000000,000000000,0000.000,0000.000,0000.000,1023
 
000049236,000000000,000000000,0000.000,0000.000,0000.000,1023
 
000049256,000000000,000000000,0000.000,0000.000,0000.000,1023
 
000049275,000000000,-00000001,0000.000,0000.000,0000.000,0161
 
000049295,000000000,000000000,0000.000,0000.000,0000.000,0018
 
000049315,000000000,000000000,0000.000,0000.000,0000.000,0014
 
000049335,000000000,000000000,0000.000,0000.000,0000.000,0007
 
000049355,000000000,000000000,0000.000,0000.000,0000.000,0010
 
000049375,000000000,000000000,0000.000,0000.000,0000.000,0008
 
000049395,000000000,000000000,0000.000,0000.000,0000.000,0009
 
000049415,000000000,000000000,0000.000,0000.000,0000.000,0009
 
000049435,000000000,000000000,0000.000,0000.000,0000.000,0008
 
000049455,000000000,000000001,0000.000,0000.000,0000.000,0014
 
000049475,-00000001,000000000,0000.000,0000.000,0000.000,0007
 
000049495,000000000,000000000,0000.000,0000.000,0000.000,0006
 
000049515,000000000,000000000,0000.000,0000.000,0000.000,0155
 
000049535,-00000001,000000000,0000.000,0000.000,0000.000,0157
 
000049555,000000000,000000000,0000.000,0000.000,0000.000,0156
 
000049575,000000000,000000001,0000.000,0000.000,0000.000,0156
 
000049595,-00000001,000000001,0000.000,0000.000,0000.000,0155
 
000049615,000000000,000000000,0000.000,0000.000,0000.000,0155
 
000049635,000000000,000000001,0000.000,0000.000,0000.000,0156
 
000049655,000000004,-00000001,0000.000,0000.000,0000.000,0155
 
000049675,000000004,-00000004,0000.000,0000.000,0000.000,0009
 
000049695,000000004,-00000005,0000.000,0000.000,0000.000,0157
 
000049715,000000002,-00000003,0000.000,0000.000,0000.000,0011
 
000049735,000000000,-00000004,0000.000,0000.000,0000.000,0013
 
000049755,000000000,-00000003,0000.000,0000.000,0000.000,0008
 
000049775,000000000,-00000002,0000.000,0000.000,0000.000,0155
 
000049795,000000000,-00000003,0000.000,0000.000,0000.000,0012
 
000049815,000000000,-00000003,0000.000,0000.000,0000.000,0013
 
000049835,000000001,-00000002,0000.000,0000.000,0000.000,0008
 
000049855,000000000,-00000001,0000.000,0000.000,0000.000,0010
 
000049875,000000001,-00000002,0000.000,0000.000,0000.000,0010
 
000049895,000000002,-00000003,0000.000,0000.000,0000.000,0011
 
000049915,000000001,-00000007,0000.000,0000.000,0000.000,0013
 
000049935,-00000001,-00000013,0000.000,0000.000,0000.000,0009
 
000049955,-00000002,-00000013,0000.000,0000.000,0000.000,0012
 
000049975,-00000002,-00000013,0000.000,0000.000,0000.000,0153
 
000049995,-00000002,-00000020,0000.000,0000.000,0000.000,0154
 
000050015,000000000,-00000030,0000.000,0000.000,0000.000,0154
 
000050035,000000000,-00000042,0000.000,0000.000,0000.000,0155
 
000050055,000000000,-00000047,0000.000,0000.000,0000.000,0155
 
000050075,-00000003,-00000048,0000.000,0000.000,0000.000,0155
 
000050095,-00000004,-00000040,0000.000,0000.000,0000.000,0154
 
000050115,-00000003,-00000030,0000.000,0000.000,0000.000,0154
 
000050135,000000000,-00000025,0000.000,0000.000,0000.000,0155
 
000050155,000000000,-00000008,0000.000,0000.000,0000.000,0156
 
000050175,000000000,-00000002,0000.000,0000.000,0000.000,0156
 
000050195,000000000,000000000,0000.000,0000.000,0000.000,0155
 
000050215,000000000,-00000001,0000.000,0000.000,0000.000,0156
 
000050235,000000000,-00000003,0000.000,0000.000,0000.000,0155
 
000050255,000000001,-00000013,0000.000,0000.000,0000.000,0154
 
000050275,000000000,-00000016,0000.000,0000.000,0000.000,0155
 
000050295,000000000,-00000016,0000.000,0000.000,0000.000,0155
 
000050315,000000000,-00000015,0000.000,0000.000,0000.000,0155
 
000050335,000000000,-00000014,0000.000,0000.000,0000.000,0155
 
000050355,000000000,-00000018,0000.000,0000.000,0000.000,0153
 
000050375,000000000,-00000026,0000.000,0000.000,0000.000,0008
 
000050395,000000000,-00000029,0000.000,0000.000,0000.000,0009
 
000050415,000000000,-00000028,0000.000,0000.000,0000.000,0154
 
000050435,000000001,-00000022,0000.000,0000.000,0000.000,0154
 
000050455,000000000,-00000015,0000.000,0000.000,0000.000,0154
 
000050475,-00000001,-00000012,0000.000,0000.000,0000.000,0009
 
000050495,-00000002,-00000011,0000.000,0000.000,0000.000,0011
 
000050515,-00000001,-00000012,0000.000,0000.000,0000.000,0012
 
000050535,-00000002,-00000012,0000.000,0000.000,0000.000,0154
 
000050555,-00000001,-00000008,0000.000,0000.000,0000.000,0155
 
000050575,-00000001,-00000005,0000.000,0000.000,0000.000,0011
 
000050595,000000000,-00000007,0000.000,0000.000,0000.000,0006
 
000050615,000000000,-00000013,0000.000,0000.000,0000.000,0007
 
000050635,000000001,-00000019,0000.000,0000.000,0000.000,0007
 
000050655,000000000,-00000021,0000.000,0000.000,0000.000,0008
 
000050675,-00000001,-00000019,0000.000,0000.000,0000.000,0006
 
000050695,-00000001,-00000016,0000.000,0000.000,0000.000,0007
 
000050715,-00000001,-00000014,0000.000,0000.000,0000.000,0007
 
000050735,-00000001,-00000012,0000.000,0000.000,0000.000,0007
 
000050755,-00000001,-00000013,0000.000,0000.000,0000.000,0007
 
000050775,000000000,-00000007,0000.000,0000.000,0000.000,0007
 
000050795,000000001,-00000013,0000.000,0000.000,0000.000,0007
 
000050815,-00000001,-00000013,0000.000,0000.000,0000.000,0007
 
000050835,-00000002,-00000016,0000.000,0000.000,0000.000,0152
 
000050855,-00000002,-00000025,0000.000,0000.000,0000.000,0152
 
000050875,-00000001,-00000025,0000.000,0000.000,0000.000,0153
 
000050895,-00000002,-00000025,0000.000,0000.000,0000.000,0153
 
000050915,-00000002,-00000025,0000.000,0000.000,0000.000,0153
 
000050935,-00000002,-00000025,0000.000,0000.000,0000.000,0153
 
000050955,-00000003,-00000022,0000.000,0000.000,0000.000,0152
 
000050975,-00000003,-00000019,0000.000,0000.000,0000.000,0153
 
000050995,-00000004,-00000010,0000.000,0000.000,0000.000,0153
 
000051015,-00000003,-00000010,0000.000,0000.000,0000.000,0152
 
000051035,-00000003,-00000014,0000.000,0000.000,0000.000,0153
 
000051055,-00000001,-00000017,0000.000,0000.000,0000.000,0152
 
000051075,-00000001,-00000017,0000.000,0000.000,0000.000,0153
 
000051095,000000000,-00000019,0000.000,0000.000,0000.000,0152
 
000051115,-00000001,-00000023,0000.000,0000.000,0000.000,0152
 
000051135,-00000003,-00000030,0000.000,0000.000,0000.000,0153
 
000051155,-00000003,-00000038,0000.000,0000.000,0000.000,0006
 
000051175,-00000002,-00000041,0000.000,0000.000,0000.000,0007
 
000051195,000000001,-00000049,0000.000,0000.000,0000.000,0153
 
000051215,000000006,-00000053,0000.000,0000.000,0000.000,0152
 
000051235,000000006,-00000056,0000.000,0000.000,0000.000,0152
 
000051255,000000004,-00000049,0000.000,0000.000,0000.000,0006
 
000051275,000000005,-00000042,0000.000,0000.000,0000.000,0007
 
000051295,000000003,-00000037,0000.000,0000.000,0000.000,0006
 
000051315,000000002,-00000031,0000.000,0000.000,0000.000,0007
 
000051335,000000001,-00000021,0000.000,0000.000,0000.000,0007
 
000051355,000000000,-00000009,0000.000,0000.000,0000.000,0008
 
000051375,-00000001,-00000007,0000.000,0000.000,0000.000,0006
 
000051395,-00000002,-00000007,0000.000,0000.000,0000.000,0006
 
000051415,-00000002,-00000013,0000.000,0000.000,0000.000,0007
 
000051435,000000000,-00000018,0000.000,0000.000,0000.000,0007
 
000051455,000000000,-00000024,0000.000,0000.000,0000.000,0007
 
000051475,000000001,-00000027,0000.000,0000.000,0000.000,0007
 
000051495,000000002,-00000028,0000.000,0000.000,0000.000,0006
 
000051515,000000002,-00000026,0000.000,0000.000,0000.000,0007
 
000051535,000000000,-00000022,0000.000,0000.000,0000.000,0007
 
000051555,000000000,-00000025,0000.000,0000.000,0000.000,0008
 
000051575,000000000,-00000013,0000.000,0000.000,0000.000,0007
 
000051595,000000000,-00000013,0000.000,0000.000,0000.000,0007
 
000051615,000000000,-00000006,0000.000,0000.000,0000.000,0007
 
000051635,000000000,-00000002,0000.000,0000.000,0000.000,0008
 
000051655,000000000,-00000002,0000.000,0000.000,0000.000,0006
 
000051675,000000000,-00000002,0000.000,0000.000,0000.000,0007
 
000051695,000000001,-00000005,0000.000,0000.000,0000.000,0008
 
000051715,000000001,-00000013,0000.000,0000.000,0000.000,0007
 
000051735,000000002,-00000015,0000.000,0000.000,0000.000,0007
 
000051755,000000000,-00000013,0000.000,0000.000,0000.000,0153
 
000051775,000000000,-00000013,0000.000,0000.000,0000.000,0153
 
000051795,000000001,-00000018,0000.000,0000.000,0000.000,0153
 
000051815,000000001,-00000020,0000.000,0000.000,0000.000,0152
 
000051835,-00000002,-00000021,0000.000,0000.000,0000.000,0152
 
000051855,-00000004,-00000020,0000.000,0000.000,0000.000,0152
 
000051875,-00000003,-00000018,0000.000,0000.000,0000.000,0152
 
000051895,-00000003,-00000025,0000.000,0000.000,0000.000,0152
 
000051915,-00000007,-00000025,0000.000,0000.000,0000.000,0007
 
000051935,-00000007,-00000017,0000.000,0000.000,0000.000,0153
 
000051955,-00000008,-00000014,0000.000,0000.000,0000.000,0007
 
000051975,-00000007,-00000013,0000.000,0000.000,0000.000,0153
 
000051995,-00000004,-00000012,0000.000,0000.000,0000.000,0152
 
000052015,000000000,-00000009,0000.000,0000.000,0000.000,0153
 
000052035,000000001,-00000013,0000.000,0000.000,0000.000,0007
 
000052055,000000001,-00000013,0000.000,0000.000,0000.000,0008
 
000052075,000000000,-00000010,0000.000,0000.000,0000.000,0008
 
000052095,000000000,-00000007,0000.000,0000.000,0000.000,0008
 
000052115,000000001,-00000003,0000.000,0000.000,0000.000,0007
 
000052135,000000001,000000000,0000.000,0000.000,0000.000,0008
 
000052155,000000001,000000002,0000.000,0000.000,0000.000,0007
 
000052175,000000000,000000002,0000.000,0000.000,0000.000,0007
 
000052195,000000000,000000000,0000.000,0000.000,0000.000,0007
 
000052215,000000000,000000000,0000.000,0000.000,0000.000,0008
 
000052235,000000001,000000000,0000.000,0000.000,0000.000,0008
 
000052255,000000000,-00000002,0000.000,0000.000,0000.000,0007
 
000052275,000000001,-00000009,0000.000,0000.000,0000.000,0007
 
000052295,000000002,-00000013,0000.000,0000.000,0000.000,0007
 
000052315,000000000,-00000025,0000.000,0000.000,0000.000,0006
 
000052335,-00000004,-00000023,0000.000,0000.000,0000.000,0006
 
000052355,-00000003,-00000025,0000.000,0000.000,0000.000,0007
 
000052375,-00000001,-00000024,0000.000,0000.000,0000.000,0153
 
000052395,000000000,-00000021,0000.000,0000.000,0000.000,0152
 
000052415,-00000001,-00000023,0000.000,0000.000,0000.000,0152
 
000052435,000000000,-00000025,0000.000,0000.000,0000.000,0153
 
000052455,-00000001,-00000025,0000.000,0000.000,0000.000,0153
 
000052475,000000000,-00000010,0000.000,0000.000,0000.000,0153
 
000052495,000000000,-00000005,0000.000,0000.000,0000.000,0152
 
000052515,000000000,-00000007,0000.000,0000.000,0000.000,0152
 
000052535,000000001,-00000010,0000.000,0000.000,0000.000,0153
 
000052555,000000002,-00000013,0000.000,0000.000,0000.000,0153
 
000052575,000000000,-00000008,0000.000,0000.000,0000.000,0152
 
000052595,000000001,-00000006,0000.000,0000.000,0000.000,0153
 
000052615,000000000,-00000008,0000.000,0000.000,0000.000,0153
 
000052635,000000000,-00000010,0000.000,0000.000,0000.000,0153
 
000052655,000000002,-00000013,0000.000,0000.000,0000.000,0153
 
000052675,000000002,-00000013,0000.000,0000.000,0000.000,0153
 
000052695,000000001,-00000015,0000.000,0000.000,0000.000,0153
 
000052715,000000000,-00000014,0000.000,0000.000,0000.000,0153
 
000052735,000000001,-00000013,0000.000,0000.000,0000.000,0007
 
000052755,000000000,-00000016,0000.000,0000.000,0000.000,0007
 
000052775,000000001,-00000025,0000.000,0000.000,0000.000,0007
 
000052795,000000000,-00000014,0000.000,0000.000,0000.000,0007
 
000052815,000000001,-00000010,0000.000,0000.000,0000.000,0006
 
000052835,000000001,-00000006,0000.000,0000.000,0000.000,0007
 
000052855,000000000,-00000004,0000.000,0000.000,0000.000,0006
 
000052875,-00000001,000000000,0000.000,0000.000,0000.000,0007
 
000052895,000000000,000000000,0000.000,0000.000,0000.000,0007
 
000052915,000000000,-00000001,0000.000,0000.000,0000.000,0007
 
000052935,000000000,000000000,0000.000,0000.000,0000.000,0007
 
000052955,000000002,000000000,0000.000,0000.000,0000.000,0007
 
000052975,000000001,000000000,0000.000,0000.000,0000.000,0007
 
000052995,000000000,-00000002,0000.000,0000.000,0000.000,0007
 
000053015,-00000004,-00000010,0000.000,0000.000,0000.000,0007
 
000053035,-00000006,-00000020,0000.000,0000.000,0000.000,0007
 
000053055,-00000005,-00000025,0000.000,0000.000,0000.000,0007
 
000053075,-00000003,-00000027,0000.000,0000.000,0000.000,0007
 
000053095,000000000,-00000022,0000.000,0000.000,0000.000,0007
 
000053115,-00000001,-00000015,0000.000,0000.000,0000.000,0008
 
000053135,-00000001,-00000013,0000.000,0000.000,0000.000,0007
 
000053155,-00000001,-00000007,0000.000,0000.000,0000.000,0152
 
000053175,-00000001,-00000001,0000.000,0000.000,0000.000,0153
 
000053195,-00000001,000000000,0000.000,0000.000,0000.000,0153
 
000053215,000000000,-00000001,0000.000,0000.000,0000.000,0153
 
000053235,-00000001,000000000,0000.000,0000.000,0000.000,0153
 
000053255,-00000001,000000000,0000.000,0000.000,0000.000,0153
 
000053275,000000000,000000000,0000.000,0000.000,0000.000,0153
 
000053295,000000000,000000000,0000.000,0000.000,0000.000,0152
 
000053315,000000001,-00000007,0000.000,0000.000,0000.000,0153
 
000053335,000000001,-00000008,0000.000,0000.000,0000.000,0153
 
000053355,000000000,-00000011,0000.000,0000.000,0000.000,0007
 
000053375,000000000,-00000012,0000.000,0000.000,0000.000,0152
 
000053395,000000000,-00000012,0000.000,0000.000,0000.000,0153
 
000053415,-00000001,-00000013,0000.000,0000.000,0000.000,0152
 
000053435,-00000001,-00000013,0000.000,0000.000,0000.000,0007
 
000053455,-00000002,-00000017,0000.000,0000.000,0000.000,0007
 
000053475,000000000,-00000021,0000.000,0000.000,0000.000,0006
 
000053495,000000000,-00000025,0000.000,0000.000,0000.000,0006
 
000053515,000000000,-00000021,0000.000,0000.000,0000.000,0007
 
000053535,000000000,-00000018,0000.000,0000.000,0000.000,0007
 
000053555,-00000001,-00000009,0000.000,0000.000,0000.000,0007
 
000053575,000000000,-00000004,0000.000,0000.000,0000.000,0006
 
000053595,000000000,-00000003,0000.000,0000.000,0000.000,0007
 
000053615,000000000,000000000,0000.000,0000.000,0000.000,0007
 
000053635,000000000,000000000,0000.000,0000.000,0000.000,0007
 
000053655,-00000001,000000000,0000.000,0000.000,0000.000,0007
 
000053675,000000000,-00000003,0000.000,0000.000,0000.000,0007
 
000053695,000000000,-00000009,0000.000,0000.000,0000.000,0007
 
000053715,000000001,-00000013,0000.000,0000.000,0000.000,0007
 
000053735,-00000001,-00000013,0000.000,0000.000,0000.000,0007
 
000053755,-00000002,-00000008,0000.000,0000.000,0000.000,0006
 
000053775,-00000001,-00000004,0000.000,0000.000,0000.000,0008
 
000053795,000000000,-00000001,0000.000,0000.000,0000.000,0007
 
000053815,000000000,-00000001,0000.000,0000.000,0000.000,0007
 
000053835,000000000,-00000003,0000.000,0000.000,0000.000,0007
 
000053855,-00000004,-00000005,0000.000,0000.000,0000.000,0006
 
000053875,-00000004,-00000013,0000.000,0000.000,0000.000,0008
 
000053895,-00000003,-00000010,0000.000,0000.000,0000.000,0006
 
000053915,000000000,-00000010,0000.000,0000.000,0000.000,0152
 
000053935,-00000001,-00000009,0000.000,0000.000,0000.000,0152
 
000053955,000000000,-00000009,0000.000,0000.000,0000.000,0152
 
000053975,-00000001,-00000013,0000.000,0000.000,0000.000,0152
 
000053995,000000000,-00000012,0000.000,0000.000,0000.000,0152
 
000054015,000000001,-00000014,0000.000,0000.000,0000.000,0152
 
000054035,000000002,-00000013,0000.000,0000.000,0000.000,0152
 
000054055,000000001,-00000007,0000.000,0000.000,0000.000,0153
 
000054075,000000001,-00000002,0000.000,0000.000,0000.000,0152
 
000054095,000000000,000000000,0000.000,0000.000,0000.000,0153
 
000054115,000000000,000000001,0000.000,0000.000,0000.000,0153
 
000054135,000000000,000000001,0000.000,0000.000,0000.000,0152
 
000054155,000000000,000000000,0000.000,0000.000,0000.000,0152
 
000054175,000000000,000000000,0000.000,0000.000,0000.000,0006
 
000054195,000000000,000000000,0000.000,0000.000,0000.000,0007
 
000054215,000000000,000000000,0000.000,0000.000,0000.000,0153
 
000054235,000000000,000000000,0000.000,0000.000,0000.000,0007
 
000054255,000000000,-00000001,0000.000,0000.000,0000.000,0006
 
000054275,000000001,000000000,0000.000,0000.000,0000.000,0153
 
000054295,000000000,000000000,0000.000,0000.000,0000.000,0007
 
000054315,-00000003,-00000005,0000.000,0000.000,0000.000,0007
 
000054335,-00000004,-00000005,0000.000,0000.000,0000.000,0007
 
000054355,-00000002,-00000004,0000.000,0000.000,0000.000,0007
 
000054375,000000000,000000000,0000.000,0000.000,0000.000,0007
 
000054395,000000000,000000000,0000.000,0000.000,0000.000,0007
 
000054415,000000000,000000000,0000.000,0000.000,0000.000,0008
 
000054435,000000000,000000000,0000.000,0000.000,0000.000,0007
 
000054455,000000000,000000000,0000.000,0000.000,0000.000,0007
 
000054475,000000000,000000000,0000.000,0000.000,0000.000,0008
 
000054495,000000000,000000000,0000.000,0000.000,0000.000,0007
 
000054515,000000000,-00000001,0000.000,0000.000,0000.000,0007
 
000054535,000000000,-00000001,0000.000,0000.000,0000.000,0007
 
000054555,-00000003,-00000005,0000.000,0000.000,0000.000,0007
 
000054575,-00000003,-00000008,0000.000,0000.000,0000.000,0007
 
000054595,-00000002,-00000009,0000.000,0000.000,0000.000,0006
 
000054615,-00000002,-00000008,0000.000,0000.000,0000.000,0007
 
000054635,000000000,-00000002,0000.000,0000.000,0000.000,0008
 
000054655,000000000,000000000,0000.000,0000.000,0000.000,0007
 
000054675,000000000,-00000001,0000.000,0000.000,0000.000,0007
 
000054695,000000000,-00000001,0000.000,0000.000,0000.000,0152
 
000054715,000000001,000000000,0000.000,0000.000,0000.000,0153
 
000054735,000000000,000000000,0000.000,0000.000,0000.000,0152
 
000054755,000000000,000000000,0000.000,0000.000,0000.000,0152
 
000054775,000000001,000000000,0000.000,0000.000,0000.000,0153
 
000054795,000000000,-00000001,0000.000,0000.000,0000.000,0007
 
000054815,000000000,000000000,0000.000,0000.000,0000.000,0007
 
000054835,000000000,000000000,0000.000,0000.000,0000.000,0153
 
000054855,000000000,-00000001,0000.000,0000.000,0000.000,0153
 
000054875,-00000002,000000000,0000.000,0000.000,0000.000,0153
 
000054895,-00000001,000000000,0000.000,0000.000,0000.000,0153
 
000054915,000000000,000000000,0000.000,0000.000,0000.000,0153
 
000054935,000000000,000000000,0000.000,0000.000,0000.000,0153
 
000054955,-00000001,000000000,0000.000,0000.000,0000.000,0006
 
000054975,-00000004,-00000005,0000.000,0000.000,0000.000,0006
 
000054995,-00000002,-00000007,0000.000,0000.000,0000.000,0153
 
000055015,000000000,-00000007,0000.000,0000.000,0000.000,0007
 
000055035,000000000,-00000004,0000.000,0000.000,0000.000,0007
 
000055055,-00000002,-00000001,0000.000,0000.000,0000.000,0152
 
000055075,-00000002,000000000,0000.000,0000.000,0000.000,0007
 
000055095,-00000002,000000000,0000.000,0000.000,0000.000,0007
 
000055115,000000000,000000000,0000.000,0000.000,0000.000,0007
 
000055135,000000000,000000001,0000.000,0000.000,0000.000,0007
 
000055155,000000000,000000002,0000.000,0000.000,0000.000,0007
 
000055175,000000000,000000001,0000.000,0000.000,0000.000,0008
 
000055195,000000000,000000001,0000.000,0000.000,0000.000,0007
 
000055215,000000000,000000000,0000.000,0000.000,0000.000,0011
 
000055235,000000001,000000000,0000.000,0000.000,0000.000,0008
 
000055255,000000000,000000000,0000.000,0000.000,0000.000,0007
 
000055275,000000000,000000000,0000.000,0000.000,0000.000,0007
 
000055295,-00000001,000000000,0000.000,0000.000,0000.000,0007
 
000055315,000000000,000000000,0000.000,0000.000,0000.000,0007
 
000055335,000000000,000000001,0000.000,0000.000,0000.000,0007
 
000055355,000000000,000000002,0000.000,0000.000,0000.000,0007
 
000055375,000000000,000000001,0000.000,0000.000,0000.000,0011
 
000055395,000000000,000000000,0000.000,0000.000,0000.000,0017
 
000055415,000000001,000000000,0000.000,0000.000,0000.000,0159
 
000055436,000000000,000000000,0000.000,0000.000,0000.000,1023
 
000055456,000000000,000000000,0000.000,0000.000,0000.000,1023
 
000055476,000000000,000000000,0000.000,0000.000,0000.000,1023
 
000055496,000000000,000000000,0000.000,0000.000,0000.000,1023
 
000055516,000000000,000000000,0000.000,0000.000,0000.000,1023
 
000055536,000000000,000000000,0000.000,0000.000,0000.000,1023
 
000055556,000000000,000000000,0000.000,0000.000,0000.000,1023
 
000055576,000000000,000000000,0000.000,0000.000,0000.000,1023
 
000055595,-00000001,000000001,0000.000,0000.000,0000.000,0160
 
000055615,-00000001,000000001,0000.000,0000.000,0000.000,0158
 
000055635,000000000,000000001,0000.000,0000.000,0000.000,0155
 
000055655,000000000,000000000,0000.000,0000.000,0000.000,0155
 
000055675,000000000,000000001,0000.000,0000.000,0000.000,0009
 
000055695,000000000,000000000,0000.000,0000.000,0000.000,0015
 
000055715,000000000,000000000,0000.000,0000.000,0000.000,0010
 
000055735,000000000,000000000,0000.000,0000.000,0000.000,0006
 
000055755,-00000001,000000000,0000.000,0000.000,0000.000,0006
 
000055775,000000000,000000000,0000.000,0000.000,0000.000,0155
 
000055795,000000000,000000000,0000.000,0000.000,0000.000,0013
 
000055815,-00000001,000000000,0000.000,0000.000,0000.000,0012
 
000055835,000000000,-00000001,0000.000,0000.000,0000.000,0010
 
000055855,000000000,000000000,0000.000,0000.000,0000.000,0010
 
000055875,000000000,000000000,0000.000,0000.000,0000.000,0013
 
000055895,000000000,000000000,0000.000,0000.000,0000.000,0011
 
000055915,000000000,000000000,0000.000,0000.000,0000.000,0011
 
000055935,000000000,000000000,0000.000,0000.000,0000.000,0012
 
000055955,000000000,000000000,0000.000,0000.000,0000.000,0008
 
000055975,000000001,000000000,0000.000,0000.000,0000.000,0010
 
000055995,000000001,000000001,0000.000,0000.000,0000.000,0014
 
000056015,000000001,000000001,0000.000,0000.000,0000.000,0012
 
000056035,000000000,000000000,0000.000,0000.000,0000.000,0017
 
000056055,000000003,000000001,0000.000,0000.000,0000.000,0011
 
000056075,000000007,000000001,0000.000,0000.000,0000.000,0012
 
000056095,000000021,-00000004,0000.000,0000.000,0000.000,0005
 
000056115,000000049,-00000011,0000.000,0000.000,0000.000,0012
 
000056135,000000070,-00000026,0000.000,0000.000,0000.000,0154
 
000056155,000000034,-00000025,0000.000,0000.000,0000.000,0011
 
000056175,000000016,-00000013,0000.000,0000.000,0000.000,0156
 
000056195,000000016,-00000013,0000.000,0000.000,0000.000,0007
 
000056215,000000015,-00000011,0000.000,0000.000,0000.000,0008
 
000056235,000000014,-00000013,0000.000,0000.000,0000.000,0155
 
000056255,000000012,-00000013,0000.000,0000.000,0000.000,0018
 
000056275,000000012,-00000013,0000.000,0000.000,0000.000,0007
 
000056295,000000011,-00000013,0000.000,0000.000,0000.000,0011
 
000056315,000000010,-00000013,0000.000,0000.000,0000.000,0007
 
000056335,000000009,-00000008,0000.000,0000.000,0000.000,0155
 
000056355,000000008,-00000008,0000.000,0000.000,0000.000,0155
 
000056375,000000007,-00000007,0000.000,0000.000,0000.000,0153
 
000056395,000000005,-00000007,0000.000,0000.000,0000.000,0014
 
000056415,000000004,-00000007,0000.000,0000.000,0000.000,0155
 
000056435,000000002,-00000002,0000.000,0000.000,0000.000,0006
 
000056455,000000000,000000000,0000.000,0000.000,0000.000,0155
 
000056475,000000000,000000000,0000.000,0000.000,0000.000,0010
 
000056495,000000000,000000000,0000.000,0000.000,0000.000,0011
 
000056515,000000000,000000000,0000.000,0000.000,0000.000,0013
 
000056535,000000000,000000000,0000.000,0000.000,0000.000,0008
 
000056555,000000000,000000000,0000.000,0000.000,0000.000,0155
 
000056575,000000000,000000000,0000.000,0000.000,0000.000,0011
 
000056595,000000000,000000000,0000.000,0000.000,0000.000,0011
 
000056615,000000000,000000000,0000.000,0000.000,0000.000,0011
 
000056635,000000000,000000000,0000.000,0000.000,0000.000,0013
 
000056655,000000000,000000000,0000.000,0000.000,0000.000,0012
 
000056675,000000000,000000000,0000.000,0000.000,0000.000,0007
 
000056695,000000000,000000000,0000.000,0000.000,0000.000,0010
 
000056715,000000000,000000000,0000.000,0000.000,0000.000,0008
 
000056735,000000000,000000000,0000.000,0000.000,0000.000,0009
 
000056755,000000000,000000000,0000.000,0000.000,0000.000,0012
 
000056775,000000000,000000000,0000.000,0000.000,0000.000,0010
 
000056795,000000000,000000000,0000.000,0000.000,0000.000,0006
 
000056815,000000000,000000000,0000.000,0000.000,0000.000,0009
 
000056835,000000000,000000000,0000.000,0000.000,0000.000,0013
 
000056855,000000000,000000000,0000.000,0000.000,0000.000,0013
 
000056875,000000000,000000000,0000.000,0000.000,0000.000,0155
 
000056895,000000000,000000000,0000.000,0000.000,0000.000,0155
 
000056915,000000000,000000006,0000.000,0000.000,0000.000,0155
 
000056935,-00000021,000000007,0000.000,0000.000,0000.000,0154
 
000056955,-00000037,000000001,0000.000,0000.000,0000.000,0154
 
000056975,-00000047,000000001,0000.000,0000.000,0000.000,0154
 
000056995,-00000052,000000006,0000.000,0000.000,0000.000,0157
 
000057015,-00000051,000000019,0000.000,0000.000,0000.000,0154
 
000057035,-00000032,000000018,0000.000,0000.000,0000.000,0009
 
000057055,-00000013,000000009,0000.000,0000.000,0000.000,0154
 
000057075,000000003,-00000004,0000.000,0000.000,0000.000,0154
 
000057095,000000003,-00000005,0000.000,0000.000,0000.000,0156
 
000057115,000000001,-00000002,0000.000,0000.000,0000.000,0007
 
000057135,000000000,000000001,0000.000,0000.000,0000.000,0007
 
000057155,000000000,000000000,0000.000,0000.000,0000.000,0156
 
000057175,000000000,000000001,0000.000,0000.000,0000.000,0009
 
000057195,000000000,000000001,0000.000,0000.000,0000.000,0154
 
000057215,000000000,000000000,0000.000,0000.000,0000.000,0010
 
000057235,000000000,000000000,0000.000,0000.000,0000.000,0008
 
000057255,000000000,000000000,0000.000,0000.000,0000.000,0008
 
000057275,000000000,000000000,0000.000,0000.000,0000.000,0154
 
000057295,000000000,000000000,0000.000,0000.000,0000.000,0009
 
000057315,000000000,000000000,0000.000,0000.000,0000.000,0013
 
000057335,000000000,000000000,0000.000,0000.000,0000.000,0011
 
000057355,000000000,000000000,0000.000,0000.000,0000.000,0014
 
000057375,000000000,000000000,0000.000,0000.000,0000.000,0014
 
000057395,000000000,000000000,0000.000,0000.000,0000.000,0007
 
000057415,000000000,000000000,0000.000,0000.000,0000.000,0012
 
000057435,000000000,000000000,0000.000,0000.000,0000.000,0015
 
000057455,000000000,000000000,0000.000,0000.000,0000.000,0009
 
000057475,000000000,000000000,0000.000,0000.000,0000.000,0008
 
000057495,000000000,000000000,0000.000,0000.000,0000.000,0009
 
000057515,000000000,000000000,0000.000,0000.000,0000.000,0010
 
000057535,000000000,000000000,0000.000,0000.000,0000.000,0006
 
000057555,000000000,000000000,0000.000,0000.000,0000.000,0011
 
000057575,000000000,000000000,0000.000,0000.000,0000.000,0155
 
000057595,000000000,000000000,0000.000,0000.000,0000.000,0155
 
000057615,000000000,000000000,0000.000,0000.000,0000.000,0154
 
000057635,000000000,000000000,0000.000,0000.000,0000.000,0155
 
000057655,000000000,000000000,0000.000,0000.000,0000.000,0155
 
000057675,000000000,000000000,0000.000,0000.000,0000.000,0154
 
000057695,000000000,000000000,0000.000,0000.000,0000.000,0014
 
000057715,000000000,000000000,0000.000,0000.000,0000.000,0157
 
000057735,000000000,000000000,0000.000,0000.000,0000.000,0011
 
000057755,000000000,000000000,0000.000,0000.000,0000.000,0155
 
000057775,000000000,000000000,0000.000,0000.000,0000.000,0156
 
000057795,000000000,000000000,0000.000,0000.000,0000.000,0154
 
000057815,000000000,000000000,0000.000,0000.000,0000.000,0011
 
000057835,000000000,000000000,0000.000,0000.000,0000.000,0011
 
000057855,000000000,000000000,0000.000,0000.000,0000.000,0008
 
000057875,000000000,000000000,0000.000,0000.000,0000.000,0155
 
000057895,000000000,000000000,0000.000,0000.000,0000.000,0006
 
000057915,000000000,000000000,0000.000,0000.000,0000.000,0010
 
