002085375,-00000026,000000005,0000.000,0000.000,0000.000,
 
002085394,000000000,000000000,0000.000,0000.000,0000.000,
 
002085414,000000000,000000000,0000.000,0000.000,0000.000,
 
002085434,000000000,000000000,0000.000,0000.000,0000.000,
 
002085454,000000000,000000000,0000.000,0000.000,0000.000,
 
002085474,000000000,000000000,0000.000,0000.000,0000.000,
 
002085494,000000000,000000000,0000.000,0000.000,0000.000,
 
002085514,000000000,000000000,0000.000,0000.000,0000.000,
 
002085534,000000000,000000000,0000.000,0000.000,0000.000,
 
002085554,000000000,000000000,0000.000,0000.000,0000.000,
 
002085574,000000000,000000000,0000.000,0000.000,0000.000,
 
002085594,000000000,000000000,0000.000,0000.000,0000.000,
 
002085614,000000000,000000000,0000.000,0000.000,0000.000,
 
002085634,000000000,000000000,0000.000,0000.000,0000.000,
 
002085654,000000000,000000000,0000.000,0000.000,0000.000,
 
002085674,000000000,000000000,0000.000,0000.000,0000.000,
 
002085694,000000000,000000000,0000.000,0000.000,0000.000,
 
002085714,000000000,000000000,0000.000,0000.000,0000.000,
 
002085734,000000000,000000000,0000.000,0000.000,0000.000,
 
002085754,000000000,000000000,0000.000,0000.000,0000.000,
 
002085774,000000000,000000000,0000.000,0000.000,0000.000,
 
002085794,000000000,000000000,0000.000,0000.000,0000.000,
 
002085814,000000000,000000000,0000.000,0000.000,0000.000,
 
002085834,000000000,000000000,0000.000,0000.000,0000.000,
 
002085854,000000000,000000000,0000.000,0000.000,0000.000,
 
002085874,000000000,000000000,0000.000,0000.000,0000.000,
 
002085894,000000000,000000000,0000.000,0000.000,0000.000,
 
002085914,000000000,000000000,0000.000,0000.000,0000.000,
 
002085934,000000000,000000000,0000.000,0000.000,0000.000,
 
002085954,000000000,000000000,0000.000,0000.000,0000.000,
 
002085974,000000000,000000000,0000.000,0000.000,0000.000,
 
002085994,000000000,000000000,0000.000,0000.000,0000.000,
 
002086014,000000000,000000000,0000.000,0000.000,0000.000,
 
002086034,000000000,000000000,0000.000,0000.000,0000.000,
 
002086054,000000000,000000000,0000.000,0000.000,0000.000,
 
002086074,000000000,000000000,0000.000,0000.000,0000.000,
 
002086094,000000000,000000000,0000.000,0000.000,0000.000,
 
002086114,000000000,000000000,0000.000,0000.000,0000.000,
 
002086134,000000000,000000000,0000.000,0000.000,0000.000,
 
002086154,000000000,000000000,0000.000,0000.000,0000.000,
 
002086174,000000000,000000000,0000.000,0000.000,0000.000,
 
002086194,000000000,000000000,0000.000,0000.000,0000.000,
 
002086214,000000000,000000000,0000.000,0000.000,0000.000,
 
002086234,000000000,000000000,0000.000,0000.000,0000.000,
 
002086254,000000000,000000000,0000.000,0000.000,0000.000,
 
002086274,000000000,000000000,0000.000,0000.000,0000.000,
 
002086294,000000000,000000000,0000.000,0000.000,0000.000,
 
002086314,000000000,000000000,0000.000,0000.000,0000.000,
 
002086334,000000000,000000000,0000.000,0000.000,0000.000,
 
002086354,000000000,000000000,0000.000,0000.000,0000.000,
 
002086374,000000000,000000000,0000.000,0000.000,0000.000,
 
002086394,000000000,000000000,0000.000,0000.000,0000.000,
 
002086414,000000000,000000000,0000.000,0000.000,0000.000,
 
002086434,000000000,000000000,0000.000,0000.000,0000.000,
 
002086454,000000000,000000000,0000.000,0000.000,0000.000,
 
002086474,000000000,000000000,0000.000,0000.000,0000.000,
 
002086494,000000000,000000000,0000.000,0000.000,0000.000,
 
002086514,000000000,000000000,0000.000,0000.000,0000.000,
 
002086534,000000000,000000000,0000.000,0000.000,0000.000,
 
002086554,000000000,000000000,0000.000,0000.000,0000.000,
 
002086574,000000000,000000000,0000.000,0000.000,0000.000,
 
002086594,000000000,000000000,0000.000,0000.000,0000.000,
 
002086614,000000000,000000000,0000.000,0000.000,0000.000,
 
002086634,000000000,000000000,0000.000,0000.000,0000.000,
 
002086654,000000000,000000000,0000.000,0000.000,0000.000,
 
002086674,000000000,000000000,0000.000,0000.000,0000.000,
 
002086694,000000000,000000000,0000.000,0000.000,0000.000,
 
002086714,000000000,000000000,0000.000,0000.000,0000.000,
 
002086734,000000000,000000000,0000.000,0000.000,0000.000,
 
002086754,000000000,000000000,0000.000,0000.000,0000.000,
 
002086774,000000000,000000000,0000.000,0000.000,0000.000,
 
002086794,000000000,000000000,0000.000,0000.000,0000.000,
 
002086814,000000000,000000000,0000.000,0000.000,0000.000,
 
002086834,000000000,000000000,0000.000,0000.000,0000.000,
 
002086854,000000000,000000000,0000.000,0000.000,0000.000,
 
002086874,000000000,000000000,0000.000,0000.000,0000.000,
 
002086894,000000000,000000000,0000.000,0000.000,0000.000,
 
002086914,000000000,000000000,0000.000,0000.000,0000.000,
 
002086934,000000000,000000000,0000.000,0000.000,0000.000,
 
002086954,000000000,000000000,0000.000,0000.000,0000.000,
 
002086974,000000000,000000000,0000.000,0000.000,0000.000,
 
002086994,000000000,000000000,0000.000,0000.000,0000.000,
 
002087014,000000000,000000000,0000.000,0000.000,0000.000,
 
002087034,000000000,000000000,0000.000,0000.000,0000.000,
 
002087054,000000000,000000000,0000.000,0000.000,0000.000,
 
002087074,000000000,000000000,0000.000,0000.000,0000.000,
 
002087094,000000000,000000000,0000.000,0000.000,0000.000,
 
002087114,000000000,000000000,0000.000,0000.000,0000.000,
 
002087134,000000000,000000000,0000.000,0000.000,0000.000,
 
002087154,000000000,000000000,0000.000,0000.000,0000.000,
 
002087174,000000000,000000000,0000.000,0000.000,0000.000,
 
002087194,000000000,000000000,0000.000,0000.000,0000.000,
 
002087214,000000000,000000000,0000.000,0000.000,0000.000,
 
002087234,000000000,000000000,0000.000,0000.000,0000.000,
 
002087254,000000000,000000000,0000.000,0000.000,0000.000,
 
002087274,000000000,000000000,0000.000,0000.000,0000.000,
 
002087294,000000000,000000000,0000.000,0000.000,0000.000,
 
002087314,000000000,000000000,0000.000,0000.000,0000.000,
 
002087334,000000000,000000000,0000.000,0000.000,0000.000,
 
002087354,000000000,000000000,0000.000,0000.000,0000.000,
 
002087374,000000000,000000000,0000.000,0000.000,0000.000,
 
002087394,000000000,000000000,0000.000,0000.000,0000.000,
 
002087414,000000000,000000000,0000.000,0000.000,0000.000,
 
002087434,000000000,000000000,0000.000,0000.000,0000.000,
 
002087454,000000000,000000000,0000.000,0000.000,0000.000,
 
002087474,000000000,000000000,0000.000,0000.000,0000.000,
 
002087494,000000000,000000000,0000.000,0000.000,0000.000,
 
002087514,000000000,000000000,0000.000,0000.000,0000.000,
 
002087534,000000000,000000000,0000.000,0000.000,0000.000,
 
002087554,000000000,000000000,0000.000,0000.000,0000.000,
 
002087574,000000000,000000000,0000.000,0000.000,0000.000,
 
002087594,000000000,000000000,0000.000,0000.000,0000.000,
 
002087614,000000000,000000000,0000.000,0000.000,0000.000,
 
002087634,000000000,000000000,0000.000,0000.000,0000.000,
 
002087654,000000000,000000000,0000.000,0000.000,0000.000,
 
002087674,000000000,000000000,0000.000,0000.000,0000.000,
 
002087694,000000000,000000000,0000.000,0000.000,0000.000,
 
002087714,000000000,000000000,0000.000,0000.000,0000.000,
 
002087734,000000000,000000000,0000.000,0000.000,0000.000,
 
002087754,000000000,000000000,0000.000,0000.000,0000.000,
 
002087774,000000000,000000000,0000.000,0000.000,0000.000,
 
002087794,000000000,000000000,0000.000,0000.000,0000.000,
 
002087814,000000000,000000000,0000.000,0000.000,0000.000,
 
002087834,000000000,000000000,0000.000,0000.000,0000.000,
 
002087854,000000000,000000000,0000.000,0000.000,0000.000,
 
002087874,000000000,000000000,0000.000,0000.000,0000.000,
 
002087894,000000000,000000000,0000.000,0000.000,0000.000,
 
002087914,000000000,000000000,0000.000,0000.000,0000.000,
 
002087934,000000000,000000000,0000.000,0000.000,0000.000,
 
002087954,000000000,000000000,0000.000,0000.000,0000.000,
 
002087974,000000000,000000000,0000.000,0000.000,0000.000,
 
002087994,000000000,000000000,0000.000,0000.000,0000.000,
 
002088014,000000000,000000000,0000.000,0000.000,0000.000,
 
002088034,000000000,000000000,0000.000,0000.000,0000.000,
 
002088054,000000000,000000000,0000.000,0000.000,0000.000,
 
002088074,000000000,000000000,0000.000,0000.000,0000.000,
 
002088094,000000000,000000000,0000.000,0000.000,0000.000,
 
002088114,000000000,000000000,0000.000,0000.000,0000.000,
 
002088134,000000000,000000000,0000.000,0000.000,0000.000,
 
002088154,000000000,000000000,0000.000,0000.000,0000.000,
 
002088174,000000000,000000000,0000.000,0000.000,0000.000,
 
002088194,000000000,000000000,0000.000,0000.000,0000.000,
 
002088214,000000000,000000000,0000.000,0000.000,0000.000,
 
002088234,000000000,000000000,0000.000,0000.000,0000.000,
 
002088254,000000000,000000000,0000.000,0000.000,0000.000,
 
002088274,000000000,000000000,0000.000,0000.000,0000.000,
 
002088294,000000000,000000000,0000.000,0000.000,0000.000,
 
002088314,000000000,000000000,0000.000,0000.000,0000.000,
 
002088334,000000000,000000000,0000.000,0000.000,0000.000,
 
002088354,000000000,000000000,0000.000,0000.000,0000.000,
 
002088374,000000000,000000000,0000.000,0000.000,0000.000,
 
002088394,000000000,000000000,0000.000,0000.000,0000.000,
 
002088414,000000000,-00000001,0000.000,0000.000,0000.000,
 
002088434,000000000,-00000008,0000.000,0000.000,0000.000,
 
002088454,000000000,-00000014,0000.000,0000.000,0000.000,
 
002088474,000000000,-00000017,0000.000,0000.000,0000.000,
 
002088494,-00000001,-00000016,0000.000,0000.000,0000.000,
 
002088514,000000000,-00000014,0000.000,0000.000,0000.000,
 
002088534,-00000001,-00000011,0000.000,0000.000,0000.000,
 
002088554,000000000,-00000013,0000.000,0000.000,0000.000,
 
002088574,-00000001,-00000013,0000.000,0000.000,0000.000,
 
002088594,000000000,-00000008,0000.000,0000.000,0000.000,
 
002088614,000000000,-00000007,0000.000,0000.000,0000.000,
 
002088634,000000000,-00000005,0000.000,0000.000,0000.000,
 
002088654,000000000,-00000006,0000.000,0000.000,0000.000,
 
002088674,000000000,-00000007,0000.000,0000.000,0000.000,
 
002088694,000000000,-00000007,0000.000,0000.000,0000.000,
 
002088714,000000000,-00000008,0000.000,0000.000,0000.000,
 
002088734,000000000,-00000009,0000.000,0000.000,0000.000,
 
002088754,-00000001,-00000013,0000.000,0000.000,0000.000,
 
002088774,000000000,-00000010,0000.000,0000.000,0000.000,
 
002088794,000000000,-00000010,0000.000,0000.000,0000.000,
 
002088814,000000001,-00000013,0000.000,0000.000,0000.000,
 
002088834,000000000,-00000009,0000.000,0000.000,0000.000,
 
002088854,000000001,-00000013,0000.000,0000.000,0000.000,
 
002088874,000000000,-00000009,0000.000,0000.000,0000.000,
 
002088894,000000001,-00000013,0000.000,0000.000,0000.000,
 
002088914,000000000,-00000011,0000.000,0000.000,0000.000,
 
002088934,000000000,-00000013,0000.000,0000.000,0000.000,
 
002088954,000000000,-00000008,0000.000,0000.000,0000.000,
 
002088974,000000000,-00000007,0000.000,0000.000,0000.000,
 
002088994,000000000,-00000006,0000.000,0000.000,0000.000,
 
002089014,000000000,-00000005,0000.000,0000.000,0000.000,
 
002089034,000000000,-00000005,0000.000,0000.000,0000.000,
 
002089054,-00000001,-00000005,0000.000,0000.000,0000.000,
 
002089074,-00000001,-00000008,0000.000,0000.000,0000.000,
 
002089094,-00000001,-00000008,0000.000,0000.000,0000.000,
 
002089114,-00000001,-00000008,0000.000,0000.000,0000.000,
 
002089134,-00000001,-00000007,0000.000,0000.000,0000.000,
 
002089154,-00000002,-00000008,0000.000,0000.000,0000.000,
 
002089174,-00000001,-00000008,0000.000,0000.000,0000.000,
 
002089194,-00000001,-00000013,0000.000,0000.000,0000.000,
 
002089214,-00000002,-00000014,0000.000,0000.000,0000.000,
 
002089234,-00000002,-00000016,0000.000,0000.000,0000.000,
 
002089254,-00000002,-00000016,0000.000,0000.000,0000.000,
 
002089274,-00000001,-00000015,0000.000,0000.000,0000.000,
 
002089294,-00000001,-00000016,0000.000,0000.000,0000.000,
 
002089314,-00000002,-00000014,0000.000,0000.000,0000.000,
 
002089334,-00000001,-00000015,0000.000,0000.000,0000.000,
 
002089354,000000000,-00000014,0000.000,0000.000,0000.000,
 
002089374,000000000,-00000014,0000.000,0000.000,0000.000,
 
002089394,000000000,-00000015,0000.000,0000.000,0000.000,
 
002089414,000000000,-00000013,0000.000,0000.000,0000.000,
 
002089434,000000000,-00000014,0000.000,0000.000,0000.000,
 
002089454,000000000,-00000014,0000.000,0000.000,0000.000,
 
002089474,000000000,-00000015,0000.000,0000.000,0000.000,
 
002089494,000000001,-00000015,0000.000,0000.000,0000.000,
 
002089514,000000001,-00000016,0000.000,0000.000,0000.000,
 
002089534,000000001,-00000017,0000.000,0000.000,0000.000,
 
002089554,000000001,-00000019,0000.000,0000.000,0000.000,
 
002089574,000000000,-00000025,0000.000,0000.000,0000.000,
 
002089594,000000001,-00000018,0000.000,0000.000,0000.000,
 
002089614,000000001,-00000016,0000.000,0000.000,0000.000,
 
002089634,000000000,-00000025,0000.000,0000.000,0000.000,
 
002089654,000000000,-00000016,0000.000,0000.000,0000.000,
 
002089674,000000000,-00000015,0000.000,0000.000,0000.000,
 
002089694,000000000,-00000014,0000.000,0000.000,0000.000,
 
002089714,000000000,-00000013,0000.000,0000.000,0000.000,
 
002089734,000000000,-00000015,0000.000,0000.000,0000.000,
 
002089754,000000001,-00000014,0000.000,0000.000,0000.000,
 
002089774,000000001,-00000015,0000.000,0000.000,0000.000,
 
002089794,000000001,-00000015,0000.000,0000.000,0000.000,
 
002089814,000000000,-00000016,0000.000,0000.000,0000.000,
 
002089834,-00000001,-00000017,0000.000,0000.000,0000.000,
 
002089854,-00000001,-00000016,0000.000,0000.000,0000.000,
 
002089874,-00000001,-00000016,0000.000,0000.000,0000.000,
 
002089894,-00000002,-00000015,0000.000,0000.000,0000.000,
 
002089914,000000000,-00000016,0000.000,0000.000,0000.000,
 
002089934,-00000001,-00000015,0000.000,0000.000,0000.000,
 
002089954,-00000001,-00000015,0000.000,0000.000,0000.000,
 
002089974,000000000,-00000016,0000.000,0000.000,0000.000,
 
002089994,000000000,-00000018,0000.000,0000.000,0000.000,
 
002090014,-00000001,-00000025,0000.000,0000.000,0000.000,
 
002090034,000000000,-00000019,0000.000,0000.000,0000.000,
 
002090054,000000001,-00000020,0000.000,0000.000,0000.000,
 
002090074,000000002,-00000025,0000.000,0000.000,0000.000,
 
002090094,000000001,-00000025,0000.000,0000.000,0000.000,
 
002090114,000000001,-00000019,0000.000,0000.000,0000.000,
 
002090134,000000001,-00000018,0000.000,0000.000,0000.000,
 
002090154,000000000,-00000025,0000.000,0000.000,0000.000,
 
002090174,000000000,-00000025,0000.000,0000.000,0000.000,
 
002090194,000000000,-00000020,0000.000,0000.000,0000.000,
 
002090214,000000000,-00000019,0000.000,0000.000,0000.000,
 
002090234,000000000,-00000016,0000.000,0000.000,0000.000,
 
002090254,000000000,-00000016,0000.000,0000.000,0000.000,
 
002090274,000000000,-00000015,0000.000,0000.000,0000.000,
 
002090294,000000000,-00000014,0000.000,0000.000,0000.000,
 
002090314,000000001,-00000015,0000.000,0000.000,0000.000,
 
002090334,000000001,-00000013,0000.000,0000.000,0000.000,
 
002090354,000000001,-00000013,0000.000,0000.000,0000.000,
 
002090374,000000001,-00000013,0000.000,0000.000,0000.000,
 
002090394,000000001,-00000014,0000.000,0000.000,0000.000,
 
002090414,000000000,-00000025,0000.000,0000.000,0000.000,
 
002090434,000000001,-00000017,0000.000,0000.000,0000.000,
 
002090454,000000001,-00000018,0000.000,0000.000,0000.000,
 
002090474,000000001,-00000015,0000.000,0000.000,0000.000,
 
002090494,000000001,-00000015,0000.000,0000.000,0000.000,
 
002090514,000000000,-00000016,0000.000,0000.000,0000.000,
 
002090534,000000000,-00000016,0000.000,0000.000,0000.000,
 
002090554,000000000,-00000016,0000.000,0000.000,0000.000,
 
002090574,000000000,-00000015,0000.000,0000.000,0000.000,
 
002090594,000000000,-00000015,0000.000,0000.000,0000.000,
 
002090614,000000001,-00000016,0000.000,0000.000,0000.000,
 
002090634,000000000,-00000016,0000.000,0000.000,0000.000,
 
002090654,000000000,-00000016,0000.000,0000.000,0000.000,
 
002090674,000000000,-00000016,0000.000,0000.000,0000.000,
 
002090694,-00000001,-00000025,0000.000,0000.000,0000.000,
 
002090714,000000000,-00000025,0000.000,0000.000,0000.000,
 
002090734,000000000,-00000021,0000.000,0000.000,0000.000,
 
002090754,000000000,-00000022,0000.000,0000.000,0000.000,
 
002090774,000000001,-00000022,0000.000,0000.000,0000.000,
 
002090794,000000002,-00000025,0000.000,0000.000,0000.000,
 
002090814,000000001,-00000025,0000.000,0000.000,0000.000,
 
002090834,000000000,-00000020,0000.000,0000.000,0000.000,
 
002090854,000000001,-00000021,0000.000,0000.000,0000.000,
 
002090874,000000001,-00000021,0000.000,0000.000,0000.000,
 
002090894,000000001,-00000025,0000.000,0000.000,0000.000,
 
002090914,000000001,-00000023,0000.000,0000.000,0000.000,
 
002090934,000000001,-00000024,0000.000,0000.000,0000.000,
 
002090954,000000001,-00000025,0000.000,0000.000,0000.000,
 
002090974,000000001,-00000028,0000.000,0000.000,0000.000,
 
002090994,000000000,-00000028,0000.000,0000.000,0000.000,
 
002091014,000000000,-00000030,0000.000,0000.000,0000.000,
 
002091034,000000000,-00000029,0000.000,0000.000,0000.000,
 
002091054,000000000,-00000030,0000.000,0000.000,0000.000,
 
002091074,000000000,-00000029,0000.000,0000.000,0000.000,
 
002091094,000000000,-00000028,0000.000,0000.000,0000.000,
 
002091114,000000000,-00000027,0000.000,0000.000,0000.000,
 
002091134,000000001,-00000027,0000.000,0000.000,0000.000,
 
002091154,000000000,-00000026,0000.000,0000.000,0000.000,
 
002091174,000000000,-00000026,0000.000,0000.000,0000.000,
 
002091194,000000001,-00000026,0000.000,0000.000,0000.000,
 
002091214,000000001,-00000027,0000.000,0000.000,0000.000,
 
002091234,000000001,-00000028,0000.000,0000.000,0000.000,
 
002091254,000000000,-00000029,0000.000,0000.000,0000.000,
 
002091274,-00000001,-00000028,0000.000,0000.000,0000.000,
 
002091294,000000000,-00000027,0000.000,0000.000,0000.000,
 
002091314,-00000001,-00000027,0000.000,0000.000,0000.000,
 
002091334,-00000002,-00000027,0000.000,0000.000,0000.000,
 
002091354,-00000002,-00000027,0000.000,0000.000,0000.000,
 
002091374,-00000002,-00000024,0000.000,0000.000,0000.000,
 
002091394,000000000,-00000023,0000.000,0000.000,0000.000,
 
002091414,-00000001,-00000025,0000.000,0000.000,0000.000,
 
002091434,000000000,-00000025,0000.000,0000.000,0000.000,
 
002091454,000000000,-00000021,0000.000,0000.000,0000.000,
 
002091474,-00000001,-00000020,0000.000,0000.000,0000.000,
 
002091494,-00000001,-00000022,0000.000,0000.000,0000.000,
 
002091514,-00000001,-00000023,0000.000,0000.000,0000.000,
 
002091534,000000000,-00000025,0000.000,0000.000,0000.000,
 
002091554,000000000,-00000025,0000.000,0000.000,0000.000,
 
002091574,000000000,-00000025,0000.000,0000.000,0000.000,
 
002091594,000000001,-00000025,0000.000,0000.000,0000.000,
 
002091614,000000001,-00000026,0000.000,0000.000,0000.000,
 
002091634,000000002,-00000027,0000.000,0000.000,0000.000,
 
002091654,000000002,-00000027,0000.000,0000.000,0000.000,
 
002091674,000000002,-00000027,0000.000,0000.000,0000.000,
 
002091694,000000004,-00000027,0000.000,0000.000,0000.000,
 
002091714,000000002,-00000029,0000.000,0000.000,0000.000,
 
002091734,000000003,-00000026,0000.000,0000.000,0000.000,
 
002091754,000000002,-00000026,0000.000,0000.000,0000.000,
 
002091774,000000003,-00000026,0000.000,0000.000,0000.000,
 
002091794,000000002,-00000024,0000.000,0000.000,0000.000,
 
002091814,000000001,-00000022,0000.000,0000.000,0000.000,
 
002091834,000000001,-00000020,0000.000,0000.000,0000.000,
 
002091854,000000000,-00000018,0000.000,0000.000,0000.000,
 
002091874,000000001,-00000018,0000.000,0000.000,0000.000,
 
002091894,000000001,-00000018,0000.000,0000.000,0000.000,
 
002091914,000000000,-00000025,0000.000,0000.000,0000.000,
 
002091934,000000000,-00000025,0000.000,0000.000,0000.000,
 
002091954,000000000,-00000025,0000.000,0000.000,0000.000,
 
002091974,000000001,-00000025,0000.000,0000.000,0000.000,
 
002091994,000000000,-00000025,0000.000,0000.000,0000.000,
 
002092014,000000000,-00000020,0000.000,0000.000,0000.000,
 
002092034,000000000,-00000022,0000.000,0000.000,0000.000,
 
002092054,000000001,-00000022,0000.000,0000.000,0000.000,
 
002092074,000000000,-00000020,0000.000,0000.000,0000.000,
 
002092094,000000001,-00000020,0000.000,0000.000,0000.000,
 
002092114,000000000,-00000020,0000.000,0000.000,0000.000,
 
002092134,000000001,-00000021,0000.000,0000.000,0000.000,
 
002092154,000000001,-00000019,0000.000,0000.000,0000.000,
 
002092174,000000000,-00000025,0000.000,0000.000,0000.000,
 
002092194,000000000,-00000025,0000.000,0000.000,0000.000,
 
002092214,000000000,-00000025,0000.000,0000.000,0000.000,
 
002092234,000000000,-00000025,0000.000,0000.000,0000.000,
 
002092254,000000000,-00000025,0000.000,0000.000,0000.000,
 
002092274,000000001,-00000020,0000.000,0000.000,0000.000,
 
002092294,000000001,-00000020,0000.000,0000.000,0000.000,
 
002092314,000000000,-00000020,0000.000,0000.000,0000.000,
 
002092334,000000001,-00000019,0000.000,0000.000,0000.000,
 
002092354,000000000,-00000019,0000.000,0000.000,0000.000,
 
002092374,000000000,-00000019,0000.000,0000.000,0000.000,
 
002092394,-00000001,-00000020,0000.000,0000.000,0000.000,
 
002092414,-00000002,-00000025,0000.000,0000.000,0000.000,
 
002092434,-00000001,-00000025,0000.000,0000.000,0000.000,
 
002092454,-00000001,-00000025,0000.000,0000.000,0000.000,
 
002092474,-00000002,-00000025,0000.000,0000.000,0000.000,
 
002092494,-00000002,-00000016,0000.000,0000.000,0000.000,
 
002092514,-00000001,-00000014,0000.000,0000.000,0000.000,
 
002092534,000000000,-00000013,0000.000,0000.000,0000.000,
 
002092554,000000000,-00000013,0000.000,0000.000,0000.000,
 
002092574,000000000,-00000011,0000.000,0000.000,0000.000,
 
002092594,-00000001,-00000011,0000.000,0000.000,0000.000,
 
002092614,-00000001,-00000013,0000.000,0000.000,0000.000,
 
002092634,000000000,-00000012,0000.000,0000.000,0000.000,
 
002092654,-00000001,-00000013,0000.000,0000.000,0000.000,
 
002092674,000000000,-00000012,0000.000,0000.000,0000.000,
 
002092694,-00000001,-00000013,0000.000,0000.000,0000.000,
 
002092714,000000000,-00000012,0000.000,0000.000,0000.000,
 
002092734,000000000,-00000013,0000.000,0000.000,0000.000,
 
002092754,-00000001,-00000013,0000.000,0000.000,0000.000,
 
002092774,000000000,-00000013,0000.000,0000.000,0000.000,
 
002092794,000000000,-00000013,0000.000,0000.000,0000.000,
 
002092814,000000000,-00000007,0000.000,0000.000,0000.000,
 
002092834,000000000,-00000007,0000.000,0000.000,0000.000,
 
002092854,-00000001,-00000007,0000.000,0000.000,0000.000,
 
002092874,000000000,-00000004,0000.000,0000.000,0000.000,
 
002092894,000000000,-00000004,0000.000,0000.000,0000.000,
 
002092914,000000000,-00000002,0000.000,0000.000,0000.000,
 
002092934,000000000,-00000001,0000.000,0000.000,0000.000,
 
002092954,000000000,-00000002,0000.000,0000.000,0000.000,
 
002092974,000000000,-00000002,0000.000,0000.000,0000.000,
 
002092994,000000000,-00000003,0000.000,0000.000,0000.000,
 
002093014,000000000,-00000002,0000.000,0000.000,0000.000,
 
002093034,000000000,-00000003,0000.000,0000.000,0000.000,
 
002093054,000000000,-00000001,0000.000,0000.000,0000.000,
 
002093074,000000000,-00000001,0000.000,0000.000,0000.000,
 
002093094,000000000,000000000,0000.000,0000.000,0000.000,
 
002093114,000000000,-00000001,0000.000,0000.000,0000.000,
 
002093134,000000000,-00000001,0000.000,0000.000,0000.000,
 
002093154,000000000,-00000001,0000.000,0000.000,0000.000,
 
002093174,000000000,000000000,0000.000,0000.000,0000.000,
 
002093194,000000000,000000000,0000.000,0000.000,0000.000,
 
002093214,000000000,000000000,0000.000,0000.000,0000.000,
 
002093234,000000000,000000000,0000.000,0000.000,0000.000,
 
002093254,000000000,000000000,0000.000,0000.000,0000.000,
 
002093274,000000000,000000000,0000.000,0000.000,0000.000,
 
002093294,000000000,000000000,0000.000,0000.000,0000.000,
 
002093314,000000000,000000000,0000.000,0000.000,0000.000,
 
002093334,000000000,000000000,0000.000,0000.000,0000.000,
 
002093354,000000000,000000000,0000.000,0000.000,0000.000,
 
002093374,000000000,000000000,0000.000,0000.000,0000.000,
 
002093394,000000000,000000000,0000.000,0000.000,0000.000,
 
002093414,000000000,000000000,0000.000,0000.000,0000.000,
 
002093434,000000000,000000000,0000.000,0000.000,0000.000,
 
002093454,000000000,000000000,0000.000,0000.000,0000.000,
 
002093474,000000000,000000000,0000.000,0000.000,0000.000,
 
002093494,000000000,000000000,0000.000,0000.000,0000.000,
 
002093514,000000000,000000000,0000.000,0000.000,0000.000,
 
002093534,000000000,000000000,0000.000,0000.000,0000.000,
 
002093554,000000000,000000000,0000.000,0000.000,0000.000,
 
002093574,000000000,000000000,0000.000,0000.000,0000.000,
 
002093594,000000000,000000000,0000.000,0000.000,0000.000,
 
002093614,000000000,000000000,0000.000,0000.000,0000.000,
 
002093634,000000000,000000000,0000.000,0000.000,0000.000,
 
002093654,000000000,000000000,0000.000,0000.000,0000.000,
 
002093674,000000000,000000000,0000.000,0000.000,0000.000,
 
002093694,000000000,000000000,0000.000,0000.000,0000.000,
 
002093714,000000000,000000000,0000.000,0000.000,0000.000,
 
002093734,000000000,000000000,0000.000,0000.000,0000.000,
 
002093754,000000000,000000000,0000.000,0000.000,0000.000,
 
002093774,000000000,000000000,0000.000,0000.000,0000.000,
 
002093794,000000000,000000000,0000.000,0000.000,0000.000,
 
002093814,000000000,000000004,0000.000,0000.000,0000.000,
 
002093834,000000000,000000008,0000.000,0000.000,0000.000,
 
002093854,000000000,000000010,0000.000,0000.000,0000.000,
 
002093874,000000000,000000007,0000.000,0000.000,0000.000,
 
002093894,000000000,000000006,0000.000,0000.000,0000.000,
 
002093914,-00000001,000000003,0000.000,0000.000,0000.000,
 
002093934,000000000,000000004,0000.000,0000.000,0000.000,
 
002093954,000000001,000000007,0000.000,0000.000,0000.000,
 
002093974,000000001,000000007,0000.000,0000.000,0000.000,
 
002093994,000000002,000000006,0000.000,0000.000,0000.000,
 
002094014,000000001,000000005,0000.000,0000.000,0000.000,
 
002094034,000000002,000000006,0000.000,0000.000,0000.000,
 
002094054,000000003,000000009,0000.000,0000.000,0000.000,
 
002094074,000000003,000000008,0000.000,0000.000,0000.000,
 
002094094,000000002,000000010,0000.000,0000.000,0000.000,
 
002094114,000000003,000000013,0000.000,0000.000,0000.000,
 
002094134,000000004,000000016,0000.000,0000.000,0000.000,
 
002094154,000000002,000000015,0000.000,0000.000,0000.000,
 
002094174,000000003,000000016,0000.000,0000.000,0000.000,
 
002094194,000000002,000000017,0000.000,0000.000,0000.000,
 
002094214,000000002,000000018,0000.000,0000.000,0000.000,
 
002094234,000000003,000000020,0000.000,0000.000,0000.000,
 
002094254,000000003,000000020,0000.000,0000.000,0000.000,
 
002094274,000000002,000000021,0000.000,0000.000,0000.000,
 
002094294,000000002,000000020,0000.000,0000.000,0000.000,
 
002094314,000000002,000000021,0000.000,0000.000,0000.000,
 
002094334,000000002,000000020,0000.000,0000.000,0000.000,
 
002094354,000000001,000000023,0000.000,0000.000,0000.000,
 
002094374,000000001,000000024,0000.000,0000.000,0000.000,
 
002094394,000000001,000000025,0000.000,0000.000,0000.000,
 
002094414,000000001,000000025,0000.000,0000.000,0000.000,
 
002094434,000000000,000000024,0000.000,0000.000,0000.000,
 
002094454,000000002,000000024,0000.000,0000.000,0000.000,
 
002094474,000000000,000000024,0000.000,0000.000,0000.000,
 
002094494,000000001,000000024,0000.000,0000.000,0000.000,
 
002094514,000000002,000000025,0000.000,0000.000,0000.000,
 
002094534,000000003,000000028,0000.000,0000.000,0000.000,
 
002094554,000000002,000000035,0000.000,0000.000,0000.000,
 
002094574,000000001,000000036,0000.000,0000.000,0000.000,
 
002094594,000000000,000000037,0000.000,0000.000,0000.000,
 
002094614,000000000,000000036,0000.000,0000.000,0000.000,
 
002094634,000000001,000000037,0000.000,0000.000,0000.000,
 
002094654,000000001,000000037,0000.000,0000.000,0000.000,
 
002094674,000000000,000000035,0000.000,0000.000,0000.000,
 
002094694,-00000002,000000033,0000.000,0000.000,0000.000,
 
002094714,-00000001,000000035,0000.000,0000.000,0000.000,
 
002094734,000000000,000000033,0000.000,0000.000,0000.000,
 
002094754,000000000,000000032,0000.000,0000.000,0000.000,
 
002094774,-00000001,000000030,0000.000,0000.000,0000.000,
 
002094794,000000000,000000031,0000.000,0000.000,0000.000,
 
002094814,-00000001,000000030,0000.000,0000.000,0000.000,
 
002094834,-00000002,000000028,0000.000,0000.000,0000.000,
 
002094854,-00000001,000000028,0000.000,0000.000,0000.000,
 
002094874,-00000002,000000026,0000.000,0000.000,0000.000,
 
002094894,-00000001,000000026,0000.000,0000.000,0000.000,
 
002094914,000000000,000000027,0000.000,0000.000,0000.000,
 
002094934,-00000002,000000027,0000.000,0000.000,0000.000,
 
002094954,-00000003,000000025,0000.000,0000.000,0000.000,
 
002094974,-00000001,000000026,0000.000,0000.000,0000.000,
 
002094994,-00000002,000000027,0000.000,0000.000,0000.000,
 
002095014,-00000001,000000026,0000.000,0000.000,0000.000,
 
002095034,000000000,000000025,0000.000,0000.000,0000.000,
 
002095054,-00000001,000000024,0000.000,0000.000,0000.000,
 
002095074,000000000,000000023,0000.000,0000.000,0000.000,
 
002095094,000000000,000000024,0000.000,0000.000,0000.000,
 
002095114,000000000,000000024,0000.000,0000.000,0000.000,
 
002095134,-00000001,000000023,0000.000,0000.000,0000.000,
 
002095154,-00000001,000000023,0000.000,0000.000,0000.000,
 
002095174,-00000001,000000022,0000.000,0000.000,0000.000,
 
002095194,-00000001,000000024,0000.000,0000.000,0000.000,
 
002095214,000000000,000000024,0000.000,0000.000,0000.000,
 
002095234,000000000,000000025,0000.000,0000.000,0000.000,
 
002095254,000000000,000000026,0000.000,0000.000,0000.000,
 
002095274,000000000,000000027,0000.000,0000.000,0000.000,
 
002095294,000000000,000000030,0000.000,0000.000,0000.000,
 
002095314,000000000,000000031,0000.000,0000.000,0000.000,
 
002095334,000000000,000000032,0000.000,0000.000,0000.000,
 
002095354,000000000,000000033,0000.000,0000.000,0000.000,
 
002095374,000000000,000000035,0000.000,0000.000,0000.000,
 
002095394,000000000,000000034,0000.000,0000.000,0000.000,
 
002095414,-00000001,000000030,0000.000,0000.000,0000.000,
 
002095434,000000000,000000028,0000.000,0000.000,0000.000,
 
002095454,-00000001,000000030,0000.000,0000.000,0000.000,
 
002095474,-00000001,000000032,0000.000,0000.000,0000.000,
 
002095494,-00000002,000000032,0000.000,0000.000,0000.000,
 
002095514,-00000002,000000033,0000.000,0000.000,0000.000,
 
002095534,-00000001,000000033,0000.000,0000.000,0000.000,
 
002095554,-00000002,000000031,0000.000,0000.000,0000.000,
 
002095574,-00000002,000000031,0000.000,0000.000,0000.000,
 
002095594,-00000002,000000031,0000.000,0000.000,0000.000,
 
002095614,-00000003,000000032,0000.000,0000.000,0000.000,
 
002095634,-00000001,000000030,0000.000,0000.000,0000.000,
 
002095654,-00000002,000000029,0000.000,0000.000,0000.000,
 
002095674,-00000002,000000028,0000.000,0000.000,0000.000,
 
002095694,-00000003,000000028,0000.000,0000.000,0000.000,
 
002095714,-00000003,000000027,0000.000,0000.000,0000.000,
 
002095734,-00000002,000000027,0000.000,0000.000,0000.000,
 
002095754,-00000002,000000028,0000.000,0000.000,0000.000,
 
002095774,-00000001,000000029,0000.000,0000.000,0000.000,
 
002095794,-00000001,000000028,0000.000,0000.000,0000.000,
 
002095814,-00000001,000000028,0000.000,0000.000,0000.000,
 
002095834,000000000,000000026,0000.000,0000.000,0000.000,
 
002095854,000000000,000000028,0000.000,0000.000,0000.000,
 
002095874,-00000001,000000027,0000.000,0000.000,0000.000,
 
002095894,-00000001,000000027,0000.000,0000.000,0000.000,
 
002095914,-00000002,000000028,0000.000,0000.000,0000.000,
 
002095934,000000000,000000028,0000.000,0000.000,0000.000,
 
002095954,-00000001,000000028,0000.000,0000.000,0000.000,
 
002095974,000000000,000000028,0000.000,0000.000,0000.000,
 
002095994,000000001,000000025,0000.000,0000.000,0000.000,
 
002096014,000000000,000000025,0000.000,0000.000,0000.000,
 
002096034,000000000,000000027,0000.000,0000.000,0000.000,
 
002096054,000000000,000000029,0000.000,0000.000,0000.000,
 
002096074,-00000002,000000029,0000.000,0000.000,0000.000,
 
002096094,-00000003,000000030,0000.000,0000.000,0000.000,
 
002096114,-00000001,000000029,0000.000,0000.000,0000.000,
 
002096134,-00000001,000000029,0000.000,0000.000,0000.000,
 
002096154,000000000,000000030,0000.000,0000.000,0000.000,
 
002096174,000000000,000000031,0000.000,0000.000,0000.000,
 
002096194,000000001,000000032,0000.000,0000.000,0000.000,
 
002096214,000000001,000000033,0000.000,0000.000,0000.000,
 
002096234,000000002,000000033,0000.000,0000.000,0000.000,
 
002096254,000000000,000000035,0000.000,0000.000,0000.000,
 
002096274,000000000,000000035,0000.000,0000.000,0000.000,
 
002096294,000000001,000000036,0000.000,0000.000,0000.000,
 
002096314,000000001,000000036,0000.000,0000.000,0000.000,
 
002096334,000000001,000000036,0000.000,0000.000,0000.000,
 
002096354,000000000,000000035,0000.000,0000.000,0000.000,
 
002096374,000000000,000000034,0000.000,0000.000,0000.000,
 
002096394,000000002,000000032,0000.000,0000.000,0000.000,
 
002096414,000000001,000000032,0000.000,0000.000,0000.000,
 
002096434,000000000,000000032,0000.000,0000.000,0000.000,
 
002096454,000000000,000000031,0000.000,0000.000,0000.000,
 
002096474,-00000001,000000027,0000.000,0000.000,0000.000,
 
002096494,000000000,000000023,0000.000,0000.000,0000.000,
 
002096514,000000001,000000019,0000.000,0000.000,0000.000,
 
002096534,000000001,000000016,0000.000,0000.000,0000.000,
 
002096554,000000001,000000014,0000.000,0000.000,0000.000,
 
002096574,000000000,000000014,0000.000,0000.000,0000.000,
 
002096594,000000000,000000014,0000.000,0000.000,0000.000,
 
002096614,000000001,000000014,0000.000,0000.000,0000.000,
 
002096634,000000002,000000013,0000.000,0000.000,0000.000,
 
002096654,000000001,000000014,0000.000,0000.000,0000.000,
 
002096674,000000001,000000014,0000.000,0000.000,0000.000,
 
002096694,000000001,000000014,0000.000,0000.000,0000.000,
 
002096714,000000001,000000013,0000.000,0000.000,0000.000,
 
002096734,000000001,000000012,0000.000,0000.000,0000.000,
 
002096754,000000001,000000011,0000.000,0000.000,0000.000,
 
002096774,000000002,000000011,0000.000,0000.000,0000.000,
 
002096794,000000001,000000009,0000.000,0000.000,0000.000,
 
002096814,000000001,000000010,0000.000,0000.000,0000.000,
 
002096834,000000002,000000010,0000.000,0000.000,0000.000,
 
002096854,000000001,000000010,0000.000,0000.000,0000.000,
 
002096874,000000000,000000011,0000.000,0000.000,0000.000,
 
002096894,000000000,000000012,0000.000,0000.000,0000.000,
 
002096914,000000000,000000011,0000.000,0000.000,0000.000,
 
002096934,000000000,000000011,0000.000,0000.000,0000.000,
 
002096954,000000000,000000012,0000.000,0000.000,0000.000,
 
002096974,000000001,000000014,0000.000,0000.000,0000.000,
 
002096994,000000000,000000012,0000.000,0000.000,0000.000,
 
002097014,-00000001,000000010,0000.000,0000.000,0000.000,
 
002097034,000000000,000000006,0000.000,0000.000,0000.000,
 
002097054,000000000,000000005,0000.000,0000.000,0000.000,
 
002097074,000000000,000000004,0000.000,0000.000,0000.000,
 
002097094,000000000,000000004,0000.000,0000.000,0000.000,
 
002097114,-00000001,000000003,0000.000,0000.000,0000.000,
 
002097134,000000000,000000002,0000.000,0000.000,0000.000,
 
002097154,000000000,000000002,0000.000,0000.000,0000.000,
 
002097174,000000000,000000001,0000.000,0000.000,0000.000,
 
002097194,000000000,000000000,0000.000,0000.000,0000.000,
 
002097214,000000000,000000000,0000.000,0000.000,0000.000,
 
002097234,000000000,000000000,0000.000,0000.000,0000.000,
 
002097254,000000000,000000000,0000.000,0000.000,0000.000,
 
002097274,000000000,000000000,0000.000,0000.000,0000.000,
 
002097294,000000000,000000000,0000.000,0000.000,0000.000,
 
002097314,000000000,000000000,0000.000,0000.000,0000.000,
 
002097334,000000000,000000000,0000.000,0000.000,0000.000,
 
002097354,000000000,000000000,0000.000,0000.000,0000.000,
 
002097374,000000000,000000000,0000.000,0000.000,0000.000,
 
002097394,000000000,000000000,0000.000,0000.000,0000.000,
 
002097414,000000000,000000000,0000.000,0000.000,0000.000,
 
002097434,000000000,000000000,0000.000,0000.000,0000.000,
 
002097454,000000000,000000000,0000.000,0000.000,0000.000,
 
002097474,000000000,000000000,0000.000,0000.000,0000.000,
 
002097494,000000000,000000000,0000.000,0000.000,0000.000,
 
002097514,000000000,000000000,0000.000,0000.000,0000.000,
 
002097534,000000000,000000000,0000.000,0000.000,0000.000,
 
002097554,000000000,000000000,0000.000,0000.000,0000.000,
 
002097574,000000000,000000000,0000.000,0000.000,0000.000,
 
002097594,000000000,000000000,0000.000,0000.000,0000.000,
 
002097614,000000000,000000000,0000.000,0000.000,0000.000,
 
002097634,000000000,000000000,0000.000,0000.000,0000.000,
 
002097654,000000000,000000000,0000.000,0000.000,0000.000,
 
002097674,000000000,000000000,0000.000,0000.000,0000.000,
 
002097694,000000000,000000000,0000.000,0000.000,0000.000,
 
002097714,000000000,000000000,0000.000,0000.000,0000.000,
 
002097734,000000000,000000000,0000.000,0000.000,0000.000,
 
002097754,000000000,000000000,0000.000,0000.000,0000.000,
 
002097774,000000000,000000000,0000.000,0000.000,0000.000,
 
002097794,000000000,000000000,0000.000,0000.000,0000.000,
 
002097814,000000000,000000000,0000.000,0000.000,0000.000,
 
002097834,000000000,000000000,0000.000,0000.000,0000.000,
 
002097854,000000000,000000000,0000.000,0000.000,0000.000,
 
002097874,000000000,000000000,0000.000,0000.000,0000.000,
 
002097894,000000000,000000000,0000.000,0000.000,0000.000,
 
002097914,000000000,000000000,0000.000,0000.000,0000.000,
 
002097934,000000000,000000002,0000.000,0000.000,0000.000,
 
002097954,-00000002,000000008,0000.000,0000.000,0000.000,
 
002097974,-00000002,000000012,0000.000,0000.000,0000.000,
 
002097994,-00000002,000000011,0000.000,0000.000,0000.000,
 
002098014,-00000001,000000007,0000.000,0000.000,0000.000,
 
002098034,000000000,000000002,0000.000,0000.000,0000.000,
 
002098054,000000000,000000000,0000.000,0000.000,0000.000,
 
002098074,000000000,000000000,0000.000,0000.000,0000.000,
 
002098094,000000000,000000000,0000.000,0000.000,0000.000,
 
002098114,000000000,000000000,0000.000,0000.000,0000.000,
 
002098134,000000000,000000000,0000.000,0000.000,0000.000,
 
002098154,000000000,000000000,0000.000,0000.000,0000.000,
 
002098174,000000000,000000000,0000.000,0000.000,0000.000,
 
002098194,000000000,000000000,0000.000,0000.000,0000.000,
 
002098214,000000000,000000000,0000.000,0000.000,0000.000,
 
002098234,000000000,000000000,0000.000,0000.000,0000.000,
 
002098254,000000000,000000000,0000.000,0000.000,0000.000,
 
002098274,000000000,000000000,0000.000,0000.000,0000.000,
 
002098294,000000000,000000000,0000.000,0000.000,0000.000,
 
002098314,000000000,000000000,0000.000,0000.000,0000.000,
 
002098334,000000000,000000000,0000.000,0000.000,0000.000,
 
002098354,000000000,000000000,0000.000,0000.000,0000.000,
 
002098374,000000000,000000000,0000.000,0000.000,0000.000,
 
002098394,000000000,000000000,0000.000,0000.000,0000.000,
 
002098414,000000000,000000001,0000.000,0000.000,0000.000,
 
002098434,-00000001,000000003,0000.000,0000.000,0000.000,
 
002098454,-00000001,000000004,0000.000,0000.000,0000.000,
 
002098474,-00000001,000000001,0000.000,0000.000,0000.000,
 
002098494,000000000,000000000,0000.000,0000.000,0000.000,
 
002098514,000000000,000000000,0000.000,0000.000,0000.000,
 
002098534,000000000,000000000,0000.000,0000.000,0000.000,
 
002098554,000000000,000000000,0000.000,0000.000,0000.000,
 
002098574,000000000,000000000,0000.000,0000.000,0000.000,
 
002098594,000000000,000000000,0000.000,0000.000,0000.000,
 
002098614,000000000,000000000,0000.000,0000.000,0000.000,
 
002098634,000000000,000000000,0000.000,0000.000,0000.000,
 
002098654,000000000,000000000,0000.000,0000.000,0000.000,
 
002098674,000000000,000000000,0000.000,0000.000,0000.000,
 
002098694,000000000,000000000,0000.000,0000.000,0000.000,
 
002098714,000000000,000000000,0000.000,0000.000,0000.000,
 
002098734,000000000,000000000,0000.000,0000.000,0000.000,
 
002098754,000000000,000000000,0000.000,0000.000,0000.000,
 
002098774,000000000,000000000,0000.000,0000.000,0000.000,
 
002098794,000000000,000000000,0000.000,0000.000,0000.000,
 
002098814,000000000,000000000,0000.000,0000.000,0000.000,
 
002098834,000000000,000000000,0000.000,0000.000,0000.000,
 
002098854,000000000,000000000,0000.000,0000.000,0000.000,
 
002098874,000000000,000000000,0000.000,0000.000,0000.000,
 
002098894,000000000,000000000,0000.000,0000.000,0000.000,
 
002098914,000000000,000000000,0000.000,0000.000,0000.000,
 
002098934,000000000,000000000,0000.000,0000.000,0000.000,
 
002098954,000000000,000000000,0000.000,0000.000,0000.000,
 
002098974,000000000,000000000,0000.000,0000.000,0000.000,
 
002098994,000000000,000000000,0000.000,0000.000,0000.000,
 
002099014,000000000,000000000,0000.000,0000.000,0000.000,
 
002099034,000000000,000000000,0000.000,0000.000,0000.000,
 
002099054,000000000,000000000,0000.000,0000.000,0000.000,
 
002099074,000000000,000000000,0000.000,0000.000,0000.000,
 
002099094,000000000,000000000,0000.000,0000.000,0000.000,
 
002099114,000000000,000000000,0000.000,0000.000,0000.000,
 
002099134,000000000,000000000,0000.000,0000.000,0000.000,
 
002099154,000000000,000000000,0000.000,0000.000,0000.000,
 
002099174,000000000,000000000,0000.000,0000.000,0000.000,
 
002099194,000000000,000000000,0000.000,0000.000,0000.000,
 
002099214,000000000,000000000,0000.000,0000.000,0000.000,
 
002099234,000000000,000000000,0000.000,0000.000,0000.000,
 
002099254,000000000,000000000,0000.000,0000.000,0000.000,
 
002099274,000000000,000000000,0000.000,0000.000,0000.000,
 
002099294,000000000,000000000,0000.000,0000.000,0000.000,
 
002099314,000000000,000000000,0000.000,0000.000,0000.000,
 
002099334,000000000,000000000,0000.000,0000.000,0000.000,
 
002099354,000000000,000000000,0000.000,0000.000,0000.000,
 
002099374,000000000,000000000,0000.000,0000.000,0000.000,
 
002099394,000000000,000000000,0000.000,0000.000,0000.000,
 
002099414,000000000,000000000,0000.000,0000.000,0000.000,
 
002099434,000000000,000000000,0000.000,0000.000,0000.000,
 
002099454,000000000,000000000,0000.000,0000.000,0000.000,
 
002099474,000000000,000000000,0000.000,0000.000,0000.000,
 
002099494,000000000,000000000,0000.000,0000.000,0000.000,
 
002099514,000000000,000000000,0000.000,0000.000,0000.000,
 
002099534,000000000,000000000,0000.000,0000.000,0000.000,
 
