002777744,000000000,000000000,0000.000,0000.000,0000.000,
 
002777763,000000000,000000000,0000.000,0000.000,0000.000,
 
002777783,000000000,000000000,0000.000,0000.000,0000.000,
 
002777803,000000000,000000000,0000.000,0000.000,0000.000,
 
002777823,000000000,000000000,0000.000,0000.000,0000.000,
 
002777843,000000000,000000000,0000.000,0000.000,0000.000,
 
002777863,000000000,000000000,0000.000,0000.000,0000.000,
 
002777883,000000000,000000000,0000.000,0000.000,0000.000,
 
002777903,000000000,000000000,0000.000,0000.000,0000.000,
 
002777923,000000000,000000000,0000.000,0000.000,0000.000,
 
002777943,000000000,000000000,0000.000,0000.000,0000.000,
 
002777963,000000000,000000000,0000.000,0000.000,0000.000,
 
002777983,000000000,000000000,0000.000,0000.000,0000.000,
 
002778003,000000000,000000000,0000.000,0000.000,0000.000,
 
002778023,000000000,000000000,0000.000,0000.000,0000.000,
 
002778043,000000000,000000000,0000.000,0000.000,0000.000,
 
002778063,000000000,000000000,0000.000,0000.000,0000.000,
 
002778083,000000000,000000000,0000.000,0000.000,0000.000,
 
002778103,000000000,000000000,0000.000,0000.000,0000.000,
 
002778123,000000000,000000000,0000.000,0000.000,0000.000,
 
002778143,000000000,000000000,0000.000,0000.000,0000.000,
 
002778163,000000000,000000000,0000.000,0000.000,0000.000,
 
002778183,000000000,000000000,0000.000,0000.000,0000.000,
 
002778203,000000000,000000000,0000.000,0000.000,0000.000,
 
002778223,000000000,000000000,0000.000,0000.000,0000.000,
 
002778243,000000000,000000000,0000.000,0000.000,0000.000,
 
002778263,000000000,000000000,0000.000,0000.000,0000.000,
 
002778283,000000000,000000000,0000.000,0000.000,0000.000,
 
002778303,000000000,000000000,0000.000,0000.000,0000.000,
 
002778323,000000000,000000000,0000.000,0000.000,0000.000,
 
002778343,000000000,000000000,0000.000,0000.000,0000.000,
 
002778363,000000000,000000000,0000.000,0000.000,0000.000,
 
002778383,000000000,000000000,0000.000,0000.000,0000.000,
 
002778403,000000000,000000000,0000.000,0000.000,0000.000,
 
002778423,000000000,000000000,0000.000,0000.000,0000.000,
 
002778443,000000000,000000000,0000.000,0000.000,0000.000,
 
002778463,000000000,000000000,0000.000,0000.000,0000.000,
 
002778483,000000000,000000000,0000.000,0000.000,0000.000,
 
002778503,000000000,000000000,0000.000,0000.000,0000.000,
 
002778523,000000000,000000000,0000.000,0000.000,0000.000,
 
002778543,000000000,000000000,0000.000,0000.000,0000.000,
 
002778563,000000000,000000000,0000.000,0000.000,0000.000,
 
002778583,000000000,000000000,0000.000,0000.000,0000.000,
 
002778603,000000000,000000000,0000.000,0000.000,0000.000,
 
002778623,000000000,000000000,0000.000,0000.000,0000.000,
 
002778643,000000000,000000000,0000.000,0000.000,0000.000,
 
002778663,000000000,000000000,0000.000,0000.000,0000.000,
 
002778683,000000000,000000000,0000.000,0000.000,0000.000,
 
002778703,000000000,000000000,0000.000,0000.000,0000.000,
 
002778723,000000000,000000000,0000.000,0000.000,0000.000,
 
002778743,000000000,000000000,0000.000,0000.000,0000.000,
 
002778763,000000000,000000000,0000.000,0000.000,0000.000,
 
002778783,000000000,000000000,0000.000,0000.000,0000.000,
 
002778803,000000000,000000000,0000.000,0000.000,0000.000,
 
002778823,000000000,000000000,0000.000,0000.000,0000.000,
 
002778843,000000000,000000000,0000.000,0000.000,0000.000,
 
002778863,000000000,000000000,0000.000,0000.000,0000.000,
 
002778883,000000000,000000000,0000.000,0000.000,0000.000,
 
002778903,000000000,000000000,0000.000,0000.000,0000.000,
 
002778923,000000000,000000000,0000.000,0000.000,0000.000,
 
002778943,000000000,000000000,0000.000,0000.000,0000.000,
 
002778963,000000000,000000000,0000.000,0000.000,0000.000,
 
002778983,000000000,000000000,0000.000,0000.000,0000.000,
 
002779003,000000000,000000000,0000.000,0000.000,0000.000,
 
002779023,000000000,000000000,0000.000,0000.000,0000.000,
 
002779043,000000000,000000000,0000.000,0000.000,0000.000,
 
002779063,000000000,000000000,0000.000,0000.000,0000.000,
 
002779083,000000000,000000000,0000.000,0000.000,0000.000,
 
002779103,000000000,000000000,0000.000,0000.000,0000.000,
 
002779123,000000000,000000000,0000.000,0000.000,0000.000,
 
002779143,000000000,000000000,0000.000,0000.000,0000.000,
 
002779163,000000000,000000000,0000.000,0000.000,0000.000,
 
002779183,000000000,000000000,0000.000,0000.000,0000.000,
 
002779203,000000000,000000000,0000.000,0000.000,0000.000,
 
002779223,000000000,000000000,0000.000,0000.000,0000.000,
 
002779243,000000000,000000000,0000.000,0000.000,0000.000,
 
002779263,000000000,000000000,0000.000,0000.000,0000.000,
 
002779283,000000000,000000000,0000.000,0000.000,0000.000,
 
002779303,000000000,000000000,0000.000,0000.000,0000.000,
 
002779323,000000000,000000000,0000.000,0000.000,0000.000,
 
002779343,000000000,000000000,0000.000,0000.000,0000.000,
 
002779363,000000000,000000000,0000.000,0000.000,0000.000,
 
002779383,000000000,000000000,0000.000,0000.000,0000.000,
 
002779403,000000000,000000000,0000.000,0000.000,0000.000,
 
002779423,000000000,000000000,0000.000,0000.000,0000.000,
 
002779443,000000000,000000000,0000.000,0000.000,0000.000,
 
002779463,000000000,000000000,0000.000,0000.000,0000.000,
 
002779483,000000000,000000000,0000.000,0000.000,0000.000,
 
002779503,000000000,000000000,0000.000,0000.000,0000.000,
 
002779523,000000000,000000000,0000.000,0000.000,0000.000,
 
002779543,000000000,000000000,0000.000,0000.000,0000.000,
 
002779563,000000000,000000000,0000.000,0000.000,0000.000,
 
002779583,000000000,000000000,0000.000,0000.000,0000.000,
 
002779603,000000000,000000000,0000.000,0000.000,0000.000,
 
002779623,000000000,000000000,0000.000,0000.000,0000.000,
 
002779643,000000000,000000000,0000.000,0000.000,0000.000,
 
002779663,000000000,000000000,0000.000,0000.000,0000.000,
 
002779683,000000000,000000000,0000.000,0000.000,0000.000,
 
002779703,000000000,000000000,0000.000,0000.000,0000.000,
 
002779723,000000000,000000000,0000.000,0000.000,0000.000,
 
002779743,000000000,000000000,0000.000,0000.000,0000.000,
 
002779763,000000000,000000000,0000.000,0000.000,0000.000,
 
002779783,000000000,000000000,0000.000,0000.000,0000.000,
 
002779803,000000000,000000000,0000.000,0000.000,0000.000,
 
002779823,000000000,000000000,0000.000,0000.000,0000.000,
 
002779843,000000000,000000000,0000.000,0000.000,0000.000,
 
002779863,000000000,000000000,0000.000,0000.000,0000.000,
 
002779883,000000000,000000000,0000.000,0000.000,0000.000,
 
002779903,000000000,000000000,0000.000,0000.000,0000.000,
 
002779923,000000000,000000000,0000.000,0000.000,0000.000,
 
002779943,000000000,000000000,0000.000,0000.000,0000.000,
 
002779963,000000000,000000000,0000.000,0000.000,0000.000,
 
002779983,000000000,000000000,0000.000,0000.000,0000.000,
 
002780003,000000000,000000000,0000.000,0000.000,0000.000,
 
002780023,000000000,000000000,0000.000,0000.000,0000.000,
 
002780043,000000000,000000000,0000.000,0000.000,0000.000,
 
002780063,000000000,000000000,0000.000,0000.000,0000.000,
 
002780083,000000000,000000000,0000.000,0000.000,0000.000,
 
002780103,000000000,000000000,0000.000,0000.000,0000.000,
 
002780123,000000000,000000000,0000.000,0000.000,0000.000,
 
002780143,000000000,-00000004,0000.000,0000.000,0000.000,
 
002780163,-00000001,-00000008,0000.000,0000.000,0000.000,
 
002780183,-00000002,-00000013,0000.000,0000.000,0000.000,
 
002780203,-00000002,-00000010,0000.000,0000.000,0000.000,
 
002780223,-00000001,-00000008,0000.000,0000.000,0000.000,
 
002780243,-00000002,-00000010,0000.000,0000.000,0000.000,
 
002780263,-00000002,-00000011,0000.000,0000.000,0000.000,
 
002780283,-00000001,-00000010,0000.000,0000.000,0000.000,
 
002780303,-00000002,-00000011,0000.000,0000.000,0000.000,
 
002780323,-00000001,-00000013,0000.000,0000.000,0000.000,
 
002780343,-00000002,-00000014,0000.000,0000.000,0000.000,
 
002780363,-00000002,-00000015,0000.000,0000.000,0000.000,
 
002780383,-00000001,-00000015,0000.000,0000.000,0000.000,
 
002780403,-00000001,-00000015,0000.000,0000.000,0000.000,
 
002780423,-00000001,-00000018,0000.000,0000.000,0000.000,
 
002780443,-00000001,-00000019,0000.000,0000.000,0000.000,
 
002780463,-00000002,-00000019,0000.000,0000.000,0000.000,
 
002780483,-00000001,-00000019,0000.000,0000.000,0000.000,
 
002780503,-00000001,-00000021,0000.000,0000.000,0000.000,
 
002780523,-00000002,-00000023,0000.000,0000.000,0000.000,
 
002780543,-00000002,-00000023,0000.000,0000.000,0000.000,
 
002780563,-00000001,-00000024,0000.000,0000.000,0000.000,
 
002780583,-00000003,-00000025,0000.000,0000.000,0000.000,
 
002780603,-00000004,-00000027,0000.000,0000.000,0000.000,
 
002780623,-00000005,-00000027,0000.000,0000.000,0000.000,
 
002780643,-00000005,-00000026,0000.000,0000.000,0000.000,
 
002780663,-00000005,-00000027,0000.000,0000.000,0000.000,
 
002780683,-00000003,-00000028,0000.000,0000.000,0000.000,
 
002780703,-00000002,-00000030,0000.000,0000.000,0000.000,
 
002780723,-00000004,-00000029,0000.000,0000.000,0000.000,
 
002780743,-00000001,-00000031,0000.000,0000.000,0000.000,
 
002780763,000000000,-00000032,0000.000,0000.000,0000.000,
 
002780783,-00000002,-00000036,0000.000,0000.000,0000.000,
 
002780803,-00000001,-00000032,0000.000,0000.000,0000.000,
 
002780823,-00000001,-00000032,0000.000,0000.000,0000.000,
 
002780843,-00000001,-00000032,0000.000,0000.000,0000.000,
 
002780863,000000000,-00000033,0000.000,0000.000,0000.000,
 
002780883,000000000,-00000033,0000.000,0000.000,0000.000,
 
002780903,000000000,-00000033,0000.000,0000.000,0000.000,
 
002780923,000000000,-00000036,0000.000,0000.000,0000.000,
 
002780943,-00000002,-00000049,0000.000,0000.000,0000.000,
 
002780963,-00000001,-00000049,0000.000,0000.000,0000.000,
 
002780983,000000000,-00000035,0000.000,0000.000,0000.000,
 
002781003,000000000,-00000033,0000.000,0000.000,0000.000,
 
002781023,000000000,-00000030,0000.000,0000.000,0000.000,
 
002781043,000000001,-00000032,0000.000,0000.000,0000.000,
 
002781063,000000001,-00000030,0000.000,0000.000,0000.000,
 
002781083,000000002,-00000028,0000.000,0000.000,0000.000,
 
002781103,000000003,-00000027,0000.000,0000.000,0000.000,
 
002781123,000000002,-00000026,0000.000,0000.000,0000.000,
 
002781143,000000002,-00000027,0000.000,0000.000,0000.000,
 
002781163,000000003,-00000029,0000.000,0000.000,0000.000,
 
002781183,000000003,-00000029,0000.000,0000.000,0000.000,
 
002781203,000000003,-00000030,0000.000,0000.000,0000.000,
 
002781223,000000003,-00000034,0000.000,0000.000,0000.000,
 
002781243,000000003,-00000049,0000.000,0000.000,0000.000,
 
002781263,000000001,-00000032,0000.000,0000.000,0000.000,
 
002781283,-00000001,-00000029,0000.000,0000.000,0000.000,
 
002781303,-00000001,-00000029,0000.000,0000.000,0000.000,
 
002781323,000000000,-00000030,0000.000,0000.000,0000.000,
 
002781343,000000002,-00000030,0000.000,0000.000,0000.000,
 
002781363,000000002,-00000030,0000.000,0000.000,0000.000,
 
002781383,000000001,-00000029,0000.000,0000.000,0000.000,
 
002781403,000000000,-00000029,0000.000,0000.000,0000.000,
 
002781423,000000000,-00000030,0000.000,0000.000,0000.000,
 
002781443,000000000,-00000033,0000.000,0000.000,0000.000,
 
002781463,-00000002,-00000049,0000.000,0000.000,0000.000,
 
002781483,000000000,-00000039,0000.000,0000.000,0000.000,
 
002781503,000000002,-00000042,0000.000,0000.000,0000.000,
 
002781523,000000001,-00000045,0000.000,0000.000,0000.000,
 
002781543,000000001,-00000048,0000.000,0000.000,0000.000,
 
002781563,000000001,-00000051,0000.000,0000.000,0000.000,
 
002781583,000000001,-00000054,0000.000,0000.000,0000.000,
 
002781603,000000001,-00000054,0000.000,0000.000,0000.000,
 
002781623,000000002,-00000052,0000.000,0000.000,0000.000,
 
002781643,000000002,-00000050,0000.000,0000.000,0000.000,
 
002781663,000000000,-00000052,0000.000,0000.000,0000.000,
 
002781683,000000001,-00000052,0000.000,0000.000,0000.000,
 
002781703,000000001,-00000052,0000.000,0000.000,0000.000,
 
002781723,000000000,-00000050,0000.000,0000.000,0000.000,
 
002781743,000000000,-00000050,0000.000,0000.000,0000.000,
 
002781763,-00000001,-00000051,0000.000,0000.000,0000.000,
 
002781783,000000000,-00000052,0000.000,0000.000,0000.000,
 
002781803,000000000,-00000051,0000.000,0000.000,0000.000,
 
002781823,000000001,-00000052,0000.000,0000.000,0000.000,
 
002781843,000000000,-00000052,0000.000,0000.000,0000.000,
 
002781863,000000000,-00000054,0000.000,0000.000,0000.000,
 
002781883,000000000,-00000056,0000.000,0000.000,0000.000,
 
002781903,-00000002,-00000060,0000.000,0000.000,0000.000,
 
002781923,-00000003,-00000061,0000.000,0000.000,0000.000,
 
002781943,-00000004,-00000062,0000.000,0000.000,0000.000,
 
002781963,-00000002,-00000062,0000.000,0000.000,0000.000,
 
002781983,-00000002,-00000097,0000.000,0000.000,0000.000,
 
002782003,-00000001,-00000067,0000.000,0000.000,0000.000,
 
002782023,-00000001,-00000071,0000.000,0000.000,0000.000,
 
002782043,000000000,-00000071,0000.000,0000.000,0000.000,
 
002782063,000000000,-00000073,0000.000,0000.000,0000.000,
 
002782083,000000000,-00000077,0000.000,0000.000,0000.000,
 
002782103,000000000,-00000075,0000.000,0000.000,0000.000,
 
002782123,000000000,-00000076,0000.000,0000.000,0000.000,
 
002782143,000000000,-00000077,0000.000,0000.000,0000.000,
 
002782163,000000002,-00000075,0000.000,0000.000,0000.000,
 
002782183,000000003,-00000074,0000.000,0000.000,0000.000,
 
002782203,000000004,-00000072,0000.000,0000.000,0000.000,
 
002782223,000000003,-00000073,0000.000,0000.000,0000.000,
 
002782243,000000003,-00000072,0000.000,0000.000,0000.000,
 
002782263,000000002,-00000071,0000.000,0000.000,0000.000,
 
002782283,000000002,-00000067,0000.000,0000.000,0000.000,
 
002782303,000000002,-00000064,0000.000,0000.000,0000.000,
 
002782323,000000003,-00000063,0000.000,0000.000,0000.000,
 
002782343,000000002,-00000060,0000.000,0000.000,0000.000,
 
002782363,000000002,-00000059,0000.000,0000.000,0000.000,
 
002782383,000000003,-00000055,0000.000,0000.000,0000.000,
 
002782403,000000002,-00000050,0000.000,0000.000,0000.000,
 
002782423,000000002,-00000049,0000.000,0000.000,0000.000,
 
002782443,000000000,-00000050,0000.000,0000.000,0000.000,
 
002782463,000000000,-00000053,0000.000,0000.000,0000.000,
 
002782483,000000000,-00000054,0000.000,0000.000,0000.000,
 
002782503,-00000001,-00000054,0000.000,0000.000,0000.000,
 
002782523,-00000002,-00000056,0000.000,0000.000,0000.000,
 
002782543,-00000002,-00000058,0000.000,0000.000,0000.000,
 
002782563,-00000002,-00000058,0000.000,0000.000,0000.000,
 
002782583,-00000004,-00000058,0000.000,0000.000,0000.000,
 
002782603,-00000004,-00000058,0000.000,0000.000,0000.000,
 
002782623,-00000003,-00000059,0000.000,0000.000,0000.000,
 
002782643,-00000004,-00000058,0000.000,0000.000,0000.000,
 
002782663,-00000002,-00000058,0000.000,0000.000,0000.000,
 
002782683,-00000004,-00000059,0000.000,0000.000,0000.000,
 
002782703,-00000001,-00000058,0000.000,0000.000,0000.000,
 
002782723,000000000,-00000059,0000.000,0000.000,0000.000,
 
002782743,000000002,-00000057,0000.000,0000.000,0000.000,
 
002782763,000000000,-00000057,0000.000,0000.000,0000.000,
 
002782783,000000000,-00000056,0000.000,0000.000,0000.000,
 
002782803,000000001,-00000056,0000.000,0000.000,0000.000,
 
002782823,000000000,-00000058,0000.000,0000.000,0000.000,
 
002782843,000000002,-00000059,0000.000,0000.000,0000.000,
 
002782863,000000001,-00000062,0000.000,0000.000,0000.000,
 
002782883,000000001,-00000063,0000.000,0000.000,0000.000,
 
002782903,000000001,-00000059,0000.000,0000.000,0000.000,
 
002782923,000000002,-00000055,0000.000,0000.000,0000.000,
 
002782943,000000002,-00000053,0000.000,0000.000,0000.000,
 
002782963,000000002,-00000054,0000.000,0000.000,0000.000,
 
002782983,000000000,-00000052,0000.000,0000.000,0000.000,
 
002783003,000000001,-00000051,0000.000,0000.000,0000.000,
 
002783023,000000003,-00000049,0000.000,0000.000,0000.000,
 
002783043,000000001,-00000048,0000.000,0000.000,0000.000,
 
002783063,000000001,-00000051,0000.000,0000.000,0000.000,
 
002783083,000000002,-00000051,0000.000,0000.000,0000.000,
 
002783103,000000002,-00000052,0000.000,0000.000,0000.000,
 
002783123,000000003,-00000053,0000.000,0000.000,0000.000,
 
002783143,000000004,-00000053,0000.000,0000.000,0000.000,
 
002783163,000000003,-00000050,0000.000,0000.000,0000.000,
 
002783183,000000002,-00000050,0000.000,0000.000,0000.000,
 
002783203,000000003,-00000049,0000.000,0000.000,0000.000,
 
002783223,000000004,-00000046,0000.000,0000.000,0000.000,
 
002783243,000000002,-00000049,0000.000,0000.000,0000.000,
 
002783263,000000001,-00000044,0000.000,0000.000,0000.000,
 
002783283,000000002,-00000049,0000.000,0000.000,0000.000,
 
002783303,000000001,-00000038,0000.000,0000.000,0000.000,
 
002783323,000000001,-00000034,0000.000,0000.000,0000.000,
 
002783343,000000001,-00000034,0000.000,0000.000,0000.000,
 
002783363,000000000,-00000033,0000.000,0000.000,0000.000,
 
002783383,000000000,-00000033,0000.000,0000.000,0000.000,
 
002783403,-00000001,-00000031,0000.000,0000.000,0000.000,
 
002783423,000000000,-00000030,0000.000,0000.000,0000.000,
 
002783443,000000000,-00000029,0000.000,0000.000,0000.000,
 
002783463,-00000001,-00000026,0000.000,0000.000,0000.000,
 
002783483,000000000,-00000024,0000.000,0000.000,0000.000,
 
002783503,000000000,-00000025,0000.000,0000.000,0000.000,
 
002783523,000000000,-00000019,0000.000,0000.000,0000.000,
 
002783543,000000000,-00000014,0000.000,0000.000,0000.000,
 
002783563,-00000001,-00000013,0000.000,0000.000,0000.000,
 
002783583,-00000002,-00000013,0000.000,0000.000,0000.000,
 
002783603,000000000,-00000011,0000.000,0000.000,0000.000,
 
002783623,-00000001,-00000013,0000.000,0000.000,0000.000,
 
002783643,-00000001,-00000013,0000.000,0000.000,0000.000,
 
002783663,-00000002,-00000013,0000.000,0000.000,0000.000,
 
002783683,-00000001,-00000007,0000.000,0000.000,0000.000,
 
002783703,-00000001,-00000007,0000.000,0000.000,0000.000,
 
002783723,-00000001,-00000006,0000.000,0000.000,0000.000,
 
002783743,-00000001,-00000007,0000.000,0000.000,0000.000,
 
002783763,-00000001,-00000013,0000.000,0000.000,0000.000,
 
002783783,-00000001,-00000013,0000.000,0000.000,0000.000,
 
002783803,-00000002,-00000010,0000.000,0000.000,0000.000,
 
002783823,-00000002,-00000013,0000.000,0000.000,0000.000,
 
002783843,-00000002,-00000011,0000.000,0000.000,0000.000,
 
002783863,-00000003,-00000013,0000.000,0000.000,0000.000,
 
002783883,-00000002,-00000011,0000.000,0000.000,0000.000,
 
002783903,-00000002,-00000013,0000.000,0000.000,0000.000,
 
002783923,-00000001,-00000013,0000.000,0000.000,0000.000,
 
002783943,-00000002,-00000007,0000.000,0000.000,0000.000,
 
002783963,-00000001,-00000005,0000.000,0000.000,0000.000,
 
002783983,000000000,-00000004,0000.000,0000.000,0000.000,
 
002784003,000000000,-00000007,0000.000,0000.000,0000.000,
 
002784023,000000000,-00000005,0000.000,0000.000,0000.000,
 
002784043,000000001,-00000007,0000.000,0000.000,0000.000,
 
002784063,000000000,-00000006,0000.000,0000.000,0000.000,
 
002784083,000000000,-00000007,0000.000,0000.000,0000.000,
 
002784103,000000000,-00000008,0000.000,0000.000,0000.000,
 
002784123,000000000,-00000008,0000.000,0000.000,0000.000,
 
002784143,-00000001,-00000007,0000.000,0000.000,0000.000,
 
002784163,-00000002,-00000008,0000.000,0000.000,0000.000,
 
002784183,-00000001,-00000007,0000.000,0000.000,0000.000,
 
002784203,-00000001,-00000007,0000.000,0000.000,0000.000,
 
002784223,-00000001,-00000007,0000.000,0000.000,0000.000,
 
002784243,-00000001,-00000005,0000.000,0000.000,0000.000,
 
002784263,-00000001,-00000007,0000.000,0000.000,0000.000,
 
002784283,-00000001,-00000007,0000.000,0000.000,0000.000,
 
002784303,-00000001,-00000007,0000.000,0000.000,0000.000,
 
002784323,-00000001,-00000007,0000.000,0000.000,0000.000,
 
002784343,-00000001,-00000007,0000.000,0000.000,0000.000,
 
002784363,000000000,-00000005,0000.000,0000.000,0000.000,
 
002784383,-00000001,-00000007,0000.000,0000.000,0000.000,
 
002784403,000000000,-00000004,0000.000,0000.000,0000.000,
 
002784423,000000000,-00000004,0000.000,0000.000,0000.000,
 
002784443,000000000,-00000003,0000.000,0000.000,0000.000,
 
002784463,000000000,-00000003,0000.000,0000.000,0000.000,
 
002784483,000000000,-00000004,0000.000,0000.000,0000.000,
 
002784503,000000000,-00000004,0000.000,0000.000,0000.000,
 
002784523,000000000,-00000004,0000.000,0000.000,0000.000,
 
002784543,000000000,-00000001,0000.000,0000.000,0000.000,
 
002784563,000000000,-00000004,0000.000,0000.000,0000.000,
 
002784583,000000000,-00000006,0000.000,0000.000,0000.000,
 
002784603,000000000,-00000007,0000.000,0000.000,0000.000,
 
002784623,000000000,-00000005,0000.000,0000.000,0000.000,
 
002784643,000000001,-00000004,0000.000,0000.000,0000.000,
 
002784663,000000000,-00000004,0000.000,0000.000,0000.000,
 
002784683,000000000,-00000004,0000.000,0000.000,0000.000,
 
002784703,000000000,-00000007,0000.000,0000.000,0000.000,
 
002784723,000000001,-00000003,0000.000,0000.000,0000.000,
 
002784743,000000000,-00000002,0000.000,0000.000,0000.000,
 
002784763,000000001,-00000001,0000.000,0000.000,0000.000,
 
002784783,000000000,000000000,0000.000,0000.000,0000.000,
 
002784803,000000000,000000000,0000.000,0000.000,0000.000,
 
002784823,000000000,-00000002,0000.000,0000.000,0000.000,
 
002784843,000000001,-00000007,0000.000,0000.000,0000.000,
 
002784863,000000002,-00000008,0000.000,0000.000,0000.000,
 
002784883,000000001,-00000006,0000.000,0000.000,0000.000,
 
002784903,000000000,-00000002,0000.000,0000.000,0000.000,
 
002784923,000000000,000000000,0000.000,0000.000,0000.000,
 
002784943,000000000,000000000,0000.000,0000.000,0000.000,
 
002784963,000000000,000000000,0000.000,0000.000,0000.000,
 
002784983,000000000,000000000,0000.000,0000.000,0000.000,
 
002785003,000000000,000000000,0000.000,0000.000,0000.000,
 
002785023,000000000,000000000,0000.000,0000.000,0000.000,
 
002785043,000000000,000000000,0000.000,0000.000,0000.000,
 
002785063,000000000,000000000,0000.000,0000.000,0000.000,
 
002785083,000000000,000000000,0000.000,0000.000,0000.000,
 
002785103,000000000,000000000,0000.000,0000.000,0000.000,
 
002785123,000000000,000000000,0000.000,0000.000,0000.000,
 
002785143,000000000,000000000,0000.000,0000.000,0000.000,
 
002785163,000000000,000000000,0000.000,0000.000,0000.000,
 
002785183,000000000,000000000,0000.000,0000.000,0000.000,
 
002785203,000000000,-00000002,0000.000,0000.000,0000.000,
 
002785223,000000000,-00000007,0000.000,0000.000,0000.000,
 
002785243,-00000002,-00000008,0000.000,0000.000,0000.000,
 
002785263,-00000001,-00000006,0000.000,0000.000,0000.000,
 
002785283,-00000001,-00000004,0000.000,0000.000,0000.000,
 
002785303,000000000,-00000001,0000.000,0000.000,0000.000,
 
002785323,000000000,000000000,0000.000,0000.000,0000.000,
 
002785343,000000000,000000000,0000.000,0000.000,0000.000,
 
002785363,000000000,000000000,0000.000,0000.000,0000.000,
 
002785383,000000000,000000000,0000.000,0000.000,0000.000,
 
002785403,000000000,000000000,0000.000,0000.000,0000.000,
 
002785423,000000000,000000000,0000.000,0000.000,0000.000,
 
002785443,000000000,000000000,0000.000,0000.000,0000.000,
 
002785463,000000000,000000000,0000.000,0000.000,0000.000,
 
002785483,000000000,000000000,0000.000,0000.000,0000.000,
 
002785503,000000000,000000000,0000.000,0000.000,0000.000,
 
002785523,000000000,000000000,0000.000,0000.000,0000.000,
 
002785543,000000000,000000000,0000.000,0000.000,0000.000,
 
002785563,000000000,000000000,0000.000,0000.000,0000.000,
 
002785583,000000000,000000000,0000.000,0000.000,0000.000,
 
002785603,000000000,000000000,0000.000,0000.000,0000.000,
 
002785623,000000000,000000000,0000.000,0000.000,0000.000,
 
002785643,000000000,000000000,0000.000,0000.000,0000.000,
 
002785663,000000000,000000000,0000.000,0000.000,0000.000,
 
002785683,000000000,000000000,0000.000,0000.000,0000.000,
 
002785703,000000000,000000000,0000.000,0000.000,0000.000,
 
002785723,000000000,000000000,0000.000,0000.000,0000.000,
 
002785743,000000000,000000000,0000.000,0000.000,0000.000,
 
002785763,000000000,000000000,0000.000,0000.000,0000.000,
 
002785783,000000000,000000000,0000.000,0000.000,0000.000,
 
002785803,000000000,000000000,0000.000,0000.000,0000.000,
 
002785823,000000000,000000000,0000.000,0000.000,0000.000,
 
002785843,000000000,000000000,0000.000,0000.000,0000.000,
 
002785863,000000000,000000000,0000.000,0000.000,0000.000,
 
002785883,000000000,000000000,0000.000,0000.000,0000.000,
 
002785903,000000000,000000000,0000.000,0000.000,0000.000,
 
002785923,000000000,000000000,0000.000,0000.000,0000.000,
 
002785943,000000000,000000000,0000.000,0000.000,0000.000,
 
002785963,000000000,000000000,0000.000,0000.000,0000.000,
 
002785983,000000000,000000000,0000.000,0000.000,0000.000,
 
002786003,000000000,000000000,0000.000,0000.000,0000.000,
 
002786023,000000000,000000000,0000.000,0000.000,0000.000,
 
002786043,000000000,000000000,0000.000,0000.000,0000.000,
 
002786063,000000000,000000000,0000.000,0000.000,0000.000,
 
002786083,000000000,000000000,0000.000,0000.000,0000.000,
 
002786103,000000000,000000000,0000.000,0000.000,0000.000,
 
002786123,000000000,000000008,0000.000,0000.000,0000.000,
 
002786143,000000002,000000017,0000.000,0000.000,0000.000,
 
002786163,000000004,000000020,0000.000,0000.000,0000.000,
 
002786183,000000003,000000016,0000.000,0000.000,0000.000,
 
002786203,000000003,000000009,0000.000,0000.000,0000.000,
 
002786223,000000001,000000006,0000.000,0000.000,0000.000,
 
002786243,000000000,000000006,0000.000,0000.000,0000.000,
 
002786263,000000000,000000008,0000.000,0000.000,0000.000,
 
002786283,000000000,000000010,0000.000,0000.000,0000.000,
 
002786303,000000000,000000009,0000.000,0000.000,0000.000,
 
002786323,000000001,000000009,0000.000,0000.000,0000.000,
 
002786343,000000000,000000012,0000.000,0000.000,0000.000,
 
002786363,-00000001,000000015,0000.000,0000.000,0000.000,
 
002786383,-00000001,000000017,0000.000,0000.000,0000.000,
 
002786403,000000000,000000019,0000.000,0000.000,0000.000,
 
002786423,000000000,000000022,0000.000,0000.000,0000.000,
 
002786443,000000001,000000026,0000.000,0000.000,0000.000,
 
002786463,000000001,000000028,0000.000,0000.000,0000.000,
 
002786483,000000003,000000030,0000.000,0000.000,0000.000,
 
002786503,000000004,000000033,0000.000,0000.000,0000.000,
 
002786523,000000005,000000034,0000.000,0000.000,0000.000,
 
002786543,000000006,000000038,0000.000,0000.000,0000.000,
 
002786563,000000005,000000039,0000.000,0000.000,0000.000,
 
002786583,000000003,000000040,0000.000,0000.000,0000.000,
 
002786603,000000003,000000039,0000.000,0000.000,0000.000,
 
002786623,000000002,000000040,0000.000,0000.000,0000.000,
 
002786643,000000002,000000040,0000.000,0000.000,0000.000,
 
002786663,000000001,000000042,0000.000,0000.000,0000.000,
 
002786683,000000000,000000045,0000.000,0000.000,0000.000,
 
002786703,000000000,000000045,0000.000,0000.000,0000.000,
 
002786723,-00000001,000000045,0000.000,0000.000,0000.000,
 
002786743,-00000002,000000044,0000.000,0000.000,0000.000,
 
002786763,-00000003,000000045,0000.000,0000.000,0000.000,
 
002786783,000000000,000000054,0000.000,0000.000,0000.000,
 
002786803,000000002,000000060,0000.000,0000.000,0000.000,
 
002786823,000000003,000000065,0000.000,0000.000,0000.000,
 
002786843,000000003,000000065,0000.000,0000.000,0000.000,
 
002786863,000000003,000000064,0000.000,0000.000,0000.000,
 
002786883,000000004,000000064,0000.000,0000.000,0000.000,
 
002786903,000000002,000000062,0000.000,0000.000,0000.000,
 
002786923,000000001,000000057,0000.000,0000.000,0000.000,
 
002786943,000000000,000000058,0000.000,0000.000,0000.000,
 
002786963,-00000001,000000060,0000.000,0000.000,0000.000,
 
002786983,-00000001,000000063,0000.000,0000.000,0000.000,
 
002787003,-00000002,000000064,0000.000,0000.000,0000.000,
 
002787023,-00000002,000000063,0000.000,0000.000,0000.000,
 
002787043,-00000002,000000061,0000.000,0000.000,0000.000,
 
002787063,000000000,000000057,0000.000,0000.000,0000.000,
 
002787083,000000003,000000062,0000.000,0000.000,0000.000,
 
002787103,000000001,000000063,0000.000,0000.000,0000.000,
 
002787123,000000000,000000064,0000.000,0000.000,0000.000,
 
002787143,000000000,000000066,0000.000,0000.000,0000.000,
 
002787163,000000001,000000069,0000.000,0000.000,0000.000,
 
002787183,000000001,000000069,0000.000,0000.000,0000.000,
 
002787203,000000000,000000069,0000.000,0000.000,0000.000,
 
002787223,-00000001,000000070,0000.000,0000.000,0000.000,
 
002787243,-00000001,000000069,0000.000,0000.000,0000.000,
 
002787263,000000000,000000067,0000.000,0000.000,0000.000,
 
002787283,000000000,000000065,0000.000,0000.000,0000.000,
 
002787303,000000000,000000063,0000.000,0000.000,0000.000,
 
002787323,-00000001,000000063,0000.000,0000.000,0000.000,
 
002787343,-00000001,000000057,0000.000,0000.000,0000.000,
 
002787363,-00000002,000000057,0000.000,0000.000,0000.000,
 
002787383,-00000003,000000053,0000.000,0000.000,0000.000,
 
002787403,-00000004,000000051,0000.000,0000.000,0000.000,
 
002787423,-00000004,000000051,0000.000,0000.000,0000.000,
 
002787443,-00000004,000000051,0000.000,0000.000,0000.000,
 
002787463,-00000007,000000054,0000.000,0000.000,0000.000,
 
002787483,-00000006,000000057,0000.000,0000.000,0000.000,
 
002787503,-00000004,000000057,0000.000,0000.000,0000.000,
 
002787523,-00000002,000000057,0000.000,0000.000,0000.000,
 
002787543,-00000001,000000057,0000.000,0000.000,0000.000,
 
002787563,-00000001,000000057,0000.000,0000.000,0000.000,
 
002787583,000000000,000000055,0000.000,0000.000,0000.000,
 
002787603,000000000,000000051,0000.000,0000.000,0000.000,
 
002787623,-00000001,000000050,0000.000,0000.000,0000.000,
 
002787643,000000000,000000048,0000.000,0000.000,0000.000,
 
002787663,000000001,000000046,0000.000,0000.000,0000.000,
 
002787683,000000001,000000045,0000.000,0000.000,0000.000,
 
002787703,000000000,000000045,0000.000,0000.000,0000.000,
 
002787723,-00000001,000000045,0000.000,0000.000,0000.000,
 
002787743,-00000001,000000049,0000.000,0000.000,0000.000,
 
002787763,000000000,000000051,0000.000,0000.000,0000.000,
 
002787783,000000001,000000050,0000.000,0000.000,0000.000,
 
002787803,000000000,000000049,0000.000,0000.000,0000.000,
 
002787823,-00000004,000000048,0000.000,0000.000,0000.000,
 
002787843,-00000002,000000045,0000.000,0000.000,0000.000,
 
002787863,000000000,000000044,0000.000,0000.000,0000.000,
 
002787883,000000000,000000044,0000.000,0000.000,0000.000,
 
002787903,-00000001,000000042,0000.000,0000.000,0000.000,
 
002787923,000000000,000000042,0000.000,0000.000,0000.000,
 
002787943,000000000,000000041,0000.000,0000.000,0000.000,
 
002787963,000000000,000000043,0000.000,0000.000,0000.000,
 
002787983,000000000,000000044,0000.000,0000.000,0000.000,
 
002788003,000000002,000000046,0000.000,0000.000,0000.000,
 
002788023,000000003,000000047,0000.000,0000.000,0000.000,
 
002788043,000000004,000000051,0000.000,0000.000,0000.000,
 
002788063,000000005,000000051,0000.000,0000.000,0000.000,
 
002788083,000000004,000000054,0000.000,0000.000,0000.000,
 
002788103,000000003,000000052,0000.000,0000.000,0000.000,
 
002788123,000000003,000000050,0000.000,0000.000,0000.000,
 
002788143,000000002,000000051,0000.000,0000.000,0000.000,
 
002788163,000000001,000000049,0000.000,0000.000,0000.000,
 
002788183,000000001,000000049,0000.000,0000.000,0000.000,
 
002788203,000000000,000000048,0000.000,0000.000,0000.000,
 
002788223,-00000001,000000044,0000.000,0000.000,0000.000,
 
002788243,-00000004,000000042,0000.000,0000.000,0000.000,
 
002788263,-00000002,000000040,0000.000,0000.000,0000.000,
 
002788283,-00000003,000000043,0000.000,0000.000,0000.000,
 
002788303,-00000004,000000043,0000.000,0000.000,0000.000,
 
002788323,-00000003,000000044,0000.000,0000.000,0000.000,
 
002788343,-00000003,000000044,0000.000,0000.000,0000.000,
 
002788363,-00000002,000000041,0000.000,0000.000,0000.000,
 
002788383,000000000,000000042,0000.000,0000.000,0000.000,
 
002788403,-00000002,000000041,0000.000,0000.000,0000.000,
 
002788423,-00000004,000000044,0000.000,0000.000,0000.000,
 
002788443,-00000003,000000044,0000.000,0000.000,0000.000,
 
002788463,-00000002,000000045,0000.000,0000.000,0000.000,
 
002788483,-00000002,000000046,0000.000,0000.000,0000.000,
 
002788503,-00000002,000000046,0000.000,0000.000,0000.000,
 
002788523,-00000004,000000048,0000.000,0000.000,0000.000,
 
002788543,-00000003,000000047,0000.000,0000.000,0000.000,
 
002788563,-00000005,000000046,0000.000,0000.000,0000.000,
 
002788583,-00000004,000000045,0000.000,0000.000,0000.000,
 
002788603,-00000005,000000045,0000.000,0000.000,0000.000,
 
002788623,-00000006,000000044,0000.000,0000.000,0000.000,
 
002788643,-00000007,000000045,0000.000,0000.000,0000.000,
 
002788663,-00000004,000000043,0000.000,0000.000,0000.000,
 
002788683,-00000001,000000041,0000.000,0000.000,0000.000,
 
002788703,-00000001,000000043,0000.000,0000.000,0000.000,
 
002788723,-00000002,000000042,0000.000,0000.000,0000.000,
 
002788743,-00000001,000000044,0000.000,0000.000,0000.000,
 
002788763,000000000,000000046,0000.000,0000.000,0000.000,
 
002788783,000000002,000000047,0000.000,0000.000,0000.000,
 
002788803,000000003,000000048,0000.000,0000.000,0000.000,
 
002788823,000000002,000000051,0000.000,0000.000,0000.000,
 
002788843,000000000,000000051,0000.000,0000.000,0000.000,
 
002788863,000000002,000000051,0000.000,0000.000,0000.000,
 
002788883,000000002,000000051,0000.000,0000.000,0000.000,
 
002788903,000000001,000000047,0000.000,0000.000,0000.000,
 
002788923,000000000,000000048,0000.000,0000.000,0000.000,
 
002788943,000000000,000000047,0000.000,0000.000,0000.000,
 
002788963,000000000,000000045,0000.000,0000.000,0000.000,
 
002788983,000000000,000000044,0000.000,0000.000,0000.000,
 
002789003,-00000002,000000046,0000.000,0000.000,0000.000,
 
002789023,-00000002,000000047,0000.000,0000.000,0000.000,
 
002789043,-00000001,000000047,0000.000,0000.000,0000.000,
 
002789063,-00000002,000000045,0000.000,0000.000,0000.000,
 
002789083,-00000003,000000045,0000.000,0000.000,0000.000,
 
002789103,-00000001,000000046,0000.000,0000.000,0000.000,
 
002789123,000000000,000000045,0000.000,0000.000,0000.000,
 
002789143,000000000,000000044,0000.000,0000.000,0000.000,
 
002789163,000000000,000000043,0000.000,0000.000,0000.000,
 
002789183,000000000,000000043,0000.000,0000.000,0000.000,
 
002789203,000000000,000000042,0000.000,0000.000,0000.000,
 
002789223,000000000,000000039,0000.000,0000.000,0000.000,
 
002789243,-00000001,000000035,0000.000,0000.000,0000.000,
 
002789263,000000000,000000032,0000.000,0000.000,0000.000,
 
002789283,-00000001,000000028,0000.000,0000.000,0000.000,
 
002789303,000000000,000000027,0000.000,0000.000,0000.000,
 
002789323,000000000,000000026,0000.000,0000.000,0000.000,
 
002789343,000000000,000000024,0000.000,0000.000,0000.000,
 
002789363,000000000,000000025,0000.000,0000.000,0000.000,
 
002789383,000000000,000000025,0000.000,0000.000,0000.000,
 
002789403,000000000,000000024,0000.000,0000.000,0000.000,
 
002789423,000000000,000000024,0000.000,0000.000,0000.000,
 
002789443,000000000,000000022,0000.000,0000.000,0000.000,
 
002789463,000000000,000000020,0000.000,0000.000,0000.000,
 
002789483,000000000,000000018,0000.000,0000.000,0000.000,
 
002789503,000000000,000000017,0000.000,0000.000,0000.000,
 
002789523,000000000,000000019,0000.000,0000.000,0000.000,
 
002789543,000000000,000000018,0000.000,0000.000,0000.000,
 
002789563,000000000,000000016,0000.000,0000.000,0000.000,
 
002789583,000000000,000000016,0000.000,0000.000,0000.000,
 
002789603,000000000,000000017,0000.000,0000.000,0000.000,
 
002789623,000000000,000000020,0000.000,0000.000,0000.000,
 
002789643,000000000,000000020,0000.000,0000.000,0000.000,
 
002789663,000000000,000000021,0000.000,0000.000,0000.000,
 
002789683,-00000001,000000020,0000.000,0000.000,0000.000,
 
002789703,000000000,000000019,0000.000,0000.000,0000.000,
 
002789723,000000000,000000015,0000.000,0000.000,0000.000,
 
002789743,000000000,000000009,0000.000,0000.000,0000.000,
 
002789763,000000000,000000003,0000.000,0000.000,0000.000,
 
002789783,000000000,000000001,0000.000,0000.000,0000.000,
 
002789803,000000000,000000000,0000.000,0000.000,0000.000,
 
002789823,000000000,000000000,0000.000,0000.000,0000.000,
 
002789843,000000000,000000000,0000.000,0000.000,0000.000,
 
002789863,000000000,000000000,0000.000,0000.000,0000.000,
 
002789883,000000000,000000000,0000.000,0000.000,0000.000,
 
002789903,000000000,000000001,0000.000,0000.000,0000.000,
 
002789923,000000000,000000002,0000.000,0000.000,0000.000,
 
002789943,000000000,000000004,0000.000,0000.000,0000.000,
 
002789963,000000000,000000002,0000.000,0000.000,0000.000,
 
002789983,000000000,000000002,0000.000,0000.000,0000.000,
 
002790003,000000000,000000000,0000.000,0000.000,0000.000,
 
002790023,000000000,000000000,0000.000,0000.000,0000.000,
 
002790043,000000000,000000000,0000.000,0000.000,0000.000,
 
002790063,000000000,000000000,0000.000,0000.000,0000.000,
 
002790083,000000000,000000000,0000.000,0000.000,0000.000,
 
002790103,000000000,000000000,0000.000,0000.000,0000.000,
 
002790123,000000000,000000000,0000.000,0000.000,0000.000,
 
002790143,000000000,000000000,0000.000,0000.000,0000.000,
 
002790163,000000000,000000000,0000.000,0000.000,0000.000,
 
002790183,000000000,000000000,0000.000,0000.000,0000.000,
 
002790203,000000000,000000000,0000.000,0000.000,0000.000,
 
002790223,000000000,000000000,0000.000,0000.000,0000.000,
 
002790243,000000000,000000000,0000.000,0000.000,0000.000,
 
002790263,000000000,000000000,0000.000,0000.000,0000.000,
 
002790283,000000000,000000000,0000.000,0000.000,0000.000,
 
002790303,000000000,000000000,0000.000,0000.000,0000.000,
 
002790323,000000000,000000000,0000.000,0000.000,0000.000,
 
002790343,000000000,000000000,0000.000,0000.000,0000.000,
 
002790363,000000000,000000000,0000.000,0000.000,0000.000,
 
002790383,000000000,000000000,0000.000,0000.000,0000.000,
 
002790403,000000000,000000000,0000.000,0000.000,0000.000,
 
002790423,000000000,000000000,0000.000,0000.000,0000.000,
 
002790443,000000000,000000000,0000.000,0000.000,0000.000,
 
002790463,000000000,000000000,0000.000,0000.000,0000.000,
 
002790483,000000000,000000000,0000.000,0000.000,0000.000,
 
002790503,000000000,000000000,0000.000,0000.000,0000.000,
 
002790523,000000000,000000000,0000.000,0000.000,0000.000,
 
002790543,000000000,000000000,0000.000,0000.000,0000.000,
 
002790563,000000000,000000000,0000.000,0000.000,0000.000,
 
002790583,000000000,000000000,0000.000,0000.000,0000.000,
 
002790603,000000000,000000000,0000.000,0000.000,0000.000,
 
002790623,000000000,000000000,0000.000,0000.000,0000.000,
 
002790643,000000000,000000000,0000.000,0000.000,0000.000,
 
002790663,000000000,000000000,0000.000,0000.000,0000.000,
 
002790683,000000000,000000000,0000.000,0000.000,0000.000,
 
002790703,000000000,000000000,0000.000,0000.000,0000.000,
 
002790723,000000000,000000000,0000.000,0000.000,0000.000,
 
002790743,000000000,000000000,0000.000,0000.000,0000.000,
 
002790763,000000000,000000000,0000.000,0000.000,0000.000,
 
002790783,000000000,000000000,0000.000,0000.000,0000.000,
 
002790803,000000000,000000000,0000.000,0000.000,0000.000,
 
002790823,000000000,000000000,0000.000,0000.000,0000.000,
 
002790843,000000000,000000000,0000.000,0000.000,0000.000,
 
002790863,000000000,000000000,0000.000,0000.000,0000.000,
 
002790883,000000000,000000000,0000.000,0000.000,0000.000,
 
002790903,000000000,000000000,0000.000,0000.000,0000.000,
 
002790923,000000000,000000000,0000.000,0000.000,0000.000,
 
002790943,000000000,000000000,0000.000,0000.000,0000.000,
 
002790963,000000000,000000000,0000.000,0000.000,0000.000,
 
002790983,000000000,000000000,0000.000,0000.000,0000.000,
 
002791003,000000000,000000000,0000.000,0000.000,0000.000,
 
002791023,000000000,000000000,0000.000,0000.000,0000.000,
 
002791043,000000000,000000000,0000.000,0000.000,0000.000,
 
002791063,000000000,000000000,0000.000,0000.000,0000.000,
 
002791083,000000000,000000000,0000.000,0000.000,0000.000,
 
002791103,000000000,000000000,0000.000,0000.000,0000.000,
 
002791123,000000000,000000000,0000.000,0000.000,0000.000,
 
002791143,000000000,000000000,0000.000,0000.000,0000.000,
 
002791163,000000000,000000000,0000.000,0000.000,0000.000,
 
002791183,000000000,000000000,0000.000,0000.000,0000.000,
 
002791203,000000000,000000000,0000.000,0000.000,0000.000,
 
002791223,000000000,000000000,0000.000,0000.000,0000.000,
 
002791243,000000000,000000000,0000.000,0000.000,0000.000,
 
002791263,000000000,000000000,0000.000,0000.000,0000.000,
 
002791283,000000000,000000000,0000.000,0000.000,0000.000,
 
002791303,000000000,000000000,0000.000,0000.000,0000.000,
 
002791323,000000000,000000000,0000.000,0000.000,0000.000,
 
002791343,000000000,000000000,0000.000,0000.000,0000.000,
 
002791363,000000000,000000000,0000.000,0000.000,0000.000,
 
002791383,000000000,000000000,0000.000,0000.000,0000.000,
 
002791403,000000000,000000000,0000.000,0000.000,0000.000,
 
002791423,000000000,000000000,0000.000,0000.000,0000.000,
 
002791443,000000000,000000000,0000.000,0000.000,0000.000,
 
002791463,000000000,000000000,0000.000,0000.000,0000.000,
 
002791483,000000000,000000000,0000.000,0000.000,0000.000,
 
002791503,000000000,000000000,0000.000,0000.000,0000.000,
 
002791523,000000000,000000000,0000.000,0000.000,0000.000,
 
002791543,000000000,000000000,0000.000,0000.000,0000.000,
 
002791563,000000000,000000000,0000.000,0000.000,0000.000,
 
002791583,000000000,000000000,0000.000,0000.000,0000.000,
 
002791603,000000000,000000000,0000.000,0000.000,0000.000,
 
002791623,000000000,000000000,0000.000,0000.000,0000.000,
 
002791643,000000000,000000000,0000.000,0000.000,0000.000,
 
002791663,000000000,000000000,0000.000,0000.000,0000.000,
 
002791683,000000000,000000000,0000.000,0000.000,0000.000,
 
002791703,000000000,000000000,0000.000,0000.000,0000.000,
 
002791723,000000000,000000000,0000.000,0000.000,0000.000,
 
002791743,000000000,000000000,0000.000,0000.000,0000.000,
 
002791763,000000000,000000000,0000.000,0000.000,0000.000,
 
002791783,000000000,000000000,0000.000,0000.000,0000.000,
 
002791803,000000000,000000000,0000.000,0000.000,0000.000,
 
002791823,000000000,000000000,0000.000,0000.000,0000.000,
 
002791843,000000000,000000000,0000.000,0000.000,0000.000,
 
002791863,000000000,000000000,0000.000,0000.000,0000.000,
 
002791883,000000000,000000000,0000.000,0000.000,0000.000,
 
002791903,000000000,000000000,0000.000,0000.000,0000.000,
 
002791923,000000000,000000000,0000.000,0000.000,0000.000,
 
002791943,000000000,000000000,0000.000,0000.000,0000.000,
 
002791963,000000000,000000000,0000.000,0000.000,0000.000,
 
002791983,000000000,000000000,0000.000,0000.000,0000.000,
 
002792003,000000000,000000000,0000.000,0000.000,0000.000,
 
