001167545,-00001015,000000754,0000.000,0000.000,0000.000,0152
 
001167564,-00000030,000000115,0000.000,0000.000,0000.000,0152
 
001167584,-00000014,000000103,0000.000,0000.000,0000.000,0006
 
001167604,-00000003,000000087,0000.000,0000.000,0000.000,0006
 
001167624,000000002,000000065,0000.000,0000.000,0000.000,0152
 
001167644,-00000002,000000050,0000.000,0000.000,0000.000,0006
 
001167664,-00000026,000000048,0000.000,0000.000,0000.000,0153
 
001167684,-00000055,000000061,0000.000,0000.000,0000.000,0007
 
001167704,-00000062,000000073,0000.000,0000.000,0000.000,0152
 
001167724,-00000050,000000073,0000.000,0000.000,0000.000,0007
 
001167744,-00000030,000000057,0000.000,0000.000,0000.000,0007
 
001167764,-00000013,000000035,0000.000,0000.000,0000.000,0152
 
001167784,-00000002,000000015,0000.000,0000.000,0000.000,0153
 
001167804,000000000,000000004,0000.000,0000.000,0000.000,0006
 
001167824,000000000,000000000,0000.000,0000.000,0000.000,0006
 
001167844,000000000,000000000,0000.000,0000.000,0000.000,0007
 
001167864,000000000,000000000,0000.000,0000.000,0000.000,0007
 
001167884,-00000001,-00000002,0000.000,0000.000,0000.000,0006
 
001167904,-00000034,-00000048,0000.000,0000.000,0000.000,0006
 
001167924,-00000076,-00000105,0000.000,0000.000,0000.000,0152
 
001167944,-00000065,-00000104,0000.000,0000.000,0000.000,0153
 
001167964,-00000002,-00000049,0000.000,0000.000,0000.000,0006
 
001167984,000000040,-00000025,0000.000,0000.000,0000.000,0153
 
001168004,000000080,-00000002,0000.000,0000.000,0000.000,0152
 
001168024,000000109,000000009,0000.000,0000.000,0000.000,0153
 
001168044,000000044,000000006,0000.000,0000.000,0000.000,0006
 
001168064,000000014,000000002,0000.000,0000.000,0000.000,0152
 
001168084,000000012,000000002,0000.000,0000.000,0000.000,0153
 
001168104,000000011,000000002,0000.000,0000.000,0000.000,0152
 
001168124,000000010,000000001,0000.000,0000.000,0000.000,0152
 
001168144,000000009,000000002,0000.000,0000.000,0000.000,0006
 
001168164,000000006,000000001,0000.000,0000.000,0000.000,0007
 
001168184,000000005,000000001,0000.000,0000.000,0000.000,0007
 
001168204,000000003,000000001,0000.000,0000.000,0000.000,0153
 
001168224,000000002,000000000,0000.000,0000.000,0000.000,0152
 
001168244,000000000,000000000,0000.000,0000.000,0000.000,0152
 
001168264,000000000,000000000,0000.000,0000.000,0000.000,0152
 
001168284,000000000,000000000,0000.000,0000.000,0000.000,0152
 
001168304,000000000,000000000,0000.000,0000.000,0000.000,0152
 
001168324,000000000,000000000,0000.000,0000.000,0000.000,0152
 
001168344,000000000,000000000,0000.000,0000.000,0000.000,0006
 
001168364,000000000,000000000,0000.000,0000.000,0000.000,0006
 
001168384,000000000,000000000,0000.000,0000.000,0000.000,0152
 
001168404,000000000,000000000,0000.000,0000.000,0000.000,0007
 
001168424,000000000,000000000,0000.000,0000.000,0000.000,0152
 
001168444,000000000,000000000,0000.000,0000.000,0000.000,0153
 
001168464,000000000,000000000,0000.000,0000.000,0000.000,0152
 
001168484,000000000,000000000,0000.000,0000.000,0000.000,0152
 
001168504,000000000,000000000,0000.000,0000.000,0000.000,0006
 
001168524,000000000,000000000,0000.000,0000.000,0000.000,0006
 
001168544,000000000,000000000,0000.000,0000.000,0000.000,0006
 
001168564,000000000,000000000,0000.000,0000.000,0000.000,0007
 
001168584,000000000,000000000,0000.000,0000.000,0000.000,0007
 
001168604,000000000,000000000,0000.000,0000.000,0000.000,0007
 
001168624,000000000,000000000,0000.000,0000.000,0000.000,0006
 
001168644,000000000,000000000,0000.000,0000.000,0000.000,0007
 
001168664,000000000,000000000,0000.000,0000.000,0000.000,0006
 
001168684,000000000,000000000,0000.000,0000.000,0000.000,0007
 
001168704,000000000,000000001,0000.000,0000.000,0000.000,0007
 
001168724,000000006,000000026,0000.000,0000.000,0000.000,0006
 
001168744,000000009,000000064,0000.000,0000.000,0000.000,0153
 
001168764,000000001,000000080,0000.000,0000.000,0000.000,0153
 
001168784,-00000014,000000056,0000.000,0000.000,0000.000,0152
 
001168804,-00000017,000000036,0000.000,0000.000,0000.000,0152
 
001168824,-00000009,000000021,0000.000,0000.000,0000.000,0152
 
001168844,-00000006,000000017,0000.000,0000.000,0000.000,0152
 
001168864,-00000010,000000014,0000.000,0000.000,0000.000,0152
 
001168884,-00000014,000000010,0000.000,0000.000,0000.000,0152
 
001168904,-00000013,000000006,0000.000,0000.000,0000.000,0152
 
001168924,-00000007,000000004,0000.000,0000.000,0000.000,0152
 
001168944,-00000006,000000005,0000.000,0000.000,0000.000,0152
 
001168964,-00000004,000000006,0000.000,0000.000,0000.000,0152
 
001168984,-00000004,000000005,0000.000,0000.000,0000.000,0152
 
001169004,-00000001,000000002,0000.000,0000.000,0000.000,0152
 
001169024,-00000001,000000000,0000.000,0000.000,0000.000,0152
 
001169044,000000000,000000000,0000.000,0000.000,0000.000,0152
 
001169064,000000002,000000000,0000.000,0000.000,0000.000,0152
 
001169084,000000005,000000000,0000.000,0000.000,0000.000,0152
 
001169104,000000006,000000000,0000.000,0000.000,0000.000,0153
 
001169124,000000004,000000000,0000.000,0000.000,0000.000,0006
 
001169144,000000002,000000000,0000.000,0000.000,0000.000,0152
 
001169164,000000000,000000000,0000.000,0000.000,0000.000,0152
 
001169184,000000000,000000001,0000.000,0000.000,0000.000,0007
 
001169204,000000000,000000002,0000.000,0000.000,0000.000,0006
 
001169224,000000001,000000001,0000.000,0000.000,0000.000,0008
 
001169244,000000002,000000003,0000.000,0000.000,0000.000,0006
 
001169264,000000003,000000002,0000.000,0000.000,0000.000,0006
 
001169284,000000000,000000001,0000.000,0000.000,0000.000,0007
 
001169304,000000000,000000002,0000.000,0000.000,0000.000,0007
 
001169324,000000000,000000002,0000.000,0000.000,0000.000,0007
 
001169344,-00000002,000000004,0000.000,0000.000,0000.000,0006
 
001169364,-00000002,000000002,0000.000,0000.000,0000.000,0007
 
001169384,-00000002,000000000,0000.000,0000.000,0000.000,0006
 
001169404,-00000005,-00000008,0000.000,0000.000,0000.000,0007
 
001169424,-00000015,-00000022,0000.000,0000.000,0000.000,0007
 
001169444,-00000019,-00000034,0000.000,0000.000,0000.000,0007
 
001169464,-00000015,-00000036,0000.000,0000.000,0000.000,0007
 
001169484,-00000006,-00000027,0000.000,0000.000,0000.000,0007
 
001169504,-00000006,-00000018,0000.000,0000.000,0000.000,0006
 
001169524,-00000009,-00000009,0000.000,0000.000,0000.000,0007
 
001169544,-00000009,-00000004,0000.000,0000.000,0000.000,0007
 
001169564,-00000005,-00000002,0000.000,0000.000,0000.000,0007
 
001169584,-00000001,-00000001,0000.000,0000.000,0000.000,0007
 
001169604,000000000,000000000,0000.000,0000.000,0000.000,0007
 
001169624,000000000,000000000,0000.000,0000.000,0000.000,0006
 
001169644,000000000,000000000,0000.000,0000.000,0000.000,0007
 
001169664,000000000,000000000,0000.000,0000.000,0000.000,0007
 
001169684,000000000,000000000,0000.000,0000.000,0000.000,0007
 
001169704,000000000,000000000,0000.000,0000.000,0000.000,0007
 
001169724,000000000,000000000,0000.000,0000.000,0000.000,0006
 
001169744,000000000,000000000,0000.000,0000.000,0000.000,0152
 
001169764,000000000,000000000,0000.000,0000.000,0000.000,0007
 
001169784,000000000,000000000,0000.000,0000.000,0000.000,0007
 
001169804,000000000,000000000,0000.000,0000.000,0000.000,0152
 
001169824,000000000,000000001,0000.000,0000.000,0000.000,0153
 
001169844,000000000,000000000,0000.000,0000.000,0000.000,0153
 
001169864,-00000001,-00000001,0000.000,0000.000,0000.000,0152
 
001169884,000000000,-00000003,0000.000,0000.000,0000.000,0153
 
001169904,-00000001,000000000,0000.000,0000.000,0000.000,0006
 
001169924,000000000,000000000,0000.000,0000.000,0000.000,0153
 
001169944,000000000,000000002,0000.000,0000.000,0000.000,0152
 
001169964,000000001,000000002,0000.000,0000.000,0000.000,0152
 
001169984,000000001,000000003,0000.000,0000.000,0000.000,0152
 
001170004,000000001,000000002,0000.000,0000.000,0000.000,0153
 
001170024,000000000,000000001,0000.000,0000.000,0000.000,0152
 
001170044,000000000,000000001,0000.000,0000.000,0000.000,0152
 
001170064,000000000,000000000,0000.000,0000.000,0000.000,0153
 
001170084,000000000,000000000,0000.000,0000.000,0000.000,0152
 
001170104,000000001,000000000,0000.000,0000.000,0000.000,0152
 
001170124,000000001,000000002,0000.000,0000.000,0000.000,0152
 
001170144,000000002,000000008,0000.000,0000.000,0000.000,0152
 
001170164,000000003,000000011,0000.000,0000.000,0000.000,0152
 
001170184,000000001,000000005,0000.000,0000.000,0000.000,0152
 
001170204,000000001,000000002,0000.000,0000.000,0000.000,0152
 
001170224,000000001,000000002,0000.000,0000.000,0000.000,0152
 
001170244,000000002,000000006,0000.000,0000.000,0000.000,0153
 
001170264,000000002,000000007,0000.000,0000.000,0000.000,0152
 
001170284,000000003,000000003,0000.000,0000.000,0000.000,0152
 
001170304,000000000,000000000,0000.000,0000.000,0000.000,0152
 
001170324,000000000,000000001,0000.000,0000.000,0000.000,0006
 
001170344,000000000,000000001,0000.000,0000.000,0000.000,0153
 
001170364,-00000001,000000001,0000.000,0000.000,0000.000,0152
 
001170384,000000000,000000001,0000.000,0000.000,0000.000,0152
 
001170404,000000000,000000000,0000.000,0000.000,0000.000,0152
 
001170424,000000000,000000000,0000.000,0000.000,0000.000,0152
 
001170444,000000000,000000000,0000.000,0000.000,0000.000,0152
 
001170464,-00000001,000000001,0000.000,0000.000,0000.000,0152
 
001170484,-00000001,000000000,0000.000,0000.000,0000.000,0007
 
001170504,000000000,000000000,0000.000,0000.000,0000.000,0006
 
001170524,000000000,000000000,0000.000,0000.000,0000.000,0006
 
001170544,000000000,000000001,0000.000,0000.000,0000.000,0006
 
001170564,-00000001,000000000,0000.000,0000.000,0000.000,0006
 
001170584,000000000,000000001,0000.000,0000.000,0000.000,0007
 
001170604,000000000,000000000,0000.000,0000.000,0000.000,0007
 
001170624,000000001,000000000,0000.000,0000.000,0000.000,0008
 
001170644,000000000,000000000,0000.000,0000.000,0000.000,0006
 
001170664,000000000,000000000,0000.000,0000.000,0000.000,0006
 
001170684,000000000,000000000,0000.000,0000.000,0000.000,0007
 
001170704,000000000,000000000,0000.000,0000.000,0000.000,0006
 
001170724,-00000001,-00000001,0000.000,0000.000,0000.000,0006
 
001170744,-00000001,-00000002,0000.000,0000.000,0000.000,0007
 
001170764,-00000001,-00000002,0000.000,0000.000,0000.000,0007
 
001170784,000000000,-00000001,0000.000,0000.000,0000.000,0007
 
001170804,000000000,000000000,0000.000,0000.000,0000.000,0006
 
001170824,000000000,000000000,0000.000,0000.000,0000.000,0007
 
001170844,000000000,000000000,0000.000,0000.000,0000.000,0010
 
001170864,-00000001,000000000,0000.000,0000.000,0000.000,0155
 
001170884,-00000002,000000000,0000.000,0000.000,0000.000,0155
 
001170904,000000000,000000000,0000.000,0000.000,0000.000,0155
 
001170924,-00000001,000000000,0000.000,0000.000,0000.000,0155
 
001170944,000000000,000000000,0000.000,0000.000,0000.000,0156
 
001170964,000000000,000000000,0000.000,0000.000,0000.000,0155
 
001170984,000000000,000000000,0000.000,0000.000,0000.000,0155
 
001171004,000000000,000000001,0000.000,0000.000,0000.000,0154
 
001171024,-00000001,000000000,0000.000,0000.000,0000.000,0158
 
001171044,000000000,000000000,0000.000,0000.000,0000.000,0158
 
001171064,000000000,000000001,0000.000,0000.000,0000.000,0158
 
001171084,000000000,000000000,0000.000,0000.000,0000.000,0158
 
001171104,000000000,000000000,0000.000,0000.000,0000.000,0015
 
001171124,000000000,000000000,0000.000,0000.000,0000.000,0158
 
001171144,000000000,000000000,0000.000,0000.000,0000.000,0159
 
001171164,000000000,000000001,0000.000,0000.000,0000.000,0018
 
001171184,000000000,000000000,0000.000,0000.000,0000.000,0021
 
001171204,000000000,000000000,0000.000,0000.000,0000.000,0161
 
001171224,000000000,000000000,0000.000,0000.000,0000.000,0160
 
001171244,000000000,000000000,0000.000,0000.000,0000.000,0018
 
001171264,000000000,000000000,0000.000,0000.000,0000.000,0160
 
001171284,000000000,000000000,0000.000,0000.000,0000.000,0018
 
001171304,000000000,000000000,0000.000,0000.000,0000.000,0160
 
001171324,000000000,000000001,0000.000,0000.000,0000.000,0161
 
001171344,000000001,000000000,0000.000,0000.000,0000.000,0023
 
001171364,000000000,000000000,0000.000,0000.000,0000.000,0025
 
001171384,000000000,000000000,0000.000,0000.000,0000.000,0023
 
001171404,000000000,000000001,0000.000,0000.000,0000.000,0162
 
001171425,000000000,000000000,0000.000,0000.000,0000.000,0024
 
001171445,000000000,000000000,0000.000,0000.000,0000.000,0164
 
001171465,000000000,000000000,0000.000,0000.000,0000.000,0029
 
001171485,000000000,000000000,0000.000,0000.000,0000.000,0031
 
001171505,000000000,000000000,0000.000,0000.000,0000.000,0167
 
001171525,000000000,000000000,0000.000,0000.000,0000.000,1023
 
001171545,000000000,000000000,0000.000,0000.000,0000.000,1023
 
001171565,000000000,000000001,0000.000,0000.000,0000.000,1023
 
001171585,-00000001,000000000,0000.000,0000.000,0000.000,1023
 
001171605,000000000,000000000,0000.000,0000.000,0000.000,1023
 
001171625,000000000,000000000,0000.000,0000.000,0000.000,1023
 
001171645,000000000,000000001,0000.000,0000.000,0000.000,1023
 
001171665,000000000,000000000,0000.000,0000.000,0000.000,1023
 
001171685,000000000,000000000,0000.000,0000.000,0000.000,1023
 
001171705,000000000,000000000,0000.000,0000.000,0000.000,1023
 
001171725,000000000,000000000,0000.000,0000.000,0000.000,1023
 
001171745,000000000,000000000,0000.000,0000.000,0000.000,0042
 
001171765,000000000,000000000,0000.000,0000.000,0000.000,0037
 
001171785,000000000,000000000,0000.000,0000.000,0000.000,0167
 
001171805,000000000,000000000,0000.000,0000.000,0000.000,0167
 
001171825,000000000,000000000,0000.000,0000.000,0000.000,0029
 
001171845,000000000,000000000,0000.000,0000.000,0000.000,0164
 
001171865,000000001,-00000001,0000.000,0000.000,0000.000,0027
 
001171885,000000000,000000000,0000.000,0000.000,0000.000,0163
 
001171904,000000000,000000000,0000.000,0000.000,0000.000,0025
 
001171924,000000000,000000000,0000.000,0000.000,0000.000,0160
 
001171944,000000000,000000000,0000.000,0000.000,0000.000,0158
 
001171964,000000001,000000000,0000.000,0000.000,0000.000,0007
 
001171984,000000000,000000000,0000.000,0000.000,0000.000,0007
 
001172004,000000000,000000000,0000.000,0000.000,0000.000,0007
 
001172024,000000000,000000000,0000.000,0000.000,0000.000,0007
 
001172044,000000001,000000000,0000.000,0000.000,0000.000,0006
 
001172064,000000000,000000000,0000.000,0000.000,0000.000,0006
 
001172084,000000000,000000000,0000.000,0000.000,0000.000,0006
 
001172104,000000000,000000000,0000.000,0000.000,0000.000,0006
 
001172124,000000000,000000000,0000.000,0000.000,0000.000,0006
 
001172144,000000000,000000000,0000.000,0000.000,0000.000,0006
 
001172164,000000000,-00000001,0000.000,0000.000,0000.000,0007
 
001172184,000000001,-00000001,0000.000,0000.000,0000.000,0007
 
001172204,000000001,000000000,0000.000,0000.000,0000.000,0006
 
001172224,000000000,000000000,0000.000,0000.000,0000.000,0007
 
001172244,000000000,000000000,0000.000,0000.000,0000.000,0006
 
001172264,000000000,000000000,0000.000,0000.000,0000.000,0006
 
001172284,000000000,000000000,0000.000,0000.000,0000.000,0007
 
001172304,000000000,000000000,0000.000,0000.000,0000.000,0006
 
001172324,-00000001,000000000,0000.000,0000.000,0000.000,0006
 
001172344,000000000,000000000,0000.000,0000.000,0000.000,0006
 
001172364,000000000,-00000001,0000.000,0000.000,0000.000,0006
 
001172384,000000002,-00000006,0000.000,0000.000,0000.000,0152
 
001172404,000000003,-00000018,0000.000,0000.000,0000.000,0152
 
001172424,000000003,-00000032,0000.000,0000.000,0000.000,0006
 
001172444,000000005,-00000039,0000.000,0000.000,0000.000,0152
 
001172464,000000007,-00000035,0000.000,0000.000,0000.000,0006
 
001172484,000000009,-00000029,0000.000,0000.000,0000.000,0152
 
001172504,000000005,-00000024,0000.000,0000.000,0000.000,0006
 
001172524,000000001,-00000022,0000.000,0000.000,0000.000,0007
 
001172544,000000000,-00000014,0000.000,0000.000,0000.000,0006
 
001172564,000000000,-00000005,0000.000,0000.000,0000.000,0152
 
001172584,000000000,000000000,0000.000,0000.000,0000.000,0152
 
001172604,000000000,000000000,0000.000,0000.000,0000.000,0152
 
001172624,000000000,-00000001,0000.000,0000.000,0000.000,0152
 
001172644,-00000001,-00000001,0000.000,0000.000,0000.000,0152
 
001172664,-00000001,-00000004,0000.000,0000.000,0000.000,0006
 
001172684,-00000001,-00000015,0000.000,0000.000,0000.000,0006
 
001172704,-00000002,-00000030,0000.000,0000.000,0000.000,0152
 
001172724,000000000,-00000038,0000.000,0000.000,0000.000,0007
 
001172744,-00000001,-00000039,0000.000,0000.000,0000.000,0152
 
001172764,-00000002,-00000032,0000.000,0000.000,0000.000,0152
 
001172784,-00000001,-00000023,0000.000,0000.000,0000.000,0152
 
001172804,-00000001,-00000019,0000.000,0000.000,0000.000,0152
 
001172824,000000000,-00000015,0000.000,0000.000,0000.000,0006
 
001172844,000000000,-00000007,0000.000,0000.000,0000.000,0152
 
001172864,000000000,-00000001,0000.000,0000.000,0000.000,0152
 
001172884,000000000,000000000,0000.000,0000.000,0000.000,0152
 
001172904,000000000,-00000001,0000.000,0000.000,0000.000,0152
 
001172924,000000000,-00000001,0000.000,0000.000,0000.000,0152
 
001172944,000000000,-00000001,0000.000,0000.000,0000.000,0152
 
001172964,-00000001,-00000004,0000.000,0000.000,0000.000,0152
 
001172984,-00000002,-00000012,0000.000,0000.000,0000.000,0152
 
001173004,-00000001,-00000021,0000.000,0000.000,0000.000,0152
 
001173024,000000001,-00000024,0000.000,0000.000,0000.000,0007
 
001173044,000000001,-00000026,0000.000,0000.000,0000.000,0152
 
001173064,000000000,-00000027,0000.000,0000.000,0000.000,0152
 
001173084,-00000001,-00000026,0000.000,0000.000,0000.000,0006
 
001173104,-00000001,-00000022,0000.000,0000.000,0000.000,0152
 
001173124,000000000,-00000021,0000.000,0000.000,0000.000,0006
 
001173144,000000001,-00000019,0000.000,0000.000,0000.000,0152
 
001173164,000000004,-00000017,0000.000,0000.000,0000.000,0006
 
001173184,000000002,-00000016,0000.000,0000.000,0000.000,0152
 
001173204,000000002,-00000009,0000.000,0000.000,0000.000,0007
 
001173224,000000001,-00000002,0000.000,0000.000,0000.000,0152
 
001173244,000000000,000000000,0000.000,0000.000,0000.000,0152
 
001173264,000000000,000000000,0000.000,0000.000,0000.000,0152
 
001173284,000000000,-00000002,0000.000,0000.000,0000.000,0152
 
001173304,000000000,-00000008,0000.000,0000.000,0000.000,0152
 
001173324,-00000002,-00000016,0000.000,0000.000,0000.000,0152
 
001173344,-00000001,-00000021,0000.000,0000.000,0000.000,0007
 
001173364,-00000003,-00000023,0000.000,0000.000,0000.000,0152
 
001173384,-00000003,-00000024,0000.000,0000.000,0000.000,0006
 
001173404,000000000,-00000025,0000.000,0000.000,0000.000,0152
 
001173424,000000000,-00000026,0000.000,0000.000,0000.000,0007
 
001173444,000000003,-00000027,0000.000,0000.000,0000.000,0153
 
001173464,000000001,-00000024,0000.000,0000.000,0000.000,0152
 
001173484,000000000,-00000019,0000.000,0000.000,0000.000,0007
 
001173504,000000000,-00000015,0000.000,0000.000,0000.000,0153
 
001173524,000000000,-00000008,0000.000,0000.000,0000.000,0152
 
001173544,000000000,-00000003,0000.000,0000.000,0000.000,0152
 
001173564,000000002,-00000005,0000.000,0000.000,0000.000,0152
 
001173584,000000002,-00000009,0000.000,0000.000,0000.000,0152
 
001173604,000000001,-00000014,0000.000,0000.000,0000.000,0152
 
001173624,-00000001,-00000018,0000.000,0000.000,0000.000,0006
 
001173644,000000000,-00000020,0000.000,0000.000,0000.000,0152
 
001173664,000000000,-00000022,0000.000,0000.000,0000.000,0007
 
001173684,000000001,-00000025,0000.000,0000.000,0000.000,0152
 
001173704,000000000,-00000026,0000.000,0000.000,0000.000,0153
 
001173724,000000001,-00000028,0000.000,0000.000,0000.000,0006
 
001173744,000000002,-00000028,0000.000,0000.000,0000.000,0152
 
001173764,000000001,-00000028,0000.000,0000.000,0000.000,0006
 
001173784,000000003,-00000026,0000.000,0000.000,0000.000,0153
 
001173804,000000003,-00000025,0000.000,0000.000,0000.000,0007
 
001173824,000000003,-00000025,0000.000,0000.000,0000.000,0152
 
001173844,000000002,-00000022,0000.000,0000.000,0000.000,0007
 
001173864,000000000,-00000018,0000.000,0000.000,0000.000,0152
 
001173884,000000002,-00000017,0000.000,0000.000,0000.000,0007
 
001173904,000000001,-00000019,0000.000,0000.000,0000.000,0152
 
001173924,000000001,-00000019,0000.000,0000.000,0000.000,0007
 
001173944,000000001,-00000019,0000.000,0000.000,0000.000,0152
 
001173964,000000000,-00000017,0000.000,0000.000,0000.000,0006
 
001173984,000000000,-00000018,0000.000,0000.000,0000.000,0006
 
001174004,-00000001,-00000018,0000.000,0000.000,0000.000,0152
 
001174024,-00000003,-00000017,0000.000,0000.000,0000.000,0007
 
001174044,-00000003,-00000015,0000.000,0000.000,0000.000,0152
 
001174064,000000000,-00000013,0000.000,0000.000,0000.000,0007
 
001174084,-00000001,-00000011,0000.000,0000.000,0000.000,0006
 
001174104,-00000001,-00000010,0000.000,0000.000,0000.000,0007
 
001174124,000000000,-00000015,0000.000,0000.000,0000.000,0006
 
001174144,000000000,-00000025,0000.000,0000.000,0000.000,0006
 
001174164,000000000,-00000035,0000.000,0000.000,0000.000,0006
 
001174184,-00000003,-00000043,0000.000,0000.000,0000.000,0152
 
001174204,-00000003,-00000048,0000.000,0000.000,0000.000,0006
 
001174224,-00000002,-00000045,0000.000,0000.000,0000.000,0152
 
001174244,-00000002,-00000041,0000.000,0000.000,0000.000,0152
 
001174264,000000000,-00000035,0000.000,0000.000,0000.000,0006
 
001174284,000000002,-00000028,0000.000,0000.000,0000.000,0153
 
001174304,000000004,-00000023,0000.000,0000.000,0000.000,0153
 
001174324,000000003,-00000017,0000.000,0000.000,0000.000,0006
 
001174344,000000001,-00000015,0000.000,0000.000,0000.000,0006
 
001174364,000000001,-00000015,0000.000,0000.000,0000.000,0152
 
001174384,-00000001,-00000021,0000.000,0000.000,0000.000,0152
 
001174404,-00000001,-00000024,0000.000,0000.000,0000.000,0153
 
001174424,-00000001,-00000023,0000.000,0000.000,0000.000,0152
 
001174444,000000000,-00000019,0000.000,0000.000,0000.000,0006
 
001174464,000000003,-00000018,0000.000,0000.000,0000.000,0153
 
001174484,000000004,-00000018,0000.000,0000.000,0000.000,0153
 
001174504,000000002,-00000017,0000.000,0000.000,0000.000,0006
 
001174524,000000000,-00000018,0000.000,0000.000,0000.000,0152
 
001174544,000000001,-00000021,0000.000,0000.000,0000.000,0007
 
001174564,000000000,-00000025,0000.000,0000.000,0000.000,0152
 
001174584,000000000,-00000026,0000.000,0000.000,0000.000,0006
 
001174604,000000002,-00000022,0000.000,0000.000,0000.000,0152
 
001174624,000000002,-00000019,0000.000,0000.000,0000.000,0006
 
001174644,000000001,-00000018,0000.000,0000.000,0000.000,0152
 
001174664,000000005,-00000020,0000.000,0000.000,0000.000,0007
 
001174684,000000004,-00000021,0000.000,0000.000,0000.000,0152
 
001174704,000000004,-00000022,0000.000,0000.000,0000.000,0006
 
001174724,000000002,-00000019,0000.000,0000.000,0000.000,0152
 
001174744,000000002,-00000013,0000.000,0000.000,0000.000,0007
 
001174764,000000003,-00000011,0000.000,0000.000,0000.000,0006
 
001174784,000000002,-00000012,0000.000,0000.000,0000.000,0152
 
001174804,000000002,-00000015,0000.000,0000.000,0000.000,0007
 
001174824,000000000,-00000015,0000.000,0000.000,0000.000,0007
 
001174844,-00000002,-00000017,0000.000,0000.000,0000.000,0152
 
001174864,-00000001,-00000021,0000.000,0000.000,0000.000,0006
 
001174884,000000000,-00000023,0000.000,0000.000,0000.000,0152
 
001174904,000000000,-00000021,0000.000,0000.000,0000.000,0152
 
001174924,000000003,-00000013,0000.000,0000.000,0000.000,0006
 
001174944,000000001,-00000007,0000.000,0000.000,0000.000,0006
 
001174964,000000001,-00000002,0000.000,0000.000,0000.000,0006
 
001174984,000000000,-00000001,0000.000,0000.000,0000.000,0007
 
001175004,000000000,-00000005,0000.000,0000.000,0000.000,0006
 
001175024,000000001,-00000015,0000.000,0000.000,0000.000,0006
 
001175044,000000000,-00000022,0000.000,0000.000,0000.000,0007
 
001175064,000000001,-00000021,0000.000,0000.000,0000.000,0152
 
001175084,000000000,-00000021,0000.000,0000.000,0000.000,0152
 
001175104,-00000001,-00000023,0000.000,0000.000,0000.000,0006
 
001175124,-00000002,-00000021,0000.000,0000.000,0000.000,0153
 
001175144,000000000,-00000015,0000.000,0000.000,0000.000,0152
 
001175164,000000000,-00000013,0000.000,0000.000,0000.000,0152
 
001175184,-00000002,-00000013,0000.000,0000.000,0000.000,0152
 
001175204,-00000001,-00000009,0000.000,0000.000,0000.000,0152
 
001175224,-00000002,-00000010,0000.000,0000.000,0000.000,0152
 
001175244,-00000002,-00000015,0000.000,0000.000,0000.000,0152
 
001175264,-00000001,-00000014,0000.000,0000.000,0000.000,0006
 
001175284,000000000,-00000011,0000.000,0000.000,0000.000,0152
 
001175304,000000000,-00000014,0000.000,0000.000,0000.000,0152
 
001175324,000000000,-00000021,0000.000,0000.000,0000.000,0006
 
001175344,-00000002,-00000024,0000.000,0000.000,0000.000,0153
 
001175364,-00000001,-00000024,0000.000,0000.000,0000.000,0007
 
001175384,000000000,-00000027,0000.000,0000.000,0000.000,0152
 
001175404,000000000,-00000031,0000.000,0000.000,0000.000,0006
 
001175424,000000000,-00000028,0000.000,0000.000,0000.000,0152
 
001175444,000000000,-00000024,0000.000,0000.000,0000.000,0006
 
001175464,-00000001,-00000020,0000.000,0000.000,0000.000,0152
 
001175484,000000000,-00000017,0000.000,0000.000,0000.000,0006
 
001175504,000000001,-00000015,0000.000,0000.000,0000.000,0152
 
001175524,000000000,-00000013,0000.000,0000.000,0000.000,0006
 
001175544,000000000,-00000015,0000.000,0000.000,0000.000,0152
 
001175564,000000000,-00000019,0000.000,0000.000,0000.000,0007
 
001175584,000000000,-00000021,0000.000,0000.000,0000.000,0152
 
001175604,-00000002,-00000025,0000.000,0000.000,0000.000,0007
 
001175624,-00000001,-00000029,0000.000,0000.000,0000.000,0152
 
001175644,-00000002,-00000035,0000.000,0000.000,0000.000,0006
 
001175664,000000000,-00000040,0000.000,0000.000,0000.000,0152
 
001175684,000000000,-00000042,0000.000,0000.000,0000.000,0152
 
001175704,000000001,-00000036,0000.000,0000.000,0000.000,0152
 
001175724,000000000,-00000027,0000.000,0000.000,0000.000,0006
 
001175744,-00000001,-00000023,0000.000,0000.000,0000.000,0152
 
001175764,000000000,-00000025,0000.000,0000.000,0000.000,0006
 
001175784,000000000,-00000025,0000.000,0000.000,0000.000,0152
 
001175804,000000000,-00000026,0000.000,0000.000,0000.000,0152
 
001175824,000000000,-00000019,0000.000,0000.000,0000.000,0006
 
001175844,000000001,-00000011,0000.000,0000.000,0000.000,0152
 
001175864,000000000,-00000010,0000.000,0000.000,0000.000,0152
 
001175884,-00000003,-00000014,0000.000,0000.000,0000.000,0152
 
001175904,-00000003,-00000020,0000.000,0000.000,0000.000,0006
 
001175924,-00000001,-00000026,0000.000,0000.000,0000.000,0152
 
001175944,000000000,-00000029,0000.000,0000.000,0000.000,0006
 
001175964,-00000001,-00000035,0000.000,0000.000,0000.000,0153
 
001175984,000000000,-00000036,0000.000,0000.000,0000.000,0007
 
001176004,000000000,-00000037,0000.000,0000.000,0000.000,0152
 
001176024,000000000,-00000038,0000.000,0000.000,0000.000,0152
 
001176044,000000000,-00000035,0000.000,0000.000,0000.000,0007
 
001176064,-00000001,-00000029,0000.000,0000.000,0000.000,0152
 
001176084,-00000003,-00000021,0000.000,0000.000,0000.000,0006
 
001176104,-00000002,-00000018,0000.000,0000.000,0000.000,0152
 
001176124,000000000,-00000019,0000.000,0000.000,0000.000,0007
 
001176144,000000000,-00000021,0000.000,0000.000,0000.000,0152
 
001176164,000000000,-00000025,0000.000,0000.000,0000.000,0007
 
001176184,-00000001,-00000032,0000.000,0000.000,0000.000,0152
 
001176204,-00000001,-00000035,0000.000,0000.000,0000.000,0006
 
001176224,-00000001,-00000037,0000.000,0000.000,0000.000,0152
 
001176244,000000000,-00000038,0000.000,0000.000,0000.000,0006
 
001176264,000000000,-00000036,0000.000,0000.000,0000.000,0152
 
001176284,000000003,-00000035,0000.000,0000.000,0000.000,0006
 
001176304,000000001,-00000035,0000.000,0000.000,0000.000,0152
 
001176324,000000002,-00000037,0000.000,0000.000,0000.000,0006
 
001176344,000000002,-00000036,0000.000,0000.000,0000.000,0152
 
001176364,000000001,-00000034,0000.000,0000.000,0000.000,0006
 
001176384,000000001,-00000031,0000.000,0000.000,0000.000,0007
 
001176404,000000002,-00000030,0000.000,0000.000,0000.000,0152
 
001176424,000000001,-00000034,0000.000,0000.000,0000.000,0152
 
001176444,-00000001,-00000030,0000.000,0000.000,0000.000,0006
 
001176464,000000001,-00000027,0000.000,0000.000,0000.000,0152
 
001176484,000000005,-00000032,0000.000,0000.000,0000.000,0006
 
001176504,000000002,-00000042,0000.000,0000.000,0000.000,0006
 
001176524,000000000,-00000049,0000.000,0000.000,0000.000,0152
 
001176544,-00000004,-00000047,0000.000,0000.000,0000.000,0152
 
001176564,-00000001,-00000044,0000.000,0000.000,0000.000,0153
 
001176584,000000002,-00000040,0000.000,0000.000,0000.000,0152
 
001176604,000000006,-00000037,0000.000,0000.000,0000.000,0006
 
001176624,000000003,-00000032,0000.000,0000.000,0000.000,0152
 
001176644,000000001,-00000025,0000.000,0000.000,0000.000,0152
 
001176664,000000000,-00000023,0000.000,0000.000,0000.000,0006
 
001176684,000000004,-00000024,0000.000,0000.000,0000.000,0153
 
001176704,000000004,-00000024,0000.000,0000.000,0000.000,0153
 
001176724,000000002,-00000025,0000.000,0000.000,0000.000,0007
 
001176744,000000001,-00000026,0000.000,0000.000,0000.000,0153
 
001176764,000000004,-00000019,0000.000,0000.000,0000.000,0006
 
001176784,000000002,-00000014,0000.000,0000.000,0000.000,0152
 
001176804,000000001,-00000013,0000.000,0000.000,0000.000,0007
 
001176824,000000000,-00000015,0000.000,0000.000,0000.000,0152
 
001176844,000000001,-00000019,0000.000,0000.000,0000.000,0006
 
001176864,000000003,-00000021,0000.000,0000.000,0000.000,0152
 
001176884,000000003,-00000020,0000.000,0000.000,0000.000,0007
 
001176904,000000001,-00000017,0000.000,0000.000,0000.000,0152
 
001176924,000000000,-00000016,0000.000,0000.000,0000.000,0007
 
001176944,000000000,-00000018,0000.000,0000.000,0000.000,0152
 
001176964,000000000,-00000017,0000.000,0000.000,0000.000,0006
 
001176984,-00000002,-00000016,0000.000,0000.000,0000.000,0007
 
001177004,-00000002,-00000013,0000.000,0000.000,0000.000,0152
 
001177024,000000000,-00000015,0000.000,0000.000,0000.000,0007
 
001177044,-00000002,-00000015,0000.000,0000.000,0000.000,0152
 
001177064,-00000003,-00000013,0000.000,0000.000,0000.000,0007
 
001177084,-00000002,-00000012,0000.000,0000.000,0000.000,0007
 
001177104,-00000002,-00000015,0000.000,0000.000,0000.000,0007
 
001177124,-00000001,-00000019,0000.000,0000.000,0000.000,0152
 
001177144,000000000,-00000022,0000.000,0000.000,0000.000,0152
 
001177164,-00000001,-00000023,0000.000,0000.000,0000.000,0006
 
001177184,-00000001,-00000027,0000.000,0000.000,0000.000,0152
 
001177204,000000000,-00000027,0000.000,0000.000,0000.000,0007
 
001177224,-00000001,-00000029,0000.000,0000.000,0000.000,0152
 
001177244,000000000,-00000023,0000.000,0000.000,0000.000,0152
 
001177264,000000002,-00000018,0000.000,0000.000,0000.000,0006
 
001177284,000000002,-00000013,0000.000,0000.000,0000.000,0007
 
001177304,-00000002,-00000013,0000.000,0000.000,0000.000,0152
 
001177324,-00000003,-00000013,0000.000,0000.000,0000.000,0152
 
001177344,-00000001,-00000015,0000.000,0000.000,0000.000,0006
 
001177364,000000000,-00000013,0000.000,0000.000,0000.000,0152
 
001177384,000000000,-00000013,0000.000,0000.000,0000.000,0152
 
001177404,000000000,-00000014,0000.000,0000.000,0000.000,0152
 
001177424,-00000002,-00000015,0000.000,0000.000,0000.000,0152
 
001177444,-00000004,-00000016,0000.000,0000.000,0000.000,0007
 
001177464,-00000002,-00000019,0000.000,0000.000,0000.000,0153
 
001177484,000000000,-00000022,0000.000,0000.000,0000.000,0007
 
001177504,000000001,-00000024,0000.000,0000.000,0000.000,0152
 
001177524,000000003,-00000027,0000.000,0000.000,0000.000,0007
 
001177544,000000004,-00000024,0000.000,0000.000,0000.000,0152
 
001177564,000000004,-00000022,0000.000,0000.000,0000.000,0006
 
001177584,000000002,-00000019,0000.000,0000.000,0000.000,0152
 
001177604,000000001,-00000016,0000.000,0000.000,0000.000,0007
 
001177624,000000001,-00000012,0000.000,0000.000,0000.000,0152
 
001177644,000000001,-00000012,0000.000,0000.000,0000.000,0007
 
001177664,000000001,-00000014,0000.000,0000.000,0000.000,0152
 
001177684,000000001,-00000015,0000.000,0000.000,0000.000,0007
 
001177704,000000000,-00000017,0000.000,0000.000,0000.000,0007
 
001177724,000000000,-00000017,0000.000,0000.000,0000.000,0152
 
001177744,000000000,-00000017,0000.000,0000.000,0000.000,0006
 
001177764,000000001,-00000015,0000.000,0000.000,0000.000,0152
 
001177784,000000000,-00000015,0000.000,0000.000,0000.000,0007
 
001177804,000000000,-00000013,0000.000,0000.000,0000.000,0152
 
001177824,000000000,-00000013,0000.000,0000.000,0000.000,0006
 
001177844,000000000,-00000014,0000.000,0000.000,0000.000,0006
 
001177864,-00000001,-00000015,0000.000,0000.000,0000.000,0152
 
001177884,000000000,-00000018,0000.000,0000.000,0000.000,0006
 
001177904,000000000,-00000017,0000.000,0000.000,0000.000,0152
 
001177924,000000001,-00000016,0000.000,0000.000,0000.000,0006
 
001177944,000000002,-00000014,0000.000,0000.000,0000.000,0006
 
001177964,000000002,-00000016,0000.000,0000.000,0000.000,0152
 
001177984,000000002,-00000017,0000.000,0000.000,0000.000,0152
 
001178004,000000001,-00000015,0000.000,0000.000,0000.000,0007
 
001178024,000000001,-00000011,0000.000,0000.000,0000.000,0152
 
001178044,000000001,-00000011,0000.000,0000.000,0000.000,0153
 
001178064,000000001,-00000012,0000.000,0000.000,0000.000,0152
 
001178084,000000001,-00000014,0000.000,0000.000,0000.000,0153
 
001178104,000000000,-00000013,0000.000,0000.000,0000.000,0006
 
001178124,000000000,-00000011,0000.000,0000.000,0000.000,0152
 
001178144,-00000001,-00000010,0000.000,0000.000,0000.000,0153
 
001178164,-00000002,-00000013,0000.000,0000.000,0000.000,0153
 
001178184,000000000,-00000016,0000.000,0000.000,0000.000,0006
 
001178204,-00000001,-00000017,0000.000,0000.000,0000.000,0152
 
001178224,-00000001,-00000015,0000.000,0000.000,0000.000,0152
 
001178244,000000000,-00000015,0000.000,0000.000,0000.000,0006
 
001178264,-00000001,-00000014,0000.000,0000.000,0000.000,0152
 
001178284,000000000,-00000012,0000.000,0000.000,0000.000,0007
 
001178304,-00000001,-00000014,0000.000,0000.000,0000.000,0152
 
001178324,000000000,-00000015,0000.000,0000.000,0000.000,0006
 
001178344,-00000001,-00000016,0000.000,0000.000,0000.000,0152
 
001178364,-00000004,-00000012,0000.000,0000.000,0000.000,0007
 
001178384,-00000003,-00000012,0000.000,0000.000,0000.000,0152
 
001178404,-00000002,-00000011,0000.000,0000.000,0000.000,0006
 
001178424,000000000,-00000007,0000.000,0000.000,0000.000,0152
 
001178444,-00000002,-00000013,0000.000,0000.000,0000.000,0152
 
001178464,-00000002,-00000011,0000.000,0000.000,0000.000,0007
 
001178484,-00000002,-00000011,0000.000,0000.000,0000.000,0152
 
001178504,-00000003,-00000013,0000.000,0000.000,0000.000,0006
 
001178524,-00000004,-00000014,0000.000,0000.000,0000.000,0007
 
001178544,-00000002,-00000013,0000.000,0000.000,0000.000,0006
 
001178564,-00000002,-00000011,0000.000,0000.000,0000.000,0152
 
001178584,-00000002,-00000010,0000.000,0000.000,0000.000,0006
 
001178604,-00000002,-00000006,0000.000,0000.000,0000.000,0152
 
001178624,-00000001,-00000002,0000.000,0000.000,0000.000,0152
 
001178644,000000000,000000000,0000.000,0000.000,0000.000,0006
 
001178664,000000000,-00000001,0000.000,0000.000,0000.000,0006
 
001178684,000000000,000000000,0000.000,0000.000,0000.000,0006
 
001178704,000000000,000000000,0000.000,0000.000,0000.000,0007
 
001178724,000000000,000000000,0000.000,0000.000,0000.000,0006
 
001178744,000000000,000000000,0000.000,0000.000,0000.000,0006
 
001178764,000000000,-00000004,0000.000,0000.000,0000.000,0006
 
001178784,-00000001,-00000008,0000.000,0000.000,0000.000,0007
 
001178804,-00000001,-00000008,0000.000,0000.000,0000.000,0006
 
001178824,000000000,-00000001,0000.000,0000.000,0000.000,0007
 
001178844,-00000001,-00000001,0000.000,0000.000,0000.000,0007
 
001178864,000000000,000000000,0000.000,0000.000,0000.000,0006
 
001178884,000000000,000000000,0000.000,0000.000,0000.000,0007
 
001178904,000000000,000000000,0000.000,0000.000,0000.000,0007
 
001178924,000000000,000000000,0000.000,0000.000,0000.000,0007
 
001178944,000000000,000000000,0000.000,0000.000,0000.000,0006
 
001178964,000000000,000000000,0000.000,0000.000,0000.000,0006
 
001178984,000000000,000000000,0000.000,0000.000,0000.000,0006
 
001179004,000000000,000000000,0000.000,0000.000,0000.000,0007
 
001179024,000000000,000000000,0000.000,0000.000,0000.000,0007
 
001179044,000000000,000000000,0000.000,0000.000,0000.000,0007
 
001179064,000000000,000000000,0000.000,0000.000,0000.000,0006
 
001179084,000000000,000000000,0000.000,0000.000,0000.000,0152
 
001179104,000000000,000000000,0000.000,0000.000,0000.000,0152
 
001179124,000000000,000000000,0000.000,0000.000,0000.000,0152
 
001179144,000000000,000000000,0000.000,0000.000,0000.000,0152
 
001179164,000000000,000000001,0000.000,0000.000,0000.000,0152
 
001179184,000000000,000000000,0000.000,0000.000,0000.000,0152
 
001179204,000000000,000000000,0000.000,0000.000,0000.000,0007
 
001179224,000000000,000000000,0000.000,0000.000,0000.000,0152
 
001179244,000000000,000000000,0000.000,0000.000,0000.000,0152
 
001179264,000000000,000000000,0000.000,0000.000,0000.000,0152
 
001179284,000000000,000000000,0000.000,0000.000,0000.000,0152
 
001179304,000000000,000000000,0000.000,0000.000,0000.000,0153
 
001179324,000000000,000000000,0000.000,0000.000,0000.000,0154
 
001179344,000000000,000000000,0000.000,0000.000,0000.000,0154
 
001179364,000000000,000000000,0000.000,0000.000,0000.000,0010
 
001179384,000000000,000000000,0000.000,0000.000,0000.000,0016
 
001179405,000000000,000000001,0000.000,0000.000,0000.000,0028
 
001179425,000000000,000000000,0000.000,0000.000,0000.000,0167
 
001179445,000000000,000000000,0000.000,0000.000,0000.000,1023
 
001179465,000000000,000000000,0000.000,0000.000,0000.000,1023
 
001179485,000000000,000000000,0000.000,0000.000,0000.000,1023
 
001179505,000000000,000000000,0000.000,0000.000,0000.000,1023
 
001179525,000000000,000000000,0000.000,0000.000,0000.000,1023
 
001179545,000000000,000000000,0000.000,0000.000,0000.000,1023
 
001179565,000000000,000000000,0000.000,0000.000,0000.000,1023
 
001179585,000000000,000000000,0000.000,0000.000,0000.000,1023
 
001179605,000000000,000000000,0000.000,0000.000,0000.000,1023
 
001179625,000000000,000000000,0000.000,0000.000,0000.000,0182
 
001179645,000000000,000000000,0000.000,0000.000,0000.000,0169
 
001179665,000000000,000000000,0000.000,0000.000,0000.000,0031
 
001179685,000000000,000000000,0000.000,0000.000,0000.000,0026
 
001179704,000000000,000000000,0000.000,0000.000,0000.000,0162
 
001179724,000000000,000000000,0000.000,0000.000,0000.000,0017
 
001179744,000000000,000000000,0000.000,0000.000,0000.000,0155
 
001179764,000000000,000000000,0000.000,0000.000,0000.000,0152
 
001179784,000000000,000000000,0000.000,0000.000,0000.000,0153
 
001179804,000000000,000000000,0000.000,0000.000,0000.000,0152
 
001179824,000000000,000000000,0000.000,0000.000,0000.000,0152
 
001179844,000000000,000000000,0000.000,0000.000,0000.000,0153
 
001179864,000000000,000000000,0000.000,0000.000,0000.000,0152
 
001179884,000000000,000000000,0000.000,0000.000,0000.000,0152
 
001179904,000000000,000000000,0000.000,0000.000,0000.000,0007
 
001179924,000000000,000000000,0000.000,0000.000,0000.000,0008
 
001179944,000000000,000000001,0000.000,0000.000,0000.000,0153
 
001179964,000000000,000000000,0000.000,0000.000,0000.000,0153
 
001179984,000000000,000000001,0000.000,0000.000,0000.000,0006
 
001180004,000000001,000000001,0000.000,0000.000,0000.000,0152
 
001180024,000000000,000000000,0000.000,0000.000,0000.000,0006
 
001180044,000000000,000000000,0000.000,0000.000,0000.000,0152
 
001180064,000000000,000000000,0000.000,0000.000,0000.000,0153
 
001180084,000000000,000000000,0000.000,0000.000,0000.000,0152
 
001180104,000000000,000000001,0000.000,0000.000,0000.000,0007
 
001180124,000000000,000000000,0000.000,0000.000,0000.000,0007
 
001180144,000000000,000000001,0000.000,0000.000,0000.000,0007
 
001180164,000000000,000000000,0000.000,0000.000,0000.000,0007
 
001180184,000000000,000000002,0000.000,0000.000,0000.000,0007
 
001180204,000000000,000000000,0000.000,0000.000,0000.000,0007
 
001180224,000000001,-00000001,0000.000,0000.000,0000.000,0007
 
001180244,000000008,-00000013,0000.000,0000.000,0000.000,0007
 
001180264,000000021,-00000039,0000.000,0000.000,0000.000,0153
 
001180284,000000035,-00000071,0000.000,0000.000,0000.000,0152
 
001180304,000000037,-00000097,0000.000,0000.000,0000.000,0153
 
001180324,000000033,-00000102,0000.000,0000.000,0000.000,0007
 
001180344,000000025,-00000071,0000.000,0000.000,0000.000,0153
 
001180364,000000010,-00000025,0000.000,0000.000,0000.000,0007
 
001180384,000000008,-00000025,0000.000,0000.000,0000.000,0152
 
001180404,000000008,-00000025,0000.000,0000.000,0000.000,0152
 
001180424,000000007,-00000016,0000.000,0000.000,0000.000,0007
 
001180444,000000007,-00000014,0000.000,0000.000,0000.000,0153
 
001180464,000000007,-00000014,0000.000,0000.000,0000.000,0007
 
001180484,000000007,-00000013,0000.000,0000.000,0000.000,0152
 
001180504,000000006,-00000011,0000.000,0000.000,0000.000,0007
 
001180524,000000005,-00000013,0000.000,0000.000,0000.000,0152
 
001180544,000000005,-00000008,0000.000,0000.000,0000.000,0007
 
001180564,000000004,-00000007,0000.000,0000.000,0000.000,0153
 
001180584,000000003,-00000007,0000.000,0000.000,0000.000,0152
 
001180604,000000003,-00000004,0000.000,0000.000,0000.000,0152
 
001180624,000000001,-00000002,0000.000,0000.000,0000.000,0153
 
001180644,000000000,000000000,0000.000,0000.000,0000.000,0152
 
001180664,000000000,000000000,0000.000,0000.000,0000.000,0152
 
001180684,000000000,000000000,0000.000,0000.000,0000.000,0153
 
001180704,000000000,000000000,0000.000,0000.000,0000.000,0007
 
001180724,000000000,000000000,0000.000,0000.000,0000.000,0006
 
001180744,000000000,000000000,0000.000,0000.000,0000.000,0006
 
001180764,000000000,000000000,0000.000,0000.000,0000.000,0152
 
001180784,000000000,000000000,0000.000,0000.000,0000.000,0153
 
001180804,000000000,000000000,0000.000,0000.000,0000.000,0152
 
001180824,000000000,000000000,0000.000,0000.000,0000.000,0006
 
001180844,000000000,000000000,0000.000,0000.000,0000.000,0007
 
001180864,000000000,000000000,0000.000,0000.000,0000.000,0006
 
001180884,000000000,-00000001,0000.000,0000.000,0000.000,0007
 
001180904,000000010,-00000029,0000.000,0000.000,0000.000,0007
 
001180924,000000029,-00000089,0000.000,0000.000,0000.000,0007
 
001180944,000000040,-00000130,0000.000,0000.000,0000.000,0153
 
001180964,000000034,-00000122,0000.000,0000.000,0000.000,0152
 
001180984,000000035,-00000109,0000.000,0000.000,0000.000,0006
 
001181004,000000036,-00000111,0000.000,0000.000,0000.000,0153
 
001181024,000000050,-00000115,0000.000,0000.000,0000.000,0152
 
001181044,000000069,-00000101,0000.000,0000.000,0000.000,0006
 
001181064,000000074,-00000061,0000.000,0000.000,0000.000,0153
 
001181084,000000058,-00000022,0000.000,0000.000,0000.000,0006
 
001181104,000000038,-00000003,0000.000,0000.000,0000.000,0152
 
001181124,000000025,000000000,0000.000,0000.000,0000.000,0152
 
001181144,000000015,-00000003,0000.000,0000.000,0000.000,0153
 
001181164,000000008,-00000004,0000.000,0000.000,0000.000,0006
 
001181184,000000002,-00000002,0000.000,0000.000,0000.000,0007
 
001181204,000000000,000000000,0000.000,0000.000,0000.000,0006
 
001181224,000000000,000000000,0000.000,0000.000,0000.000,0006
 
001181244,000000000,000000000,0000.000,0000.000,0000.000,0152
 
001181264,000000000,000000000,0000.000,0000.000,0000.000,0152
 
001181284,000000000,000000000,0000.000,0000.000,0000.000,0152
 
001181304,000000000,000000000,0000.000,0000.000,0000.000,0152
 
001181324,000000000,000000000,0000.000,0000.000,0000.000,0152
 
001181344,000000000,000000000,0000.000,0000.000,0000.000,0152
 
001181364,000000000,000000000,0000.000,0000.000,0000.000,0152
 
001181384,000000000,000000000,0000.000,0000.000,0000.000,0152
 
001181404,000000000,000000000,0000.000,0000.000,0000.000,0153
 
001181424,000000000,000000000,0000.000,0000.000,0000.000,0007
 
001181444,000000000,000000000,0000.000,0000.000,0000.000,0152
 
001181464,000000000,000000000,0000.000,0000.000,0000.000,0153
 
001181484,000000000,000000000,0000.000,0000.000,0000.000,0007
 
001181504,000000000,000000000,0000.000,0000.000,0000.000,0006
 
001181524,000000000,000000000,0000.000,0000.000,0000.000,0006
 
001181544,000000000,000000000,0000.000,0000.000,0000.000,0006
 
001181564,000000000,000000000,0000.000,0000.000,0000.000,0006
 
001181584,000000000,000000000,0000.000,0000.000,0000.000,0007
 
001181604,000000000,000000000,0000.000,0000.000,0000.000,0007
 
