002011233,000000000,000000000,0000.000,0000.000,0000.000,
 
002011252,000000000,000000000,0000.000,0000.000,0000.000,
 
002011272,000000000,000000000,0000.000,0000.000,0000.000,
 
002011292,000000000,000000000,0000.000,0000.000,0000.000,
 
002011312,000000000,000000000,0000.000,0000.000,0000.000,
 
002011332,000000000,000000000,0000.000,0000.000,0000.000,
 
002011352,000000000,000000000,0000.000,0000.000,0000.000,
 
002011372,000000000,000000000,0000.000,0000.000,0000.000,
 
002011392,000000000,000000000,0000.000,0000.000,0000.000,
 
002011412,000000000,000000000,0000.000,0000.000,0000.000,
 
002011432,000000000,000000000,0000.000,0000.000,0000.000,
 
002011452,000000000,000000000,0000.000,0000.000,0000.000,
 
002011472,000000000,000000000,0000.000,0000.000,0000.000,
 
002011492,000000000,000000000,0000.000,0000.000,0000.000,
 
002011512,000000000,000000000,0000.000,0000.000,0000.000,
 
002011532,000000000,000000000,0000.000,0000.000,0000.000,
 
002011552,000000000,000000000,0000.000,0000.000,0000.000,
 
002011572,000000000,000000000,0000.000,0000.000,0000.000,
 
002011592,000000000,000000000,0000.000,0000.000,0000.000,
 
002011612,000000000,000000000,0000.000,0000.000,0000.000,
 
002011632,000000000,000000000,0000.000,0000.000,0000.000,
 
002011652,000000000,000000000,0000.000,0000.000,0000.000,
 
002011672,000000000,000000000,0000.000,0000.000,0000.000,
 
002011692,000000000,000000000,0000.000,0000.000,0000.000,
 
002011712,000000000,000000000,0000.000,0000.000,0000.000,
 
002011732,000000000,000000000,0000.000,0000.000,0000.000,
 
002011752,000000000,000000000,0000.000,0000.000,0000.000,
 
002011772,000000000,000000000,0000.000,0000.000,0000.000,
 
002011792,000000000,000000000,0000.000,0000.000,0000.000,
 
002011812,000000000,000000000,0000.000,0000.000,0000.000,
 
002011832,000000000,000000000,0000.000,0000.000,0000.000,
 
002011852,000000000,000000000,0000.000,0000.000,0000.000,
 
002011872,000000000,000000000,0000.000,0000.000,0000.000,
 
002011892,000000000,000000000,0000.000,0000.000,0000.000,
 
002011912,000000000,000000000,0000.000,0000.000,0000.000,
 
002011932,000000000,000000000,0000.000,0000.000,0000.000,
 
002011952,000000000,000000000,0000.000,0000.000,0000.000,
 
002011972,000000000,000000000,0000.000,0000.000,0000.000,
 
002011992,000000000,000000000,0000.000,0000.000,0000.000,
 
002012012,000000000,000000000,0000.000,0000.000,0000.000,
 
002012032,000000000,000000000,0000.000,0000.000,0000.000,
 
002012052,000000000,000000000,0000.000,0000.000,0000.000,
 
002012072,000000000,000000000,0000.000,0000.000,0000.000,
 
002012092,000000000,000000000,0000.000,0000.000,0000.000,
 
002012112,000000000,000000000,0000.000,0000.000,0000.000,
 
002012132,000000000,000000001,0000.000,0000.000,0000.000,
 
002012152,000000000,000000002,0000.000,0000.000,0000.000,
 
002012172,000000000,000000001,0000.000,0000.000,0000.000,
 
002012192,000000000,000000001,0000.000,0000.000,0000.000,
 
002012212,000000000,000000000,0000.000,0000.000,0000.000,
 
002012232,000000000,000000000,0000.000,0000.000,0000.000,
 
002012252,000000000,000000000,0000.000,0000.000,0000.000,
 
002012272,000000000,000000000,0000.000,0000.000,0000.000,
 
002012292,000000000,000000000,0000.000,0000.000,0000.000,
 
002012312,000000000,000000000,0000.000,0000.000,0000.000,
 
002012332,000000000,000000000,0000.000,0000.000,0000.000,
 
002012352,000000000,000000000,0000.000,0000.000,0000.000,
 
002012372,000000000,000000000,0000.000,0000.000,0000.000,
 
002012392,000000000,000000000,0000.000,0000.000,0000.000,
 
002012412,000000000,000000000,0000.000,0000.000,0000.000,
 
002012432,000000000,000000000,0000.000,0000.000,0000.000,
 
002012452,000000000,000000000,0000.000,0000.000,0000.000,
 
002012472,000000000,000000000,0000.000,0000.000,0000.000,
 
002012492,000000000,000000000,0000.000,0000.000,0000.000,
 
002012512,000000000,000000000,0000.000,0000.000,0000.000,
 
002012532,000000000,000000000,0000.000,0000.000,0000.000,
 
002012552,000000000,000000000,0000.000,0000.000,0000.000,
 
002012572,000000000,000000000,0000.000,0000.000,0000.000,
 
002012592,000000000,000000000,0000.000,0000.000,0000.000,
 
002012612,000000000,000000000,0000.000,0000.000,0000.000,
 
002012632,000000000,000000000,0000.000,0000.000,0000.000,
 
002012652,000000000,000000000,0000.000,0000.000,0000.000,
 
002012672,000000000,000000000,0000.000,0000.000,0000.000,
 
002012692,000000000,000000000,0000.000,0000.000,0000.000,
 
002012712,000000000,000000000,0000.000,0000.000,0000.000,
 
002012732,000000000,000000000,0000.000,0000.000,0000.000,
 
002012752,000000000,000000000,0000.000,0000.000,0000.000,
 
002012772,000000000,000000000,0000.000,0000.000,0000.000,
 
002012792,000000000,000000000,0000.000,0000.000,0000.000,
 
002012812,000000000,000000000,0000.000,0000.000,0000.000,
 
002012832,000000000,000000000,0000.000,0000.000,0000.000,
 
002012852,000000000,000000000,0000.000,0000.000,0000.000,
 
002012872,000000000,000000000,0000.000,0000.000,0000.000,
 
002012892,000000000,000000000,0000.000,0000.000,0000.000,
 
002012912,000000000,000000000,0000.000,0000.000,0000.000,
 
002012932,000000000,000000000,0000.000,0000.000,0000.000,
 
002012952,000000000,000000000,0000.000,0000.000,0000.000,
 
002012972,000000000,000000000,0000.000,0000.000,0000.000,
 
002012992,000000000,000000000,0000.000,0000.000,0000.000,
 
002013012,000000000,000000000,0000.000,0000.000,0000.000,
 
002013032,000000000,000000000,0000.000,0000.000,0000.000,
 
002013052,000000000,000000000,0000.000,0000.000,0000.000,
 
002013072,000000000,000000000,0000.000,0000.000,0000.000,
 
002013092,000000000,000000000,0000.000,0000.000,0000.000,
 
002013112,000000000,000000000,0000.000,0000.000,0000.000,
 
002013132,000000000,000000000,0000.000,0000.000,0000.000,
 
002013152,000000000,000000000,0000.000,0000.000,0000.000,
 
002013172,000000000,000000000,0000.000,0000.000,0000.000,
 
002013192,000000000,000000000,0000.000,0000.000,0000.000,
 
002013212,000000000,000000000,0000.000,0000.000,0000.000,
 
002013232,000000000,000000000,0000.000,0000.000,0000.000,
 
002013252,000000000,000000000,0000.000,0000.000,0000.000,
 
002013272,000000000,000000000,0000.000,0000.000,0000.000,
 
002013292,000000000,000000000,0000.000,0000.000,0000.000,
 
002013312,000000000,000000000,0000.000,0000.000,0000.000,
 
002013332,000000000,000000000,0000.000,0000.000,0000.000,
 
002013352,000000000,000000000,0000.000,0000.000,0000.000,
 
002013372,000000000,000000000,0000.000,0000.000,0000.000,
 
002013392,000000000,000000000,0000.000,0000.000,0000.000,
 
002013412,000000000,000000000,0000.000,0000.000,0000.000,
 
002013432,000000000,000000000,0000.000,0000.000,0000.000,
 
002013452,000000000,000000000,0000.000,0000.000,0000.000,
 
002013472,000000000,000000000,0000.000,0000.000,0000.000,
 
002013492,000000000,000000000,0000.000,0000.000,0000.000,
 
002013512,000000000,000000000,0000.000,0000.000,0000.000,
 
002013532,000000000,000000000,0000.000,0000.000,0000.000,
 
002013552,000000000,000000000,0000.000,0000.000,0000.000,
 
002013572,000000000,000000000,0000.000,0000.000,0000.000,
 
002013592,000000000,000000000,0000.000,0000.000,0000.000,
 
002013612,000000000,000000000,0000.000,0000.000,0000.000,
 
002013632,000000000,000000000,0000.000,0000.000,0000.000,
 
002013652,000000000,000000000,0000.000,0000.000,0000.000,
 
002013672,000000000,000000000,0000.000,0000.000,0000.000,
 
002013692,000000000,000000000,0000.000,0000.000,0000.000,
 
002013712,000000000,000000000,0000.000,0000.000,0000.000,
 
002013732,000000000,000000000,0000.000,0000.000,0000.000,
 
002013752,000000000,000000000,0000.000,0000.000,0000.000,
 
002013772,000000000,000000000,0000.000,0000.000,0000.000,
 
002013792,000000000,-00000002,0000.000,0000.000,0000.000,
 
002013812,000000001,-00000005,0000.000,0000.000,0000.000,
 
002013832,000000001,-00000009,0000.000,0000.000,0000.000,
 
002013852,000000002,-00000009,0000.000,0000.000,0000.000,
 
002013872,000000001,-00000007,0000.000,0000.000,0000.000,
 
002013892,000000001,-00000008,0000.000,0000.000,0000.000,
 
002013912,000000002,-00000007,0000.000,0000.000,0000.000,
 
002013932,000000001,-00000008,0000.000,0000.000,0000.000,
 
002013952,000000001,-00000007,0000.000,0000.000,0000.000,
 
002013972,000000000,-00000007,0000.000,0000.000,0000.000,
 
002013992,000000000,-00000007,0000.000,0000.000,0000.000,
 
002014012,000000000,-00000006,0000.000,0000.000,0000.000,
 
002014032,000000000,-00000006,0000.000,0000.000,0000.000,
 
002014052,000000000,-00000007,0000.000,0000.000,0000.000,
 
002014072,000000000,-00000007,0000.000,0000.000,0000.000,
 
002014092,000000000,-00000007,0000.000,0000.000,0000.000,
 
002014112,000000000,-00000007,0000.000,0000.000,0000.000,
 
002014132,000000000,-00000007,0000.000,0000.000,0000.000,
 
002014152,000000000,-00000008,0000.000,0000.000,0000.000,
 
002014172,000000000,-00000008,0000.000,0000.000,0000.000,
 
002014192,000000000,-00000008,0000.000,0000.000,0000.000,
 
002014212,000000000,-00000013,0000.000,0000.000,0000.000,
 
002014232,000000000,-00000013,0000.000,0000.000,0000.000,
 
002014252,000000001,-00000008,0000.000,0000.000,0000.000,
 
002014272,000000000,-00000010,0000.000,0000.000,0000.000,
 
002014292,000000000,-00000013,0000.000,0000.000,0000.000,
 
002014312,-00000001,-00000013,0000.000,0000.000,0000.000,
 
002014332,000000000,-00000013,0000.000,0000.000,0000.000,
 
002014352,-00000001,-00000013,0000.000,0000.000,0000.000,
 
002014372,-00000001,-00000013,0000.000,0000.000,0000.000,
 
002014392,-00000002,-00000014,0000.000,0000.000,0000.000,
 
002014412,-00000001,-00000013,0000.000,0000.000,0000.000,
 
002014432,000000000,-00000014,0000.000,0000.000,0000.000,
 
002014452,000000000,-00000013,0000.000,0000.000,0000.000,
 
002014472,-00000001,-00000013,0000.000,0000.000,0000.000,
 
002014492,-00000001,-00000012,0000.000,0000.000,0000.000,
 
002014512,-00000001,-00000013,0000.000,0000.000,0000.000,
 
002014532,-00000002,-00000014,0000.000,0000.000,0000.000,
 
002014552,-00000001,-00000013,0000.000,0000.000,0000.000,
 
002014572,-00000001,-00000015,0000.000,0000.000,0000.000,
 
002014592,000000000,-00000025,0000.000,0000.000,0000.000,
 
002014612,000000000,-00000025,0000.000,0000.000,0000.000,
 
002014632,-00000001,-00000023,0000.000,0000.000,0000.000,
 
002014652,000000000,-00000025,0000.000,0000.000,0000.000,
 
002014672,-00000001,-00000025,0000.000,0000.000,0000.000,
 
002014692,-00000001,-00000018,0000.000,0000.000,0000.000,
 
002014712,-00000001,-00000018,0000.000,0000.000,0000.000,
 
002014732,-00000001,-00000025,0000.000,0000.000,0000.000,
 
002014752,-00000002,-00000020,0000.000,0000.000,0000.000,
 
002014772,-00000001,-00000019,0000.000,0000.000,0000.000,
 
002014792,000000000,-00000025,0000.000,0000.000,0000.000,
 
002014812,-00000002,-00000021,0000.000,0000.000,0000.000,
 
002014832,-00000002,-00000023,0000.000,0000.000,0000.000,
 
002014852,-00000002,-00000025,0000.000,0000.000,0000.000,
 
002014872,-00000002,-00000022,0000.000,0000.000,0000.000,
 
002014892,-00000002,-00000019,0000.000,0000.000,0000.000,
 
002014912,-00000001,-00000025,0000.000,0000.000,0000.000,
 
002014932,-00000002,-00000021,0000.000,0000.000,0000.000,
 
002014952,-00000001,-00000025,0000.000,0000.000,0000.000,
 
002014972,-00000001,-00000025,0000.000,0000.000,0000.000,
 
002014992,-00000002,-00000022,0000.000,0000.000,0000.000,
 
002015012,-00000001,-00000025,0000.000,0000.000,0000.000,
 
002015032,-00000002,-00000021,0000.000,0000.000,0000.000,
 
002015052,-00000001,-00000022,0000.000,0000.000,0000.000,
 
002015072,-00000001,-00000025,0000.000,0000.000,0000.000,
 
002015092,000000000,-00000022,0000.000,0000.000,0000.000,
 
002015112,000000000,-00000025,0000.000,0000.000,0000.000,
 
002015132,000000000,-00000025,0000.000,0000.000,0000.000,
 
002015152,000000000,-00000019,0000.000,0000.000,0000.000,
 
002015172,000000000,-00000016,0000.000,0000.000,0000.000,
 
002015192,000000000,-00000016,0000.000,0000.000,0000.000,
 
002015212,-00000001,-00000015,0000.000,0000.000,0000.000,
 
002015232,000000000,-00000016,0000.000,0000.000,0000.000,
 
002015252,000000000,-00000017,0000.000,0000.000,0000.000,
 
002015272,000000000,-00000016,0000.000,0000.000,0000.000,
 
002015292,000000000,-00000016,0000.000,0000.000,0000.000,
 
002015312,000000000,-00000016,0000.000,0000.000,0000.000,
 
002015332,000000001,-00000016,0000.000,0000.000,0000.000,
 
002015352,000000001,-00000016,0000.000,0000.000,0000.000,
 
002015372,000000001,-00000017,0000.000,0000.000,0000.000,
 
002015392,000000000,-00000019,0000.000,0000.000,0000.000,
 
002015412,000000000,-00000025,0000.000,0000.000,0000.000,
 
002015432,000000000,-00000020,0000.000,0000.000,0000.000,
 
002015452,000000000,-00000025,0000.000,0000.000,0000.000,
 
002015472,000000000,-00000018,0000.000,0000.000,0000.000,
 
002015492,000000000,-00000015,0000.000,0000.000,0000.000,
 
002015512,000000000,-00000015,0000.000,0000.000,0000.000,
 
002015532,000000000,-00000015,0000.000,0000.000,0000.000,
 
002015552,000000000,-00000014,0000.000,0000.000,0000.000,
 
002015572,000000000,-00000015,0000.000,0000.000,0000.000,
 
002015592,000000001,-00000016,0000.000,0000.000,0000.000,
 
002015612,000000003,-00000016,0000.000,0000.000,0000.000,
 
002015632,000000002,-00000025,0000.000,0000.000,0000.000,
 
002015652,000000002,-00000018,0000.000,0000.000,0000.000,
 
002015672,000000001,-00000025,0000.000,0000.000,0000.000,
 
002015692,000000001,-00000019,0000.000,0000.000,0000.000,
 
002015712,000000001,-00000025,0000.000,0000.000,0000.000,
 
002015732,000000000,-00000018,0000.000,0000.000,0000.000,
 
002015752,000000000,-00000025,0000.000,0000.000,0000.000,
 
002015772,000000001,-00000015,0000.000,0000.000,0000.000,
 
002015792,000000001,-00000014,0000.000,0000.000,0000.000,
 
002015812,000000001,-00000013,0000.000,0000.000,0000.000,
 
002015832,000000000,-00000014,0000.000,0000.000,0000.000,
 
002015852,000000000,-00000013,0000.000,0000.000,0000.000,
 
002015872,000000000,-00000013,0000.000,0000.000,0000.000,
 
002015892,000000000,-00000013,0000.000,0000.000,0000.000,
 
002015912,000000000,-00000014,0000.000,0000.000,0000.000,
 
002015932,000000002,-00000017,0000.000,0000.000,0000.000,
 
002015952,000000001,-00000025,0000.000,0000.000,0000.000,
 
002015972,000000001,-00000019,0000.000,0000.000,0000.000,
 
002015992,000000000,-00000025,0000.000,0000.000,0000.000,
 
002016012,000000001,-00000020,0000.000,0000.000,0000.000,
 
002016032,000000000,-00000025,0000.000,0000.000,0000.000,
 
002016052,000000000,-00000022,0000.000,0000.000,0000.000,
 
002016072,000000000,-00000025,0000.000,0000.000,0000.000,
 
002016092,000000000,-00000023,0000.000,0000.000,0000.000,
 
002016112,000000000,-00000025,0000.000,0000.000,0000.000,
 
002016132,000000000,-00000021,0000.000,0000.000,0000.000,
 
002016152,000000000,-00000025,0000.000,0000.000,0000.000,
 
002016172,000000000,-00000022,0000.000,0000.000,0000.000,
 
002016192,000000000,-00000025,0000.000,0000.000,0000.000,
 
002016212,-00000001,-00000024,0000.000,0000.000,0000.000,
 
002016232,000000000,-00000025,0000.000,0000.000,0000.000,
 
002016252,-00000001,-00000024,0000.000,0000.000,0000.000,
 
002016272,-00000002,-00000025,0000.000,0000.000,0000.000,
 
002016292,-00000001,-00000024,0000.000,0000.000,0000.000,
 
002016312,000000000,-00000025,0000.000,0000.000,0000.000,
 
002016332,-00000001,-00000025,0000.000,0000.000,0000.000,
 
002016352,000000000,-00000022,0000.000,0000.000,0000.000,
 
002016372,000000000,-00000025,0000.000,0000.000,0000.000,
 
002016392,000000000,-00000022,0000.000,0000.000,0000.000,
 
002016412,000000000,-00000025,0000.000,0000.000,0000.000,
 
002016432,000000000,-00000021,0000.000,0000.000,0000.000,
 
002016452,000000000,-00000023,0000.000,0000.000,0000.000,
 
002016472,000000000,-00000025,0000.000,0000.000,0000.000,
 
002016492,000000000,-00000024,0000.000,0000.000,0000.000,
 
002016512,-00000002,-00000025,0000.000,0000.000,0000.000,
 
002016532,000000000,-00000023,0000.000,0000.000,0000.000,
 
002016552,000000000,-00000025,0000.000,0000.000,0000.000,
 
002016572,000000001,-00000024,0000.000,0000.000,0000.000,
 
002016592,000000002,-00000026,0000.000,0000.000,0000.000,
 
002016612,000000000,-00000026,0000.000,0000.000,0000.000,
 
002016632,000000000,-00000026,0000.000,0000.000,0000.000,
 
002016652,000000000,-00000025,0000.000,0000.000,0000.000,
 
002016672,000000001,-00000024,0000.000,0000.000,0000.000,
 
002016692,000000002,-00000025,0000.000,0000.000,0000.000,
 
002016712,000000000,-00000025,0000.000,0000.000,0000.000,
 
002016732,000000000,-00000025,0000.000,0000.000,0000.000,
 
002016752,000000000,-00000025,0000.000,0000.000,0000.000,
 
002016772,000000000,-00000022,0000.000,0000.000,0000.000,
 
002016792,000000000,-00000025,0000.000,0000.000,0000.000,
 
002016812,000000000,-00000020,0000.000,0000.000,0000.000,
 
002016832,000000001,-00000022,0000.000,0000.000,0000.000,
 
002016852,000000000,-00000025,0000.000,0000.000,0000.000,
 
002016872,000000000,-00000023,0000.000,0000.000,0000.000,
 
002016892,000000000,-00000025,0000.000,0000.000,0000.000,
 
002016912,000000000,-00000022,0000.000,0000.000,0000.000,
 
002016932,000000000,-00000023,0000.000,0000.000,0000.000,
 
002016952,000000000,-00000025,0000.000,0000.000,0000.000,
 
002016972,000000000,-00000023,0000.000,0000.000,0000.000,
 
002016992,000000000,-00000025,0000.000,0000.000,0000.000,
 
002017012,000000000,-00000022,0000.000,0000.000,0000.000,
 
002017032,000000000,-00000021,0000.000,0000.000,0000.000,
 
002017052,000000000,-00000025,0000.000,0000.000,0000.000,
 
002017072,000000000,-00000023,0000.000,0000.000,0000.000,
 
002017092,000000001,-00000025,0000.000,0000.000,0000.000,
 
002017112,000000000,-00000021,0000.000,0000.000,0000.000,
 
002017132,000000000,-00000021,0000.000,0000.000,0000.000,
 
002017152,000000000,-00000025,0000.000,0000.000,0000.000,
 
002017172,000000000,-00000018,0000.000,0000.000,0000.000,
 
002017192,000000000,-00000025,0000.000,0000.000,0000.000,
 
002017212,000000001,-00000016,0000.000,0000.000,0000.000,
 
002017232,000000001,-00000018,0000.000,0000.000,0000.000,
 
002017252,000000000,-00000016,0000.000,0000.000,0000.000,
 
002017272,000000000,-00000017,0000.000,0000.000,0000.000,
 
002017292,000000000,-00000018,0000.000,0000.000,0000.000,
 
002017312,000000000,-00000025,0000.000,0000.000,0000.000,
 
002017332,000000000,-00000021,0000.000,0000.000,0000.000,
 
002017352,000000000,-00000023,0000.000,0000.000,0000.000,
 
002017372,-00000001,-00000025,0000.000,0000.000,0000.000,
 
002017392,000000000,-00000022,0000.000,0000.000,0000.000,
 
002017412,-00000001,-00000021,0000.000,0000.000,0000.000,
 
002017432,-00000001,-00000025,0000.000,0000.000,0000.000,
 
002017452,-00000001,-00000017,0000.000,0000.000,0000.000,
 
002017472,-00000001,-00000016,0000.000,0000.000,0000.000,
 
002017492,-00000002,-00000016,0000.000,0000.000,0000.000,
 
002017512,-00000002,-00000015,0000.000,0000.000,0000.000,
 
002017532,-00000002,-00000016,0000.000,0000.000,0000.000,
 
002017552,-00000001,-00000016,0000.000,0000.000,0000.000,
 
002017572,000000000,-00000017,0000.000,0000.000,0000.000,
 
002017592,000000000,-00000015,0000.000,0000.000,0000.000,
 
002017612,000000000,-00000015,0000.000,0000.000,0000.000,
 
002017632,-00000001,-00000014,0000.000,0000.000,0000.000,
 
002017652,000000000,-00000015,0000.000,0000.000,0000.000,
 
002017672,-00000001,-00000014,0000.000,0000.000,0000.000,
 
002017692,000000000,-00000015,0000.000,0000.000,0000.000,
 
002017712,000000000,-00000014,0000.000,0000.000,0000.000,
 
002017732,000000000,-00000014,0000.000,0000.000,0000.000,
 
002017752,000000000,-00000013,0000.000,0000.000,0000.000,
 
002017772,000000000,-00000015,0000.000,0000.000,0000.000,
 
002017792,000000000,-00000014,0000.000,0000.000,0000.000,
 
002017812,000000000,-00000016,0000.000,0000.000,0000.000,
 
002017832,000000000,-00000014,0000.000,0000.000,0000.000,
 
002017852,000000000,-00000013,0000.000,0000.000,0000.000,
 
002017872,000000000,-00000010,0000.000,0000.000,0000.000,
 
002017892,000000000,-00000009,0000.000,0000.000,0000.000,
 
002017912,000000000,-00000008,0000.000,0000.000,0000.000,
 
002017932,000000000,-00000008,0000.000,0000.000,0000.000,
 
002017952,000000000,-00000009,0000.000,0000.000,0000.000,
 
002017972,000000000,-00000013,0000.000,0000.000,0000.000,
 
002017992,000000000,-00000008,0000.000,0000.000,0000.000,
 
002018012,000000000,-00000008,0000.000,0000.000,0000.000,
 
002018032,000000000,-00000008,0000.000,0000.000,0000.000,
 
002018052,000000000,-00000013,0000.000,0000.000,0000.000,
 
002018072,000000000,-00000009,0000.000,0000.000,0000.000,
 
002018092,000000000,-00000013,0000.000,0000.000,0000.000,
 
002018112,000000001,-00000013,0000.000,0000.000,0000.000,
 
002018132,000000001,-00000013,0000.000,0000.000,0000.000,
 
002018152,000000000,-00000013,0000.000,0000.000,0000.000,
 
002018172,000000000,-00000014,0000.000,0000.000,0000.000,
 
002018192,-00000001,-00000013,0000.000,0000.000,0000.000,
 
002018212,-00000001,-00000013,0000.000,0000.000,0000.000,
 
002018232,-00000001,-00000013,0000.000,0000.000,0000.000,
 
002018252,-00000001,-00000013,0000.000,0000.000,0000.000,
 
002018272,-00000001,-00000009,0000.000,0000.000,0000.000,
 
002018292,000000000,-00000008,0000.000,0000.000,0000.000,
 
002018312,000000000,-00000007,0000.000,0000.000,0000.000,
 
002018332,-00000001,-00000008,0000.000,0000.000,0000.000,
 
002018352,000000000,-00000008,0000.000,0000.000,0000.000,
 
002018372,-00000001,-00000005,0000.000,0000.000,0000.000,
 
002018392,000000000,-00000007,0000.000,0000.000,0000.000,
 
002018412,000000000,-00000005,0000.000,0000.000,0000.000,
 
002018432,000000000,-00000005,0000.000,0000.000,0000.000,
 
002018452,-00000001,-00000007,0000.000,0000.000,0000.000,
 
002018472,-00000001,-00000004,0000.000,0000.000,0000.000,
 
002018492,000000000,-00000004,0000.000,0000.000,0000.000,
 
002018512,-00000001,-00000007,0000.000,0000.000,0000.000,
 
002018532,000000000,-00000004,0000.000,0000.000,0000.000,
 
002018552,000000000,-00000004,0000.000,0000.000,0000.000,
 
002018572,000000000,-00000004,0000.000,0000.000,0000.000,
 
002018592,000000000,-00000004,0000.000,0000.000,0000.000,
 
002018612,000000000,-00000002,0000.000,0000.000,0000.000,
 
002018632,000000000,-00000001,0000.000,0000.000,0000.000,
 
002018652,000000000,000000000,0000.000,0000.000,0000.000,
 
002018672,000000000,-00000001,0000.000,0000.000,0000.000,
 
002018692,000000000,-00000001,0000.000,0000.000,0000.000,
 
002018712,000000000,-00000002,0000.000,0000.000,0000.000,
 
002018732,000000000,-00000002,0000.000,0000.000,0000.000,
 
002018752,000000000,-00000001,0000.000,0000.000,0000.000,
 
002018772,000000000,000000000,0000.000,0000.000,0000.000,
 
002018792,000000000,000000000,0000.000,0000.000,0000.000,
 
002018812,000000000,000000000,0000.000,0000.000,0000.000,
 
002018832,000000000,000000000,0000.000,0000.000,0000.000,
 
002018852,000000000,000000000,0000.000,0000.000,0000.000,
 
002018872,000000000,000000000,0000.000,0000.000,0000.000,
 
002018892,000000000,000000000,0000.000,0000.000,0000.000,
 
002018912,000000000,000000000,0000.000,0000.000,0000.000,
 
002018932,000000000,000000000,0000.000,0000.000,0000.000,
 
002018952,000000000,000000000,0000.000,0000.000,0000.000,
 
002018972,000000000,000000000,0000.000,0000.000,0000.000,
 
002018992,000000000,000000000,0000.000,0000.000,0000.000,
 
002019012,000000000,000000000,0000.000,0000.000,0000.000,
 
002019032,000000000,000000000,0000.000,0000.000,0000.000,
 
002019052,000000000,000000000,0000.000,0000.000,0000.000,
 
002019072,000000000,000000000,0000.000,0000.000,0000.000,
 
002019092,000000000,000000000,0000.000,0000.000,0000.000,
 
002019112,000000000,000000000,0000.000,0000.000,0000.000,
 
002019132,000000000,000000000,0000.000,0000.000,0000.000,
 
002019152,000000000,000000000,0000.000,0000.000,0000.000,
 
002019172,000000000,000000000,0000.000,0000.000,0000.000,
 
002019192,000000000,000000000,0000.000,0000.000,0000.000,
 
002019212,000000000,000000000,0000.000,0000.000,0000.000,
 
002019232,000000000,000000000,0000.000,0000.000,0000.000,
 
002019252,000000000,000000000,0000.000,0000.000,0000.000,
 
002019272,000000000,000000000,0000.000,0000.000,0000.000,
 
002019292,000000000,000000001,0000.000,0000.000,0000.000,
 
002019312,000000000,000000005,0000.000,0000.000,0000.000,
 
002019332,000000000,000000007,0000.000,0000.000,0000.000,
 
002019352,000000000,000000006,0000.000,0000.000,0000.000,
 
002019372,000000000,000000005,0000.000,0000.000,0000.000,
 
002019392,000000000,000000003,0000.000,0000.000,0000.000,
 
002019412,000000000,000000003,0000.000,0000.000,0000.000,
 
002019432,000000000,000000003,0000.000,0000.000,0000.000,
 
002019452,000000000,000000003,0000.000,0000.000,0000.000,
 
002019472,000000000,000000003,0000.000,0000.000,0000.000,
 
002019492,000000000,000000005,0000.000,0000.000,0000.000,
 
002019512,000000001,000000008,0000.000,0000.000,0000.000,
 
002019532,000000001,000000010,0000.000,0000.000,0000.000,
 
002019552,000000001,000000012,0000.000,0000.000,0000.000,
 
002019572,000000003,000000014,0000.000,0000.000,0000.000,
 
002019592,000000003,000000018,0000.000,0000.000,0000.000,
 
002019612,000000003,000000020,0000.000,0000.000,0000.000,
 
002019632,000000002,000000018,0000.000,0000.000,0000.000,
 
002019652,000000002,000000015,0000.000,0000.000,0000.000,
 
002019672,000000001,000000015,0000.000,0000.000,0000.000,
 
002019692,000000002,000000016,0000.000,0000.000,0000.000,
 
002019712,000000000,000000013,0000.000,0000.000,0000.000,
 
002019732,000000001,000000013,0000.000,0000.000,0000.000,
 
002019752,000000001,000000013,0000.000,0000.000,0000.000,
 
002019772,000000002,000000012,0000.000,0000.000,0000.000,
 
002019792,000000002,000000010,0000.000,0000.000,0000.000,
 
002019812,000000002,000000012,0000.000,0000.000,0000.000,
 
002019832,000000002,000000013,0000.000,0000.000,0000.000,
 
002019852,000000000,000000015,0000.000,0000.000,0000.000,
 
002019872,000000001,000000016,0000.000,0000.000,0000.000,
 
002019892,000000001,000000019,0000.000,0000.000,0000.000,
 
002019912,000000001,000000022,0000.000,0000.000,0000.000,
 
002019932,000000002,000000023,0000.000,0000.000,0000.000,
 
002019952,000000002,000000022,0000.000,0000.000,0000.000,
 
002019972,000000002,000000020,0000.000,0000.000,0000.000,
 
002019992,000000002,000000018,0000.000,0000.000,0000.000,
 
002020012,000000001,000000018,0000.000,0000.000,0000.000,
 
002020032,000000002,000000017,0000.000,0000.000,0000.000,
 
002020052,000000002,000000016,0000.000,0000.000,0000.000,
 
002020072,000000001,000000016,0000.000,0000.000,0000.000,
 
002020092,000000001,000000015,0000.000,0000.000,0000.000,
 
002020112,000000001,000000016,0000.000,0000.000,0000.000,
 
002020132,000000001,000000015,0000.000,0000.000,0000.000,
 
002020152,000000000,000000017,0000.000,0000.000,0000.000,
 
002020172,000000001,000000019,0000.000,0000.000,0000.000,
 
002020192,000000001,000000020,0000.000,0000.000,0000.000,
 
002020212,000000001,000000021,0000.000,0000.000,0000.000,
 
002020232,000000001,000000019,0000.000,0000.000,0000.000,
 
002020252,000000001,000000019,0000.000,0000.000,0000.000,
 
002020272,000000001,000000018,0000.000,0000.000,0000.000,
 
002020292,000000000,000000018,0000.000,0000.000,0000.000,
 
002020312,000000000,000000017,0000.000,0000.000,0000.000,
 
002020332,000000000,000000016,0000.000,0000.000,0000.000,
 
002020352,000000000,000000015,0000.000,0000.000,0000.000,
 
002020372,000000000,000000015,0000.000,0000.000,0000.000,
 
002020392,000000000,000000017,0000.000,0000.000,0000.000,
 
002020412,000000000,000000018,0000.000,0000.000,0000.000,
 
002020432,000000000,000000018,0000.000,0000.000,0000.000,
 
002020452,000000000,000000018,0000.000,0000.000,0000.000,
 
002020472,000000002,000000020,0000.000,0000.000,0000.000,
 
002020492,000000002,000000020,0000.000,0000.000,0000.000,
 
002020512,000000001,000000022,0000.000,0000.000,0000.000,
 
002020532,000000001,000000023,0000.000,0000.000,0000.000,
 
002020552,000000000,000000021,0000.000,0000.000,0000.000,
 
002020572,000000000,000000019,0000.000,0000.000,0000.000,
 
002020592,000000000,000000017,0000.000,0000.000,0000.000,
 
002020612,000000001,000000015,0000.000,0000.000,0000.000,
 
002020632,000000001,000000014,0000.000,0000.000,0000.000,
 
002020652,000000000,000000013,0000.000,0000.000,0000.000,
 
002020672,000000000,000000014,0000.000,0000.000,0000.000,
 
002020692,000000001,000000015,0000.000,0000.000,0000.000,
 
002020712,000000000,000000016,0000.000,0000.000,0000.000,
 
002020732,000000000,000000018,0000.000,0000.000,0000.000,
 
002020752,-00000001,000000019,0000.000,0000.000,0000.000,
 
002020772,000000000,000000019,0000.000,0000.000,0000.000,
 
002020792,000000000,000000022,0000.000,0000.000,0000.000,
 
002020812,000000000,000000023,0000.000,0000.000,0000.000,
 
002020832,000000000,000000023,0000.000,0000.000,0000.000,
 
002020852,000000000,000000024,0000.000,0000.000,0000.000,
 
002020872,000000000,000000024,0000.000,0000.000,0000.000,
 
002020892,000000000,000000022,0000.000,0000.000,0000.000,
 
002020912,000000000,000000020,0000.000,0000.000,0000.000,
 
002020932,000000000,000000018,0000.000,0000.000,0000.000,
 
002020952,000000000,000000017,0000.000,0000.000,0000.000,
 
002020972,000000000,000000018,0000.000,0000.000,0000.000,
 
002020992,000000000,000000017,0000.000,0000.000,0000.000,
 
002021012,000000000,000000017,0000.000,0000.000,0000.000,
 
002021032,000000000,000000016,0000.000,0000.000,0000.000,
 
002021052,000000000,000000016,0000.000,0000.000,0000.000,
 
002021072,000000000,000000016,0000.000,0000.000,0000.000,
 
002021092,000000001,000000015,0000.000,0000.000,0000.000,
 
002021112,000000001,000000014,0000.000,0000.000,0000.000,
 
002021132,000000001,000000014,0000.000,0000.000,0000.000,
 
002021152,000000001,000000012,0000.000,0000.000,0000.000,
 
002021172,000000001,000000014,0000.000,0000.000,0000.000,
 
002021192,000000001,000000015,0000.000,0000.000,0000.000,
 
002021212,000000000,000000015,0000.000,0000.000,0000.000,
 
002021232,000000002,000000016,0000.000,0000.000,0000.000,
 
002021252,000000001,000000017,0000.000,0000.000,0000.000,
 
002021272,000000000,000000019,0000.000,0000.000,0000.000,
 
002021292,000000002,000000020,0000.000,0000.000,0000.000,
 
002021312,000000002,000000022,0000.000,0000.000,0000.000,
 
002021332,000000002,000000021,0000.000,0000.000,0000.000,
 
002021352,000000001,000000021,0000.000,0000.000,0000.000,
 
002021372,000000002,000000021,0000.000,0000.000,0000.000,
 
002021392,000000001,000000022,0000.000,0000.000,0000.000,
 
002021412,000000002,000000024,0000.000,0000.000,0000.000,
 
002021432,000000001,000000021,0000.000,0000.000,0000.000,
 
002021452,000000001,000000022,0000.000,0000.000,0000.000,
 
002021472,000000002,000000020,0000.000,0000.000,0000.000,
 
002021492,000000001,000000020,0000.000,0000.000,0000.000,
 
002021512,000000001,000000020,0000.000,0000.000,0000.000,
 
002021532,000000000,000000020,0000.000,0000.000,0000.000,
 
002021552,000000000,000000021,0000.000,0000.000,0000.000,
 
002021572,000000000,000000020,0000.000,0000.000,0000.000,
 
002021592,-00000002,000000021,0000.000,0000.000,0000.000,
 
002021612,000000000,000000022,0000.000,0000.000,0000.000,
 
002021632,-00000001,000000023,0000.000,0000.000,0000.000,
 
002021652,000000000,000000024,0000.000,0000.000,0000.000,
 
002021672,-00000001,000000023,0000.000,0000.000,0000.000,
 
002021692,-00000001,000000022,0000.000,0000.000,0000.000,
 
002021712,-00000001,000000020,0000.000,0000.000,0000.000,
 
002021732,-00000001,000000021,0000.000,0000.000,0000.000,
 
002021752,-00000001,000000020,0000.000,0000.000,0000.000,
 
002021772,-00000001,000000021,0000.000,0000.000,0000.000,
 
002021792,-00000001,000000021,0000.000,0000.000,0000.000,
 
002021812,000000000,000000021,0000.000,0000.000,0000.000,
 
002021832,000000000,000000021,0000.000,0000.000,0000.000,
 
002021852,000000000,000000019,0000.000,0000.000,0000.000,
 
002021872,000000000,000000018,0000.000,0000.000,0000.000,
 
002021892,000000001,000000017,0000.000,0000.000,0000.000,
 
002021912,000000001,000000019,0000.000,0000.000,0000.000,
 
002021932,000000001,000000020,0000.000,0000.000,0000.000,
 
002021952,000000001,000000020,0000.000,0000.000,0000.000,
 
002021972,000000000,000000021,0000.000,0000.000,0000.000,
 
002021992,000000000,000000020,0000.000,0000.000,0000.000,
 
002022012,000000000,000000020,0000.000,0000.000,0000.000,
 
002022032,000000000,000000019,0000.000,0000.000,0000.000,
 
002022052,-00000001,000000019,0000.000,0000.000,0000.000,
 
002022072,000000000,000000019,0000.000,0000.000,0000.000,
 
002022092,000000000,000000020,0000.000,0000.000,0000.000,
 
002022112,000000000,000000017,0000.000,0000.000,0000.000,
 
002022132,000000000,000000017,0000.000,0000.000,0000.000,
 
002022152,000000000,000000017,0000.000,0000.000,0000.000,
 
002022172,-00000001,000000019,0000.000,0000.000,0000.000,
 
002022192,-00000001,000000020,0000.000,0000.000,0000.000,
 
002022212,000000000,000000020,0000.000,0000.000,0000.000,
 
002022232,000000000,000000021,0000.000,0000.000,0000.000,
 
002022252,000000000,000000021,0000.000,0000.000,0000.000,
 
002022272,-00000001,000000022,0000.000,0000.000,0000.000,
 
002022292,-00000001,000000022,0000.000,0000.000,0000.000,
 
002022312,-00000002,000000024,0000.000,0000.000,0000.000,
 
002022332,000000000,000000024,0000.000,0000.000,0000.000,
 
002022352,-00000001,000000026,0000.000,0000.000,0000.000,
 
002022372,000000000,000000024,0000.000,0000.000,0000.000,
 
002022392,000000001,000000024,0000.000,0000.000,0000.000,
 
002022412,000000001,000000023,0000.000,0000.000,0000.000,
 
002022432,000000002,000000022,0000.000,0000.000,0000.000,
 
002022452,000000001,000000022,0000.000,0000.000,0000.000,
 
002022472,000000000,000000021,0000.000,0000.000,0000.000,
 
002022492,000000000,000000021,0000.000,0000.000,0000.000,
 
002022512,-00000001,000000020,0000.000,0000.000,0000.000,
 
002022532,000000000,000000021,0000.000,0000.000,0000.000,
 
002022552,000000000,000000024,0000.000,0000.000,0000.000,
 
002022572,000000000,000000023,0000.000,0000.000,0000.000,
 
002022592,000000000,000000021,0000.000,0000.000,0000.000,
 
002022612,000000000,000000018,0000.000,0000.000,0000.000,
 
002022632,000000000,000000017,0000.000,0000.000,0000.000,
 
002022652,000000000,000000019,0000.000,0000.000,0000.000,
 
002022672,000000000,000000018,0000.000,0000.000,0000.000,
 
002022692,000000000,000000018,0000.000,0000.000,0000.000,
 
002022712,000000000,000000015,0000.000,0000.000,0000.000,
 
002022732,000000000,000000016,0000.000,0000.000,0000.000,
 
002022752,-00000001,000000014,0000.000,0000.000,0000.000,
 
002022772,-00000001,000000014,0000.000,0000.000,0000.000,
 
002022792,-00000001,000000016,0000.000,0000.000,0000.000,
 
002022812,-00000001,000000018,0000.000,0000.000,0000.000,
 
002022832,000000000,000000018,0000.000,0000.000,0000.000,
 
002022852,000000000,000000018,0000.000,0000.000,0000.000,
 
002022872,000000000,000000019,0000.000,0000.000,0000.000,
 
002022892,000000000,000000019,0000.000,0000.000,0000.000,
 
002022912,000000002,000000021,0000.000,0000.000,0000.000,
 
002022932,000000000,000000021,0000.000,0000.000,0000.000,
 
002022952,000000000,000000020,0000.000,0000.000,0000.000,
 
002022972,-00000001,000000020,0000.000,0000.000,0000.000,
 
002022992,000000000,000000021,0000.000,0000.000,0000.000,
 
002023012,000000000,000000021,0000.000,0000.000,0000.000,
 
002023032,000000000,000000022,0000.000,0000.000,0000.000,
 
002023052,000000002,000000021,0000.000,0000.000,0000.000,
 
002023072,000000001,000000022,0000.000,0000.000,0000.000,
 
002023092,000000000,000000022,0000.000,0000.000,0000.000,
 
002023112,000000000,000000022,0000.000,0000.000,0000.000,
 
002023132,-00000001,000000022,0000.000,0000.000,0000.000,
 
002023152,000000000,000000021,0000.000,0000.000,0000.000,
 
002023172,000000000,000000023,0000.000,0000.000,0000.000,
 
002023192,000000000,000000022,0000.000,0000.000,0000.000,
 
002023212,000000000,000000021,0000.000,0000.000,0000.000,
 
002023232,000000000,000000019,0000.000,0000.000,0000.000,
 
002023252,000000000,000000018,0000.000,0000.000,0000.000,
 
002023272,000000000,000000018,0000.000,0000.000,0000.000,
 
002023292,000000000,000000015,0000.000,0000.000,0000.000,
 
002023312,000000000,000000014,0000.000,0000.000,0000.000,
 
002023332,000000001,000000013,0000.000,0000.000,0000.000,
 
002023352,000000000,000000012,0000.000,0000.000,0000.000,
 
002023372,000000001,000000012,0000.000,0000.000,0000.000,
 
002023392,000000000,000000011,0000.000,0000.000,0000.000,
 
002023412,000000000,000000010,0000.000,0000.000,0000.000,
 
002023432,000000001,000000010,0000.000,0000.000,0000.000,
 
002023452,000000000,000000010,0000.000,0000.000,0000.000,
 
002023472,000000000,000000010,0000.000,0000.000,0000.000,
 
002023492,000000000,000000007,0000.000,0000.000,0000.000,
 
002023512,000000000,000000004,0000.000,0000.000,0000.000,
 
002023532,000000000,000000003,0000.000,0000.000,0000.000,
 
002023552,000000000,000000004,0000.000,0000.000,0000.000,
 
002023572,000000000,000000003,0000.000,0000.000,0000.000,
 
002023592,000000000,000000003,0000.000,0000.000,0000.000,
 
002023612,000000000,000000002,0000.000,0000.000,0000.000,
 
002023632,000000000,000000002,0000.000,0000.000,0000.000,
 
002023652,000000000,000000004,0000.000,0000.000,0000.000,
 
002023672,-00000001,000000004,0000.000,0000.000,0000.000,
 
002023692,000000000,000000004,0000.000,0000.000,0000.000,
 
002023712,000000000,000000003,0000.000,0000.000,0000.000,
 
002023732,000000000,000000003,0000.000,0000.000,0000.000,
 
002023752,000000000,000000003,0000.000,0000.000,0000.000,
 
002023772,000000000,000000004,0000.000,0000.000,0000.000,
 
002023792,000000000,000000004,0000.000,0000.000,0000.000,
 
002023812,000000000,000000004,0000.000,0000.000,0000.000,
 
002023832,000000000,000000005,0000.000,0000.000,0000.000,
 
002023852,000000000,000000005,0000.000,0000.000,0000.000,
 
002023872,-00000001,000000006,0000.000,0000.000,0000.000,
 
002023892,-00000001,000000007,0000.000,0000.000,0000.000,
 
002023912,000000000,000000006,0000.000,0000.000,0000.000,
 
002023932,000000000,000000003,0000.000,0000.000,0000.000,
 
002023952,000000000,000000000,0000.000,0000.000,0000.000,
 
002023972,000000000,000000001,0000.000,0000.000,0000.000,
 
002023992,000000000,000000000,0000.000,0000.000,0000.000,
 
002024012,000000000,000000000,0000.000,0000.000,0000.000,
 
002024032,000000000,000000000,0000.000,0000.000,0000.000,
 
002024052,000000000,000000000,0000.000,0000.000,0000.000,
 
002024072,000000000,000000000,0000.000,0000.000,0000.000,
 
002024092,000000000,000000000,0000.000,0000.000,0000.000,
 
002024112,000000000,000000000,0000.000,0000.000,0000.000,
 
002024132,000000000,000000000,0000.000,0000.000,0000.000,
 
002024152,000000000,000000000,0000.000,0000.000,0000.000,
 
002024172,000000000,000000000,0000.000,0000.000,0000.000,
 
002024192,000000000,000000000,0000.000,0000.000,0000.000,
 
002024212,000000000,000000000,0000.000,0000.000,0000.000,
 
002024232,000000000,000000000,0000.000,0000.000,0000.000,
 
002024252,000000000,000000000,0000.000,0000.000,0000.000,
 
002024272,000000000,000000000,0000.000,0000.000,0000.000,
 
002024292,000000000,000000000,0000.000,0000.000,0000.000,
 
002024312,000000000,000000000,0000.000,0000.000,0000.000,
 
002024332,000000000,000000000,0000.000,0000.000,0000.000,
 
002024352,000000000,000000000,0000.000,0000.000,0000.000,
 
002024372,000000000,000000000,0000.000,0000.000,0000.000,
 
002024392,000000000,000000000,0000.000,0000.000,0000.000,
 
002024412,000000000,000000000,0000.000,0000.000,0000.000,
 
002024432,000000000,000000000,0000.000,0000.000,0000.000,
 
002024452,000000000,000000000,0000.000,0000.000,0000.000,
 
002024472,000000000,000000000,0000.000,0000.000,0000.000,
 
002024492,000000000,000000000,0000.000,0000.000,0000.000,
 
002024512,000000000,000000000,0000.000,0000.000,0000.000,
 
002024532,000000000,000000000,0000.000,0000.000,0000.000,
 
002024552,000000000,000000000,0000.000,0000.000,0000.000,
 
002024572,000000000,000000000,0000.000,0000.000,0000.000,
 
002024592,000000000,000000000,0000.000,0000.000,0000.000,
 
002024612,000000000,000000000,0000.000,0000.000,0000.000,
 
002024632,000000000,000000000,0000.000,0000.000,0000.000,
 
002024652,000000000,000000000,0000.000,0000.000,0000.000,
 
002024672,000000000,000000000,0000.000,0000.000,0000.000,
 
002024692,000000000,000000000,0000.000,0000.000,0000.000,
 
002024712,000000000,000000000,0000.000,0000.000,0000.000,
 
002024732,000000000,000000000,0000.000,0000.000,0000.000,
 
002024752,000000000,000000000,0000.000,0000.000,0000.000,
 
002024772,000000000,000000000,0000.000,0000.000,0000.000,
 
002024792,000000000,000000000,0000.000,0000.000,0000.000,
 
002024812,000000000,000000000,0000.000,0000.000,0000.000,
 
002024832,000000000,000000000,0000.000,0000.000,0000.000,
 
002024852,000000000,000000000,0000.000,0000.000,0000.000,
 
002024872,000000000,000000000,0000.000,0000.000,0000.000,
 
002024892,000000000,000000000,0000.000,0000.000,0000.000,
 
002024912,000000000,000000000,0000.000,0000.000,0000.000,
 
002024932,000000000,000000000,0000.000,0000.000,0000.000,
 
002024952,000000000,000000000,0000.000,0000.000,0000.000,
 
002024972,000000000,000000000,0000.000,0000.000,0000.000,
 
002024992,000000000,000000000,0000.000,0000.000,0000.000,
 
002025012,000000000,000000000,0000.000,0000.000,0000.000,
 
002025032,000000000,000000000,0000.000,0000.000,0000.000,
 
002025052,000000000,000000000,0000.000,0000.000,0000.000,
 
002025072,000000000,000000000,0000.000,0000.000,0000.000,
 
002025092,000000000,000000000,0000.000,0000.000,0000.000,
 
002025112,000000000,000000000,0000.000,0000.000,0000.000,
 
002025132,000000000,000000000,0000.000,0000.000,0000.000,
 
002025152,000000000,000000000,0000.000,0000.000,0000.000,
 
002025172,000000000,000000000,0000.000,0000.000,0000.000,
 
002025192,000000000,000000000,0000.000,0000.000,0000.000,
 
002025212,000000000,000000000,0000.000,0000.000,0000.000,
 
002025232,000000000,000000000,0000.000,0000.000,0000.000,
 
002025252,000000000,000000000,0000.000,0000.000,0000.000,
 
002025272,000000000,000000000,0000.000,0000.000,0000.000,
 
002025292,000000000,000000000,0000.000,0000.000,0000.000,
 
002025312,000000000,000000000,0000.000,0000.000,0000.000,
 
002025332,000000000,000000001,0000.000,0000.000,0000.000,
 
002025352,000000000,000000005,0000.000,0000.000,0000.000,
 
002025372,000000000,000000010,0000.000,0000.000,0000.000,
 
002025392,-00000001,000000012,0000.000,0000.000,0000.000,
 
002025412,000000000,000000008,0000.000,0000.000,0000.000,
 
002025432,-00000001,000000005,0000.000,0000.000,0000.000,
 
002025452,000000000,000000002,0000.000,0000.000,0000.000,
 
002025472,000000000,000000001,0000.000,0000.000,0000.000,
 
002025492,000000000,000000000,0000.000,0000.000,0000.000,
 
002025512,000000000,000000000,0000.000,0000.000,0000.000,
 
002025532,000000000,000000000,0000.000,0000.000,0000.000,
 
002025552,000000000,000000000,0000.000,0000.000,0000.000,
 
002025572,000000000,000000000,0000.000,0000.000,0000.000,
 
002025592,000000000,000000000,0000.000,0000.000,0000.000,
 
002025612,000000000,000000000,0000.000,0000.000,0000.000,
 
002025632,000000000,000000000,0000.000,0000.000,0000.000,
 
002025652,000000000,000000000,0000.000,0000.000,0000.000,
 
002025672,000000000,000000000,0000.000,0000.000,0000.000,
 
002025692,000000000,000000000,0000.000,0000.000,0000.000,
 
002025712,000000000,000000000,0000.000,0000.000,0000.000,
 
002025732,000000000,000000000,0000.000,0000.000,0000.000,
 
002025752,000000000,000000000,0000.000,0000.000,0000.000,
 
002025772,000000000,000000000,0000.000,0000.000,0000.000,
 
002025792,000000000,000000000,0000.000,0000.000,0000.000,
 
002025812,000000000,000000000,0000.000,0000.000,0000.000,
 
002025832,000000000,000000000,0000.000,0000.000,0000.000,
 
002025852,000000000,000000000,0000.000,0000.000,0000.000,
 
002025872,000000000,000000000,0000.000,0000.000,0000.000,
 
002025892,000000000,000000000,0000.000,0000.000,0000.000,
 
002025912,000000000,000000000,0000.000,0000.000,0000.000,
 
002025932,000000000,000000000,0000.000,0000.000,0000.000,
 
002025952,000000000,000000000,0000.000,0000.000,0000.000,
 
002025972,000000000,000000000,0000.000,0000.000,0000.000,
 
002025992,000000000,000000000,0000.000,0000.000,0000.000,
 
002026012,000000000,000000000,0000.000,0000.000,0000.000,
 
002026032,000000000,000000000,0000.000,0000.000,0000.000,
 
002026052,000000000,000000000,0000.000,0000.000,0000.000,
 
002026072,000000000,000000000,0000.000,0000.000,0000.000,
 
002026092,000000000,000000000,0000.000,0000.000,0000.000,
 
002026112,000000000,000000000,0000.000,0000.000,0000.000,
 
002026132,000000000,000000000,0000.000,0000.000,0000.000,
 
002026152,000000000,000000000,0000.000,0000.000,0000.000,
 
002026172,000000000,000000000,0000.000,0000.000,0000.000,
 
002026192,000000000,000000000,0000.000,0000.000,0000.000,
 
002026212,000000000,000000000,0000.000,0000.000,0000.000,
 
002026232,000000000,000000000,0000.000,0000.000,0000.000,
 
002026252,000000000,000000000,0000.000,0000.000,0000.000,
 
002026272,000000000,000000000,0000.000,0000.000,0000.000,
 
002026292,000000000,000000000,0000.000,0000.000,0000.000,
 
002026312,000000000,000000000,0000.000,0000.000,0000.000,
 
002026332,000000000,000000000,0000.000,0000.000,0000.000,
 
002026352,000000000,000000000,0000.000,0000.000,0000.000,
 
002026372,000000000,000000000,0000.000,0000.000,0000.000,
 
002026392,000000000,000000000,0000.000,0000.000,0000.000,
 
002026412,000000000,000000000,0000.000,0000.000,0000.000,
 
002026432,000000000,000000000,0000.000,0000.000,0000.000,
 
002026452,000000000,000000000,0000.000,0000.000,0000.000,
 
002026472,000000000,000000000,0000.000,0000.000,0000.000,
 
002026492,000000000,000000000,0000.000,0000.000,0000.000,
 
002026512,000000000,000000000,0000.000,0000.000,0000.000,
 
002026532,000000000,000000000,0000.000,0000.000,0000.000,
 
002026552,000000000,000000000,0000.000,0000.000,0000.000,
 
002026572,000000000,000000000,0000.000,0000.000,0000.000,
 
002026592,000000000,000000000,0000.000,0000.000,0000.000,
 
002026612,000000000,000000000,0000.000,0000.000,0000.000,
 
002026632,000000000,000000000,0000.000,0000.000,0000.000,
 
002026652,000000000,000000000,0000.000,0000.000,0000.000,
 
002026672,000000000,000000000,0000.000,0000.000,0000.000,
 
002026692,000000000,000000000,0000.000,0000.000,0000.000,
 
002026712,000000000,000000000,0000.000,0000.000,0000.000,
 
002026732,000000000,000000000,0000.000,0000.000,0000.000,
 
002026752,000000000,000000000,0000.000,0000.000,0000.000,
 
002026772,000000000,000000000,0000.000,0000.000,0000.000,
 
002026792,000000000,000000000,0000.000,0000.000,0000.000,
 
002026812,000000000,000000000,0000.000,0000.000,0000.000,
 
002026832,000000000,000000000,0000.000,0000.000,0000.000,
 
002026852,000000000,000000000,0000.000,0000.000,0000.000,
 
002026872,000000000,000000000,0000.000,0000.000,0000.000,
 
002026892,000000000,000000000,0000.000,0000.000,0000.000,
 
002026912,000000000,000000000,0000.000,0000.000,0000.000,
 
002026932,000000000,000000000,0000.000,0000.000,0000.000,
 
002026952,000000000,000000000,0000.000,0000.000,0000.000,
 
002026972,000000000,000000000,0000.000,0000.000,0000.000,
 
002026992,000000000,000000000,0000.000,0000.000,0000.000,
 
002027012,000000000,000000000,0000.000,0000.000,0000.000,
 
002027032,000000000,000000000,0000.000,0000.000,0000.000,
 
002027052,000000000,000000000,0000.000,0000.000,0000.000,
 
002027072,000000000,000000000,0000.000,0000.000,0000.000,
 
