001987433,000000000,000000000,0000.000,0000.000,0000.000,
 
001987452,000000000,000000000,0000.000,0000.000,0000.000,
 
001987472,000000000,000000000,0000.000,0000.000,0000.000,
 
001987492,000000000,000000000,0000.000,0000.000,0000.000,
 
001987512,000000000,000000000,0000.000,0000.000,0000.000,
 
001987532,000000000,000000000,0000.000,0000.000,0000.000,
 
001987552,000000000,000000000,0000.000,0000.000,0000.000,
 
001987572,000000000,000000000,0000.000,0000.000,0000.000,
 
001987592,000000000,000000000,0000.000,0000.000,0000.000,
 
001987612,000000000,000000000,0000.000,0000.000,0000.000,
 
001987632,000000000,000000000,0000.000,0000.000,0000.000,
 
001987652,000000000,000000000,0000.000,0000.000,0000.000,
 
001987672,000000000,000000000,0000.000,0000.000,0000.000,
 
001987692,000000000,000000000,0000.000,0000.000,0000.000,
 
001987712,000000000,000000000,0000.000,0000.000,0000.000,
 
001987732,000000000,000000000,0000.000,0000.000,0000.000,
 
001987752,000000000,000000000,0000.000,0000.000,0000.000,
 
001987772,000000000,000000000,0000.000,0000.000,0000.000,
 
001987792,000000000,000000000,0000.000,0000.000,0000.000,
 
001987812,000000000,000000000,0000.000,0000.000,0000.000,
 
001987832,000000000,000000000,0000.000,0000.000,0000.000,
 
001987852,000000000,000000000,0000.000,0000.000,0000.000,
 
001987872,000000000,000000000,0000.000,0000.000,0000.000,
 
001987892,000000000,000000000,0000.000,0000.000,0000.000,
 
001987912,000000000,000000000,0000.000,0000.000,0000.000,
 
001987932,000000000,000000000,0000.000,0000.000,0000.000,
 
001987952,000000000,000000000,0000.000,0000.000,0000.000,
 
001987972,000000000,000000000,0000.000,0000.000,0000.000,
 
001987992,000000000,000000000,0000.000,0000.000,0000.000,
 
001988012,000000000,000000000,0000.000,0000.000,0000.000,
 
001988032,000000000,000000000,0000.000,0000.000,0000.000,
 
001988052,000000000,000000000,0000.000,0000.000,0000.000,
 
001988072,000000000,000000000,0000.000,0000.000,0000.000,
 
001988092,000000000,000000000,0000.000,0000.000,0000.000,
 
001988112,000000000,000000000,0000.000,0000.000,0000.000,
 
001988132,000000000,000000000,0000.000,0000.000,0000.000,
 
001988152,000000000,000000000,0000.000,0000.000,0000.000,
 
001988172,000000000,000000000,0000.000,0000.000,0000.000,
 
001988192,000000000,000000000,0000.000,0000.000,0000.000,
 
001988212,000000000,000000000,0000.000,0000.000,0000.000,
 
001988232,000000000,000000000,0000.000,0000.000,0000.000,
 
001988252,000000000,000000000,0000.000,0000.000,0000.000,
 
001988272,000000000,000000000,0000.000,0000.000,0000.000,
 
001988292,000000000,000000000,0000.000,0000.000,0000.000,
 
001988312,000000000,000000000,0000.000,0000.000,0000.000,
 
001988332,000000000,000000000,0000.000,0000.000,0000.000,
 
001988352,000000000,000000000,0000.000,0000.000,0000.000,
 
001988372,000000000,000000000,0000.000,0000.000,0000.000,
 
001988392,000000000,000000000,0000.000,0000.000,0000.000,
 
001988412,000000000,000000000,0000.000,0000.000,0000.000,
 
001988432,000000000,000000000,0000.000,0000.000,0000.000,
 
001988452,000000000,000000000,0000.000,0000.000,0000.000,
 
001988472,000000000,000000000,0000.000,0000.000,0000.000,
 
001988492,000000000,000000000,0000.000,0000.000,0000.000,
 
001988512,000000000,000000000,0000.000,0000.000,0000.000,
 
001988532,000000000,000000000,0000.000,0000.000,0000.000,
 
001988552,000000000,000000000,0000.000,0000.000,0000.000,
 
001988572,000000000,000000000,0000.000,0000.000,0000.000,
 
001988592,000000000,000000000,0000.000,0000.000,0000.000,
 
001988612,000000000,000000000,0000.000,0000.000,0000.000,
 
001988632,000000000,000000000,0000.000,0000.000,0000.000,
 
001988652,000000000,000000000,0000.000,0000.000,0000.000,
 
001988672,000000000,000000000,0000.000,0000.000,0000.000,
 
001988692,000000000,000000000,0000.000,0000.000,0000.000,
 
001988712,000000000,000000000,0000.000,0000.000,0000.000,
 
001988732,000000000,000000000,0000.000,0000.000,0000.000,
 
001988752,000000000,000000000,0000.000,0000.000,0000.000,
 
001988772,000000000,000000000,0000.000,0000.000,0000.000,
 
001988792,000000000,000000000,0000.000,0000.000,0000.000,
 
001988812,000000000,000000000,0000.000,0000.000,0000.000,
 
001988832,000000000,000000000,0000.000,0000.000,0000.000,
 
001988852,000000000,000000000,0000.000,0000.000,0000.000,
 
001988872,000000000,000000000,0000.000,0000.000,0000.000,
 
001988892,000000000,000000000,0000.000,0000.000,0000.000,
 
001988912,000000000,000000000,0000.000,0000.000,0000.000,
 
001988932,000000000,000000000,0000.000,0000.000,0000.000,
 
001988952,000000000,000000000,0000.000,0000.000,0000.000,
 
001988972,000000000,000000000,0000.000,0000.000,0000.000,
 
001988992,000000000,000000000,0000.000,0000.000,0000.000,
 
001989012,000000000,000000000,0000.000,0000.000,0000.000,
 
001989032,000000000,000000000,0000.000,0000.000,0000.000,
 
001989052,000000000,000000000,0000.000,0000.000,0000.000,
 
001989072,000000000,000000000,0000.000,0000.000,0000.000,
 
001989092,000000000,000000000,0000.000,0000.000,0000.000,
 
001989112,000000000,000000000,0000.000,0000.000,0000.000,
 
001989132,000000000,000000000,0000.000,0000.000,0000.000,
 
001989152,000000000,000000000,0000.000,0000.000,0000.000,
 
001989172,000000000,000000000,0000.000,0000.000,0000.000,
 
001989192,000000000,000000000,0000.000,0000.000,0000.000,
 
001989212,000000000,000000000,0000.000,0000.000,0000.000,
 
001989232,000000000,000000000,0000.000,0000.000,0000.000,
 
001989252,000000000,000000000,0000.000,0000.000,0000.000,
 
001989272,000000000,000000000,0000.000,0000.000,0000.000,
 
001989292,000000000,000000000,0000.000,0000.000,0000.000,
 
001989312,000000000,000000000,0000.000,0000.000,0000.000,
 
001989332,000000000,000000000,0000.000,0000.000,0000.000,
 
001989352,000000000,000000000,0000.000,0000.000,0000.000,
 
001989372,000000000,000000000,0000.000,0000.000,0000.000,
 
001989392,000000000,000000000,0000.000,0000.000,0000.000,
 
001989412,000000000,000000000,0000.000,0000.000,0000.000,
 
001989432,000000000,000000000,0000.000,0000.000,0000.000,
 
001989452,000000000,000000000,0000.000,0000.000,0000.000,
 
001989472,000000000,000000000,0000.000,0000.000,0000.000,
 
001989492,000000000,000000000,0000.000,0000.000,0000.000,
 
001989512,000000000,000000000,0000.000,0000.000,0000.000,
 
001989532,000000000,000000000,0000.000,0000.000,0000.000,
 
001989552,000000000,000000000,0000.000,0000.000,0000.000,
 
001989572,000000000,000000000,0000.000,0000.000,0000.000,
 
001989592,000000000,000000000,0000.000,0000.000,0000.000,
 
001989612,000000000,000000000,0000.000,0000.000,0000.000,
 
001989632,000000000,000000000,0000.000,0000.000,0000.000,
 
001989652,000000000,000000000,0000.000,0000.000,0000.000,
 
001989672,000000000,000000000,0000.000,0000.000,0000.000,
 
001989692,000000000,000000000,0000.000,0000.000,0000.000,
 
001989712,000000000,000000000,0000.000,0000.000,0000.000,
 
001989732,000000000,000000000,0000.000,0000.000,0000.000,
 
001989752,000000000,000000000,0000.000,0000.000,0000.000,
 
001989772,000000000,000000000,0000.000,0000.000,0000.000,
 
001989792,000000000,000000000,0000.000,0000.000,0000.000,
 
001989812,000000000,000000000,0000.000,0000.000,0000.000,
 
001989832,000000000,000000000,0000.000,0000.000,0000.000,
 
001989852,000000000,000000000,0000.000,0000.000,0000.000,
 
001989872,000000000,000000000,0000.000,0000.000,0000.000,
 
001989892,000000000,000000000,0000.000,0000.000,0000.000,
 
001989912,000000000,000000000,0000.000,0000.000,0000.000,
 
001989932,000000000,000000000,0000.000,0000.000,0000.000,
 
001989952,000000000,000000000,0000.000,0000.000,0000.000,
 
001989972,000000000,000000000,0000.000,0000.000,0000.000,
 
001989992,000000000,000000000,0000.000,0000.000,0000.000,
 
001990012,000000000,000000000,0000.000,0000.000,0000.000,
 
001990032,000000000,000000000,0000.000,0000.000,0000.000,
 
001990052,000000000,000000000,0000.000,0000.000,0000.000,
 
001990072,000000000,000000000,0000.000,0000.000,0000.000,
 
001990092,000000000,000000000,0000.000,0000.000,0000.000,
 
001990112,000000000,000000000,0000.000,0000.000,0000.000,
 
001990132,000000000,000000000,0000.000,0000.000,0000.000,
 
001990152,000000000,000000000,0000.000,0000.000,0000.000,
 
001990172,000000000,000000000,0000.000,0000.000,0000.000,
 
001990192,000000000,000000000,0000.000,0000.000,0000.000,
 
001990212,000000000,000000000,0000.000,0000.000,0000.000,
 
001990232,000000000,000000000,0000.000,0000.000,0000.000,
 
001990252,000000000,000000000,0000.000,0000.000,0000.000,
 
001990272,000000000,000000000,0000.000,0000.000,0000.000,
 
001990292,000000000,000000000,0000.000,0000.000,0000.000,
 
001990312,000000000,000000000,0000.000,0000.000,0000.000,
 
001990332,000000000,000000000,0000.000,0000.000,0000.000,
 
001990352,000000000,000000000,0000.000,0000.000,0000.000,
 
001990372,000000000,000000000,0000.000,0000.000,0000.000,
 
001990392,000000000,000000000,0000.000,0000.000,0000.000,
 
001990412,000000000,000000000,0000.000,0000.000,0000.000,
 
001990432,000000000,000000000,0000.000,0000.000,0000.000,
 
001990452,000000000,000000000,0000.000,0000.000,0000.000,
 
001990472,000000000,000000000,0000.000,0000.000,0000.000,
 
001990492,000000000,000000000,0000.000,0000.000,0000.000,
 
001990512,000000000,000000000,0000.000,0000.000,0000.000,
 
001990532,000000000,000000000,0000.000,0000.000,0000.000,
 
001990552,000000000,000000000,0000.000,0000.000,0000.000,
 
001990572,000000000,000000000,0000.000,0000.000,0000.000,
 
001990592,000000000,000000000,0000.000,0000.000,0000.000,
 
001990612,000000000,000000000,0000.000,0000.000,0000.000,
 
001990632,000000000,000000000,0000.000,0000.000,0000.000,
 
001990652,000000000,-00000004,0000.000,0000.000,0000.000,
 
001990672,000000000,-00000007,0000.000,0000.000,0000.000,
 
001990692,000000000,-00000006,0000.000,0000.000,0000.000,
 
001990712,000000001,-00000006,0000.000,0000.000,0000.000,
 
001990732,000000001,-00000007,0000.000,0000.000,0000.000,
 
001990752,000000001,-00000007,0000.000,0000.000,0000.000,
 
001990772,000000001,-00000007,0000.000,0000.000,0000.000,
 
001990792,000000001,-00000006,0000.000,0000.000,0000.000,
 
001990812,000000000,-00000005,0000.000,0000.000,0000.000,
 
001990832,000000000,-00000005,0000.000,0000.000,0000.000,
 
001990852,000000001,-00000004,0000.000,0000.000,0000.000,
 
001990872,000000000,-00000007,0000.000,0000.000,0000.000,
 
001990892,000000000,-00000007,0000.000,0000.000,0000.000,
 
001990912,-00000001,-00000009,0000.000,0000.000,0000.000,
 
001990932,000000000,-00000010,0000.000,0000.000,0000.000,
 
001990952,-00000001,-00000011,0000.000,0000.000,0000.000,
 
001990972,000000000,-00000011,0000.000,0000.000,0000.000,
 
001990992,000000000,-00000013,0000.000,0000.000,0000.000,
 
001991012,000000000,-00000013,0000.000,0000.000,0000.000,
 
001991032,000000000,-00000015,0000.000,0000.000,0000.000,
 
001991052,000000000,-00000014,0000.000,0000.000,0000.000,
 
001991072,000000000,-00000014,0000.000,0000.000,0000.000,
 
001991092,000000000,-00000014,0000.000,0000.000,0000.000,
 
001991112,000000000,-00000014,0000.000,0000.000,0000.000,
 
001991132,000000000,-00000025,0000.000,0000.000,0000.000,
 
001991152,000000001,-00000020,0000.000,0000.000,0000.000,
 
001991172,000000001,-00000025,0000.000,0000.000,0000.000,
 
001991192,000000001,-00000026,0000.000,0000.000,0000.000,
 
001991212,000000001,-00000026,0000.000,0000.000,0000.000,
 
001991232,000000001,-00000025,0000.000,0000.000,0000.000,
 
001991252,000000000,-00000025,0000.000,0000.000,0000.000,
 
001991272,000000000,-00000024,0000.000,0000.000,0000.000,
 
001991292,000000001,-00000025,0000.000,0000.000,0000.000,
 
001991312,000000001,-00000025,0000.000,0000.000,0000.000,
 
001991332,000000000,-00000025,0000.000,0000.000,0000.000,
 
001991352,-00000002,-00000025,0000.000,0000.000,0000.000,
 
001991372,-00000002,-00000025,0000.000,0000.000,0000.000,
 
001991392,-00000002,-00000025,0000.000,0000.000,0000.000,
 
001991412,-00000002,-00000025,0000.000,0000.000,0000.000,
 
001991432,-00000002,-00000025,0000.000,0000.000,0000.000,
 
001991452,-00000002,-00000025,0000.000,0000.000,0000.000,
 
001991472,-00000003,-00000025,0000.000,0000.000,0000.000,
 
001991492,-00000002,-00000025,0000.000,0000.000,0000.000,
 
001991512,-00000001,-00000025,0000.000,0000.000,0000.000,
 
001991532,-00000001,-00000021,0000.000,0000.000,0000.000,
 
001991552,-00000001,-00000023,0000.000,0000.000,0000.000,
 
001991572,-00000001,-00000027,0000.000,0000.000,0000.000,
 
001991592,000000000,-00000028,0000.000,0000.000,0000.000,
 
001991612,000000000,-00000029,0000.000,0000.000,0000.000,
 
001991632,-00000001,-00000028,0000.000,0000.000,0000.000,
 
001991652,000000000,-00000028,0000.000,0000.000,0000.000,
 
001991672,000000000,-00000027,0000.000,0000.000,0000.000,
 
001991692,-00000001,-00000027,0000.000,0000.000,0000.000,
 
001991712,000000000,-00000025,0000.000,0000.000,0000.000,
 
001991732,000000000,-00000023,0000.000,0000.000,0000.000,
 
001991752,000000000,-00000021,0000.000,0000.000,0000.000,
 
001991772,000000000,-00000018,0000.000,0000.000,0000.000,
 
001991792,000000001,-00000017,0000.000,0000.000,0000.000,
 
001991812,000000000,-00000016,0000.000,0000.000,0000.000,
 
001991832,000000000,-00000025,0000.000,0000.000,0000.000,
 
001991852,-00000001,-00000025,0000.000,0000.000,0000.000,
 
001991872,-00000001,-00000022,0000.000,0000.000,0000.000,
 
001991892,-00000002,-00000026,0000.000,0000.000,0000.000,
 
001991912,-00000004,-00000027,0000.000,0000.000,0000.000,
 
001991932,-00000004,-00000029,0000.000,0000.000,0000.000,
 
001991952,-00000003,-00000031,0000.000,0000.000,0000.000,
 
001991972,-00000001,-00000032,0000.000,0000.000,0000.000,
 
001991992,-00000001,-00000033,0000.000,0000.000,0000.000,
 
001992012,-00000002,-00000032,0000.000,0000.000,0000.000,
 
001992032,-00000002,-00000030,0000.000,0000.000,0000.000,
 
001992052,-00000002,-00000030,0000.000,0000.000,0000.000,
 
001992072,-00000002,-00000028,0000.000,0000.000,0000.000,
 
001992092,-00000001,-00000027,0000.000,0000.000,0000.000,
 
001992112,-00000001,-00000025,0000.000,0000.000,0000.000,
 
001992132,-00000001,-00000023,0000.000,0000.000,0000.000,
 
001992152,000000000,-00000021,0000.000,0000.000,0000.000,
 
001992172,000000000,-00000025,0000.000,0000.000,0000.000,
 
001992192,000000001,-00000025,0000.000,0000.000,0000.000,
 
001992212,000000002,-00000021,0000.000,0000.000,0000.000,
 
001992232,000000001,-00000023,0000.000,0000.000,0000.000,
 
001992252,000000002,-00000026,0000.000,0000.000,0000.000,
 
001992272,000000002,-00000028,0000.000,0000.000,0000.000,
 
001992292,000000001,-00000029,0000.000,0000.000,0000.000,
 
001992312,000000001,-00000028,0000.000,0000.000,0000.000,
 
001992332,000000001,-00000025,0000.000,0000.000,0000.000,
 
001992352,000000001,-00000026,0000.000,0000.000,0000.000,
 
001992372,000000001,-00000027,0000.000,0000.000,0000.000,
 
001992392,000000000,-00000026,0000.000,0000.000,0000.000,
 
001992412,000000001,-00000026,0000.000,0000.000,0000.000,
 
001992432,000000000,-00000027,0000.000,0000.000,0000.000,
 
001992452,000000000,-00000026,0000.000,0000.000,0000.000,
 
001992472,000000000,-00000024,0000.000,0000.000,0000.000,
 
001992492,-00000001,-00000023,0000.000,0000.000,0000.000,
 
001992512,-00000001,-00000025,0000.000,0000.000,0000.000,
 
001992532,000000000,-00000025,0000.000,0000.000,0000.000,
 
001992552,-00000001,-00000018,0000.000,0000.000,0000.000,
 
001992572,000000000,-00000017,0000.000,0000.000,0000.000,
 
001992592,000000000,-00000025,0000.000,0000.000,0000.000,
 
001992612,-00000001,-00000016,0000.000,0000.000,0000.000,
 
001992632,000000000,-00000015,0000.000,0000.000,0000.000,
 
001992652,000000000,-00000014,0000.000,0000.000,0000.000,
 
001992672,000000000,-00000015,0000.000,0000.000,0000.000,
 
001992692,-00000001,-00000016,0000.000,0000.000,0000.000,
 
001992712,-00000001,-00000016,0000.000,0000.000,0000.000,
 
001992732,000000000,-00000025,0000.000,0000.000,0000.000,
 
001992752,-00000001,-00000017,0000.000,0000.000,0000.000,
 
001992772,-00000001,-00000019,0000.000,0000.000,0000.000,
 
001992792,-00000001,-00000025,0000.000,0000.000,0000.000,
 
001992812,000000000,-00000020,0000.000,0000.000,0000.000,
 
001992832,-00000001,-00000020,0000.000,0000.000,0000.000,
 
001992852,000000000,-00000025,0000.000,0000.000,0000.000,
 
001992872,000000000,-00000020,0000.000,0000.000,0000.000,
 
001992892,000000000,-00000021,0000.000,0000.000,0000.000,
 
001992912,000000000,-00000025,0000.000,0000.000,0000.000,
 
001992932,-00000001,-00000023,0000.000,0000.000,0000.000,
 
001992952,000000000,-00000024,0000.000,0000.000,0000.000,
 
001992972,000000000,-00000025,0000.000,0000.000,0000.000,
 
001992992,000000000,-00000026,0000.000,0000.000,0000.000,
 
001993012,000000000,-00000024,0000.000,0000.000,0000.000,
 
001993032,000000000,-00000022,0000.000,0000.000,0000.000,
 
001993052,000000000,-00000025,0000.000,0000.000,0000.000,
 
001993072,000000000,-00000023,0000.000,0000.000,0000.000,
 
001993092,000000000,-00000020,0000.000,0000.000,0000.000,
 
001993112,000000000,-00000025,0000.000,0000.000,0000.000,
 
001993132,000000000,-00000021,0000.000,0000.000,0000.000,
 
001993152,000000000,-00000022,0000.000,0000.000,0000.000,
 
001993172,000000000,-00000025,0000.000,0000.000,0000.000,
 
001993192,000000000,-00000022,0000.000,0000.000,0000.000,
 
001993212,000000000,-00000023,0000.000,0000.000,0000.000,
 
001993232,-00000002,-00000025,0000.000,0000.000,0000.000,
 
001993252,-00000001,-00000025,0000.000,0000.000,0000.000,
 
001993272,-00000001,-00000026,0000.000,0000.000,0000.000,
 
001993292,-00000001,-00000024,0000.000,0000.000,0000.000,
 
001993312,-00000001,-00000023,0000.000,0000.000,0000.000,
 
001993332,-00000001,-00000025,0000.000,0000.000,0000.000,
 
001993352,-00000001,-00000027,0000.000,0000.000,0000.000,
 
001993372,000000000,-00000025,0000.000,0000.000,0000.000,
 
001993392,000000000,-00000025,0000.000,0000.000,0000.000,
 
001993412,-00000001,-00000024,0000.000,0000.000,0000.000,
 
001993432,-00000002,-00000025,0000.000,0000.000,0000.000,
 
001993452,-00000001,-00000026,0000.000,0000.000,0000.000,
 
001993472,000000000,-00000025,0000.000,0000.000,0000.000,
 
001993492,-00000002,-00000025,0000.000,0000.000,0000.000,
 
001993512,-00000002,-00000023,0000.000,0000.000,0000.000,
 
001993532,-00000001,-00000023,0000.000,0000.000,0000.000,
 
001993552,-00000002,-00000025,0000.000,0000.000,0000.000,
 
001993572,-00000002,-00000022,0000.000,0000.000,0000.000,
 
001993592,-00000001,-00000025,0000.000,0000.000,0000.000,
 
001993612,-00000001,-00000025,0000.000,0000.000,0000.000,
 
001993632,-00000002,-00000022,0000.000,0000.000,0000.000,
 
001993652,-00000001,-00000025,0000.000,0000.000,0000.000,
 
001993672,-00000001,-00000019,0000.000,0000.000,0000.000,
 
001993692,-00000002,-00000020,0000.000,0000.000,0000.000,
 
001993712,-00000001,-00000025,0000.000,0000.000,0000.000,
 
001993732,000000000,-00000022,0000.000,0000.000,0000.000,
 
001993752,000000000,-00000025,0000.000,0000.000,0000.000,
 
001993772,000000001,-00000020,0000.000,0000.000,0000.000,
 
001993792,000000000,-00000019,0000.000,0000.000,0000.000,
 
001993812,000000001,-00000018,0000.000,0000.000,0000.000,
 
001993832,000000000,-00000018,0000.000,0000.000,0000.000,
 
001993852,000000001,-00000016,0000.000,0000.000,0000.000,
 
001993872,000000000,-00000014,0000.000,0000.000,0000.000,
 
001993892,000000000,-00000013,0000.000,0000.000,0000.000,
 
001993912,000000000,-00000014,0000.000,0000.000,0000.000,
 
001993932,000000001,-00000013,0000.000,0000.000,0000.000,
 
001993952,000000000,-00000013,0000.000,0000.000,0000.000,
 
001993972,-00000001,-00000014,0000.000,0000.000,0000.000,
 
001993992,-00000002,-00000015,0000.000,0000.000,0000.000,
 
001994012,000000000,-00000016,0000.000,0000.000,0000.000,
 
001994032,000000000,-00000015,0000.000,0000.000,0000.000,
 
001994052,000000001,-00000014,0000.000,0000.000,0000.000,
 
001994072,000000000,-00000014,0000.000,0000.000,0000.000,
 
001994092,000000000,-00000015,0000.000,0000.000,0000.000,
 
001994112,000000000,-00000016,0000.000,0000.000,0000.000,
 
001994132,000000001,-00000015,0000.000,0000.000,0000.000,
 
001994152,000000000,-00000015,0000.000,0000.000,0000.000,
 
001994172,000000001,-00000014,0000.000,0000.000,0000.000,
 
001994192,000000000,-00000014,0000.000,0000.000,0000.000,
 
001994212,000000001,-00000015,0000.000,0000.000,0000.000,
 
001994232,000000001,-00000014,0000.000,0000.000,0000.000,
 
001994252,000000000,-00000015,0000.000,0000.000,0000.000,
 
001994272,000000001,-00000015,0000.000,0000.000,0000.000,
 
001994292,000000000,-00000016,0000.000,0000.000,0000.000,
 
001994312,000000001,-00000017,0000.000,0000.000,0000.000,
 
001994332,000000000,-00000016,0000.000,0000.000,0000.000,
 
001994352,000000000,-00000025,0000.000,0000.000,0000.000,
 
001994372,000000000,-00000017,0000.000,0000.000,0000.000,
 
001994392,000000000,-00000014,0000.000,0000.000,0000.000,
 
001994412,000000000,-00000011,0000.000,0000.000,0000.000,
 
001994432,000000000,-00000013,0000.000,0000.000,0000.000,
 
001994452,000000000,-00000008,0000.000,0000.000,0000.000,
 
001994472,000000000,-00000007,0000.000,0000.000,0000.000,
 
001994492,000000000,-00000008,0000.000,0000.000,0000.000,
 
001994512,000000000,-00000007,0000.000,0000.000,0000.000,
 
001994532,-00000001,-00000007,0000.000,0000.000,0000.000,
 
001994552,000000000,-00000007,0000.000,0000.000,0000.000,
 
001994572,-00000001,-00000008,0000.000,0000.000,0000.000,
 
001994592,000000000,-00000008,0000.000,0000.000,0000.000,
 
001994612,000000000,-00000007,0000.000,0000.000,0000.000,
 
001994632,000000000,-00000004,0000.000,0000.000,0000.000,
 
001994652,000000000,-00000002,0000.000,0000.000,0000.000,
 
001994672,000000000,-00000001,0000.000,0000.000,0000.000,
 
001994692,000000000,000000000,0000.000,0000.000,0000.000,
 
001994712,-00000001,000000000,0000.000,0000.000,0000.000,
 
001994732,000000000,000000000,0000.000,0000.000,0000.000,
 
001994752,000000000,000000000,0000.000,0000.000,0000.000,
 
001994772,000000000,000000000,0000.000,0000.000,0000.000,
 
001994792,000000000,000000000,0000.000,0000.000,0000.000,
 
001994812,000000000,000000000,0000.000,0000.000,0000.000,
 
001994832,000000000,000000000,0000.000,0000.000,0000.000,
 
001994852,000000000,000000000,0000.000,0000.000,0000.000,
 
001994872,000000000,000000000,0000.000,0000.000,0000.000,
 
001994892,000000000,000000000,0000.000,0000.000,0000.000,
 
001994912,000000000,000000000,0000.000,0000.000,0000.000,
 
001994932,000000000,000000000,0000.000,0000.000,0000.000,
 
001994952,000000000,000000000,0000.000,0000.000,0000.000,
 
001994972,000000000,000000000,0000.000,0000.000,0000.000,
 
001994992,000000000,000000000,0000.000,0000.000,0000.000,
 
001995012,000000000,000000000,0000.000,0000.000,0000.000,
 
001995032,000000000,000000000,0000.000,0000.000,0000.000,
 
001995052,000000000,000000000,0000.000,0000.000,0000.000,
 
001995072,000000000,000000000,0000.000,0000.000,0000.000,
 
001995092,000000000,000000000,0000.000,0000.000,0000.000,
 
001995112,000000000,000000000,0000.000,0000.000,0000.000,
 
001995132,000000000,000000000,0000.000,0000.000,0000.000,
 
001995152,000000000,000000000,0000.000,0000.000,0000.000,
 
001995172,000000000,000000000,0000.000,0000.000,0000.000,
 
001995192,000000000,000000000,0000.000,0000.000,0000.000,
 
001995212,000000000,000000000,0000.000,0000.000,0000.000,
 
001995232,000000000,000000000,0000.000,0000.000,0000.000,
 
001995252,000000000,000000000,0000.000,0000.000,0000.000,
 
001995272,000000000,000000000,0000.000,0000.000,0000.000,
 
001995292,000000000,000000000,0000.000,0000.000,0000.000,
 
001995312,000000000,000000000,0000.000,0000.000,0000.000,
 
001995332,000000000,000000000,0000.000,0000.000,0000.000,
 
001995352,000000000,000000000,0000.000,0000.000,0000.000,
 
001995372,000000000,000000000,0000.000,0000.000,0000.000,
 
001995392,000000000,000000000,0000.000,0000.000,0000.000,
 
001995412,000000000,000000000,0000.000,0000.000,0000.000,
 
001995432,000000000,000000000,0000.000,0000.000,0000.000,
 
001995452,000000000,000000000,0000.000,0000.000,0000.000,
 
001995472,000000000,000000000,0000.000,0000.000,0000.000,
 
001995492,000000000,000000000,0000.000,0000.000,0000.000,
 
001995512,000000000,000000000,0000.000,0000.000,0000.000,
 
001995532,000000000,000000000,0000.000,0000.000,0000.000,
 
001995552,000000000,000000000,0000.000,0000.000,0000.000,
 
001995572,000000000,000000000,0000.000,0000.000,0000.000,
 
001995592,000000000,000000000,0000.000,0000.000,0000.000,
 
001995612,000000000,000000000,0000.000,0000.000,0000.000,
 
001995632,000000000,000000000,0000.000,0000.000,0000.000,
 
001995652,000000000,000000000,0000.000,0000.000,0000.000,
 
001995672,000000000,000000000,0000.000,0000.000,0000.000,
 
001995692,000000000,000000000,0000.000,0000.000,0000.000,
 
001995712,000000000,000000000,0000.000,0000.000,0000.000,
 
001995732,000000000,000000000,0000.000,0000.000,0000.000,
 
001995752,000000000,000000000,0000.000,0000.000,0000.000,
 
001995772,000000000,000000000,0000.000,0000.000,0000.000,
 
001995792,000000000,000000000,0000.000,0000.000,0000.000,
 
001995812,000000000,000000000,0000.000,0000.000,0000.000,
 
001995832,000000000,000000000,0000.000,0000.000,0000.000,
 
001995852,000000000,000000000,0000.000,0000.000,0000.000,
 
001995872,000000000,000000000,0000.000,0000.000,0000.000,
 
001995892,000000000,000000000,0000.000,0000.000,0000.000,
 
001995912,000000000,000000000,0000.000,0000.000,0000.000,
 
001995932,000000000,000000000,0000.000,0000.000,0000.000,
 
001995952,000000000,000000000,0000.000,0000.000,0000.000,
 
001995972,000000000,000000000,0000.000,0000.000,0000.000,
 
001995992,000000000,000000000,0000.000,0000.000,0000.000,
 
001996012,000000000,000000000,0000.000,0000.000,0000.000,
 
001996032,000000000,000000000,0000.000,0000.000,0000.000,
 
001996052,000000000,000000000,0000.000,0000.000,0000.000,
 
001996072,000000000,000000000,0000.000,0000.000,0000.000,
 
001996092,000000000,000000000,0000.000,0000.000,0000.000,
 
001996112,000000000,000000000,0000.000,0000.000,0000.000,
 
001996132,000000000,000000001,0000.000,0000.000,0000.000,
 
001996152,000000000,000000007,0000.000,0000.000,0000.000,
 
001996172,000000000,000000008,0000.000,0000.000,0000.000,
 
001996192,000000000,000000008,0000.000,0000.000,0000.000,
 
001996212,000000001,000000007,0000.000,0000.000,0000.000,
 
001996232,000000001,000000006,0000.000,0000.000,0000.000,
 
001996252,000000000,000000005,0000.000,0000.000,0000.000,
 
001996272,000000001,000000004,0000.000,0000.000,0000.000,
 
001996292,000000000,000000001,0000.000,0000.000,0000.000,
 
001996312,000000000,000000000,0000.000,0000.000,0000.000,
 
001996332,000000000,000000000,0000.000,0000.000,0000.000,
 
001996352,000000000,000000000,0000.000,0000.000,0000.000,
 
001996372,000000000,000000000,0000.000,0000.000,0000.000,
 
001996392,000000000,000000000,0000.000,0000.000,0000.000,
 
001996412,000000000,000000000,0000.000,0000.000,0000.000,
 
001996432,000000000,000000001,0000.000,0000.000,0000.000,
 
001996452,000000001,000000003,0000.000,0000.000,0000.000,
 
001996472,000000000,000000006,0000.000,0000.000,0000.000,
 
001996492,000000002,000000009,0000.000,0000.000,0000.000,
 
001996512,000000001,000000009,0000.000,0000.000,0000.000,
 
001996532,000000003,000000008,0000.000,0000.000,0000.000,
 
001996552,000000002,000000009,0000.000,0000.000,0000.000,
 
001996572,000000003,000000009,0000.000,0000.000,0000.000,
 
001996592,000000002,000000011,0000.000,0000.000,0000.000,
 
001996612,000000002,000000012,0000.000,0000.000,0000.000,
 
001996632,000000001,000000014,0000.000,0000.000,0000.000,
 
001996652,000000002,000000013,0000.000,0000.000,0000.000,
 
001996672,000000002,000000014,0000.000,0000.000,0000.000,
 
001996692,000000002,000000014,0000.000,0000.000,0000.000,
 
001996712,000000001,000000013,0000.000,0000.000,0000.000,
 
001996732,000000001,000000013,0000.000,0000.000,0000.000,
 
001996752,000000002,000000013,0000.000,0000.000,0000.000,
 
001996772,000000002,000000012,0000.000,0000.000,0000.000,
 
001996792,000000002,000000014,0000.000,0000.000,0000.000,
 
001996812,000000002,000000014,0000.000,0000.000,0000.000,
 
001996832,000000001,000000014,0000.000,0000.000,0000.000,
 
001996852,000000000,000000015,0000.000,0000.000,0000.000,
 
001996872,000000001,000000015,0000.000,0000.000,0000.000,
 
001996892,000000001,000000017,0000.000,0000.000,0000.000,
 
001996912,000000002,000000018,0000.000,0000.000,0000.000,
 
001996932,000000002,000000019,0000.000,0000.000,0000.000,
 
001996952,000000002,000000019,0000.000,0000.000,0000.000,
 
001996972,000000001,000000021,0000.000,0000.000,0000.000,
 
001996992,000000000,000000021,0000.000,0000.000,0000.000,
 
001997012,000000001,000000022,0000.000,0000.000,0000.000,
 
001997032,000000002,000000022,0000.000,0000.000,0000.000,
 
001997052,000000001,000000022,0000.000,0000.000,0000.000,
 
001997072,000000000,000000024,0000.000,0000.000,0000.000,
 
001997092,000000000,000000024,0000.000,0000.000,0000.000,
 
001997112,000000000,000000023,0000.000,0000.000,0000.000,
 
001997132,000000000,000000024,0000.000,0000.000,0000.000,
 
001997152,000000000,000000021,0000.000,0000.000,0000.000,
 
001997172,000000001,000000019,0000.000,0000.000,0000.000,
 
001997192,000000001,000000018,0000.000,0000.000,0000.000,
 
001997212,000000001,000000018,0000.000,0000.000,0000.000,
 
001997232,000000001,000000018,0000.000,0000.000,0000.000,
 
001997252,000000000,000000018,0000.000,0000.000,0000.000,
 
001997272,000000001,000000018,0000.000,0000.000,0000.000,
 
001997292,000000001,000000017,0000.000,0000.000,0000.000,
 
001997312,000000001,000000019,0000.000,0000.000,0000.000,
 
001997332,000000001,000000019,0000.000,0000.000,0000.000,
 
001997352,000000001,000000020,0000.000,0000.000,0000.000,
 
001997372,000000002,000000020,0000.000,0000.000,0000.000,
 
001997392,000000001,000000020,0000.000,0000.000,0000.000,
 
001997412,000000001,000000021,0000.000,0000.000,0000.000,
 
001997432,000000000,000000021,0000.000,0000.000,0000.000,
 
001997452,000000000,000000023,0000.000,0000.000,0000.000,
 
001997472,-00000001,000000022,0000.000,0000.000,0000.000,
 
001997492,-00000001,000000022,0000.000,0000.000,0000.000,
 
001997512,000000000,000000021,0000.000,0000.000,0000.000,
 
001997532,000000001,000000021,0000.000,0000.000,0000.000,
 
001997552,000000000,000000020,0000.000,0000.000,0000.000,
 
001997572,000000000,000000021,0000.000,0000.000,0000.000,
 
001997592,-00000001,000000020,0000.000,0000.000,0000.000,
 
001997612,-00000001,000000021,0000.000,0000.000,0000.000,
 
001997632,000000000,000000022,0000.000,0000.000,0000.000,
 
001997652,-00000001,000000021,0000.000,0000.000,0000.000,
 
001997672,000000000,000000021,0000.000,0000.000,0000.000,
 
001997692,-00000002,000000020,0000.000,0000.000,0000.000,
 
001997712,-00000001,000000018,0000.000,0000.000,0000.000,
 
001997732,-00000001,000000017,0000.000,0000.000,0000.000,
 
001997752,-00000001,000000015,0000.000,0000.000,0000.000,
 
001997772,000000000,000000015,0000.000,0000.000,0000.000,
 
001997792,-00000001,000000016,0000.000,0000.000,0000.000,
 
001997812,000000000,000000016,0000.000,0000.000,0000.000,
 
001997832,000000001,000000016,0000.000,0000.000,0000.000,
 
001997852,000000001,000000017,0000.000,0000.000,0000.000,
 
001997872,000000000,000000020,0000.000,0000.000,0000.000,
 
001997892,000000000,000000019,0000.000,0000.000,0000.000,
 
001997912,000000000,000000021,0000.000,0000.000,0000.000,
 
001997932,000000000,000000023,0000.000,0000.000,0000.000,
 
001997952,000000000,000000024,0000.000,0000.000,0000.000,
 
001997972,-00000001,000000025,0000.000,0000.000,0000.000,
 
001997992,000000000,000000024,0000.000,0000.000,0000.000,
 
001998012,000000000,000000023,0000.000,0000.000,0000.000,
 
001998032,000000000,000000022,0000.000,0000.000,0000.000,
 
001998052,000000000,000000021,0000.000,0000.000,0000.000,
 
001998072,000000000,000000020,0000.000,0000.000,0000.000,
 
001998092,000000000,000000020,0000.000,0000.000,0000.000,
 
001998112,000000001,000000022,0000.000,0000.000,0000.000,
 
001998132,000000000,000000021,0000.000,0000.000,0000.000,
 
001998152,000000000,000000021,0000.000,0000.000,0000.000,
 
001998172,000000000,000000022,0000.000,0000.000,0000.000,
 
001998192,000000000,000000023,0000.000,0000.000,0000.000,
 
001998212,000000000,000000025,0000.000,0000.000,0000.000,
 
001998232,000000000,000000024,0000.000,0000.000,0000.000,
 
001998252,000000000,000000022,0000.000,0000.000,0000.000,
 
001998272,000000001,000000023,0000.000,0000.000,0000.000,
 
001998292,000000001,000000023,0000.000,0000.000,0000.000,
 
001998312,000000001,000000025,0000.000,0000.000,0000.000,
 
001998332,000000002,000000024,0000.000,0000.000,0000.000,
 
001998352,000000002,000000024,0000.000,0000.000,0000.000,
 
001998372,000000001,000000022,0000.000,0000.000,0000.000,
 
001998392,000000000,000000022,0000.000,0000.000,0000.000,
 
001998412,000000000,000000021,0000.000,0000.000,0000.000,
 
001998432,000000000,000000022,0000.000,0000.000,0000.000,
 
001998452,000000000,000000025,0000.000,0000.000,0000.000,
 
001998472,000000000,000000026,0000.000,0000.000,0000.000,
 
001998492,000000000,000000027,0000.000,0000.000,0000.000,
 
001998512,-00000001,000000025,0000.000,0000.000,0000.000,
 
001998532,-00000001,000000027,0000.000,0000.000,0000.000,
 
001998552,000000000,000000027,0000.000,0000.000,0000.000,
 
001998572,000000000,000000026,0000.000,0000.000,0000.000,
 
001998592,000000000,000000026,0000.000,0000.000,0000.000,
 
001998612,000000000,000000026,0000.000,0000.000,0000.000,
 
001998632,000000000,000000025,0000.000,0000.000,0000.000,
 
001998652,000000000,000000021,0000.000,0000.000,0000.000,
 
001998672,-00000001,000000021,0000.000,0000.000,0000.000,
 
001998692,000000000,000000022,0000.000,0000.000,0000.000,
 
001998712,000000000,000000023,0000.000,0000.000,0000.000,
 
001998732,000000000,000000024,0000.000,0000.000,0000.000,
 
001998752,000000000,000000026,0000.000,0000.000,0000.000,
 
001998772,000000000,000000027,0000.000,0000.000,0000.000,
 
001998792,000000000,000000029,0000.000,0000.000,0000.000,
 
001998812,000000000,000000028,0000.000,0000.000,0000.000,
 
001998832,000000000,000000029,0000.000,0000.000,0000.000,
 
001998852,000000002,000000028,0000.000,0000.000,0000.000,
 
001998872,000000002,000000028,0000.000,0000.000,0000.000,
 
001998892,000000002,000000030,0000.000,0000.000,0000.000,
 
001998912,000000002,000000028,0000.000,0000.000,0000.000,
 
001998932,000000002,000000030,0000.000,0000.000,0000.000,
 
001998952,000000003,000000028,0000.000,0000.000,0000.000,
 
001998972,000000003,000000027,0000.000,0000.000,0000.000,
 
001998992,000000002,000000027,0000.000,0000.000,0000.000,
 
001999012,000000001,000000025,0000.000,0000.000,0000.000,
 
001999032,000000000,000000027,0000.000,0000.000,0000.000,
 
001999052,000000001,000000028,0000.000,0000.000,0000.000,
 
001999072,000000000,000000027,0000.000,0000.000,0000.000,
 
001999092,000000002,000000026,0000.000,0000.000,0000.000,
 
001999112,000000002,000000025,0000.000,0000.000,0000.000,
 
001999132,000000002,000000026,0000.000,0000.000,0000.000,
 
001999152,000000003,000000027,0000.000,0000.000,0000.000,
 
001999172,000000002,000000028,0000.000,0000.000,0000.000,
 
001999192,000000003,000000028,0000.000,0000.000,0000.000,
 
001999212,000000003,000000027,0000.000,0000.000,0000.000,
 
001999232,000000003,000000027,0000.000,0000.000,0000.000,
 
001999252,000000003,000000026,0000.000,0000.000,0000.000,
 
001999272,000000003,000000026,0000.000,0000.000,0000.000,
 
001999292,000000003,000000027,0000.000,0000.000,0000.000,
 
001999312,000000001,000000026,0000.000,0000.000,0000.000,
 
001999332,000000001,000000025,0000.000,0000.000,0000.000,
 
001999352,000000000,000000024,0000.000,0000.000,0000.000,
 
001999372,000000000,000000024,0000.000,0000.000,0000.000,
 
001999392,-00000001,000000023,0000.000,0000.000,0000.000,
 
001999412,-00000001,000000023,0000.000,0000.000,0000.000,
 
001999432,000000000,000000023,0000.000,0000.000,0000.000,
 
001999452,000000000,000000022,0000.000,0000.000,0000.000,
 
001999472,000000000,000000021,0000.000,0000.000,0000.000,
 
001999492,000000000,000000021,0000.000,0000.000,0000.000,
 
001999512,-00000001,000000020,0000.000,0000.000,0000.000,
 
001999532,000000000,000000020,0000.000,0000.000,0000.000,
 
001999552,000000000,000000020,0000.000,0000.000,0000.000,
 
001999572,000000002,000000021,0000.000,0000.000,0000.000,
 
001999592,000000001,000000020,0000.000,0000.000,0000.000,
 
001999612,000000000,000000019,0000.000,0000.000,0000.000,
 
001999632,000000000,000000019,0000.000,0000.000,0000.000,
 
001999652,000000001,000000018,0000.000,0000.000,0000.000,
 
001999672,000000000,000000018,0000.000,0000.000,0000.000,
 
001999692,000000000,000000017,0000.000,0000.000,0000.000,
 
001999712,000000001,000000014,0000.000,0000.000,0000.000,
 
001999732,000000000,000000014,0000.000,0000.000,0000.000,
 
001999752,000000001,000000013,0000.000,0000.000,0000.000,
 
001999772,000000000,000000013,0000.000,0000.000,0000.000,
 
001999792,000000000,000000010,0000.000,0000.000,0000.000,
 
001999812,000000000,000000010,0000.000,0000.000,0000.000,
 
001999832,000000000,000000009,0000.000,0000.000,0000.000,
 
001999852,000000000,000000009,0000.000,0000.000,0000.000,
 
001999872,000000000,000000010,0000.000,0000.000,0000.000,
 
001999892,000000000,000000011,0000.000,0000.000,0000.000,
 
001999912,000000000,000000012,0000.000,0000.000,0000.000,
 
001999932,000000000,000000011,0000.000,0000.000,0000.000,
 
001999952,000000000,000000010,0000.000,0000.000,0000.000,
 
001999972,000000000,000000009,0000.000,0000.000,0000.000,
 
001999992,000000000,000000009,0000.000,0000.000,0000.000,
 
002000012,000000000,000000007,0000.000,0000.000,0000.000,
 
002000032,000000000,000000005,0000.000,0000.000,0000.000,
 
002000052,000000000,000000005,0000.000,0000.000,0000.000,
 
002000072,000000000,000000002,0000.000,0000.000,0000.000,
 
002000092,000000000,000000002,0000.000,0000.000,0000.000,
 
002000112,000000000,000000000,0000.000,0000.000,0000.000,
 
002000132,000000000,000000000,0000.000,0000.000,0000.000,
 
002000152,000000000,000000000,0000.000,0000.000,0000.000,
 
002000172,000000000,000000000,0000.000,0000.000,0000.000,
 
002000192,000000000,000000000,0000.000,0000.000,0000.000,
 
002000212,000000000,000000000,0000.000,0000.000,0000.000,
 
002000232,000000000,000000001,0000.000,0000.000,0000.000,
 
002000252,000000000,000000002,0000.000,0000.000,0000.000,
 
002000272,000000000,000000003,0000.000,0000.000,0000.000,
 
002000292,000000000,000000005,0000.000,0000.000,0000.000,
 
002000312,000000000,000000005,0000.000,0000.000,0000.000,
 
002000332,000000000,000000003,0000.000,0000.000,0000.000,
 
002000352,000000000,000000004,0000.000,0000.000,0000.000,
 
002000372,000000000,000000004,0000.000,0000.000,0000.000,
 
002000392,000000000,000000005,0000.000,0000.000,0000.000,
 
002000412,-00000001,000000006,0000.000,0000.000,0000.000,
 
002000432,000000000,000000006,0000.000,0000.000,0000.000,
 
002000452,000000000,000000005,0000.000,0000.000,0000.000,
 
002000472,000000000,000000005,0000.000,0000.000,0000.000,
 
002000492,000000000,000000004,0000.000,0000.000,0000.000,
 
002000512,000000000,000000005,0000.000,0000.000,0000.000,
 
002000532,000000001,000000004,0000.000,0000.000,0000.000,
 
002000552,000000000,000000002,0000.000,0000.000,0000.000,
 
002000572,000000000,000000001,0000.000,0000.000,0000.000,
 
002000592,000000000,000000001,0000.000,0000.000,0000.000,
 
002000612,000000000,000000001,0000.000,0000.000,0000.000,
 
002000632,000000000,000000000,0000.000,0000.000,0000.000,
 
002000652,000000000,000000002,0000.000,0000.000,0000.000,
 
002000672,000000000,000000002,0000.000,0000.000,0000.000,
 
002000692,000000000,000000003,0000.000,0000.000,0000.000,
 
002000712,000000000,000000003,0000.000,0000.000,0000.000,
 
002000732,000000000,000000001,0000.000,0000.000,0000.000,
 
002000752,000000000,000000001,0000.000,0000.000,0000.000,
 
002000772,000000000,000000001,0000.000,0000.000,0000.000,
 
002000792,000000000,000000000,0000.000,0000.000,0000.000,
 
002000812,000000000,000000000,0000.000,0000.000,0000.000,
 
002000832,000000000,000000000,0000.000,0000.000,0000.000,
 
002000852,000000000,000000000,0000.000,0000.000,0000.000,
 
002000872,000000000,000000000,0000.000,0000.000,0000.000,
 
002000892,000000000,000000000,0000.000,0000.000,0000.000,
 
002000912,000000000,000000000,0000.000,0000.000,0000.000,
 
002000932,000000000,000000000,0000.000,0000.000,0000.000,
 
002000952,000000000,000000000,0000.000,0000.000,0000.000,
 
002000972,000000000,000000003,0000.000,0000.000,0000.000,
 
002000992,000000000,000000007,0000.000,0000.000,0000.000,
 
002001012,000000000,000000006,0000.000,0000.000,0000.000,
 
002001032,000000000,000000005,0000.000,0000.000,0000.000,
 
002001052,000000000,000000002,0000.000,0000.000,0000.000,
 
002001072,-00000001,000000001,0000.000,0000.000,0000.000,
 
002001092,000000000,000000000,0000.000,0000.000,0000.000,
 
002001112,000000000,000000000,0000.000,0000.000,0000.000,
 
002001132,000000000,000000000,0000.000,0000.000,0000.000,
 
002001152,000000000,000000000,0000.000,0000.000,0000.000,
 
002001172,000000000,000000000,0000.000,0000.000,0000.000,
 
002001192,000000000,000000000,0000.000,0000.000,0000.000,
 
002001212,000000000,000000000,0000.000,0000.000,0000.000,
 
002001232,000000000,000000001,0000.000,0000.000,0000.000,
 
002001252,000000000,000000001,0000.000,0000.000,0000.000,
 
002001272,000000000,000000000,0000.000,0000.000,0000.000,
 
002001292,000000000,000000000,0000.000,0000.000,0000.000,
 
002001312,000000000,000000000,0000.000,0000.000,0000.000,
 
002001332,000000000,000000000,0000.000,0000.000,0000.000,
 
002001352,000000000,000000000,0000.000,0000.000,0000.000,
 
002001372,000000000,000000000,0000.000,0000.000,0000.000,
 
002001392,000000000,000000000,0000.000,0000.000,0000.000,
 
002001412,000000000,000000000,0000.000,0000.000,0000.000,
 
002001432,000000000,000000000,0000.000,0000.000,0000.000,
 
002001452,000000000,000000000,0000.000,0000.000,0000.000,
 
002001472,000000000,000000000,0000.000,0000.000,0000.000,
 
002001492,000000000,000000000,0000.000,0000.000,0000.000,
 
002001512,000000000,000000000,0000.000,0000.000,0000.000,
 
002001532,000000000,000000000,0000.000,0000.000,0000.000,
 
002001552,000000000,000000000,0000.000,0000.000,0000.000,
 
002001572,000000000,000000000,0000.000,0000.000,0000.000,
 
002001592,000000000,000000000,0000.000,0000.000,0000.000,
 
002001612,000000000,000000000,0000.000,0000.000,0000.000,
 
002001632,000000000,000000000,0000.000,0000.000,0000.000,
 
002001652,000000000,000000000,0000.000,0000.000,0000.000,
 
002001672,000000000,000000000,0000.000,0000.000,0000.000,
 
002001692,000000000,000000000,0000.000,0000.000,0000.000,
 
002001712,000000000,000000000,0000.000,0000.000,0000.000,
 
002001732,000000000,000000000,0000.000,0000.000,0000.000,
 
002001752,000000000,000000000,0000.000,0000.000,0000.000,
 
002001772,000000000,000000000,0000.000,0000.000,0000.000,
 
002001792,000000000,000000000,0000.000,0000.000,0000.000,
 
002001812,000000000,000000000,0000.000,0000.000,0000.000,
 
002001832,000000000,000000000,0000.000,0000.000,0000.000,
 
002001852,000000000,000000000,0000.000,0000.000,0000.000,
 
002001872,000000000,000000000,0000.000,0000.000,0000.000,
 
002001892,000000000,000000000,0000.000,0000.000,0000.000,
 
002001912,000000000,000000001,0000.000,0000.000,0000.000,
 
002001932,-00000001,000000003,0000.000,0000.000,0000.000,
 
002001952,-00000003,000000005,0000.000,0000.000,0000.000,
 
002001972,-00000003,000000007,0000.000,0000.000,0000.000,
 
002001992,-00000003,000000005,0000.000,0000.000,0000.000,
 
002002012,-00000002,000000004,0000.000,0000.000,0000.000,
 
002002032,-00000001,000000002,0000.000,0000.000,0000.000,
 
002002052,000000000,000000000,0000.000,0000.000,0000.000,
 
002002072,000000000,000000000,0000.000,0000.000,0000.000,
 
002002092,000000000,000000000,0000.000,0000.000,0000.000,
 
002002112,000000000,000000000,0000.000,0000.000,0000.000,
 
002002132,000000000,000000000,0000.000,0000.000,0000.000,
 
002002152,000000000,000000000,0000.000,0000.000,0000.000,
 
002002172,000000000,000000000,0000.000,0000.000,0000.000,
 
002002192,000000000,000000000,0000.000,0000.000,0000.000,
 
002002212,000000000,000000000,0000.000,0000.000,0000.000,
 
002002232,000000000,000000000,0000.000,0000.000,0000.000,
 
002002252,000000000,000000000,0000.000,0000.000,0000.000,
 
002002272,000000000,000000000,0000.000,0000.000,0000.000,
 
002002292,000000000,000000000,0000.000,0000.000,0000.000,
 
002002312,000000000,000000000,0000.000,0000.000,0000.000,
 
002002332,000000000,000000000,0000.000,0000.000,0000.000,
 
002002352,000000000,000000000,0000.000,0000.000,0000.000,
 
002002372,000000000,000000000,0000.000,0000.000,0000.000,
 
002002392,000000000,000000000,0000.000,0000.000,0000.000,
 
002002412,000000000,000000000,0000.000,0000.000,0000.000,
 
002002432,000000000,000000000,0000.000,0000.000,0000.000,
 
002002452,000000000,000000000,0000.000,0000.000,0000.000,
 
002002472,000000000,000000000,0000.000,0000.000,0000.000,
 
002002492,000000000,000000000,0000.000,0000.000,0000.000,
 
002002512,000000000,000000000,0000.000,0000.000,0000.000,
 
002002532,000000000,000000000,0000.000,0000.000,0000.000,
 
002002552,000000000,000000000,0000.000,0000.000,0000.000,
 
002002572,000000000,000000000,0000.000,0000.000,0000.000,
 
002002592,000000000,000000000,0000.000,0000.000,0000.000,
 
002002612,000000000,000000000,0000.000,0000.000,0000.000,
 
002002632,000000000,000000000,0000.000,0000.000,0000.000,
 
002002652,000000000,000000000,0000.000,0000.000,0000.000,
 
002002672,000000000,000000000,0000.000,0000.000,0000.000,
 
002002692,000000000,000000000,0000.000,0000.000,0000.000,
 
002002712,000000000,000000000,0000.000,0000.000,0000.000,
 
002002732,000000000,000000000,0000.000,0000.000,0000.000,
 
002002752,000000000,000000000,0000.000,0000.000,0000.000,
 
002002772,000000000,000000000,0000.000,0000.000,0000.000,
 
002002792,000000000,000000000,0000.000,0000.000,0000.000,
 
002002812,000000000,000000000,0000.000,0000.000,0000.000,
 
002002832,000000000,000000000,0000.000,0000.000,0000.000,
 
002002852,000000000,000000000,0000.000,0000.000,0000.000,
 
002002872,000000000,000000000,0000.000,0000.000,0000.000,
 
002002892,000000000,000000000,0000.000,0000.000,0000.000,
 
002002912,000000000,000000000,0000.000,0000.000,0000.000,
 
002002932,000000000,000000000,0000.000,0000.000,0000.000,
 
002002952,000000000,000000000,0000.000,0000.000,0000.000,
 
002002972,000000000,000000000,0000.000,0000.000,0000.000,
 
002002992,000000000,000000000,0000.000,0000.000,0000.000,
 
002003012,000000000,000000000,0000.000,0000.000,0000.000,
 
002003032,000000000,000000000,0000.000,0000.000,0000.000,
 
002003052,000000000,000000000,0000.000,0000.000,0000.000,
 
002003072,000000000,000000000,0000.000,0000.000,0000.000,
 
002003092,000000000,000000000,0000.000,0000.000,0000.000,
 
002003112,000000000,000000000,0000.000,0000.000,0000.000,
 
002003132,000000000,000000000,0000.000,0000.000,0000.000,
 
002003152,000000000,000000000,0000.000,0000.000,0000.000,
 
002003172,000000000,000000000,0000.000,0000.000,0000.000,
 
002003192,000000000,000000000,0000.000,0000.000,0000.000,
 
002003212,000000000,000000000,0000.000,0000.000,0000.000,
 
002003232,000000000,000000000,0000.000,0000.000,0000.000,
 
002003252,000000000,000000000,0000.000,0000.000,0000.000,
 
002003272,000000000,000000000,0000.000,0000.000,0000.000,
 
002003292,000000000,000000000,0000.000,0000.000,0000.000,
 
002003312,000000000,000000000,0000.000,0000.000,0000.000,
 
002003332,000000000,000000000,0000.000,0000.000,0000.000,
 
002003352,000000000,000000000,0000.000,0000.000,0000.000,
 
002003372,000000000,000000000,0000.000,0000.000,0000.000,
 
002003392,000000000,000000000,0000.000,0000.000,0000.000,
 
002003412,000000000,000000000,0000.000,0000.000,0000.000,
 
002003432,000000000,000000000,0000.000,0000.000,0000.000,
 
002003452,000000000,000000000,0000.000,0000.000,0000.000,
 
002003472,000000000,000000000,0000.000,0000.000,0000.000,
 
002003492,000000000,000000000,0000.000,0000.000,0000.000,
 
