000066949,-00000604,000000623,0000.000,0000.000,0000.000,0009
 
000066968,-00000144,000000099,0000.000,0000.000,0000.000,0153
 
000066988,-00000124,000000100,0000.000,0000.000,0000.000,0009
 
000067008,-00000083,000000104,0000.000,0000.000,0000.000,0153
 
000067028,-00000049,000000079,0000.000,0000.000,0000.000,0010
 
000067048,-00000045,000000006,0000.000,0000.000,0000.000,0154
 
000067068,-00000047,-00000053,0000.000,0000.000,0000.000,0154
 
000067088,-00000049,-00000077,0000.000,0000.000,0000.000,0009
 
000067108,-00000006,-00000097,0000.000,0000.000,0000.000,0154
 
000067128,000000022,-00000040,0000.000,0000.000,0000.000,0154
 
000067148,000000038,000000008,0000.000,0000.000,0000.000,0009
 
000067168,000000036,000000042,0000.000,0000.000,0000.000,0155
 
000067188,000000023,000000079,0000.000,0000.000,0000.000,0010
 
000067208,000000010,000000068,0000.000,0000.000,0000.000,0005
 
000067228,000000001,000000012,0000.000,0000.000,0000.000,0009
 
000067248,000000001,000000009,0000.000,0000.000,0000.000,0154
 
000067268,000000000,000000008,0000.000,0000.000,0000.000,0007
 
000067288,000000000,000000006,0000.000,0000.000,0000.000,0153
 
000067308,000000000,000000005,0000.000,0000.000,0000.000,0006
 
000067328,000000000,000000004,0000.000,0000.000,0000.000,0153
 
000067348,000000000,000000001,0000.000,0000.000,0000.000,0008
 
000067368,000000000,000000000,0000.000,0000.000,0000.000,0008
 
000067388,000000000,000000000,0000.000,0000.000,0000.000,0153
 
000067408,000000000,000000000,0000.000,0000.000,0000.000,0007
 
000067428,000000000,000000000,0000.000,0000.000,0000.000,0007
 
000067448,000000000,000000000,0000.000,0000.000,0000.000,0005
 
000067468,000000000,000000000,0000.000,0000.000,0000.000,0008
 
000067488,000000000,000000000,0000.000,0000.000,0000.000,0006
 
000067508,000000000,000000000,0000.000,0000.000,0000.000,0011
 
000067528,000000000,000000000,0000.000,0000.000,0000.000,0010
 
000067548,000000000,000000000,0000.000,0000.000,0000.000,0011
 
000067568,000000000,000000000,0000.000,0000.000,0000.000,0010
 
000067588,000000000,000000000,0000.000,0000.000,0000.000,0006
 
000067608,000000000,000000000,0000.000,0000.000,0000.000,0009
 
000067628,000000000,000000000,0000.000,0000.000,0000.000,0012
 
000067648,000000000,000000000,0000.000,0000.000,0000.000,0009
 
000067668,000000000,000000000,0000.000,0000.000,0000.000,0007
 
000067688,000000000,000000000,0000.000,0000.000,0000.000,0009
 
000067708,000000000,000000000,0000.000,0000.000,0000.000,0009
 
000067728,000000000,000000000,0000.000,0000.000,0000.000,0009
 
000067748,000000000,000000000,0000.000,0000.000,0000.000,0009
 
000067768,000000000,000000000,0000.000,0000.000,0000.000,0009
 
000067788,000000000,000000000,0000.000,0000.000,0000.000,0009
 
000067808,000000000,000000004,0000.000,0000.000,0000.000,0154
 
000067828,000000000,000000004,0000.000,0000.000,0000.000,0155
 
000067848,000000000,000000005,0000.000,0000.000,0000.000,0008
 
000067868,000000001,-00000001,0000.000,0000.000,0000.000,0153
 
000067888,000000002,-00000002,0000.000,0000.000,0000.000,0155
 
000067908,000000000,-00000002,0000.000,0000.000,0000.000,0008
 
000067928,-00000005,000000000,0000.000,0000.000,0000.000,0008
 
000067948,-00000003,000000000,0000.000,0000.000,0000.000,0013
 
000067968,-00000003,000000002,0000.000,0000.000,0000.000,0155
 
000067988,-00000001,000000004,0000.000,0000.000,0000.000,0156
 
000068008,000000000,000000007,0000.000,0000.000,0000.000,0009
 
000068028,000000005,000000012,0000.000,0000.000,0000.000,0009
 
000068048,000000006,000000009,0000.000,0000.000,0000.000,0010
 
000068068,000000006,000000003,0000.000,0000.000,0000.000,0008
 
000068088,000000004,-00000001,0000.000,0000.000,0000.000,0011
 
000068108,000000002,000000000,0000.000,0000.000,0000.000,0009
 
000068128,000000000,000000000,0000.000,0000.000,0000.000,0155
 
000068148,000000000,000000000,0000.000,0000.000,0000.000,0011
 
000068168,000000000,000000000,0000.000,0000.000,0000.000,0008
 
000068188,000000000,000000000,0000.000,0000.000,0000.000,0010
 
000068208,000000000,000000000,0000.000,0000.000,0000.000,0005
 
000068228,000000000,000000000,0000.000,0000.000,0000.000,0010
 
000068248,000000000,-00000001,0000.000,0000.000,0000.000,0009
 
000068268,000000001,000000000,0000.000,0000.000,0000.000,0010
 
000068288,000000000,-00000002,0000.000,0000.000,0000.000,0010
 
000068308,-00000001,-00000004,0000.000,0000.000,0000.000,0009
 
000068328,-00000004,-00000002,0000.000,0000.000,0000.000,0010
 
000068348,-00000006,000000000,0000.000,0000.000,0000.000,0012
 
000068368,-00000006,000000000,0000.000,0000.000,0000.000,0010
 
000068388,-00000007,000000000,0000.000,0000.000,0000.000,0011
 
000068408,-00000003,000000000,0000.000,0000.000,0000.000,0006
 
000068428,-00000001,000000000,0000.000,0000.000,0000.000,0010
 
000068448,-00000002,000000000,0000.000,0000.000,0000.000,0013
 
000068468,-00000001,000000003,0000.000,0000.000,0000.000,0008
 
000068488,000000000,000000003,0000.000,0000.000,0000.000,0010
 
000068508,000000001,000000000,0000.000,0000.000,0000.000,0007
 
000068528,000000000,000000000,0000.000,0000.000,0000.000,0154
 
000068548,000000000,000000000,0000.000,0000.000,0000.000,0155
 
000068568,000000000,000000001,0000.000,0000.000,0000.000,0154
 
000068588,000000000,000000001,0000.000,0000.000,0000.000,0154
 
000068608,-00000001,000000003,0000.000,0000.000,0000.000,0154
 
000068628,-00000001,000000001,0000.000,0000.000,0000.000,0154
 
000068648,-00000001,000000000,0000.000,0000.000,0000.000,0154
 
000068668,000000000,000000002,0000.000,0000.000,0000.000,0155
 
000068688,000000000,000000000,0000.000,0000.000,0000.000,0153
 
000068708,-00000003,000000001,0000.000,0000.000,0000.000,0154
 
000068728,-00000004,000000001,0000.000,0000.000,0000.000,0155
 
000068748,-00000002,000000001,0000.000,0000.000,0000.000,0008
 
000068768,000000000,000000000,0000.000,0000.000,0000.000,0154
 
000068788,000000000,000000000,0000.000,0000.000,0000.000,0008
 
000068808,000000000,000000001,0000.000,0000.000,0000.000,0011
 
000068828,000000000,000000000,0000.000,0000.000,0000.000,0007
 
000068848,000000000,000000000,0000.000,0000.000,0000.000,0154
 
000068868,000000000,000000000,0000.000,0000.000,0000.000,0009
 
000068888,000000000,000000000,0000.000,0000.000,0000.000,0154
 
000068908,-00000001,000000000,0000.000,0000.000,0000.000,0008
 
000068928,000000000,000000000,0000.000,0000.000,0000.000,0010
 
000068948,000000000,000000001,0000.000,0000.000,0000.000,0006
 
000068968,000000000,000000000,0000.000,0000.000,0000.000,0008
 
000068988,000000000,000000000,0000.000,0000.000,0000.000,0006
 
000069008,000000000,000000000,0000.000,0000.000,0000.000,0012
 
000069028,000000000,000000000,0000.000,0000.000,0000.000,0009
 
000069048,000000000,-00000001,0000.000,0000.000,0000.000,0006
 
000069068,000000000,-00000001,0000.000,0000.000,0000.000,0009
 
000069088,000000000,000000000,0000.000,0000.000,0000.000,0007
 
000069108,000000000,000000000,0000.000,0000.000,0000.000,0010
 
000069128,-00000002,000000000,0000.000,0000.000,0000.000,0010
 
000069148,-00000001,000000000,0000.000,0000.000,0000.000,0007
 
000069168,-00000001,000000001,0000.000,0000.000,0000.000,0011
 
000069188,000000000,000000000,0000.000,0000.000,0000.000,0006
 
000069208,000000000,000000000,0000.000,0000.000,0000.000,0007
 
000069228,000000000,000000000,0000.000,0000.000,0000.000,0008
 
000069248,000000000,000000000,0000.000,0000.000,0000.000,0007
 
000069268,000000000,000000001,0000.000,0000.000,0000.000,0007
 
000069288,000000000,000000000,0000.000,0000.000,0000.000,0007
 
000069308,000000000,000000000,0000.000,0000.000,0000.000,0008
 
000069328,000000000,000000001,0000.000,0000.000,0000.000,0007
 
000069348,000000000,000000001,0000.000,0000.000,0000.000,0007
 
000069368,000000000,000000001,0000.000,0000.000,0000.000,0153
 
000069388,-00000004,000000003,0000.000,0000.000,0000.000,0153
 
000069408,-00000013,000000008,0000.000,0000.000,0000.000,0152
 
000069428,-00000013,000000008,0000.000,0000.000,0000.000,0153
 
000069448,-00000007,000000008,0000.000,0000.000,0000.000,0153
 
000069468,-00000005,000000007,0000.000,0000.000,0000.000,0152
 
000069488,-00000003,000000005,0000.000,0000.000,0000.000,0007
 
000069508,-00000001,000000002,0000.000,0000.000,0000.000,0007
 
000069528,000000000,000000000,0000.000,0000.000,0000.000,0153
 
000069548,000000000,000000000,0000.000,0000.000,0000.000,0152
 
000069568,000000000,-00000001,0000.000,0000.000,0000.000,0008
 
000069588,000000000,000000000,0000.000,0000.000,0000.000,0007
 
000069608,000000000,000000000,0000.000,0000.000,0000.000,0153
 
000069628,000000000,000000000,0000.000,0000.000,0000.000,0008
 
000069648,000000000,000000000,0000.000,0000.000,0000.000,0007
 
000069668,000000000,000000000,0000.000,0000.000,0000.000,0153
 
000069688,000000000,000000000,0000.000,0000.000,0000.000,0008
 
000069708,000000000,000000000,0000.000,0000.000,0000.000,0007
 
000069728,000000000,000000001,0000.000,0000.000,0000.000,0007
 
000069748,000000001,000000000,0000.000,0000.000,0000.000,0008
 
000069768,000000000,000000000,0000.000,0000.000,0000.000,0006
 
000069788,000000000,000000000,0000.000,0000.000,0000.000,0007
 
000069808,000000000,000000000,0000.000,0000.000,0000.000,0007
 
000069828,000000000,000000000,0000.000,0000.000,0000.000,0007
 
000069848,000000000,000000000,0000.000,0000.000,0000.000,0007
 
000069868,000000001,000000000,0000.000,0000.000,0000.000,0007
 
000069888,000000000,000000000,0000.000,0000.000,0000.000,0007
 
000069908,000000000,000000000,0000.000,0000.000,0000.000,0008
 
000069928,000000000,000000000,0000.000,0000.000,0000.000,0007
 
000069948,000000000,000000000,0000.000,0000.000,0000.000,0007
 
000069968,000000000,000000000,0000.000,0000.000,0000.000,0006
 
000069988,000000000,000000000,0000.000,0000.000,0000.000,0006
 
000070008,000000000,000000000,0000.000,0000.000,0000.000,0007
 
000070028,000000000,000000000,0000.000,0000.000,0000.000,0006
 
000070048,000000000,000000000,0000.000,0000.000,0000.000,0008
 
000070068,000000000,000000000,0000.000,0000.000,0000.000,0007
 
000070088,000000001,000000000,0000.000,0000.000,0000.000,0153
 
000070108,000000000,000000000,0000.000,0000.000,0000.000,0152
 
000070128,000000000,000000001,0000.000,0000.000,0000.000,0153
 
000070148,000000000,000000000,0000.000,0000.000,0000.000,0153
 
000070168,000000000,000000000,0000.000,0000.000,0000.000,0007
 
000070188,000000000,000000000,0000.000,0000.000,0000.000,0008
 
000070208,000000000,000000000,0000.000,0000.000,0000.000,0153
 
000070228,000000000,000000000,0000.000,0000.000,0000.000,0153
 
000070248,000000000,000000000,0000.000,0000.000,0000.000,0153
 
000070268,000000000,000000000,0000.000,0000.000,0000.000,0007
 
000070288,000000000,000000000,0000.000,0000.000,0000.000,0153
 
000070308,000000000,000000000,0000.000,0000.000,0000.000,0153
 
000070328,000000000,000000000,0000.000,0000.000,0000.000,0007
 
000070348,000000000,000000000,0000.000,0000.000,0000.000,0153
 
000070368,000000000,000000000,0000.000,0000.000,0000.000,0007
 
000070388,000000000,000000000,0000.000,0000.000,0000.000,0153
 
000070408,000000000,000000000,0000.000,0000.000,0000.000,0007
 
000070428,000000000,000000000,0000.000,0000.000,0000.000,0007
 
000070448,000000000,000000000,0000.000,0000.000,0000.000,0153
 
000070468,-00000001,-00000001,0000.000,0000.000,0000.000,0007
 
000070488,000000000,000000000,0000.000,0000.000,0000.000,0007
 
000070508,000000000,000000000,0000.000,0000.000,0000.000,0007
 
000070528,000000000,000000000,0000.000,0000.000,0000.000,0007
 
000070548,000000000,000000000,0000.000,0000.000,0000.000,0007
 
000070568,000000000,000000000,0000.000,0000.000,0000.000,0007
 
000070588,000000000,000000000,0000.000,0000.000,0000.000,0007
 
000070608,000000000,000000000,0000.000,0000.000,0000.000,0007
 
000070628,000000000,000000000,0000.000,0000.000,0000.000,0007
 
000070648,000000000,000000000,0000.000,0000.000,0000.000,0007
 
000070668,000000000,000000000,0000.000,0000.000,0000.000,0007
 
000070688,000000000,000000000,0000.000,0000.000,0000.000,0007
 
000070708,000000000,000000000,0000.000,0000.000,0000.000,0006
 
000070728,000000000,000000000,0000.000,0000.000,0000.000,0007
 
000070748,000000000,000000000,0000.000,0000.000,0000.000,0007
 
000070768,000000000,000000000,0000.000,0000.000,0000.000,0007
 
000070788,000000000,000000000,0000.000,0000.000,0000.000,0007
 
000070808,000000000,000000000,0000.000,0000.000,0000.000,0007
 
000070828,000000000,000000000,0000.000,0000.000,0000.000,0007
 
000070848,000000000,000000000,0000.000,0000.000,0000.000,0008
 
000070868,-00000001,000000000,0000.000,0000.000,0000.000,0153
 
000070888,000000000,000000000,0000.000,0000.000,0000.000,0152
 
000070908,000000000,000000000,0000.000,0000.000,0000.000,0152
 
000070928,000000000,000000000,0000.000,0000.000,0000.000,0153
 
000070948,000000000,000000000,0000.000,0000.000,0000.000,0153
 
000070968,000000000,000000000,0000.000,0000.000,0000.000,0153
 
000070988,000000000,000000001,0000.000,0000.000,0000.000,0153
 
000071008,000000000,000000000,0000.000,0000.000,0000.000,0007
 
000071028,000000000,000000000,0000.000,0000.000,0000.000,0009
 
000071048,000000000,000000000,0000.000,0000.000,0000.000,0153
 
000071068,000000000,000000000,0000.000,0000.000,0000.000,0008
 
000071088,000000000,000000000,0000.000,0000.000,0000.000,0007
 
000071108,000000000,000000000,0000.000,0000.000,0000.000,0153
 
000071128,000000000,000000000,0000.000,0000.000,0000.000,0007
 
000071148,000000000,000000000,0000.000,0000.000,0000.000,0007
 
000071168,000000000,000000000,0000.000,0000.000,0000.000,0153
 
000071188,000000000,000000000,0000.000,0000.000,0000.000,0007
 
000071208,000000001,000000000,0000.000,0000.000,0000.000,0008
 
000071228,000000000,000000000,0000.000,0000.000,0000.000,0007
 
000071248,000000000,000000000,0000.000,0000.000,0000.000,0007
 
000071268,000000000,000000000,0000.000,0000.000,0000.000,0008
 
000071288,000000000,000000000,0000.000,0000.000,0000.000,0007
 
000071308,000000000,000000000,0000.000,0000.000,0000.000,0007
 
000071328,000000000,000000000,0000.000,0000.000,0000.000,0007
 
000071348,000000000,000000000,0000.000,0000.000,0000.000,0006
 
000071368,000000000,000000000,0000.000,0000.000,0000.000,0006
 
000071388,000000000,000000000,0000.000,0000.000,0000.000,0009
 
000071408,000000000,000000000,0000.000,0000.000,0000.000,0007
 
000071428,000000000,000000000,0000.000,0000.000,0000.000,0007
 
000071448,000000000,000000000,0000.000,0000.000,0000.000,0014
 
000071468,000000000,000000000,0000.000,0000.000,0000.000,0009
 
000071488,000000000,000000000,0000.000,0000.000,0000.000,0011
 
000071508,000000000,000000000,0000.000,0000.000,0000.000,0017
 
000071528,000000000,000000000,0000.000,0000.000,0000.000,0022
 
000071549,000000000,000000000,0000.000,0000.000,0000.000,1023
 
000071569,000000000,000000000,0000.000,0000.000,0000.000,1023
 
000071589,000000000,000000000,0000.000,0000.000,0000.000,1023
 
000071609,000000000,000000000,0000.000,0000.000,0000.000,1023
 
000071629,000000000,000000000,0000.000,0000.000,0000.000,1023
 
000071649,000000000,000000000,0000.000,0000.000,0000.000,1023
 
000071669,000000000,000000000,0000.000,0000.000,0000.000,1023
 
000071689,000000000,000000000,0000.000,0000.000,0000.000,1023
 
000071709,000000000,000000000,0000.000,0000.000,0000.000,1023
 
000071729,000000000,000000000,0000.000,0000.000,0000.000,1023
 
000071749,-00000001,-00000001,0000.000,0000.000,0000.000,0027
 
000071769,000000000,000000000,0000.000,0000.000,0000.000,0162
 
000071788,000000000,000000000,0000.000,0000.000,0000.000,0021
 
000071808,000000000,000000000,0000.000,0000.000,0000.000,0013
 
000071828,000000000,-00000001,0000.000,0000.000,0000.000,0009
 
000071848,000000000,000000000,0000.000,0000.000,0000.000,0013
 
000071868,000000000,000000000,0000.000,0000.000,0000.000,0008
 
000071888,-00000001,000000000,0000.000,0000.000,0000.000,0155
 
000071908,000000000,000000000,0000.000,0000.000,0000.000,0011
 
000071928,000000000,000000000,0000.000,0000.000,0000.000,0014
 
000071948,000000000,000000000,0000.000,0000.000,0000.000,0004
 
000071968,000000000,000000000,0000.000,0000.000,0000.000,0010
 
000071988,000000000,000000000,0000.000,0000.000,0000.000,0011
 
000072008,000000000,000000000,0000.000,0000.000,0000.000,0006
 
000072028,000000000,000000000,0000.000,0000.000,0000.000,0007
 
000072048,000000000,000000000,0000.000,0000.000,0000.000,0011
 
000072068,000000000,-00000001,0000.000,0000.000,0000.000,0006
 
000072088,000000001,000000000,0000.000,0000.000,0000.000,0009
 
000072108,000000000,000000000,0000.000,0000.000,0000.000,0008
 
000072128,000000000,000000000,0000.000,0000.000,0000.000,0009
 
000072148,000000000,000000000,0000.000,0000.000,0000.000,0013
 
000072168,000000000,000000000,0000.000,0000.000,0000.000,0012
 
000072188,000000000,000000000,0000.000,0000.000,0000.000,0005
 
000072208,000000000,-00000001,0000.000,0000.000,0000.000,0009
 
000072228,000000000,000000000,0000.000,0000.000,0000.000,0009
 
000072248,000000000,000000000,0000.000,0000.000,0000.000,0016
 
000072268,000000000,000000000,0000.000,0000.000,0000.000,0006
 
000072288,000000000,000000000,0000.000,0000.000,0000.000,0009
 
000072308,000000000,000000000,0000.000,0000.000,0000.000,0155
 
000072328,000000000,000000000,0000.000,0000.000,0000.000,0155
 
000072348,000000000,-00000001,0000.000,0000.000,0000.000,0154
 
000072368,000000000,-00000001,0000.000,0000.000,0000.000,0156
 
000072388,000000002,-00000003,0000.000,0000.000,0000.000,0155
 
000072408,000000002,-00000001,0000.000,0000.000,0000.000,0156
 
000072428,000000001,000000000,0000.000,0000.000,0000.000,0156
 
000072448,000000000,-00000002,0000.000,0000.000,0000.000,0154
 
000072468,-00000001,-00000003,0000.000,0000.000,0000.000,0154
 
000072488,000000000,-00000006,0000.000,0000.000,0000.000,0155
 
000072508,-00000002,-00000013,0000.000,0000.000,0000.000,0011
 
000072528,-00000004,-00000018,0000.000,0000.000,0000.000,0156
 
000072548,-00000005,-00000017,0000.000,0000.000,0000.000,0154
 
000072568,-00000007,-00000020,0000.000,0000.000,0000.000,0012
 
000072588,-00000008,-00000026,0000.000,0000.000,0000.000,0010
 
000072608,-00000007,-00000025,0000.000,0000.000,0000.000,0155
 
000072628,-00000004,-00000020,0000.000,0000.000,0000.000,0156
 
000072648,-00000002,-00000018,0000.000,0000.000,0000.000,0011
 
000072668,-00000002,-00000016,0000.000,0000.000,0000.000,0154
 
000072688,-00000003,-00000016,0000.000,0000.000,0000.000,0007
 
000072708,-00000003,-00000025,0000.000,0000.000,0000.000,0010
 
000072728,-00000002,-00000016,0000.000,0000.000,0000.000,0156
 
000072748,-00000001,-00000013,0000.000,0000.000,0000.000,0155
 
000072768,-00000001,-00000007,0000.000,0000.000,0000.000,0154
 
000072788,-00000002,-00000007,0000.000,0000.000,0000.000,0008
 
000072808,-00000002,-00000007,0000.000,0000.000,0000.000,0005
 
000072828,-00000001,-00000007,0000.000,0000.000,0000.000,0009
 
000072848,000000000,-00000004,0000.000,0000.000,0000.000,0013
 
000072868,-00000002,000000000,0000.000,0000.000,0000.000,0008
 
000072888,-00000004,-00000007,0000.000,0000.000,0000.000,0009
 
000072908,-00000004,-00000014,0000.000,0000.000,0000.000,0009
 
000072928,-00000002,-00000016,0000.000,0000.000,0000.000,0011
 
000072948,-00000001,-00000013,0000.000,0000.000,0000.000,0155
 
000072968,-00000001,-00000014,0000.000,0000.000,0000.000,0010
 
000072988,-00000003,-00000016,0000.000,0000.000,0000.000,0156
 
000073008,-00000002,-00000016,0000.000,0000.000,0000.000,0155
 
000073028,-00000003,-00000016,0000.000,0000.000,0000.000,0156
 
000073048,-00000002,-00000016,0000.000,0000.000,0000.000,0154
 
000073068,000000000,-00000016,0000.000,0000.000,0000.000,0155
 
000073088,000000000,-00000013,0000.000,0000.000,0000.000,0155
 
000073108,000000000,-00000013,0000.000,0000.000,0000.000,0156
 
000073128,-00000001,-00000008,0000.000,0000.000,0000.000,0155
 
000073148,-00000002,-00000013,0000.000,0000.000,0000.000,0155
 
000073168,-00000002,-00000013,0000.000,0000.000,0000.000,0156
 
000073188,-00000002,-00000013,0000.000,0000.000,0000.000,0155
 
000073208,-00000002,-00000007,0000.000,0000.000,0000.000,0155
 
000073228,-00000002,-00000003,0000.000,0000.000,0000.000,0155
 
000073248,000000000,-00000002,0000.000,0000.000,0000.000,0156
 
000073268,-00000001,-00000003,0000.000,0000.000,0000.000,0008
 
000073288,-00000002,-00000011,0000.000,0000.000,0000.000,0011
 
000073308,-00000003,-00000018,0000.000,0000.000,0000.000,0155
 
000073328,-00000003,-00000023,0000.000,0000.000,0000.000,0155
 
000073348,-00000002,-00000024,0000.000,0000.000,0000.000,0007
 
000073368,-00000003,-00000025,0000.000,0000.000,0000.000,0007
 
000073388,-00000003,-00000022,0000.000,0000.000,0000.000,0010
 
000073408,-00000002,-00000016,0000.000,0000.000,0000.000,0006
 
000073428,000000000,-00000013,0000.000,0000.000,0000.000,0008
 
000073448,000000000,-00000013,0000.000,0000.000,0000.000,0014
 
000073468,000000001,-00000008,0000.000,0000.000,0000.000,0154
 
000073488,000000000,-00000007,0000.000,0000.000,0000.000,0008
 
000073508,000000000,-00000006,0000.000,0000.000,0000.000,0007
 
000073528,-00000001,-00000010,0000.000,0000.000,0000.000,0012
 
000073548,-00000001,-00000011,0000.000,0000.000,0000.000,0155
 
000073568,000000000,-00000012,0000.000,0000.000,0000.000,0155
 
000073588,000000000,-00000013,0000.000,0000.000,0000.000,0157
 
000073608,000000000,-00000013,0000.000,0000.000,0000.000,0154
 
000073628,000000000,-00000012,0000.000,0000.000,0000.000,0155
 
000073648,000000000,-00000012,0000.000,0000.000,0000.000,0154
 
000073668,000000000,-00000016,0000.000,0000.000,0000.000,0154
 
000073688,000000000,-00000014,0000.000,0000.000,0000.000,0156
 
000073708,-00000001,-00000013,0000.000,0000.000,0000.000,0156
 
000073728,000000000,-00000012,0000.000,0000.000,0000.000,0155
 
000073748,000000000,-00000018,0000.000,0000.000,0000.000,0154
 
000073768,000000000,-00000024,0000.000,0000.000,0000.000,0156
 
000073788,-00000001,-00000027,0000.000,0000.000,0000.000,0155
 
000073808,000000000,-00000037,0000.000,0000.000,0000.000,0155
 
000073828,000000002,-00000042,0000.000,0000.000,0000.000,0156
 
000073848,000000001,-00000049,0000.000,0000.000,0000.000,0155
 
000073868,000000001,-00000039,0000.000,0000.000,0000.000,0155
 
000073888,000000000,-00000039,0000.000,0000.000,0000.000,0156
 
000073908,000000000,-00000037,0000.000,0000.000,0000.000,0155
 
000073928,000000000,-00000035,0000.000,0000.000,0000.000,0156
 
000073948,-00000001,-00000039,0000.000,0000.000,0000.000,0156
 
000073968,-00000004,-00000049,0000.000,0000.000,0000.000,0010
 
000073988,-00000006,-00000049,0000.000,0000.000,0000.000,0155
 
000074008,-00000004,-00000024,0000.000,0000.000,0000.000,0154
 
000074028,000000000,-00000021,0000.000,0000.000,0000.000,0011
 
000074048,000000000,-00000020,0000.000,0000.000,0000.000,0156
 
000074068,-00000001,-00000020,0000.000,0000.000,0000.000,0006
 
000074088,-00000001,-00000025,0000.000,0000.000,0000.000,0009
 
000074108,000000000,-00000025,0000.000,0000.000,0000.000,0010
 
000074128,-00000001,-00000025,0000.000,0000.000,0000.000,0155
 
000074148,-00000001,-00000018,0000.000,0000.000,0000.000,0155
 
000074168,-00000003,-00000018,0000.000,0000.000,0000.000,0155
 
000074188,-00000001,-00000013,0000.000,0000.000,0000.000,0155
 
000074208,-00000001,-00000014,0000.000,0000.000,0000.000,0157
 
000074228,-00000002,-00000025,0000.000,0000.000,0000.000,0155
 
000074248,-00000002,-00000019,0000.000,0000.000,0000.000,0155
 
000074268,-00000001,-00000016,0000.000,0000.000,0000.000,0155
 
000074288,-00000001,-00000017,0000.000,0000.000,0000.000,0156
 
000074308,-00000001,-00000017,0000.000,0000.000,0000.000,0155
 
000074328,000000000,-00000016,0000.000,0000.000,0000.000,0156
 
000074348,000000000,-00000015,0000.000,0000.000,0000.000,0156
 
000074368,000000000,-00000015,0000.000,0000.000,0000.000,0156
 
000074388,-00000001,-00000015,0000.000,0000.000,0000.000,0155
 
000074408,-00000001,-00000012,0000.000,0000.000,0000.000,0156
 
000074428,000000000,-00000013,0000.000,0000.000,0000.000,0156
 
000074448,000000000,-00000013,0000.000,0000.000,0000.000,0155
 
000074468,000000000,-00000014,0000.000,0000.000,0000.000,0015
 
000074488,000000000,-00000014,0000.000,0000.000,0000.000,0154
 
000074508,000000000,-00000014,0000.000,0000.000,0000.000,0154
 
000074528,-00000001,-00000014,0000.000,0000.000,0000.000,0156
 
000074548,-00000002,-00000016,0000.000,0000.000,0000.000,0156
 
000074568,-00000003,-00000023,0000.000,0000.000,0000.000,0154
 
000074588,-00000002,-00000032,0000.000,0000.000,0000.000,0154
 
000074608,-00000001,-00000040,0000.000,0000.000,0000.000,0154
 
000074628,-00000002,-00000045,0000.000,0000.000,0000.000,0154
 
000074648,000000000,-00000049,0000.000,0000.000,0000.000,0154
 
000074668,000000001,-00000047,0000.000,0000.000,0000.000,0155
 
000074688,000000001,-00000040,0000.000,0000.000,0000.000,0155
 
000074708,000000001,-00000029,0000.000,0000.000,0000.000,0009
 
000074728,000000000,-00000018,0000.000,0000.000,0000.000,0007
 
000074748,-00000001,-00000008,0000.000,0000.000,0000.000,0155
 
000074768,-00000001,-00000003,0000.000,0000.000,0000.000,0009
 
000074788,000000000,000000000,0000.000,0000.000,0000.000,0010
 
000074808,000000000,000000000,0000.000,0000.000,0000.000,0011
 
000074828,000000001,000000000,0000.000,0000.000,0000.000,0011
 
000074848,000000000,000000000,0000.000,0000.000,0000.000,0007
 
000074868,000000000,000000000,0000.000,0000.000,0000.000,0012
 
000074888,000000000,000000000,0000.000,0000.000,0000.000,0011
 
000074908,000000000,-00000002,0000.000,0000.000,0000.000,0011
 
000074928,-00000001,-00000003,0000.000,0000.000,0000.000,0011
 
000074948,-00000001,-00000008,0000.000,0000.000,0000.000,0012
 
000074968,-00000001,-00000013,0000.000,0000.000,0000.000,0013
 
000074988,000000000,-00000014,0000.000,0000.000,0000.000,0155
 
000075008,000000001,-00000020,0000.000,0000.000,0000.000,0157
 
000075028,000000001,-00000024,0000.000,0000.000,0000.000,0155
 
000075048,000000000,-00000026,0000.000,0000.000,0000.000,0156
 
000075068,000000000,-00000026,0000.000,0000.000,0000.000,0154
 
000075088,000000001,-00000022,0000.000,0000.000,0000.000,0155
 
000075108,000000001,-00000018,0000.000,0000.000,0000.000,0155
 
000075128,-00000001,-00000013,0000.000,0000.000,0000.000,0155
 
000075148,-00000001,-00000013,0000.000,0000.000,0000.000,0155
 
000075168,-00000001,-00000009,0000.000,0000.000,0000.000,0154
 
000075188,000000000,-00000007,0000.000,0000.000,0000.000,0155
 
000075208,-00000001,-00000008,0000.000,0000.000,0000.000,0155
 
000075228,000000000,-00000010,0000.000,0000.000,0000.000,0154
 
000075248,000000000,-00000011,0000.000,0000.000,0000.000,0154
 
000075268,000000000,-00000007,0000.000,0000.000,0000.000,0155
 
000075288,000000000,-00000007,0000.000,0000.000,0000.000,0155
 
000075308,000000000,-00000007,0000.000,0000.000,0000.000,0155
 
000075328,000000000,-00000009,0000.000,0000.000,0000.000,0155
 
000075348,-00000001,-00000008,0000.000,0000.000,0000.000,0154
 
000075368,000000000,-00000008,0000.000,0000.000,0000.000,0154
 
000075388,000000000,-00000008,0000.000,0000.000,0000.000,0011
 
000075408,-00000001,-00000008,0000.000,0000.000,0000.000,0156
 
000075428,-00000001,-00000013,0000.000,0000.000,0000.000,0155
 
000075448,000000000,-00000011,0000.000,0000.000,0000.000,0156
 
000075468,-00000001,-00000016,0000.000,0000.000,0000.000,0156
 
000075488,000000000,-00000014,0000.000,0000.000,0000.000,0155
 
000075508,000000000,-00000013,0000.000,0000.000,0000.000,0014
 
000075528,000000000,-00000007,0000.000,0000.000,0000.000,0156
 
000075548,000000000,-00000007,0000.000,0000.000,0000.000,0010
 
000075568,000000000,-00000010,0000.000,0000.000,0000.000,0007
 
000075588,000000000,-00000014,0000.000,0000.000,0000.000,0009
 
000075608,000000001,-00000019,0000.000,0000.000,0000.000,0010
 
000075628,000000000,-00000023,0000.000,0000.000,0000.000,0012
 
000075648,-00000001,-00000026,0000.000,0000.000,0000.000,0155
 
000075668,000000000,-00000026,0000.000,0000.000,0000.000,0156
 
000075688,000000000,-00000027,0000.000,0000.000,0000.000,0154
 
000075708,000000001,-00000027,0000.000,0000.000,0000.000,0155
 
000075728,000000001,-00000025,0000.000,0000.000,0000.000,0156
 
000075748,000000001,-00000017,0000.000,0000.000,0000.000,0156
 
000075768,000000002,-00000013,0000.000,0000.000,0000.000,0154
 
000075788,000000001,-00000008,0000.000,0000.000,0000.000,0157
 
000075808,000000000,-00000005,0000.000,0000.000,0000.000,0010
 
000075828,000000000,-00000001,0000.000,0000.000,0000.000,0008
 
000075848,000000000,000000000,0000.000,0000.000,0000.000,0011
 
000075868,-00000001,000000000,0000.000,0000.000,0000.000,0009
 
000075888,000000000,000000000,0000.000,0000.000,0000.000,0012
 
000075908,000000000,000000000,0000.000,0000.000,0000.000,0010
 
000075928,000000000,-00000001,0000.000,0000.000,0000.000,0011
 
000075948,-00000001,-00000001,0000.000,0000.000,0000.000,0004
 
000075968,-00000002,-00000008,0000.000,0000.000,0000.000,0007
 
000075988,-00000003,-00000013,0000.000,0000.000,0000.000,0008
 
000076008,-00000002,-00000015,0000.000,0000.000,0000.000,0155
 
000076028,-00000001,-00000015,0000.000,0000.000,0000.000,0155
 
000076048,-00000001,-00000014,0000.000,0000.000,0000.000,0156
 
000076068,-00000002,-00000014,0000.000,0000.000,0000.000,0154
 
000076088,-00000001,-00000015,0000.000,0000.000,0000.000,0155
 
000076108,-00000001,-00000025,0000.000,0000.000,0000.000,0156
 
000076128,-00000001,-00000016,0000.000,0000.000,0000.000,0155
 
000076148,-00000001,-00000011,0000.000,0000.000,0000.000,0013
 
000076168,-00000001,-00000007,0000.000,0000.000,0000.000,0156
 
000076188,000000000,-00000003,0000.000,0000.000,0000.000,0011
 
000076208,000000000,-00000002,0000.000,0000.000,0000.000,0009
 
000076228,000000000,000000000,0000.000,0000.000,0000.000,0014
 
000076248,000000000,000000000,0000.000,0000.000,0000.000,0010
 
000076268,000000000,-00000006,0000.000,0000.000,0000.000,0012
 
000076288,-00000001,-00000013,0000.000,0000.000,0000.000,0009
 
000076308,-00000002,-00000016,0000.000,0000.000,0000.000,0010
 
000076328,000000000,-00000015,0000.000,0000.000,0000.000,0153
 
000076348,000000002,-00000015,0000.000,0000.000,0000.000,0154
 
000076368,000000000,-00000016,0000.000,0000.000,0000.000,0155
 
000076388,000000000,-00000016,0000.000,0000.000,0000.000,0156
 
000076408,-00000001,-00000013,0000.000,0000.000,0000.000,0155
 
000076428,-00000001,-00000013,0000.000,0000.000,0000.000,0155
 
000076448,-00000001,-00000013,0000.000,0000.000,0000.000,0155
 
000076468,-00000001,-00000013,0000.000,0000.000,0000.000,0155
 
000076488,-00000001,-00000013,0000.000,0000.000,0000.000,0155
 
000076508,-00000001,-00000011,0000.000,0000.000,0000.000,0155
 
000076528,000000000,-00000011,0000.000,0000.000,0000.000,0155
 
000076548,-00000001,-00000013,0000.000,0000.000,0000.000,0155
 
000076568,-00000001,-00000009,0000.000,0000.000,0000.000,0154
 
000076588,-00000002,-00000009,0000.000,0000.000,0000.000,0154
 
000076608,-00000001,-00000013,0000.000,0000.000,0000.000,0156
 
000076628,-00000001,-00000010,0000.000,0000.000,0000.000,0155
 
000076648,-00000001,-00000013,0000.000,0000.000,0000.000,0156
 
000076668,-00000002,-00000012,0000.000,0000.000,0000.000,0156
 
000076688,-00000001,-00000011,0000.000,0000.000,0000.000,0156
 
000076708,000000000,-00000013,0000.000,0000.000,0000.000,0156
 
000076728,-00000002,-00000009,0000.000,0000.000,0000.000,0155
 
000076748,-00000001,-00000008,0000.000,0000.000,0000.000,0155
 
000076768,-00000001,-00000013,0000.000,0000.000,0000.000,0155
 
000076788,-00000001,-00000007,0000.000,0000.000,0000.000,0156
 
000076808,000000000,-00000010,0000.000,0000.000,0000.000,0154
 
000076828,-00000001,-00000013,0000.000,0000.000,0000.000,0156
 
000076848,-00000001,-00000012,0000.000,0000.000,0000.000,0154
 
000076868,-00000001,-00000012,0000.000,0000.000,0000.000,0154
 
000076888,-00000001,-00000013,0000.000,0000.000,0000.000,0154
 
000076908,-00000001,-00000009,0000.000,0000.000,0000.000,0006
 
000076928,-00000002,-00000008,0000.000,0000.000,0000.000,0154
 
000076948,-00000001,-00000005,0000.000,0000.000,0000.000,0008
 
000076968,-00000001,-00000004,0000.000,0000.000,0000.000,0154
 
000076988,000000000,-00000001,0000.000,0000.000,0000.000,0008
 
000077008,000000000,000000000,0000.000,0000.000,0000.000,0009
 
000077028,000000000,000000000,0000.000,0000.000,0000.000,0155
 
000077048,000000000,000000000,0000.000,0000.000,0000.000,0007
 
000077068,000000000,000000000,0000.000,0000.000,0000.000,0155
 
000077088,000000000,000000000,0000.000,0000.000,0000.000,0008
 
000077108,000000000,000000000,0000.000,0000.000,0000.000,0157
 
000077128,000000000,000000000,0000.000,0000.000,0000.000,0009
 
000077148,000000000,000000000,0000.000,0000.000,0000.000,0011
 
000077168,000000000,000000000,0000.000,0000.000,0000.000,0005
 
000077188,000000000,000000000,0000.000,0000.000,0000.000,0008
 
000077208,000000000,000000000,0000.000,0000.000,0000.000,0013
 
000077228,000000000,000000000,0000.000,0000.000,0000.000,0012
 
000077248,000000000,000000000,0000.000,0000.000,0000.000,0011
 
000077268,000000000,000000000,0000.000,0000.000,0000.000,0012
 
000077288,000000000,000000000,0000.000,0000.000,0000.000,0008
 
000077308,000000000,000000000,0000.000,0000.000,0000.000,0012
 
000077328,-00000001,000000000,0000.000,0000.000,0000.000,0009
 
000077348,000000000,000000000,0000.000,0000.000,0000.000,0013
 
000077368,000000000,000000000,0000.000,0000.000,0000.000,0011
 
000077388,000000000,000000000,0000.000,0000.000,0000.000,0010
 
000077408,000000000,000000000,0000.000,0000.000,0000.000,0015
 
000077428,000000000,-00000011,0000.000,0000.000,0000.000,0155
 
000077448,000000000,-00000017,0000.000,0000.000,0000.000,0155
 
000077468,-00000001,-00000016,0000.000,0000.000,0000.000,0155
 
000077488,000000000,-00000013,0000.000,0000.000,0000.000,0156
 
000077508,000000000,-00000005,0000.000,0000.000,0000.000,0155
 
000077528,000000000,-00000002,0000.000,0000.000,0000.000,0154
 
000077548,000000000,000000000,0000.000,0000.000,0000.000,0155
 
000077568,000000000,000000000,0000.000,0000.000,0000.000,0155
 
000077588,000000000,000000000,0000.000,0000.000,0000.000,0009
 
000077608,-00000001,000000001,0000.000,0000.000,0000.000,0154
 
000077628,000000000,000000000,0000.000,0000.000,0000.000,0156
 
000077648,000000000,000000001,0000.000,0000.000,0000.000,0155
 
000077668,000000000,000000000,0000.000,0000.000,0000.000,0009
 
000077688,000000000,000000000,0000.000,0000.000,0000.000,0010
 
000077708,000000000,000000000,0000.000,0000.000,0000.000,0008
 
000077728,000000000,000000000,0000.000,0000.000,0000.000,0156
 
000077748,000000000,000000000,0000.000,0000.000,0000.000,0011
 
000077768,000000000,000000000,0000.000,0000.000,0000.000,0006
 
000077788,000000000,000000000,0000.000,0000.000,0000.000,0155
 
000077808,000000000,000000000,0000.000,0000.000,0000.000,0012
 
000077828,000000000,000000000,0000.000,0000.000,0000.000,0010
 
000077848,000000000,000000000,0000.000,0000.000,0000.000,0008
 
000077868,000000000,000000000,0000.000,0000.000,0000.000,0008
 
000077888,000000000,000000000,0000.000,0000.000,0000.000,0007
 
000077908,000000000,000000000,0000.000,0000.000,0000.000,0010
 
000077928,-00000001,000000000,0000.000,0000.000,0000.000,0008
 
000077948,000000000,000000000,0000.000,0000.000,0000.000,0008
 
000077968,000000000,000000000,0000.000,0000.000,0000.000,0007
 
000077988,000000000,000000000,0000.000,0000.000,0000.000,0010
 
000078008,000000000,000000000,0000.000,0000.000,0000.000,0010
 
000078028,000000000,000000000,0000.000,0000.000,0000.000,0012
 
000078048,000000000,000000000,0000.000,0000.000,0000.000,0007
 
000078068,000000000,000000000,0000.000,0000.000,0000.000,0013
 
000078088,000000000,000000000,0000.000,0000.000,0000.000,0026
 
000078109,000000000,000000000,0000.000,0000.000,0000.000,1023
 
000078129,000000000,000000000,0000.000,0000.000,0000.000,1023
 
000078149,000000000,000000000,0000.000,0000.000,0000.000,1023
 
000078169,000000000,000000000,0000.000,0000.000,0000.000,1023
 
000078189,000000000,000000000,0000.000,0000.000,0000.000,1023
 
000078209,000000000,000000000,0000.000,0000.000,0000.000,1023
 
000078229,000000000,000000000,0000.000,0000.000,0000.000,1023
 
000078249,000000000,000000000,0000.000,0000.000,0000.000,1023
 
000078269,000000000,000000000,0000.000,0000.000,0000.000,0029
 
000078288,000000000,000000000,0000.000,0000.000,0000.000,0018
 
000078308,000000000,000000000,0000.000,0000.000,0000.000,0008
 
000078328,000000000,000000000,0000.000,0000.000,0000.000,0156
 
000078348,000000000,000000000,0000.000,0000.000,0000.000,0008
 
000078368,000000000,000000000,0000.000,0000.000,0000.000,0155
 
000078388,000000000,000000000,0000.000,0000.000,0000.000,0009
 
000078408,000000000,000000000,0000.000,0000.000,0000.000,0011
 
000078428,000000000,000000000,0000.000,0000.000,0000.000,0013
 
000078448,000000000,000000000,0000.000,0000.000,0000.000,0009
 
000078468,000000000,000000000,0000.000,0000.000,0000.000,0008
 
000078488,000000000,000000000,0000.000,0000.000,0000.000,0155
 
000078508,000000000,000000000,0000.000,0000.000,0000.000,0010
 
000078528,000000000,000000000,0000.000,0000.000,0000.000,0012
 
000078548,000000000,000000000,0000.000,0000.000,0000.000,0011
 
000078568,000000000,000000000,0000.000,0000.000,0000.000,0010
 
000078588,000000000,000000000,0000.000,0000.000,0000.000,0014
 
000078608,000000000,000000000,0000.000,0000.000,0000.000,0013
 
000078628,000000000,000000000,0000.000,0000.000,0000.000,0010
 
000078648,000000000,000000000,0000.000,0000.000,0000.000,0015
 
000078668,000000000,000000000,0000.000,0000.000,0000.000,0013
 
000078688,000000000,000000000,0000.000,0000.000,0000.000,0011
 
000078708,000000000,000000000,0000.000,0000.000,0000.000,0009
 
000078728,000000000,000000000,0000.000,0000.000,0000.000,0007
 
000078748,000000000,-00000001,0000.000,0000.000,0000.000,0009
 
000078768,000000000,000000000,0000.000,0000.000,0000.000,0012
 
000078788,000000000,000000000,0000.000,0000.000,0000.000,0009
 
000078808,000000000,000000000,0000.000,0000.000,0000.000,0011
 
000078828,000000000,000000000,0000.000,0000.000,0000.000,0009
 
000078848,000000000,000000000,0000.000,0000.000,0000.000,0007
 
000078868,000000001,000000000,0000.000,0000.000,0000.000,0009
 
000078888,000000000,000000000,0000.000,0000.000,0000.000,0006
 
000078908,000000001,000000001,0000.000,0000.000,0000.000,0010
 
000078928,000000001,000000000,0000.000,0000.000,0000.000,0010
 
000078948,000000001,000000000,0000.000,0000.000,0000.000,0154
 
000078968,000000003,-00000002,0000.000,0000.000,0000.000,0154
 
000078988,000000015,-00000009,0000.000,0000.000,0000.000,0155
 
000079008,000000038,-00000026,0000.000,0000.000,0000.000,0155
 
000079028,000000050,-00000041,0000.000,0000.000,0000.000,0011
 
000079048,000000044,-00000039,0000.000,0000.000,0000.000,0009
 
000079068,000000035,-00000039,0000.000,0000.000,0000.000,0008
 
000079088,000000025,-00000038,0000.000,0000.000,0000.000,0155
 
000079108,000000015,-00000033,0000.000,0000.000,0000.000,0011
 
000079128,000000008,-00000026,0000.000,0000.000,0000.000,0007
 
000079148,000000003,-00000013,0000.000,0000.000,0000.000,0008
 
000079168,000000000,-00000008,0000.000,0000.000,0000.000,0007
 
000079188,000000000,-00000007,0000.000,0000.000,0000.000,0008
 
000079208,000000000,-00000002,0000.000,0000.000,0000.000,0153
 
000079228,000000001,-00000001,0000.000,0000.000,0000.000,0008
 
000079248,000000000,-00000001,0000.000,0000.000,0000.000,0008
 
000079268,000000001,-00000001,0000.000,0000.000,0000.000,0153
 
000079288,000000000,-00000001,0000.000,0000.000,0000.000,0008
 
000079308,000000001,-00000001,0000.000,0000.000,0000.000,0007
 
000079328,000000001,-00000001,0000.000,0000.000,0000.000,0008
 
000079348,000000000,000000000,0000.000,0000.000,0000.000,0008
 
000079368,000000001,-00000001,0000.000,0000.000,0000.000,0008
 
000079388,000000000,-00000001,0000.000,0000.000,0000.000,0007
 
000079408,000000001,000000000,0000.000,0000.000,0000.000,0007
 
000079428,000000000,-00000001,0000.000,0000.000,0000.000,0007
 
000079448,000000001,-00000001,0000.000,0000.000,0000.000,0008
 
000079468,000000000,000000000,0000.000,0000.000,0000.000,0008
 
000079488,000000000,-00000001,0000.000,0000.000,0000.000,0006
 
000079508,000000000,000000000,0000.000,0000.000,0000.000,0007
 
000079528,000000000,000000000,0000.000,0000.000,0000.000,0007
 
000079548,000000000,000000000,0000.000,0000.000,0000.000,0006
 
000079568,000000000,000000000,0000.000,0000.000,0000.000,0008
 
000079588,000000000,000000000,0000.000,0000.000,0000.000,0007
 
000079608,000000000,000000000,0000.000,0000.000,0000.000,0007
 
000079628,000000000,000000000,0000.000,0000.000,0000.000,0007
 
000079648,000000000,000000000,0000.000,0000.000,0000.000,0007
 
000079668,000000000,000000000,0000.000,0000.000,0000.000,0006
 
000079688,000000000,000000000,0000.000,0000.000,0000.000,0153
 
000079708,000000000,000000000,0000.000,0000.000,0000.000,0152
 
000079728,000000000,000000000,0000.000,0000.000,0000.000,0153
 
000079748,000000000,000000000,0000.000,0000.000,0000.000,0153
 
000079768,000000000,000000000,0000.000,0000.000,0000.000,0153
 
000079788,000000000,000000000,0000.000,0000.000,0000.000,0153
 
000079808,000000000,000000000,0000.000,0000.000,0000.000,0153
 
000079828,000000000,000000000,0000.000,0000.000,0000.000,0008
 
000079848,-00000004,000000002,0000.000,0000.000,0000.000,0008
 
000079868,-00000013,000000007,0000.000,0000.000,0000.000,0153
 
000079888,-00000019,000000003,0000.000,0000.000,0000.000,0153
 
000079908,-00000022,-00000013,0000.000,0000.000,0000.000,0153
 
000079928,-00000032,-00000029,0000.000,0000.000,0000.000,0153
 
000079948,-00000024,-00000045,0000.000,0000.000,0000.000,0153
 
000079968,-00000013,-00000059,0000.000,0000.000,0000.000,0007
 
000079988,-00000006,-00000063,0000.000,0000.000,0000.000,0152
 
000080008,-00000008,-00000050,0000.000,0000.000,0000.000,0008
 
000080028,-00000007,-00000025,0000.000,0000.000,0000.000,0007
 
000080048,-00000003,-00000013,0000.000,0000.000,0000.000,0008
 
000080068,-00000001,-00000001,0000.000,0000.000,0000.000,0008
 
000080088,000000000,000000000,0000.000,0000.000,0000.000,0007
 
000080108,-00000001,000000000,0000.000,0000.000,0000.000,0008
 
000080128,-00000003,-00000001,0000.000,0000.000,0000.000,0008
 
000080148,-00000003,-00000004,0000.000,0000.000,0000.000,0007
 
000080168,-00000002,-00000001,0000.000,0000.000,0000.000,0007
 
000080188,000000000,000000000,0000.000,0000.000,0000.000,0006
 
000080208,000000000,000000000,0000.000,0000.000,0000.000,0008
 
000080228,000000000,000000000,0000.000,0000.000,0000.000,0007
 
000080248,000000000,000000000,0000.000,0000.000,0000.000,0007
 
000080268,000000000,000000000,0000.000,0000.000,0000.000,0006
 
000080288,000000000,000000000,0000.000,0000.000,0000.000,0006
 
000080308,000000000,000000000,0000.000,0000.000,0000.000,0006
 
000080328,000000000,000000000,0000.000,0000.000,0000.000,0006
 
000080348,000000000,000000000,0000.000,0000.000,0000.000,0007
 
000080368,000000000,000000000,0000.000,0000.000,0000.000,0008
 
000080388,000000000,000000000,0000.000,0000.000,0000.000,0007
 
000080408,000000000,000000000,0000.000,0000.000,0000.000,0005
 
000080428,000000000,000000000,0000.000,0000.000,0000.000,0006
 
000080448,000000000,000000000,0000.000,0000.000,0000.000,0007
 
000080468,000000000,000000000,0000.000,0000.000,0000.000,0152
 
000080488,000000000,000000000,0000.000,0000.000,0000.000,0153
 
000080508,000000000,000000000,0000.000,0000.000,0000.000,0153
 
000080528,000000000,000000000,0000.000,0000.000,0000.000,0153
 
000080548,000000000,000000000,0000.000,0000.000,0000.000,0153
 
000080568,000000000,000000000,0000.000,0000.000,0000.000,0153
 
000080588,000000000,000000000,0000.000,0000.000,0000.000,0153
 
000080608,000000000,000000000,0000.000,0000.000,0000.000,0008
 
000080628,000000000,000000000,0000.000,0000.000,0000.000,0008
 
