001123356,-00000436,000000036,0000.000,0000.000,0000.000,0152
 
001123375,-00000126,000000023,0000.000,0000.000,0000.000,0152
 
001123395,-00000085,000000036,0000.000,0000.000,0000.000,0152
 
001123415,-00000052,000000041,0000.000,0000.000,0000.000,0152
 
001123435,-00000026,000000039,0000.000,0000.000,0000.000,0006
 
001123455,-00000013,000000035,0000.000,0000.000,0000.000,0152
 
001123475,-00000003,000000028,0000.000,0000.000,0000.000,0152
 
001123495,000000000,000000019,0000.000,0000.000,0000.000,0152
 
001123515,000000000,000000012,0000.000,0000.000,0000.000,0153
 
001123535,000000000,000000006,0000.000,0000.000,0000.000,0152
 
001123555,000000001,000000003,0000.000,0000.000,0000.000,0152
 
001123575,000000000,000000000,0000.000,0000.000,0000.000,0152
 
001123595,000000000,000000000,0000.000,0000.000,0000.000,0152
 
001123615,000000000,000000000,0000.000,0000.000,0000.000,0152
 
001123635,000000000,000000000,0000.000,0000.000,0000.000,0152
 
001123655,000000000,000000000,0000.000,0000.000,0000.000,0152
 
001123675,000000001,000000007,0000.000,0000.000,0000.000,0152
 
001123695,000000003,000000026,0000.000,0000.000,0000.000,0152
 
001123715,000000001,000000037,0000.000,0000.000,0000.000,0006
 
001123735,-00000001,000000025,0000.000,0000.000,0000.000,0152
 
001123755,-00000001,000000004,0000.000,0000.000,0000.000,0006
 
001123775,000000007,-00000013,0000.000,0000.000,0000.000,0152
 
001123795,000000025,-00000026,0000.000,0000.000,0000.000,0006
 
001123815,000000042,-00000044,0000.000,0000.000,0000.000,0007
 
001123835,000000019,-00000025,0000.000,0000.000,0000.000,0008
 
001123855,000000006,-00000007,0000.000,0000.000,0000.000,0008
 
001123875,000000005,-00000007,0000.000,0000.000,0000.000,0154
 
001123895,000000005,-00000007,0000.000,0000.000,0000.000,0154
 
001123915,000000004,-00000007,0000.000,0000.000,0000.000,0154
 
001123935,000000003,-00000004,0000.000,0000.000,0000.000,0155
 
001123955,000000003,-00000004,0000.000,0000.000,0000.000,0156
 
001123975,000000002,-00000002,0000.000,0000.000,0000.000,0153
 
001123995,000000001,-00000001,0000.000,0000.000,0000.000,0007
 
001124015,000000000,-00000001,0000.000,0000.000,0000.000,0006
 
001124035,000000000,000000000,0000.000,0000.000,0000.000,0007
 
001124055,000000000,000000000,0000.000,0000.000,0000.000,0006
 
001124075,000000000,000000000,0000.000,0000.000,0000.000,0006
 
001124095,000000000,000000000,0000.000,0000.000,0000.000,0006
 
001124115,000000000,000000000,0000.000,0000.000,0000.000,0007
 
001124135,000000000,000000000,0000.000,0000.000,0000.000,0007
 
001124155,000000000,000000000,0000.000,0000.000,0000.000,0007
 
001124175,000000000,000000000,0000.000,0000.000,0000.000,0006
 
001124195,000000000,000000000,0000.000,0000.000,0000.000,0006
 
001124215,000000000,000000000,0000.000,0000.000,0000.000,0006
 
001124235,000000000,000000000,0000.000,0000.000,0000.000,0007
 
001124255,000000000,000000000,0000.000,0000.000,0000.000,0007
 
001124275,000000000,000000000,0000.000,0000.000,0000.000,0007
 
001124295,000000000,000000000,0000.000,0000.000,0000.000,0008
 
001124315,000000000,000000000,0000.000,0000.000,0000.000,0007
 
001124335,000000000,000000000,0000.000,0000.000,0000.000,0006
 
001124355,000000000,000000000,0000.000,0000.000,0000.000,0007
 
001124375,000000000,000000000,0000.000,0000.000,0000.000,0006
 
001124395,000000000,000000000,0000.000,0000.000,0000.000,0007
 
001124415,000000000,000000000,0000.000,0000.000,0000.000,0007
 
001124435,000000000,000000000,0000.000,0000.000,0000.000,0006
 
001124455,000000000,000000000,0000.000,0000.000,0000.000,0007
 
001124475,000000000,000000000,0000.000,0000.000,0000.000,0153
 
001124495,000000000,000000000,0000.000,0000.000,0000.000,0153
 
001124515,000000000,000000000,0000.000,0000.000,0000.000,0153
 
001124535,000000000,000000000,0000.000,0000.000,0000.000,0152
 
001124555,000000000,000000000,0000.000,0000.000,0000.000,0153
 
001124575,000000000,000000000,0000.000,0000.000,0000.000,0153
 
001124595,000000000,000000000,0000.000,0000.000,0000.000,0007
 
001124615,000000000,000000000,0000.000,0000.000,0000.000,0152
 
001124635,000000000,000000000,0000.000,0000.000,0000.000,0153
 
001124655,000000000,000000000,0000.000,0000.000,0000.000,0152
 
001124675,000000000,000000000,0000.000,0000.000,0000.000,0152
 
001124695,000000004,000000005,0000.000,0000.000,0000.000,0152
 
001124715,000000012,000000015,0000.000,0000.000,0000.000,0152
 
001124735,000000016,000000017,0000.000,0000.000,0000.000,0007
 
001124755,000000012,000000003,0000.000,0000.000,0000.000,0007
 
001124775,000000009,-00000002,0000.000,0000.000,0000.000,0007
 
001124795,000000008,000000000,0000.000,0000.000,0000.000,0007
 
001124815,000000005,000000000,0000.000,0000.000,0000.000,0007
 
001124835,000000003,000000000,0000.000,0000.000,0000.000,0007
 
001124855,000000001,-00000001,0000.000,0000.000,0000.000,0008
 
001124875,000000000,000000000,0000.000,0000.000,0000.000,0008
 
001124895,-00000002,000000000,0000.000,0000.000,0000.000,0008
 
001124915,-00000001,000000000,0000.000,0000.000,0000.000,0008
 
001124935,000000000,000000000,0000.000,0000.000,0000.000,0009
 
001124955,000000000,000000001,0000.000,0000.000,0000.000,0009
 
001124975,000000002,000000001,0000.000,0000.000,0000.000,0010
 
001124995,000000002,000000001,0000.000,0000.000,0000.000,0154
 
001125015,000000001,000000000,0000.000,0000.000,0000.000,0154
 
001125035,000000000,000000000,0000.000,0000.000,0000.000,0154
 
001125055,-00000001,000000000,0000.000,0000.000,0000.000,0154
 
001125075,-00000002,000000000,0000.000,0000.000,0000.000,0153
 
001125095,-00000001,000000000,0000.000,0000.000,0000.000,0154
 
001125115,000000000,000000001,0000.000,0000.000,0000.000,0154
 
001125135,000000000,000000000,0000.000,0000.000,0000.000,0154
 
001125155,000000000,000000000,0000.000,0000.000,0000.000,0154
 
001125175,000000000,000000000,0000.000,0000.000,0000.000,0154
 
001125195,-00000001,000000000,0000.000,0000.000,0000.000,0154
 
001125215,000000000,000000000,0000.000,0000.000,0000.000,0154
 
001125235,000000000,000000000,0000.000,0000.000,0000.000,0154
 
001125255,000000001,-00000001,0000.000,0000.000,0000.000,0154
 
001125275,000000000,000000000,0000.000,0000.000,0000.000,0154
 
001125295,000000000,000000000,0000.000,0000.000,0000.000,0154
 
001125315,000000000,000000000,0000.000,0000.000,0000.000,0010
 
001125335,000000000,000000000,0000.000,0000.000,0000.000,0154
 
001125355,000000000,-00000001,0000.000,0000.000,0000.000,0154
 
001125375,000000000,000000000,0000.000,0000.000,0000.000,0154
 
001125395,000000000,000000000,0000.000,0000.000,0000.000,0154
 
001125415,000000000,000000000,0000.000,0000.000,0000.000,0154
 
001125435,000000000,000000000,0000.000,0000.000,0000.000,0154
 
001125455,000000000,000000000,0000.000,0000.000,0000.000,0154
 
001125475,000000000,000000000,0000.000,0000.000,0000.000,0009
 
001125495,000000000,000000000,0000.000,0000.000,0000.000,0008
 
001125515,-00000001,000000000,0000.000,0000.000,0000.000,0007
 
001125535,000000000,000000000,0000.000,0000.000,0000.000,0007
 
001125555,000000000,000000000,0000.000,0000.000,0000.000,0007
 
001125575,000000000,000000001,0000.000,0000.000,0000.000,0007
 
001125595,000000000,000000000,0000.000,0000.000,0000.000,0007
 
001125615,000000001,000000000,0000.000,0000.000,0000.000,0007
 
001125635,000000000,000000000,0000.000,0000.000,0000.000,0007
 
001125655,000000001,000000000,0000.000,0000.000,0000.000,0007
 
001125675,000000000,000000000,0000.000,0000.000,0000.000,0007
 
001125695,000000000,-00000001,0000.000,0000.000,0000.000,0007
 
001125715,000000000,000000000,0000.000,0000.000,0000.000,0007
 
001125735,000000000,000000000,0000.000,0000.000,0000.000,0007
 
001125755,000000000,000000000,0000.000,0000.000,0000.000,0007
 
001125775,000000000,000000000,0000.000,0000.000,0000.000,0007
 
001125795,000000000,000000000,0000.000,0000.000,0000.000,0007
 
001125815,000000000,000000000,0000.000,0000.000,0000.000,0007
 
001125835,000000000,000000000,0000.000,0000.000,0000.000,0007
 
001125855,000000000,000000000,0000.000,0000.000,0000.000,0007
 
001125875,000000000,-00000001,0000.000,0000.000,0000.000,0007
 
001125895,000000000,000000000,0000.000,0000.000,0000.000,0153
 
001125915,-00000001,000000000,0000.000,0000.000,0000.000,0152
 
001125935,000000000,000000000,0000.000,0000.000,0000.000,0152
 
001125955,000000000,000000000,0000.000,0000.000,0000.000,0152
 
001125975,000000000,000000000,0000.000,0000.000,0000.000,0152
 
001125995,000000000,-00000001,0000.000,0000.000,0000.000,0152
 
001126015,000000000,000000000,0000.000,0000.000,0000.000,0153
 
001126035,000000000,000000000,0000.000,0000.000,0000.000,0152
 
001126055,000000000,000000000,0000.000,0000.000,0000.000,0152
 
001126075,000000000,000000000,0000.000,0000.000,0000.000,0153
 
001126095,-00000001,000000000,0000.000,0000.000,0000.000,0007
 
001126115,000000000,000000000,0000.000,0000.000,0000.000,0153
 
001126135,000000000,000000000,0000.000,0000.000,0000.000,0152
 
001126155,000000000,000000000,0000.000,0000.000,0000.000,0152
 
001126175,000000000,000000000,0000.000,0000.000,0000.000,0152
 
001126195,000000000,000000000,0000.000,0000.000,0000.000,0153
 
001126215,000000000,000000000,0000.000,0000.000,0000.000,0152
 
001126235,000000000,000000000,0000.000,0000.000,0000.000,0153
 
001126255,000000000,000000000,0000.000,0000.000,0000.000,0007
 
001126275,000000000,000000000,0000.000,0000.000,0000.000,0007
 
001126295,000000000,000000000,0000.000,0000.000,0000.000,0007
 
001126315,000000000,000000000,0000.000,0000.000,0000.000,0007
 
001126335,000000000,-00000001,0000.000,0000.000,0000.000,0007
 
001126355,-00000001,-00000001,0000.000,0000.000,0000.000,0006
 
001126375,-00000001,-00000001,0000.000,0000.000,0000.000,0007
 
001126395,-00000001,-00000001,0000.000,0000.000,0000.000,0007
 
001126415,000000000,-00000001,0000.000,0000.000,0000.000,0006
 
001126435,-00000001,000000000,0000.000,0000.000,0000.000,0007
 
001126455,000000000,-00000001,0000.000,0000.000,0000.000,0007
 
001126475,000000000,000000000,0000.000,0000.000,0000.000,0006
 
001126495,000000000,-00000001,0000.000,0000.000,0000.000,0006
 
001126515,000000000,000000000,0000.000,0000.000,0000.000,0006
 
001126535,000000000,-00000001,0000.000,0000.000,0000.000,0006
 
001126555,000000000,000000000,0000.000,0000.000,0000.000,0007
 
001126575,000000000,000000000,0000.000,0000.000,0000.000,0007
 
001126595,000000000,000000000,0000.000,0000.000,0000.000,0006
 
001126615,000000000,000000000,0000.000,0000.000,0000.000,0007
 
001126635,000000000,000000000,0000.000,0000.000,0000.000,0007
 
001126655,000000000,000000000,0000.000,0000.000,0000.000,0006
 
001126675,000000000,000000000,0000.000,0000.000,0000.000,0007
 
001126695,000000000,000000000,0000.000,0000.000,0000.000,0152
 
001126715,000000000,000000000,0000.000,0000.000,0000.000,0152
 
001126735,000000000,000000000,0000.000,0000.000,0000.000,0152
 
001126755,-00000001,000000000,0000.000,0000.000,0000.000,0152
 
001126775,000000000,000000000,0000.000,0000.000,0000.000,0152
 
001126795,000000000,000000000,0000.000,0000.000,0000.000,0153
 
001126815,000000000,000000000,0000.000,0000.000,0000.000,0007
 
001126835,000000000,000000000,0000.000,0000.000,0000.000,0152
 
001126855,000000000,000000000,0000.000,0000.000,0000.000,0152
 
001126875,000000000,000000000,0000.000,0000.000,0000.000,0152
 
001126895,000000000,000000000,0000.000,0000.000,0000.000,0153
 
001126915,000000000,000000000,0000.000,0000.000,0000.000,0153
 
001126935,000000000,000000000,0000.000,0000.000,0000.000,0152
 
001126955,000000000,000000000,0000.000,0000.000,0000.000,0153
 
001126975,000000000,000000000,0000.000,0000.000,0000.000,0153
 
001126995,000000000,000000000,0000.000,0000.000,0000.000,0007
 
001127015,000000000,000000000,0000.000,0000.000,0000.000,0007
 
001127035,000000000,000000000,0000.000,0000.000,0000.000,0007
 
001127055,-00000001,000000000,0000.000,0000.000,0000.000,0014
 
001127075,000000000,000000000,0000.000,0000.000,0000.000,0013
 
001127095,000000000,000000000,0000.000,0000.000,0000.000,0018
 
001127115,000000000,000000000,0000.000,0000.000,0000.000,0159
 
001127135,000000000,000000000,0000.000,0000.000,0000.000,0158
 
001127155,000000000,000000000,0000.000,0000.000,0000.000,0159
 
001127175,000000000,000000000,0000.000,0000.000,0000.000,0158
 
001127195,000000000,000000000,0000.000,0000.000,0000.000,0157
 
001127215,000000000,000000000,0000.000,0000.000,0000.000,0158
 
001127235,000000000,000000000,0000.000,0000.000,0000.000,0158
 
001127255,000000000,000000000,0000.000,0000.000,0000.000,0158
 
001127275,000000000,000000000,0000.000,0000.000,0000.000,0015
 
001127295,000000000,000000000,0000.000,0000.000,0000.000,0159
 
001127315,000000000,000000000,0000.000,0000.000,0000.000,0157
 
001127335,000000000,000000000,0000.000,0000.000,0000.000,0158
 
001127355,000000000,000000000,0000.000,0000.000,0000.000,0156
 
001127375,000000000,000000000,0000.000,0000.000,0000.000,0157
 
001127395,000000000,000000000,0000.000,0000.000,0000.000,0157
 
001127415,000000000,-00000001,0000.000,0000.000,0000.000,0157
 
001127435,000000000,000000000,0000.000,0000.000,0000.000,0158
 
001127455,000000000,000000000,0000.000,0000.000,0000.000,0159
 
001127475,000000000,000000000,0000.000,0000.000,0000.000,0018
 
001127495,000000000,000000000,0000.000,0000.000,0000.000,0158
 
001127515,000000000,000000000,0000.000,0000.000,0000.000,0018
 
001127535,000000001,000000000,0000.000,0000.000,0000.000,0017
 
001127555,000000000,000000001,0000.000,0000.000,0000.000,0160
 
001127575,000000000,000000000,0000.000,0000.000,0000.000,0019
 
001127595,000000000,000000000,0000.000,0000.000,0000.000,0161
 
001127615,000000000,000000000,0000.000,0000.000,0000.000,0161
 
001127635,000000000,000000000,0000.000,0000.000,0000.000,0161
 
001127655,000000000,000000000,0000.000,0000.000,0000.000,0021
 
001127676,000000000,000000000,0000.000,0000.000,0000.000,0163
 
001127696,000000000,000000000,0000.000,0000.000,0000.000,1023
 
001127716,000000000,000000001,0000.000,0000.000,0000.000,1023
 
001127736,000000000,000000000,0000.000,0000.000,0000.000,1023
 
001127756,000000000,000000000,0000.000,0000.000,0000.000,1023
 
001127776,000000000,000000000,0000.000,0000.000,0000.000,1023
 
001127796,000000000,000000000,0000.000,0000.000,0000.000,1023
 
001127816,000000000,000000000,0000.000,0000.000,0000.000,1023
 
001127836,000000000,000000000,0000.000,0000.000,0000.000,1023
 
001127856,000000000,000000000,0000.000,0000.000,0000.000,1023
 
001127876,000000000,000000000,0000.000,0000.000,0000.000,0163
 
001127895,000000000,000000000,0000.000,0000.000,0000.000,0161
 
001127915,-00000001,-00000001,0000.000,0000.000,0000.000,0021
 
001127935,000000000,000000000,0000.000,0000.000,0000.000,0160
 
001127955,000000000,000000000,0000.000,0000.000,0000.000,0160
 
001127975,000000000,-00000001,0000.000,0000.000,0000.000,0021
 
001127995,000000000,000000000,0000.000,0000.000,0000.000,0159
 
001128015,000000000,000000000,0000.000,0000.000,0000.000,0159
 
001128035,000000000,000000000,0000.000,0000.000,0000.000,0158
 
001128055,000000000,000000000,0000.000,0000.000,0000.000,0158
 
001128075,000000000,-00000001,0000.000,0000.000,0000.000,0158
 
001128095,000000000,000000000,0000.000,0000.000,0000.000,0158
 
001128115,000000000,000000000,0000.000,0000.000,0000.000,0158
 
001128135,000000000,000000000,0000.000,0000.000,0000.000,0158
 
001128155,000000000,000000000,0000.000,0000.000,0000.000,0157
 
001128175,000000000,000000000,0000.000,0000.000,0000.000,0157
 
001128195,000000000,000000000,0000.000,0000.000,0000.000,0013
 
001128215,000000000,000000000,0000.000,0000.000,0000.000,0157
 
001128235,000000000,000000000,0000.000,0000.000,0000.000,0015
 
001128255,000000000,000000000,0000.000,0000.000,0000.000,0157
 
001128275,000000000,000000000,0000.000,0000.000,0000.000,0156
 
001128295,-00000001,000000000,0000.000,0000.000,0000.000,0156
 
001128315,000000000,-00000001,0000.000,0000.000,0000.000,0156
 
001128335,-00000001,-00000002,0000.000,0000.000,0000.000,0156
 
001128355,000000000,-00000005,0000.000,0000.000,0000.000,0156
 
001128375,000000000,-00000006,0000.000,0000.000,0000.000,0011
 
001128395,000000000,-00000007,0000.000,0000.000,0000.000,0156
 
001128415,000000000,-00000002,0000.000,0000.000,0000.000,0157
 
001128435,000000000,-00000002,0000.000,0000.000,0000.000,0011
 
001128455,000000000,-00000002,0000.000,0000.000,0000.000,0011
 
001128475,000000000,-00000003,0000.000,0000.000,0000.000,0156
 
001128495,000000000,-00000011,0000.000,0000.000,0000.000,0156
 
001128515,000000001,-00000020,0000.000,0000.000,0000.000,0156
 
001128535,000000000,-00000023,0000.000,0000.000,0000.000,0013
 
001128555,000000000,-00000024,0000.000,0000.000,0000.000,0012
 
001128575,000000000,-00000031,0000.000,0000.000,0000.000,0156
 
001128595,000000000,-00000038,0000.000,0000.000,0000.000,0011
 
001128615,000000003,-00000039,0000.000,0000.000,0000.000,0156
 
001128635,000000004,-00000044,0000.000,0000.000,0000.000,0156
 
001128655,000000002,-00000044,0000.000,0000.000,0000.000,0011
 
001128675,000000001,-00000032,0000.000,0000.000,0000.000,0156
 
001128695,000000000,-00000020,0000.000,0000.000,0000.000,0156
 
001128715,-00000001,-00000013,0000.000,0000.000,0000.000,0013
 
001128735,-00000003,-00000008,0000.000,0000.000,0000.000,0156
 
001128755,-00000001,-00000007,0000.000,0000.000,0000.000,0156
 
001128775,000000000,-00000013,0000.000,0000.000,0000.000,0157
 
001128795,000000000,-00000013,0000.000,0000.000,0000.000,0010
 
001128815,000000000,-00000014,0000.000,0000.000,0000.000,0155
 
001128835,-00000001,-00000013,0000.000,0000.000,0000.000,0012
 
001128855,-00000004,-00000014,0000.000,0000.000,0000.000,0010
 
001128875,-00000004,-00000015,0000.000,0000.000,0000.000,0155
 
001128895,-00000005,-00000015,0000.000,0000.000,0000.000,0013
 
001128915,-00000004,-00000015,0000.000,0000.000,0000.000,0013
 
001128935,-00000004,-00000014,0000.000,0000.000,0000.000,0012
 
001128955,000000000,-00000011,0000.000,0000.000,0000.000,0012
 
001128975,000000000,-00000005,0000.000,0000.000,0000.000,0156
 
001128995,000000000,-00000001,0000.000,0000.000,0000.000,0156
 
001129015,000000000,000000000,0000.000,0000.000,0000.000,0156
 
001129035,000000000,000000000,0000.000,0000.000,0000.000,0156
 
001129055,000000000,000000000,0000.000,0000.000,0000.000,0156
 
001129075,000000000,-00000003,0000.000,0000.000,0000.000,0157
 
001129095,000000000,-00000007,0000.000,0000.000,0000.000,0011
 
001129115,-00000002,-00000018,0000.000,0000.000,0000.000,0012
 
001129135,-00000004,-00000029,0000.000,0000.000,0000.000,0012
 
001129155,-00000001,-00000035,0000.000,0000.000,0000.000,0011
 
001129175,-00000001,-00000042,0000.000,0000.000,0000.000,0155
 
001129195,-00000001,-00000047,0000.000,0000.000,0000.000,0013
 
001129215,-00000003,-00000048,0000.000,0000.000,0000.000,0013
 
001129235,-00000003,-00000045,0000.000,0000.000,0000.000,0156
 
001129255,-00000002,-00000036,0000.000,0000.000,0000.000,0012
 
001129275,000000000,-00000026,0000.000,0000.000,0000.000,0156
 
001129295,-00000001,-00000020,0000.000,0000.000,0000.000,0156
 
001129315,000000000,-00000016,0000.000,0000.000,0000.000,0012
 
001129335,000000000,-00000014,0000.000,0000.000,0000.000,0156
 
001129355,-00000001,-00000011,0000.000,0000.000,0000.000,0156
 
001129375,000000000,-00000006,0000.000,0000.000,0000.000,0156
 
001129395,000000000,-00000001,0000.000,0000.000,0000.000,0156
 
001129415,000000000,000000000,0000.000,0000.000,0000.000,0155
 
001129435,000000001,-00000005,0000.000,0000.000,0000.000,0156
 
001129455,000000003,-00000014,0000.000,0000.000,0000.000,0156
 
001129475,000000001,-00000021,0000.000,0000.000,0000.000,0156
 
001129495,000000000,-00000021,0000.000,0000.000,0000.000,0012
 
001129515,-00000001,-00000022,0000.000,0000.000,0000.000,0156
 
001129535,-00000001,-00000023,0000.000,0000.000,0000.000,0011
 
001129555,000000001,-00000023,0000.000,0000.000,0000.000,0156
 
001129575,000000001,-00000026,0000.000,0000.000,0000.000,0011
 
001129595,000000000,-00000023,0000.000,0000.000,0000.000,0155
 
001129615,-00000001,-00000018,0000.000,0000.000,0000.000,0011
 
001129635,-00000001,-00000013,0000.000,0000.000,0000.000,0013
 
001129655,000000000,-00000004,0000.000,0000.000,0000.000,0011
 
001129675,000000000,-00000002,0000.000,0000.000,0000.000,0156
 
001129695,-00000001,-00000002,0000.000,0000.000,0000.000,0156
 
001129715,000000000,-00000009,0000.000,0000.000,0000.000,0156
 
001129735,000000001,-00000019,0000.000,0000.000,0000.000,0156
 
001129755,000000000,-00000025,0000.000,0000.000,0000.000,0011
 
001129775,000000000,-00000025,0000.000,0000.000,0000.000,0011
 
001129795,-00000001,-00000027,0000.000,0000.000,0000.000,0013
 
001129815,-00000004,-00000028,0000.000,0000.000,0000.000,0012
 
001129835,-00000002,-00000033,0000.000,0000.000,0000.000,0011
 
001129855,000000000,-00000034,0000.000,0000.000,0000.000,0011
 
001129875,000000000,-00000029,0000.000,0000.000,0000.000,0156
 
001129895,000000003,-00000022,0000.000,0000.000,0000.000,0156
 
001129915,000000000,-00000018,0000.000,0000.000,0000.000,0156
 
001129935,000000000,-00000014,0000.000,0000.000,0000.000,0012
 
001129955,000000000,-00000017,0000.000,0000.000,0000.000,0156
 
001129975,000000000,-00000021,0000.000,0000.000,0000.000,0011
 
001129995,000000002,-00000030,0000.000,0000.000,0000.000,0156
 
001130015,000000001,-00000036,0000.000,0000.000,0000.000,0156
 
001130035,000000000,-00000036,0000.000,0000.000,0000.000,0011
 
001130055,-00000003,-00000032,0000.000,0000.000,0000.000,0156
 
001130075,-00000003,-00000025,0000.000,0000.000,0000.000,0155
 
001130095,-00000003,-00000016,0000.000,0000.000,0000.000,0011
 
001130115,-00000001,-00000010,0000.000,0000.000,0000.000,0156
 
001130135,000000000,-00000005,0000.000,0000.000,0000.000,0157
 
001130155,-00000001,-00000003,0000.000,0000.000,0000.000,0156
 
001130175,000000000,000000000,0000.000,0000.000,0000.000,0156
 
001130195,-00000001,-00000006,0000.000,0000.000,0000.000,0155
 
001130215,-00000002,-00000023,0000.000,0000.000,0000.000,0156
 
001130235,-00000004,-00000032,0000.000,0000.000,0000.000,0012
 
001130255,-00000003,-00000032,0000.000,0000.000,0000.000,0155
 
001130275,-00000002,-00000034,0000.000,0000.000,0000.000,0013
 
001130295,000000000,-00000036,0000.000,0000.000,0000.000,0156
 
001130315,000000001,-00000036,0000.000,0000.000,0000.000,0011
 
001130335,000000000,-00000038,0000.000,0000.000,0000.000,0156
 
001130355,000000000,-00000036,0000.000,0000.000,0000.000,0011
 
001130375,000000000,-00000030,0000.000,0000.000,0000.000,0155
 
001130395,000000000,-00000020,0000.000,0000.000,0000.000,0012
 
001130415,000000000,-00000012,0000.000,0000.000,0000.000,0012
 
001130435,000000000,-00000008,0000.000,0000.000,0000.000,0011
 
001130455,000000000,-00000003,0000.000,0000.000,0000.000,0156
 
001130475,000000000,-00000001,0000.000,0000.000,0000.000,0156
 
001130495,-00000001,-00000004,0000.000,0000.000,0000.000,0156
 
001130515,-00000003,-00000019,0000.000,0000.000,0000.000,0155
 
001130535,-00000001,-00000036,0000.000,0000.000,0000.000,0010
 
001130555,-00000001,-00000043,0000.000,0000.000,0000.000,0156
 
001130575,000000000,-00000046,0000.000,0000.000,0000.000,0156
 
001130595,000000000,-00000050,0000.000,0000.000,0000.000,0012
 
001130615,-00000002,-00000045,0000.000,0000.000,0000.000,0156
 
001130635,000000000,-00000041,0000.000,0000.000,0000.000,0012
 
001130655,000000000,-00000037,0000.000,0000.000,0000.000,0156
 
001130675,000000002,-00000025,0000.000,0000.000,0000.000,0156
 
001130695,000000000,-00000018,0000.000,0000.000,0000.000,0011
 
001130715,-00000001,-00000012,0000.000,0000.000,0000.000,0156
 
001130735,-00000002,-00000016,0000.000,0000.000,0000.000,0156
 
001130755,-00000003,-00000018,0000.000,0000.000,0000.000,0012
 
001130775,-00000002,-00000025,0000.000,0000.000,0000.000,0156
 
001130795,-00000002,-00000031,0000.000,0000.000,0000.000,0157
 
001130815,000000000,-00000040,0000.000,0000.000,0000.000,0156
 
001130835,000000003,-00000043,0000.000,0000.000,0000.000,0156
 
001130855,000000002,-00000041,0000.000,0000.000,0000.000,0156
 
001130875,000000000,-00000040,0000.000,0000.000,0000.000,0011
 
001130895,-00000003,-00000044,0000.000,0000.000,0000.000,0156
 
001130915,-00000002,-00000038,0000.000,0000.000,0000.000,0013
 
001130935,000000000,-00000032,0000.000,0000.000,0000.000,0157
 
001130955,000000000,-00000030,0000.000,0000.000,0000.000,0156
 
001130975,-00000002,-00000025,0000.000,0000.000,0000.000,0013
 
001130995,-00000003,-00000016,0000.000,0000.000,0000.000,0156
 
001131015,-00000001,-00000013,0000.000,0000.000,0000.000,0013
 
001131035,-00000002,-00000008,0000.000,0000.000,0000.000,0156
 
001131055,-00000002,-00000014,0000.000,0000.000,0000.000,0155
 
001131075,-00000001,-00000023,0000.000,0000.000,0000.000,0013
 
001131095,000000000,-00000027,0000.000,0000.000,0000.000,0155
 
001131115,000000001,-00000028,0000.000,0000.000,0000.000,0012
 
001131135,000000001,-00000034,0000.000,0000.000,0000.000,0012
 
001131155,000000002,-00000040,0000.000,0000.000,0000.000,0011
 
001131175,000000000,-00000047,0000.000,0000.000,0000.000,0011
 
001131195,-00000001,-00000045,0000.000,0000.000,0000.000,0013
 
001131215,-00000001,-00000041,0000.000,0000.000,0000.000,0012
 
001131235,000000000,-00000031,0000.000,0000.000,0000.000,0013
 
001131255,-00000001,-00000025,0000.000,0000.000,0000.000,0013
 
001131275,000000000,-00000021,0000.000,0000.000,0000.000,0013
 
001131295,000000000,-00000016,0000.000,0000.000,0000.000,0013
 
001131315,-00000002,-00000013,0000.000,0000.000,0000.000,0010
 
001131335,-00000001,-00000013,0000.000,0000.000,0000.000,0012
 
001131355,-00000001,-00000019,0000.000,0000.000,0000.000,0012
 
001131375,-00000002,-00000024,0000.000,0000.000,0000.000,0010
 
001131395,-00000004,-00000023,0000.000,0000.000,0000.000,0156
 
001131415,-00000003,-00000019,0000.000,0000.000,0000.000,0010
 
001131435,-00000002,-00000025,0000.000,0000.000,0000.000,0156
 
001131455,-00000001,-00000021,0000.000,0000.000,0000.000,0156
 
001131475,-00000001,-00000022,0000.000,0000.000,0000.000,0156
 
001131495,-00000001,-00000019,0000.000,0000.000,0000.000,0156
 
001131515,-00000001,-00000017,0000.000,0000.000,0000.000,0156
 
001131535,-00000001,-00000016,0000.000,0000.000,0000.000,0012
 
001131555,-00000002,-00000017,0000.000,0000.000,0000.000,0156
 
001131575,-00000001,-00000014,0000.000,0000.000,0000.000,0156
 
001131595,000000000,-00000011,0000.000,0000.000,0000.000,0012
 
001131615,000000000,-00000014,0000.000,0000.000,0000.000,0155
 
001131635,-00000003,-00000021,0000.000,0000.000,0000.000,0156
 
001131655,-00000003,-00000029,0000.000,0000.000,0000.000,0012
 
001131675,-00000003,-00000031,0000.000,0000.000,0000.000,0156
 
001131695,-00000001,-00000030,0000.000,0000.000,0000.000,0011
 
001131715,000000000,-00000027,0000.000,0000.000,0000.000,0156
 
001131735,000000001,-00000022,0000.000,0000.000,0000.000,0012
 
001131755,-00000001,-00000021,0000.000,0000.000,0000.000,0156
 
001131775,-00000004,-00000025,0000.000,0000.000,0000.000,0012
 
001131795,-00000005,-00000023,0000.000,0000.000,0000.000,0011
 
001131815,-00000002,-00000018,0000.000,0000.000,0000.000,0155
 
001131835,-00000002,-00000014,0000.000,0000.000,0000.000,0013
 
001131855,-00000002,-00000014,0000.000,0000.000,0000.000,0013
 
001131875,-00000003,-00000015,0000.000,0000.000,0000.000,0013
 
001131895,-00000001,-00000015,0000.000,0000.000,0000.000,0012
 
001131915,-00000004,-00000017,0000.000,0000.000,0000.000,0011
 
001131935,-00000010,-00000030,0000.000,0000.000,0000.000,0011
 
001131955,-00000010,-00000044,0000.000,0000.000,0000.000,0011
 
001131975,-00000004,-00000047,0000.000,0000.000,0000.000,0012
 
001131995,000000000,-00000053,0000.000,0000.000,0000.000,0012
 
001132015,000000000,-00000059,0000.000,0000.000,0000.000,0013
 
001132035,000000001,-00000058,0000.000,0000.000,0000.000,0013
 
001132055,000000002,-00000053,0000.000,0000.000,0000.000,0156
 
001132075,000000003,-00000048,0000.000,0000.000,0000.000,0156
 
001132095,000000002,-00000044,0000.000,0000.000,0000.000,0013
 
001132115,000000000,-00000040,0000.000,0000.000,0000.000,0156
 
001132135,000000002,-00000032,0000.000,0000.000,0000.000,0156
 
001132155,000000002,-00000028,0000.000,0000.000,0000.000,0010
 
001132175,000000002,-00000020,0000.000,0000.000,0000.000,0156
 
001132195,000000000,-00000015,0000.000,0000.000,0000.000,0012
 
001132215,000000000,-00000014,0000.000,0000.000,0000.000,0156
 
001132235,000000000,-00000014,0000.000,0000.000,0000.000,0156
 
001132255,-00000001,-00000015,0000.000,0000.000,0000.000,0156
 
001132275,000000000,-00000025,0000.000,0000.000,0000.000,0010
 
001132295,000000001,-00000021,0000.000,0000.000,0000.000,0156
 
001132315,000000001,-00000027,0000.000,0000.000,0000.000,0011
 
001132335,-00000001,-00000028,0000.000,0000.000,0000.000,0156
 
001132355,-00000001,-00000028,0000.000,0000.000,0000.000,0156
 
001132375,-00000002,-00000026,0000.000,0000.000,0000.000,0012
 
001132395,-00000004,-00000026,0000.000,0000.000,0000.000,0156
 
001132415,-00000004,-00000022,0000.000,0000.000,0000.000,0011
 
001132435,-00000003,-00000025,0000.000,0000.000,0000.000,0156
 
001132455,-00000001,-00000021,0000.000,0000.000,0000.000,0012
 
001132475,000000002,-00000023,0000.000,0000.000,0000.000,0155
 
001132495,000000004,-00000024,0000.000,0000.000,0000.000,0011
 
001132515,000000000,-00000026,0000.000,0000.000,0000.000,0156
 
001132535,-00000001,-00000026,0000.000,0000.000,0000.000,0014
 
001132555,-00000003,-00000032,0000.000,0000.000,0000.000,0013
 
001132575,-00000001,-00000031,0000.000,0000.000,0000.000,0012
 
001132595,-00000001,-00000029,0000.000,0000.000,0000.000,0012
 
001132615,-00000001,-00000028,0000.000,0000.000,0000.000,0013
 
001132635,-00000001,-00000025,0000.000,0000.000,0000.000,0012
 
001132655,-00000003,-00000025,0000.000,0000.000,0000.000,0012
 
001132675,-00000004,-00000024,0000.000,0000.000,0000.000,0012
 
001132695,-00000005,-00000023,0000.000,0000.000,0000.000,0011
 
001132715,-00000002,-00000018,0000.000,0000.000,0000.000,0011
 
001132735,-00000003,-00000014,0000.000,0000.000,0000.000,0012
 
001132755,-00000003,-00000013,0000.000,0000.000,0000.000,0010
 
001132775,-00000004,-00000015,0000.000,0000.000,0000.000,0155
 
001132795,-00000001,-00000025,0000.000,0000.000,0000.000,0010
 
001132815,000000000,-00000017,0000.000,0000.000,0000.000,0012
 
001132835,000000000,-00000014,0000.000,0000.000,0000.000,0156
 
001132855,000000001,-00000013,0000.000,0000.000,0000.000,0011
 
001132875,000000000,-00000016,0000.000,0000.000,0000.000,0012
 
001132895,-00000001,-00000019,0000.000,0000.000,0000.000,0156
 
001132915,-00000003,-00000019,0000.000,0000.000,0000.000,0156
 
001132935,-00000003,-00000016,0000.000,0000.000,0000.000,0156
 
001132955,-00000003,-00000014,0000.000,0000.000,0000.000,0156
 
001132975,-00000004,-00000014,0000.000,0000.000,0000.000,0156
 
001132995,-00000005,-00000025,0000.000,0000.000,0000.000,0013
 
001133015,-00000003,-00000020,0000.000,0000.000,0000.000,0156
 
001133035,-00000005,-00000022,0000.000,0000.000,0000.000,0013
 
001133055,-00000002,-00000020,0000.000,0000.000,0000.000,0156
 
001133075,000000000,-00000024,0000.000,0000.000,0000.000,0156
 
001133095,-00000001,-00000023,0000.000,0000.000,0000.000,0011
 
001133115,-00000001,-00000018,0000.000,0000.000,0000.000,0156
 
001133135,-00000002,-00000014,0000.000,0000.000,0000.000,0012
 
001133155,-00000001,-00000015,0000.000,0000.000,0000.000,0156
 
001133175,000000000,-00000016,0000.000,0000.000,0000.000,0012
 
001133195,-00000001,-00000017,0000.000,0000.000,0000.000,0156
 
001133215,-00000002,-00000018,0000.000,0000.000,0000.000,0013
 
001133235,000000000,-00000017,0000.000,0000.000,0000.000,0011
 
001133255,000000002,-00000024,0000.000,0000.000,0000.000,0155
 
001133275,000000000,-00000029,0000.000,0000.000,0000.000,0013
 
001133295,000000000,-00000029,0000.000,0000.000,0000.000,0013
 
001133315,-00000002,-00000025,0000.000,0000.000,0000.000,0155
 
001133335,-00000002,-00000025,0000.000,0000.000,0000.000,0011
 
001133355,-00000002,-00000018,0000.000,0000.000,0000.000,0012
 
001133375,-00000002,-00000017,0000.000,0000.000,0000.000,0011
 
001133395,000000000,-00000014,0000.000,0000.000,0000.000,0012
 
001133415,000000000,-00000007,0000.000,0000.000,0000.000,0012
 
001133435,000000000,-00000002,0000.000,0000.000,0000.000,0012
 
001133455,000000000,000000000,0000.000,0000.000,0000.000,0156
 
001133475,000000000,-00000001,0000.000,0000.000,0000.000,0012
 
001133495,000000000,000000000,0000.000,0000.000,0000.000,0156
 
001133515,-00000002,-00000007,0000.000,0000.000,0000.000,0156
 
001133535,-00000003,-00000016,0000.000,0000.000,0000.000,0012
 
001133555,-00000004,-00000019,0000.000,0000.000,0000.000,0156
 
001133575,-00000002,-00000020,0000.000,0000.000,0000.000,0156
 
001133595,-00000002,-00000021,0000.000,0000.000,0000.000,0156
 
001133615,000000000,-00000020,0000.000,0000.000,0000.000,0156
 
001133635,000000001,-00000025,0000.000,0000.000,0000.000,0012
 
001133655,000000000,-00000018,0000.000,0000.000,0000.000,0011
 
001133675,-00000001,-00000018,0000.000,0000.000,0000.000,0156
 
001133695,-00000003,-00000025,0000.000,0000.000,0000.000,0156
 
001133715,-00000004,-00000022,0000.000,0000.000,0000.000,0156
 
001133735,-00000001,-00000022,0000.000,0000.000,0000.000,0156
 
001133755,000000000,-00000019,0000.000,0000.000,0000.000,0011
 
001133775,000000000,-00000018,0000.000,0000.000,0000.000,0156
 
001133795,000000000,-00000015,0000.000,0000.000,0000.000,0156
 
001133815,000000001,-00000013,0000.000,0000.000,0000.000,0156
 
001133835,000000001,-00000011,0000.000,0000.000,0000.000,0012
 
001133855,000000001,-00000009,0000.000,0000.000,0000.000,0156
 
001133875,000000001,-00000006,0000.000,0000.000,0000.000,0156
 
001133895,000000000,-00000002,0000.000,0000.000,0000.000,0156
 
001133915,000000000,000000000,0000.000,0000.000,0000.000,0156
 
001133935,000000001,000000000,0000.000,0000.000,0000.000,0155
 
001133955,000000000,000000000,0000.000,0000.000,0000.000,0156
 
001133975,000000000,000000000,0000.000,0000.000,0000.000,0156
 
001133995,000000001,000000000,0000.000,0000.000,0000.000,0155
 
001134015,000000000,000000000,0000.000,0000.000,0000.000,0156
 
001134035,000000000,-00000001,0000.000,0000.000,0000.000,0155
 
001134055,000000001,-00000013,0000.000,0000.000,0000.000,0156
 
001134075,000000000,-00000016,0000.000,0000.000,0000.000,0155
 
001134095,-00000002,-00000018,0000.000,0000.000,0000.000,0155
 
001134115,-00000002,-00000020,0000.000,0000.000,0000.000,0155
 
001134135,000000000,-00000020,0000.000,0000.000,0000.000,0156
 
001134155,000000001,-00000016,0000.000,0000.000,0000.000,0155
 
001134175,-00000001,-00000011,0000.000,0000.000,0000.000,0155
 
001134195,-00000002,-00000008,0000.000,0000.000,0000.000,0156
 
001134215,-00000001,-00000006,0000.000,0000.000,0000.000,0156
 
001134235,000000000,-00000003,0000.000,0000.000,0000.000,0013
 
001134255,000000000,000000000,0000.000,0000.000,0000.000,0012
 
001134275,000000000,-00000001,0000.000,0000.000,0000.000,0156
 
001134295,000000000,000000000,0000.000,0000.000,0000.000,0013
 
001134315,000000000,000000000,0000.000,0000.000,0000.000,0156
 
001134335,000000000,000000000,0000.000,0000.000,0000.000,0156
 
001134355,000000000,000000000,0000.000,0000.000,0000.000,0156
 
001134375,-00000001,000000000,0000.000,0000.000,0000.000,0013
 
001134395,-00000001,-00000005,0000.000,0000.000,0000.000,0156
 
001134415,-00000002,-00000016,0000.000,0000.000,0000.000,0012
 
001134435,-00000001,-00000025,0000.000,0000.000,0000.000,0010
 
001134455,-00000001,-00000021,0000.000,0000.000,0000.000,0013
 
001134475,-00000003,-00000022,0000.000,0000.000,0000.000,0011
 
001134495,-00000002,-00000018,0000.000,0000.000,0000.000,0010
 
001134515,-00000001,-00000016,0000.000,0000.000,0000.000,0011
 
001134535,000000000,-00000015,0000.000,0000.000,0000.000,0012
 
001134555,000000001,-00000015,0000.000,0000.000,0000.000,0011
 
001134575,000000002,-00000008,0000.000,0000.000,0000.000,0010
 
001134595,000000002,-00000002,0000.000,0000.000,0000.000,0012
 
001134615,000000000,-00000001,0000.000,0000.000,0000.000,0011
 
001134635,000000000,000000000,0000.000,0000.000,0000.000,0013
 
001134655,000000000,000000000,0000.000,0000.000,0000.000,0011
 
001134675,-00000001,000000000,0000.000,0000.000,0000.000,0010
 
001134695,000000000,-00000001,0000.000,0000.000,0000.000,0013
 
001134715,000000000,-00000009,0000.000,0000.000,0000.000,0013
 
001134735,-00000001,-00000019,0000.000,0000.000,0000.000,0012
 
001134755,-00000002,-00000026,0000.000,0000.000,0000.000,0156
 
001134775,-00000001,-00000023,0000.000,0000.000,0000.000,0012
 
001134795,-00000001,-00000021,0000.000,0000.000,0000.000,0011
 
001134815,-00000001,-00000015,0000.000,0000.000,0000.000,0156
 
001134835,-00000002,-00000011,0000.000,0000.000,0000.000,0156
 
001134855,-00000002,-00000007,0000.000,0000.000,0000.000,0011
 
001134875,-00000001,-00000002,0000.000,0000.000,0000.000,0156
 
001134895,000000000,000000000,0000.000,0000.000,0000.000,0010
 
001134915,000000000,000000000,0000.000,0000.000,0000.000,0156
 
001134935,000000000,000000000,0000.000,0000.000,0000.000,0156
 
001134955,000000000,000000000,0000.000,0000.000,0000.000,0155
 
001134975,000000000,-00000006,0000.000,0000.000,0000.000,0156
 
001134995,000000000,-00000012,0000.000,0000.000,0000.000,0156
 
001135015,-00000001,-00000015,0000.000,0000.000,0000.000,0156
 
001135035,-00000002,-00000014,0000.000,0000.000,0000.000,0012
 
001135055,-00000002,-00000015,0000.000,0000.000,0000.000,0155
 
001135075,-00000002,-00000013,0000.000,0000.000,0000.000,0012
 
001135095,-00000004,-00000012,0000.000,0000.000,0000.000,0156
 
001135115,-00000003,-00000010,0000.000,0000.000,0000.000,0012
 
001135135,-00000003,-00000008,0000.000,0000.000,0000.000,0156
 
001135155,-00000002,-00000007,0000.000,0000.000,0000.000,0156
 
001135175,-00000001,-00000004,0000.000,0000.000,0000.000,0156
 
001135195,-00000001,-00000002,0000.000,0000.000,0000.000,0156
 
001135215,000000000,-00000001,0000.000,0000.000,0000.000,0156
 
001135235,000000000,000000000,0000.000,0000.000,0000.000,0156
 
001135255,000000000,000000000,0000.000,0000.000,0000.000,0155
 
001135275,000000000,000000000,0000.000,0000.000,0000.000,0156
 
001135295,000000000,000000000,0000.000,0000.000,0000.000,0155
 
001135315,000000000,000000000,0000.000,0000.000,0000.000,0156
 
001135335,000000000,000000000,0000.000,0000.000,0000.000,0012
 
001135355,000000000,-00000001,0000.000,0000.000,0000.000,0155
 
001135375,000000000,-00000009,0000.000,0000.000,0000.000,0156
 
001135395,-00000003,-00000011,0000.000,0000.000,0000.000,0156
 
001135415,-00000004,-00000009,0000.000,0000.000,0000.000,0011
 
001135435,-00000004,-00000007,0000.000,0000.000,0000.000,0012
 
001135455,-00000002,-00000006,0000.000,0000.000,0000.000,0156
 
001135475,000000000,-00000001,0000.000,0000.000,0000.000,0010
 
001135495,000000000,000000000,0000.000,0000.000,0000.000,0156
 
001135515,000000000,000000000,0000.000,0000.000,0000.000,0010
 
001135535,000000000,000000000,0000.000,0000.000,0000.000,0156
 
001135555,000000000,000000000,0000.000,0000.000,0000.000,0156
 
001135575,000000000,000000000,0000.000,0000.000,0000.000,0011
 
001135595,-00000002,-00000009,0000.000,0000.000,0000.000,0011
 
001135615,-00000003,-00000018,0000.000,0000.000,0000.000,0011
 
001135635,-00000007,-00000019,0000.000,0000.000,0000.000,0156
 
001135655,-00000007,-00000012,0000.000,0000.000,0000.000,0156
 
001135675,-00000003,-00000002,0000.000,0000.000,0000.000,0156
 
001135695,-00000002,000000000,0000.000,0000.000,0000.000,0156
 
001135715,-00000001,000000001,0000.000,0000.000,0000.000,0156
 
001135735,000000000,000000000,0000.000,0000.000,0000.000,0156
 
001135755,000000000,000000000,0000.000,0000.000,0000.000,0155
 
001135775,000000000,000000000,0000.000,0000.000,0000.000,0156
 
001135795,000000000,000000000,0000.000,0000.000,0000.000,0156
 
001135815,000000000,000000000,0000.000,0000.000,0000.000,0156
 
001135835,000000000,000000000,0000.000,0000.000,0000.000,0156
 
001135855,000000001,000000000,0000.000,0000.000,0000.000,0156
 
001135875,000000000,000000000,0000.000,0000.000,0000.000,0156
 
001135895,000000000,-00000001,0000.000,0000.000,0000.000,0156
 
001135915,000000000,000000000,0000.000,0000.000,0000.000,0156
 
001135935,000000000,000000001,0000.000,0000.000,0000.000,0155
 
001135955,000000000,000000000,0000.000,0000.000,0000.000,0156
 
001135975,000000000,000000000,0000.000,0000.000,0000.000,0156
 
001135995,000000000,000000000,0000.000,0000.000,0000.000,0156
 
001136015,000000000,000000000,0000.000,0000.000,0000.000,0156
 
001136035,000000000,000000000,0000.000,0000.000,0000.000,0156
 
001136055,000000000,000000000,0000.000,0000.000,0000.000,0156
 
001136075,000000000,000000001,0000.000,0000.000,0000.000,0155
 
001136095,000000000,000000000,0000.000,0000.000,0000.000,0156
 
001136115,000000000,000000000,0000.000,0000.000,0000.000,0011
 
001136135,000000000,000000000,0000.000,0000.000,0000.000,0156
 
001136155,000000000,000000000,0000.000,0000.000,0000.000,0156
 
001136175,000000000,-00000001,0000.000,0000.000,0000.000,0155
 
001136195,000000000,000000000,0000.000,0000.000,0000.000,0010
 
001136215,000000000,000000000,0000.000,0000.000,0000.000,0013
 
001136235,000000000,000000000,0000.000,0000.000,0000.000,0156
 
001136255,000000000,000000000,0000.000,0000.000,0000.000,0156
 
001136275,000000000,000000000,0000.000,0000.000,0000.000,0156
 
001136295,000000000,000000000,0000.000,0000.000,0000.000,0156
 
001136315,000000000,000000000,0000.000,0000.000,0000.000,0157
 
001136335,000000000,000000000,0000.000,0000.000,0000.000,0156
 
001136355,000000000,000000000,0000.000,0000.000,0000.000,0012
 
001136375,000000000,000000000,0000.000,0000.000,0000.000,0016
 
001136395,000000000,000000000,0000.000,0000.000,0000.000,0020
 
001136416,000000000,000000000,0000.000,0000.000,0000.000,0023
 
001136436,000000000,000000000,0000.000,0000.000,0000.000,0029
 
001136456,000000000,000000000,0000.000,0000.000,0000.000,1023
 
001136476,000000000,000000000,0000.000,0000.000,0000.000,1023
 
001136496,000000000,000000000,0000.000,0000.000,0000.000,1023
 
001136516,000000000,000000000,0000.000,0000.000,0000.000,1023
 
001136536,000000000,000000000,0000.000,0000.000,0000.000,1023
 
001136556,000000000,000000000,0000.000,0000.000,0000.000,1023
 
001136576,000000001,000000000,0000.000,0000.000,0000.000,1023
 
001136596,000000000,000000000,0000.000,0000.000,0000.000,1023
 
001136616,000000000,000000000,0000.000,0000.000,0000.000,1023
 
001136636,000000000,000000000,0000.000,0000.000,0000.000,0036
 
001136656,000000000,000000000,0000.000,0000.000,0000.000,0024
 
001136675,000000000,000000000,0000.000,0000.000,0000.000,0162
 
001136695,000000000,000000000,0000.000,0000.000,0000.000,0162
 
001136715,000000000,000000000,0000.000,0000.000,0000.000,0160
 
001136735,000000000,000000000,0000.000,0000.000,0000.000,0021
 
001136755,000000000,000000000,0000.000,0000.000,0000.000,0161
 
001136775,000000000,000000000,0000.000,0000.000,0000.000,0160
 
001136795,000000000,000000000,0000.000,0000.000,0000.000,0021
 
001136815,000000000,000000000,0000.000,0000.000,0000.000,0019
 
001136835,000000000,000000000,0000.000,0000.000,0000.000,0016
 
001136855,000000000,000000000,0000.000,0000.000,0000.000,0159
 
001136875,000000000,000000000,0000.000,0000.000,0000.000,0158
 
001136895,-00000001,000000000,0000.000,0000.000,0000.000,0159
 
001136915,000000000,000000000,0000.000,0000.000,0000.000,0159
 
001136935,-00000001,000000001,0000.000,0000.000,0000.000,0159
 
001136955,000000000,000000000,0000.000,0000.000,0000.000,0159
 
001136975,000000000,000000000,0000.000,0000.000,0000.000,0158
 
001136995,000000000,000000000,0000.000,0000.000,0000.000,0014
 
001137015,000000000,000000000,0000.000,0000.000,0000.000,0016
 
001137035,000000001,000000000,0000.000,0000.000,0000.000,0015
 
001137055,000000002,-00000001,0000.000,0000.000,0000.000,0013
 
001137075,000000008,-00000003,0000.000,0000.000,0000.000,0014
 
001137095,000000038,-00000013,0000.000,0000.000,0000.000,0156
 
001137115,000000079,-00000025,0000.000,0000.000,0000.000,0155
 
001137135,000000103,-00000039,0000.000,0000.000,0000.000,0156
 
001137155,000000100,-00000056,0000.000,0000.000,0000.000,0156
 
001137175,000000092,-00000097,0000.000,0000.000,0000.000,0012
 
001137195,000000028,-00000025,0000.000,0000.000,0000.000,0156
 
001137215,000000019,-00000025,0000.000,0000.000,0000.000,0155
 
001137235,000000018,-00000025,0000.000,0000.000,0000.000,0009
 
001137255,000000017,-00000015,0000.000,0000.000,0000.000,0153
 
001137275,000000016,-00000015,0000.000,0000.000,0000.000,0007
 
001137295,000000015,-00000014,0000.000,0000.000,0000.000,0152
 
001137315,000000012,-00000013,0000.000,0000.000,0000.000,0007
 
001137335,000000012,-00000013,0000.000,0000.000,0000.000,0152
 
001137355,000000011,-00000013,0000.000,0000.000,0000.000,0007
 
001137375,000000009,-00000013,0000.000,0000.000,0000.000,0153
 
001137395,000000008,-00000008,0000.000,0000.000,0000.000,0007
 
001137415,000000006,-00000007,0000.000,0000.000,0000.000,0007
 
001137435,000000004,-00000005,0000.000,0000.000,0000.000,0153
 
001137455,000000002,-00000002,0000.000,0000.000,0000.000,0152
 
001137475,000000000,000000000,0000.000,0000.000,0000.000,0153
 
001137495,000000000,000000000,0000.000,0000.000,0000.000,0152
 
001137515,000000000,000000000,0000.000,0000.000,0000.000,0152
 
001137535,000000000,000000000,0000.000,0000.000,0000.000,0152
 
001137555,000000000,000000000,0000.000,0000.000,0000.000,0152
 
001137575,000000000,000000000,0000.000,0000.000,0000.000,0153
 
001137595,000000000,000000000,0000.000,0000.000,0000.000,0153
 
001137615,000000000,000000000,0000.000,0000.000,0000.000,0152
 
001137635,000000000,000000000,0000.000,0000.000,0000.000,0153
 
001137655,000000000,000000000,0000.000,0000.000,0000.000,0153
 
001137675,000000000,000000000,0000.000,0000.000,0000.000,0152
 
001137695,000000000,000000000,0000.000,0000.000,0000.000,0153
 
001137715,000000000,000000000,0000.000,0000.000,0000.000,0153
 
001137735,000000000,000000000,0000.000,0000.000,0000.000,0152
 
001137755,000000000,000000000,0000.000,0000.000,0000.000,0153
 
001137775,000000012,-00000014,0000.000,0000.000,0000.000,0153
 
001137795,000000053,-00000063,0000.000,0000.000,0000.000,0152
 
001137815,000000081,-00000108,0000.000,0000.000,0000.000,0152
 
001137835,000000066,-00000123,0000.000,0000.000,0000.000,0153
 
001137855,000000049,-00000131,0000.000,0000.000,0000.000,0153
 
001137875,000000041,-00000137,0000.000,0000.000,0000.000,0153
 
001137895,000000039,-00000139,0000.000,0000.000,0000.000,0007
 
001137915,000000038,-00000142,0000.000,0000.000,0000.000,0153
 
001137935,000000042,-00000144,0000.000,0000.000,0000.000,0153
 
001137955,000000041,-00000139,0000.000,0000.000,0000.000,0007
 
001137975,000000040,-00000110,0000.000,0000.000,0000.000,0153
 
001137995,000000034,-00000063,0000.000,0000.000,0000.000,0153
 
001138015,000000030,-00000025,0000.000,0000.000,0000.000,0006
 
001138035,000000022,-00000013,0000.000,0000.000,0000.000,0153
 
001138055,000000011,-00000005,0000.000,0000.000,0000.000,0007
 
001138075,000000002,-00000003,0000.000,0000.000,0000.000,0153
 
001138095,000000000,000000000,0000.000,0000.000,0000.000,0152
 
001138115,000000000,000000000,0000.000,0000.000,0000.000,0152
 
001138135,000000000,000000000,0000.000,0000.000,0000.000,0153
 
001138155,000000000,000000000,0000.000,0000.000,0000.000,0152
 
001138175,000000000,000000000,0000.000,0000.000,0000.000,0152
 
001138195,000000000,000000000,0000.000,0000.000,0000.000,0152
 
001138215,000000000,000000000,0000.000,0000.000,0000.000,0152
 
001138235,000000000,000000000,0000.000,0000.000,0000.000,0152
 
001138255,000000000,000000000,0000.000,0000.000,0000.000,0153
 
001138275,000000000,000000000,0000.000,0000.000,0000.000,0152
 
001138295,000000000,000000000,0000.000,0000.000,0000.000,0152
 
001138315,000000000,000000000,0000.000,0000.000,0000.000,0152
 
001138335,000000000,000000000,0000.000,0000.000,0000.000,0152
 
001138355,000000000,000000000,0000.000,0000.000,0000.000,0152
 
001138375,000000000,000000000,0000.000,0000.000,0000.000,0152
 
001138395,000000000,000000000,0000.000,0000.000,0000.000,0152
 
001138415,000000000,000000000,0000.000,0000.000,0000.000,0152
 
001138435,000000000,000000000,0000.000,0000.000,0000.000,0152
 
001138455,000000000,000000000,0000.000,0000.000,0000.000,0152
 
001138475,000000000,000000000,0000.000,0000.000,0000.000,0007
 
001138495,000000000,000000000,0000.000,0000.000,0000.000,0007
 
001138515,000000000,000000000,0000.000,0000.000,0000.000,0006
 
001138535,000000000,000000000,0000.000,0000.000,0000.000,0007
 
001138555,000000000,000000000,0000.000,0000.000,0000.000,0007
 
001138575,000000000,000000000,0000.000,0000.000,0000.000,0007
 
001138595,000000000,000000000,0000.000,0000.000,0000.000,0006
 
001138615,000000000,000000000,0000.000,0000.000,0000.000,0007
 
001138635,000000000,000000000,0000.000,0000.000,0000.000,0006
 
001138655,000000000,000000000,0000.000,0000.000,0000.000,0007
 
001138675,000000000,000000000,0000.000,0000.000,0000.000,0006
 
001138695,000000000,000000000,0000.000,0000.000,0000.000,0007
 
001138715,000000000,000000000,0000.000,0000.000,0000.000,0007
 
001138735,000000000,000000000,0000.000,0000.000,0000.000,0006
 
001138755,000000000,000000000,0000.000,0000.000,0000.000,0007
 
001138775,000000000,000000000,0000.000,0000.000,0000.000,0006
 
