000983432,-00000169,000000159,0000.000,0000.000,0000.000,
 
000983451,000000000,000000000,0000.000,0000.000,0000.000,
 
000983471,000000000,000000000,0000.000,0000.000,0000.000,
 
000983491,000000000,000000000,0000.000,0000.000,0000.000,
 
000983511,000000000,000000000,0000.000,0000.000,0000.000,
 
000983531,000000000,000000000,0000.000,0000.000,0000.000,
 
000983551,000000000,000000000,0000.000,0000.000,0000.000,
 
000983571,000000000,000000000,0000.000,0000.000,0000.000,
 
000983591,000000000,000000000,0000.000,0000.000,0000.000,
 
000983611,000000000,000000000,0000.000,0000.000,0000.000,
 
000983631,000000000,000000000,0000.000,0000.000,0000.000,
 
000983651,000000000,000000000,0000.000,0000.000,0000.000,
 
000983671,000000000,000000000,0000.000,0000.000,0000.000,
 
000983691,000000000,000000000,0000.000,0000.000,0000.000,
 
000983711,000000000,000000000,0000.000,0000.000,0000.000,
 
000983731,000000000,000000000,0000.000,0000.000,0000.000,
 
000983751,000000000,000000000,0000.000,0000.000,0000.000,
 
000983771,000000000,000000000,0000.000,0000.000,0000.000,
 
000983791,000000000,000000000,0000.000,0000.000,0000.000,
 
000983811,000000000,000000000,0000.000,0000.000,0000.000,
 
000983831,000000000,000000000,0000.000,0000.000,0000.000,
 
000983851,000000000,000000000,0000.000,0000.000,0000.000,
 
000983871,000000000,000000000,0000.000,0000.000,0000.000,
 
000983891,000000000,000000000,0000.000,0000.000,0000.000,
 
000983911,000000000,000000000,0000.000,0000.000,0000.000,
 
000983931,000000000,000000000,0000.000,0000.000,0000.000,
 
000983951,000000000,000000000,0000.000,0000.000,0000.000,
 
000983971,000000000,000000000,0000.000,0000.000,0000.000,
 
000983991,000000000,000000000,0000.000,0000.000,0000.000,
 
000984011,000000000,000000000,0000.000,0000.000,0000.000,
 
000984031,000000000,000000000,0000.000,0000.000,0000.000,
 
000984051,000000000,000000000,0000.000,0000.000,0000.000,
 
000984071,000000000,000000000,0000.000,0000.000,0000.000,
 
000984091,000000000,000000000,0000.000,0000.000,0000.000,
 
000984111,000000000,000000000,0000.000,0000.000,0000.000,
 
000984131,000000000,000000000,0000.000,0000.000,0000.000,
 
000984151,000000000,000000000,0000.000,0000.000,0000.000,
 
000984171,000000000,000000000,0000.000,0000.000,0000.000,
 
000984191,000000000,000000000,0000.000,0000.000,0000.000,
 
000984211,000000000,000000000,0000.000,0000.000,0000.000,
 
000984231,000000000,000000000,0000.000,0000.000,0000.000,
 
000984251,000000000,000000000,0000.000,0000.000,0000.000,
 
000984271,000000000,000000000,0000.000,0000.000,0000.000,
 
000984291,000000000,000000000,0000.000,0000.000,0000.000,
 
000984311,000000000,000000000,0000.000,0000.000,0000.000,
 
000984331,000000000,000000000,0000.000,0000.000,0000.000,
 
000984351,000000000,000000000,0000.000,0000.000,0000.000,
 
000984371,000000000,000000000,0000.000,0000.000,0000.000,
 
000984391,000000000,000000000,0000.000,0000.000,0000.000,
 
000984411,000000000,000000000,0000.000,0000.000,0000.000,
 
000984431,000000000,000000000,0000.000,0000.000,0000.000,
 
000984451,000000000,000000000,0000.000,0000.000,0000.000,
 
000984471,000000000,000000000,0000.000,0000.000,0000.000,
 
000984491,000000000,000000000,0000.000,0000.000,0000.000,
 
000984511,000000000,000000000,0000.000,0000.000,0000.000,
 
000984531,000000000,000000000,0000.000,0000.000,0000.000,
 
000984551,000000000,000000000,0000.000,0000.000,0000.000,
 
000984571,000000000,000000000,0000.000,0000.000,0000.000,
 
000984591,000000000,000000000,0000.000,0000.000,0000.000,
 
000984611,000000000,000000000,0000.000,0000.000,0000.000,
 
000984631,000000000,000000000,0000.000,0000.000,0000.000,
 
000984651,000000000,000000000,0000.000,0000.000,0000.000,
 
000984671,000000000,000000000,0000.000,0000.000,0000.000,
 
000984691,000000000,000000000,0000.000,0000.000,0000.000,
 
000984711,000000000,000000000,0000.000,0000.000,0000.000,
 
000984731,000000000,000000000,0000.000,0000.000,0000.000,
 
000984751,000000000,000000000,0000.000,0000.000,0000.000,
 
000984771,000000000,000000000,0000.000,0000.000,0000.000,
 
000984791,000000000,000000000,0000.000,0000.000,0000.000,
 
000984811,000000000,000000000,0000.000,0000.000,0000.000,
 
000984831,000000000,000000000,0000.000,0000.000,0000.000,
 
000984851,000000000,000000000,0000.000,0000.000,0000.000,
 
000984871,000000000,000000000,0000.000,0000.000,0000.000,
 
000984891,000000000,000000000,0000.000,0000.000,0000.000,
 
000984911,000000000,000000000,0000.000,0000.000,0000.000,
 
000984931,000000000,000000000,0000.000,0000.000,0000.000,
 
000984951,000000000,000000000,0000.000,0000.000,0000.000,
 
000984971,000000000,000000000,0000.000,0000.000,0000.000,
 
000984991,000000000,000000000,0000.000,0000.000,0000.000,
 
000985011,000000000,000000000,0000.000,0000.000,0000.000,
 
000985031,000000000,000000000,0000.000,0000.000,0000.000,
 
000985051,000000000,000000000,0000.000,0000.000,0000.000,
 
000985071,000000000,000000000,0000.000,0000.000,0000.000,
 
000985091,000000000,000000000,0000.000,0000.000,0000.000,
 
000985111,000000000,000000000,0000.000,0000.000,0000.000,
 
000985131,000000000,000000000,0000.000,0000.000,0000.000,
 
000985151,000000000,000000000,0000.000,0000.000,0000.000,
 
000985171,000000000,000000000,0000.000,0000.000,0000.000,
 
000985191,000000000,000000000,0000.000,0000.000,0000.000,
 
000985211,000000000,000000000,0000.000,0000.000,0000.000,
 
000985231,000000000,000000000,0000.000,0000.000,0000.000,
 
000985251,000000000,000000000,0000.000,0000.000,0000.000,
 
000985271,000000000,000000000,0000.000,0000.000,0000.000,
 
000985291,000000000,000000000,0000.000,0000.000,0000.000,
 
000985311,000000000,000000000,0000.000,0000.000,0000.000,
 
000985331,000000000,000000000,0000.000,0000.000,0000.000,
 
000985351,000000000,000000000,0000.000,0000.000,0000.000,
 
000985371,000000000,000000000,0000.000,0000.000,0000.000,
 
000985391,000000000,000000000,0000.000,0000.000,0000.000,
 
000985411,000000000,000000000,0000.000,0000.000,0000.000,
 
000985431,000000000,000000000,0000.000,0000.000,0000.000,
 
000985451,000000000,000000000,0000.000,0000.000,0000.000,
 
000985471,000000000,000000000,0000.000,0000.000,0000.000,
 
000985491,000000000,000000000,0000.000,0000.000,0000.000,
 
000985511,000000000,000000000,0000.000,0000.000,0000.000,
 
000985531,000000000,000000000,0000.000,0000.000,0000.000,
 
000985551,000000000,000000000,0000.000,0000.000,0000.000,
 
000985571,000000000,000000000,0000.000,0000.000,0000.000,
 
000985591,000000000,000000000,0000.000,0000.000,0000.000,
 
000985611,000000000,000000000,0000.000,0000.000,0000.000,
 
000985631,000000000,000000000,0000.000,0000.000,0000.000,
 
000985651,000000000,000000000,0000.000,0000.000,0000.000,
 
000985671,000000000,000000000,0000.000,0000.000,0000.000,
 
000985691,000000000,000000000,0000.000,0000.000,0000.000,
 
000985711,000000000,000000000,0000.000,0000.000,0000.000,
 
000985731,000000000,000000000,0000.000,0000.000,0000.000,
 
000985751,000000000,000000000,0000.000,0000.000,0000.000,
 
000985771,000000000,000000000,0000.000,0000.000,0000.000,
 
000985791,000000000,000000000,0000.000,0000.000,0000.000,
 
000985811,000000000,000000000,0000.000,0000.000,0000.000,
 
000985831,000000000,-00000002,0000.000,0000.000,0000.000,
 
000985851,000000001,-00000013,0000.000,0000.000,0000.000,
 
000985871,000000001,-00000016,0000.000,0000.000,0000.000,
 
000985891,000000000,-00000025,0000.000,0000.000,0000.000,
 
000985911,000000000,-00000017,0000.000,0000.000,0000.000,
 
000985931,000000000,-00000010,0000.000,0000.000,0000.000,
 
000985951,000000000,-00000004,0000.000,0000.000,0000.000,
 
000985971,000000000,-00000001,0000.000,0000.000,0000.000,
 
000985991,000000000,000000000,0000.000,0000.000,0000.000,
 
000986011,000000000,000000000,0000.000,0000.000,0000.000,
 
000986031,000000000,000000000,0000.000,0000.000,0000.000,
 
000986051,000000000,000000000,0000.000,0000.000,0000.000,
 
000986071,000000000,-00000004,0000.000,0000.000,0000.000,
 
000986091,000000000,-00000002,0000.000,0000.000,0000.000,
 
000986111,000000000,-00000001,0000.000,0000.000,0000.000,
 
000986131,000000000,000000000,0000.000,0000.000,0000.000,
 
000986151,000000000,000000000,0000.000,0000.000,0000.000,
 
000986171,000000000,000000000,0000.000,0000.000,0000.000,
 
000986191,000000000,-00000001,0000.000,0000.000,0000.000,
 
000986211,000000000,-00000006,0000.000,0000.000,0000.000,
 
000986231,000000000,-00000017,0000.000,0000.000,0000.000,
 
000986251,-00000001,-00000032,0000.000,0000.000,0000.000,
 
000986271,-00000002,-00000041,0000.000,0000.000,0000.000,
 
000986291,-00000002,-00000049,0000.000,0000.000,0000.000,
 
000986311,-00000005,-00000049,0000.000,0000.000,0000.000,
 
000986331,-00000004,-00000049,0000.000,0000.000,0000.000,
 
000986351,-00000003,-00000049,0000.000,0000.000,0000.000,
 
000986371,-00000001,-00000028,0000.000,0000.000,0000.000,
 
000986391,000000000,-00000022,0000.000,0000.000,0000.000,
 
000986411,000000000,-00000017,0000.000,0000.000,0000.000,
 
000986431,000000000,-00000014,0000.000,0000.000,0000.000,
 
000986451,000000000,-00000013,0000.000,0000.000,0000.000,
 
000986471,-00000001,-00000015,0000.000,0000.000,0000.000,
 
000986491,-00000001,-00000015,0000.000,0000.000,0000.000,
 
000986511,000000000,-00000015,0000.000,0000.000,0000.000,
 
000986531,-00000002,-00000014,0000.000,0000.000,0000.000,
 
000986551,-00000001,-00000014,0000.000,0000.000,0000.000,
 
000986571,-00000001,-00000025,0000.000,0000.000,0000.000,
 
000986591,-00000001,-00000025,0000.000,0000.000,0000.000,
 
000986611,-00000001,-00000025,0000.000,0000.000,0000.000,
 
000986631,-00000002,-00000025,0000.000,0000.000,0000.000,
 
000986651,-00000001,-00000025,0000.000,0000.000,0000.000,
 
000986671,-00000002,-00000027,0000.000,0000.000,0000.000,
 
000986691,-00000002,-00000028,0000.000,0000.000,0000.000,
 
000986711,-00000003,-00000025,0000.000,0000.000,0000.000,
 
000986731,-00000002,-00000025,0000.000,0000.000,0000.000,
 
000986751,-00000001,-00000025,0000.000,0000.000,0000.000,
 
000986771,-00000001,-00000025,0000.000,0000.000,0000.000,
 
000986791,-00000002,-00000025,0000.000,0000.000,0000.000,
 
000986811,-00000001,-00000026,0000.000,0000.000,0000.000,
 
000986831,-00000002,-00000029,0000.000,0000.000,0000.000,
 
000986851,-00000002,-00000029,0000.000,0000.000,0000.000,
 
000986871,000000000,-00000031,0000.000,0000.000,0000.000,
 
000986891,000000000,-00000031,0000.000,0000.000,0000.000,
 
000986911,000000000,-00000033,0000.000,0000.000,0000.000,
 
000986931,000000000,-00000035,0000.000,0000.000,0000.000,
 
000986951,000000000,-00000035,0000.000,0000.000,0000.000,
 
000986971,-00000002,-00000033,0000.000,0000.000,0000.000,
 
000986991,-00000001,-00000030,0000.000,0000.000,0000.000,
 
000987011,000000000,-00000029,0000.000,0000.000,0000.000,
 
000987031,000000003,-00000026,0000.000,0000.000,0000.000,
 
000987051,000000002,-00000026,0000.000,0000.000,0000.000,
 
000987071,000000002,-00000025,0000.000,0000.000,0000.000,
 
000987091,000000002,-00000025,0000.000,0000.000,0000.000,
 
000987111,000000002,-00000025,0000.000,0000.000,0000.000,
 
000987131,000000001,-00000025,0000.000,0000.000,0000.000,
 
000987151,000000001,-00000016,0000.000,0000.000,0000.000,
 
000987171,000000003,-00000025,0000.000,0000.000,0000.000,
 
000987191,000000003,-00000020,0000.000,0000.000,0000.000,
 
000987211,000000002,-00000025,0000.000,0000.000,0000.000,
 
000987231,000000002,-00000026,0000.000,0000.000,0000.000,
 
000987251,000000001,-00000027,0000.000,0000.000,0000.000,
 
000987271,000000001,-00000029,0000.000,0000.000,0000.000,
 
000987291,000000000,-00000030,0000.000,0000.000,0000.000,
 
000987311,000000000,-00000026,0000.000,0000.000,0000.000,
 
000987331,000000000,-00000025,0000.000,0000.000,0000.000,
 
000987351,000000000,-00000025,0000.000,0000.000,0000.000,
 
000987371,000000000,-00000025,0000.000,0000.000,0000.000,
 
000987391,000000000,-00000024,0000.000,0000.000,0000.000,
 
000987411,000000001,-00000025,0000.000,0000.000,0000.000,
 
000987431,000000001,-00000025,0000.000,0000.000,0000.000,
 
000987451,000000000,-00000025,0000.000,0000.000,0000.000,
 
000987471,-00000003,-00000025,0000.000,0000.000,0000.000,
 
000987491,-00000001,-00000025,0000.000,0000.000,0000.000,
 
000987511,000000000,-00000025,0000.000,0000.000,0000.000,
 
000987531,-00000001,-00000024,0000.000,0000.000,0000.000,
 
000987551,000000000,-00000027,0000.000,0000.000,0000.000,
 
000987571,-00000001,-00000030,0000.000,0000.000,0000.000,
 
000987591,000000000,-00000030,0000.000,0000.000,0000.000,
 
000987611,-00000001,-00000032,0000.000,0000.000,0000.000,
 
000987631,000000000,-00000049,0000.000,0000.000,0000.000,
 
000987651,000000000,-00000049,0000.000,0000.000,0000.000,
 
000987671,000000001,-00000036,0000.000,0000.000,0000.000,
 
000987691,000000000,-00000037,0000.000,0000.000,0000.000,
 
000987711,000000000,-00000038,0000.000,0000.000,0000.000,
 
000987731,000000001,-00000049,0000.000,0000.000,0000.000,
 
000987751,000000002,-00000049,0000.000,0000.000,0000.000,
 
000987771,000000001,-00000049,0000.000,0000.000,0000.000,
 
000987791,000000001,-00000041,0000.000,0000.000,0000.000,
 
000987811,000000000,-00000039,0000.000,0000.000,0000.000,
 
000987831,000000001,-00000038,0000.000,0000.000,0000.000,
 
000987851,000000000,-00000049,0000.000,0000.000,0000.000,
 
000987871,000000000,-00000049,0000.000,0000.000,0000.000,
 
000987891,000000000,-00000039,0000.000,0000.000,0000.000,
 
000987911,000000000,-00000037,0000.000,0000.000,0000.000,
 
000987931,-00000001,-00000036,0000.000,0000.000,0000.000,
 
000987951,000000000,-00000036,0000.000,0000.000,0000.000,
 
000987971,000000000,-00000049,0000.000,0000.000,0000.000,
 
000987991,000000001,-00000049,0000.000,0000.000,0000.000,
 
000988011,000000001,-00000036,0000.000,0000.000,0000.000,
 
000988031,000000002,-00000035,0000.000,0000.000,0000.000,
 
000988051,000000001,-00000035,0000.000,0000.000,0000.000,
 
000988071,000000001,-00000049,0000.000,0000.000,0000.000,
 
000988091,000000000,-00000049,0000.000,0000.000,0000.000,
 
000988111,000000001,-00000032,0000.000,0000.000,0000.000,
 
000988131,000000002,-00000035,0000.000,0000.000,0000.000,
 
000988151,000000001,-00000034,0000.000,0000.000,0000.000,
 
000988171,000000000,-00000033,0000.000,0000.000,0000.000,
 
000988191,000000000,-00000032,0000.000,0000.000,0000.000,
 
000988211,-00000001,-00000030,0000.000,0000.000,0000.000,
 
000988231,-00000004,-00000030,0000.000,0000.000,0000.000,
 
000988251,-00000002,-00000029,0000.000,0000.000,0000.000,
 
000988271,-00000002,-00000029,0000.000,0000.000,0000.000,
 
000988291,-00000002,-00000030,0000.000,0000.000,0000.000,
 
000988311,-00000001,-00000031,0000.000,0000.000,0000.000,
 
000988331,-00000002,-00000032,0000.000,0000.000,0000.000,
 
000988351,-00000001,-00000034,0000.000,0000.000,0000.000,
 
000988371,-00000002,-00000049,0000.000,0000.000,0000.000,
 
000988391,-00000002,-00000049,0000.000,0000.000,0000.000,
 
000988411,-00000001,-00000049,0000.000,0000.000,0000.000,
 
000988431,000000000,-00000044,0000.000,0000.000,0000.000,
 
000988451,000000001,-00000045,0000.000,0000.000,0000.000,
 
000988471,000000001,-00000049,0000.000,0000.000,0000.000,
 
000988491,000000002,-00000049,0000.000,0000.000,0000.000,
 
000988511,000000001,-00000048,0000.000,0000.000,0000.000,
 
000988531,000000002,-00000046,0000.000,0000.000,0000.000,
 
000988551,000000001,-00000045,0000.000,0000.000,0000.000,
 
000988571,000000002,-00000049,0000.000,0000.000,0000.000,
 
000988591,000000000,-00000045,0000.000,0000.000,0000.000,
 
000988611,000000000,-00000046,0000.000,0000.000,0000.000,
 
000988631,000000000,-00000046,0000.000,0000.000,0000.000,
 
000988651,000000001,-00000049,0000.000,0000.000,0000.000,
 
000988671,000000002,-00000049,0000.000,0000.000,0000.000,
 
000988691,000000002,-00000045,0000.000,0000.000,0000.000,
 
000988711,000000001,-00000044,0000.000,0000.000,0000.000,
 
000988731,000000000,-00000049,0000.000,0000.000,0000.000,
 
000988751,000000000,-00000049,0000.000,0000.000,0000.000,
 
000988771,000000000,-00000042,0000.000,0000.000,0000.000,
 
000988791,000000003,-00000040,0000.000,0000.000,0000.000,
 
000988811,000000002,-00000040,0000.000,0000.000,0000.000,
 
000988831,000000001,-00000049,0000.000,0000.000,0000.000,
 
000988851,000000001,-00000036,0000.000,0000.000,0000.000,
 
000988871,000000000,-00000034,0000.000,0000.000,0000.000,
 
000988891,000000000,-00000032,0000.000,0000.000,0000.000,
 
000988911,000000000,-00000032,0000.000,0000.000,0000.000,
 
000988931,000000000,-00000031,0000.000,0000.000,0000.000,
 
000988951,000000000,-00000033,0000.000,0000.000,0000.000,
 
000988971,000000000,-00000049,0000.000,0000.000,0000.000,
 
000988991,000000000,-00000049,0000.000,0000.000,0000.000,
 
000989011,-00000001,-00000033,0000.000,0000.000,0000.000,
 
000989031,-00000002,-00000033,0000.000,0000.000,0000.000,
 
000989051,-00000001,-00000049,0000.000,0000.000,0000.000,
 
000989071,-00000002,-00000039,0000.000,0000.000,0000.000,
 
000989091,-00000001,-00000041,0000.000,0000.000,0000.000,
 
000989111,-00000002,-00000045,0000.000,0000.000,0000.000,
 
000989131,-00000003,-00000049,0000.000,0000.000,0000.000,
 
000989151,-00000002,-00000046,0000.000,0000.000,0000.000,
 
000989171,-00000001,-00000050,0000.000,0000.000,0000.000,
 
000989191,-00000002,-00000053,0000.000,0000.000,0000.000,
 
000989211,-00000001,-00000056,0000.000,0000.000,0000.000,
 
000989231,-00000001,-00000056,0000.000,0000.000,0000.000,
 
000989251,-00000001,-00000053,0000.000,0000.000,0000.000,
 
000989271,000000000,-00000050,0000.000,0000.000,0000.000,
 
000989291,000000000,-00000048,0000.000,0000.000,0000.000,
 
000989311,000000001,-00000049,0000.000,0000.000,0000.000,
 
000989331,000000002,-00000049,0000.000,0000.000,0000.000,
 
000989351,000000001,-00000048,0000.000,0000.000,0000.000,
 
000989371,000000003,-00000048,0000.000,0000.000,0000.000,
 
000989391,000000004,-00000049,0000.000,0000.000,0000.000,
 
000989411,000000004,-00000046,0000.000,0000.000,0000.000,
 
000989431,000000005,-00000042,0000.000,0000.000,0000.000,
 
000989451,000000005,-00000049,0000.000,0000.000,0000.000,
 
000989471,000000004,-00000049,0000.000,0000.000,0000.000,
 
000989491,000000003,-00000043,0000.000,0000.000,0000.000,
 
000989511,000000002,-00000043,0000.000,0000.000,0000.000,
 
000989531,000000001,-00000049,0000.000,0000.000,0000.000,
 
000989551,000000000,-00000039,0000.000,0000.000,0000.000,
 
000989571,000000000,-00000037,0000.000,0000.000,0000.000,
 
000989591,000000002,-00000049,0000.000,0000.000,0000.000,
 
000989611,000000002,-00000033,0000.000,0000.000,0000.000,
 
000989631,000000001,-00000027,0000.000,0000.000,0000.000,
 
000989651,000000000,-00000025,0000.000,0000.000,0000.000,
 
000989671,000000001,-00000015,0000.000,0000.000,0000.000,
 
000989691,000000001,-00000012,0000.000,0000.000,0000.000,
 
000989711,000000002,-00000013,0000.000,0000.000,0000.000,
 
000989731,000000000,-00000016,0000.000,0000.000,0000.000,
 
000989751,000000000,-00000020,0000.000,0000.000,0000.000,
 
000989771,000000000,-00000025,0000.000,0000.000,0000.000,
 
000989791,-00000001,-00000025,0000.000,0000.000,0000.000,
 
000989811,-00000001,-00000025,0000.000,0000.000,0000.000,
 
000989831,-00000001,-00000027,0000.000,0000.000,0000.000,
 
000989851,-00000001,-00000032,0000.000,0000.000,0000.000,
 
000989871,-00000001,-00000033,0000.000,0000.000,0000.000,
 
000989891,-00000001,-00000049,0000.000,0000.000,0000.000,
 
000989911,-00000002,-00000049,0000.000,0000.000,0000.000,
 
000989931,-00000001,-00000035,0000.000,0000.000,0000.000,
 
000989951,-00000002,-00000049,0000.000,0000.000,0000.000,
 
000989971,-00000001,-00000049,0000.000,0000.000,0000.000,
 
000989991,-00000002,-00000039,0000.000,0000.000,0000.000,
 
000990011,-00000003,-00000038,0000.000,0000.000,0000.000,
 
000990031,-00000004,-00000049,0000.000,0000.000,0000.000,
 
000990051,-00000004,-00000037,0000.000,0000.000,0000.000,
 
000990071,000000000,-00000036,0000.000,0000.000,0000.000,
 
000990091,-00000002,-00000049,0000.000,0000.000,0000.000,
 
000990111,-00000002,-00000032,0000.000,0000.000,0000.000,
 
000990131,-00000004,-00000031,0000.000,0000.000,0000.000,
 
000990151,-00000002,-00000030,0000.000,0000.000,0000.000,
 
000990171,-00000004,-00000030,0000.000,0000.000,0000.000,
 
000990191,-00000002,-00000028,0000.000,0000.000,0000.000,
 
000990211,-00000002,-00000027,0000.000,0000.000,0000.000,
 
000990231,-00000002,-00000027,0000.000,0000.000,0000.000,
 
000990251,000000000,-00000027,0000.000,0000.000,0000.000,
 
000990271,000000000,-00000026,0000.000,0000.000,0000.000,
 
000990291,000000000,-00000023,0000.000,0000.000,0000.000,
 
000990311,000000000,-00000025,0000.000,0000.000,0000.000,
 
000990331,000000000,-00000025,0000.000,0000.000,0000.000,
 
000990351,000000000,-00000026,0000.000,0000.000,0000.000,
 
000990371,000000001,-00000029,0000.000,0000.000,0000.000,
 
000990391,000000001,-00000029,0000.000,0000.000,0000.000,
 
000990411,000000000,-00000031,0000.000,0000.000,0000.000,
 
000990431,000000000,-00000032,0000.000,0000.000,0000.000,
 
000990451,-00000001,-00000034,0000.000,0000.000,0000.000,
 
000990471,-00000001,-00000035,0000.000,0000.000,0000.000,
 
000990491,000000000,-00000032,0000.000,0000.000,0000.000,
 
000990511,000000000,-00000032,0000.000,0000.000,0000.000,
 
000990531,000000000,-00000030,0000.000,0000.000,0000.000,
 
000990551,-00000002,-00000029,0000.000,0000.000,0000.000,
 
000990571,000000000,-00000024,0000.000,0000.000,0000.000,
 
000990591,-00000001,-00000025,0000.000,0000.000,0000.000,
 
000990611,-00000001,-00000025,0000.000,0000.000,0000.000,
 
000990631,-00000002,-00000020,0000.000,0000.000,0000.000,
 
000990651,000000000,-00000025,0000.000,0000.000,0000.000,
 
000990671,000000000,-00000017,0000.000,0000.000,0000.000,
 
000990691,000000000,-00000025,0000.000,0000.000,0000.000,
 
000990711,000000001,-00000025,0000.000,0000.000,0000.000,
 
000990731,000000000,-00000016,0000.000,0000.000,0000.000,
 
000990751,000000000,-00000025,0000.000,0000.000,0000.000,
 
000990771,000000000,-00000025,0000.000,0000.000,0000.000,
 
000990791,000000000,-00000021,0000.000,0000.000,0000.000,
 
000990811,000000000,-00000025,0000.000,0000.000,0000.000,
 
000990831,-00000002,-00000025,0000.000,0000.000,0000.000,
 
000990851,-00000003,-00000028,0000.000,0000.000,0000.000,
 
000990871,-00000002,-00000026,0000.000,0000.000,0000.000,
 
000990891,-00000001,-00000024,0000.000,0000.000,0000.000,
 
000990911,000000000,-00000025,0000.000,0000.000,0000.000,
 
000990931,000000000,-00000015,0000.000,0000.000,0000.000,
 
000990951,000000000,-00000009,0000.000,0000.000,0000.000,
 
000990971,000000000,-00000007,0000.000,0000.000,0000.000,
 
000990991,000000000,-00000002,0000.000,0000.000,0000.000,
 
000991011,000000000,-00000001,0000.000,0000.000,0000.000,
 
000991031,000000000,000000000,0000.000,0000.000,0000.000,
 
000991051,000000000,000000000,0000.000,0000.000,0000.000,
 
000991071,000000000,000000000,0000.000,0000.000,0000.000,
 
000991091,000000000,000000000,0000.000,0000.000,0000.000,
 
000991111,000000000,000000000,0000.000,0000.000,0000.000,
 
000991131,000000000,000000000,0000.000,0000.000,0000.000,
 
000991151,000000000,000000000,0000.000,0000.000,0000.000,
 
000991171,000000000,000000000,0000.000,0000.000,0000.000,
 
000991191,000000000,000000000,0000.000,0000.000,0000.000,
 
000991211,000000000,000000000,0000.000,0000.000,0000.000,
 
000991231,000000000,000000000,0000.000,0000.000,0000.000,
 
000991251,000000000,000000000,0000.000,0000.000,0000.000,
 
000991271,000000000,000000000,0000.000,0000.000,0000.000,
 
000991291,000000000,-00000002,0000.000,0000.000,0000.000,
 
000991311,000000000,-00000003,0000.000,0000.000,0000.000,
 
000991331,-00000001,-00000002,0000.000,0000.000,0000.000,
 
000991351,000000000,-00000001,0000.000,0000.000,0000.000,
 
000991371,000000000,000000000,0000.000,0000.000,0000.000,
 
000991391,000000000,000000000,0000.000,0000.000,0000.000,
 
000991411,000000000,000000000,0000.000,0000.000,0000.000,
 
000991431,-00000001,000000000,0000.000,0000.000,0000.000,
 
000991451,000000000,-00000001,0000.000,0000.000,0000.000,
 
000991471,-00000001,-00000001,0000.000,0000.000,0000.000,
 
000991491,000000000,000000000,0000.000,0000.000,0000.000,
 
000991511,000000000,000000000,0000.000,0000.000,0000.000,
 
000991531,000000000,000000000,0000.000,0000.000,0000.000,
 
000991551,000000000,000000000,0000.000,0000.000,0000.000,
 
000991571,000000000,000000000,0000.000,0000.000,0000.000,
 
000991591,000000000,000000000,0000.000,0000.000,0000.000,
 
000991611,-00000001,-00000003,0000.000,0000.000,0000.000,
 
000991631,-00000003,-00000007,0000.000,0000.000,0000.000,
 
000991651,-00000004,-00000008,0000.000,0000.000,0000.000,
 
000991671,-00000003,-00000007,0000.000,0000.000,0000.000,
 
000991691,-00000001,-00000002,0000.000,0000.000,0000.000,
 
000991711,000000000,000000000,0000.000,0000.000,0000.000,
 
000991731,000000000,000000000,0000.000,0000.000,0000.000,
 
000991751,000000000,000000000,0000.000,0000.000,0000.000,
 
000991771,000000000,000000000,0000.000,0000.000,0000.000,
 
000991791,000000000,000000000,0000.000,0000.000,0000.000,
 
000991811,-00000001,-00000001,0000.000,0000.000,0000.000,
 
000991831,-00000002,-00000004,0000.000,0000.000,0000.000,
 
000991851,-00000004,-00000005,0000.000,0000.000,0000.000,
 
000991871,-00000007,-00000013,0000.000,0000.000,0000.000,
 
000991891,-00000009,-00000015,0000.000,0000.000,0000.000,
 
000991911,-00000013,-00000017,0000.000,0000.000,0000.000,
 
000991931,-00000005,-00000013,0000.000,0000.000,0000.000,
 
000991951,-00000002,-00000002,0000.000,0000.000,0000.000,
 
000991971,000000000,000000000,0000.000,0000.000,0000.000,
 
000991991,000000000,000000000,0000.000,0000.000,0000.000,
 
000992011,000000000,000000000,0000.000,0000.000,0000.000,
 
000992031,000000000,000000000,0000.000,0000.000,0000.000,
 
000992051,000000000,000000000,0000.000,0000.000,0000.000,
 
000992071,000000000,000000000,0000.000,0000.000,0000.000,
 
000992091,000000000,000000000,0000.000,0000.000,0000.000,
 
000992111,000000000,000000000,0000.000,0000.000,0000.000,
 
000992131,000000000,000000000,0000.000,0000.000,0000.000,
 
000992151,000000000,000000000,0000.000,0000.000,0000.000,
 
000992171,000000000,000000000,0000.000,0000.000,0000.000,
 
000992191,000000000,000000000,0000.000,0000.000,0000.000,
 
000992211,000000000,-00000002,0000.000,0000.000,0000.000,
 
000992231,-00000001,-00000007,0000.000,0000.000,0000.000,
 
000992251,000000000,-00000008,0000.000,0000.000,0000.000,
 
000992271,000000000,-00000007,0000.000,0000.000,0000.000,
 
000992291,000000000,-00000001,0000.000,0000.000,0000.000,
 
000992311,000000000,-00000001,0000.000,0000.000,0000.000,
 
000992331,000000000,000000000,0000.000,0000.000,0000.000,
 
000992351,000000000,000000000,0000.000,0000.000,0000.000,
 
000992371,-00000003,-00000004,0000.000,0000.000,0000.000,
 
000992391,-00000007,-00000009,0000.000,0000.000,0000.000,
 
000992411,-00000006,-00000013,0000.000,0000.000,0000.000,
 
000992431,-00000007,-00000010,0000.000,0000.000,0000.000,
 
000992451,-00000003,-00000007,0000.000,0000.000,0000.000,
 
000992471,-00000001,-00000004,0000.000,0000.000,0000.000,
 
000992491,000000000,000000000,0000.000,0000.000,0000.000,
 
000992511,000000000,000000000,0000.000,0000.000,0000.000,
 
000992531,000000000,000000000,0000.000,0000.000,0000.000,
 
000992551,000000000,000000000,0000.000,0000.000,0000.000,
 
000992571,000000000,000000000,0000.000,0000.000,0000.000,
 
000992591,000000000,000000000,0000.000,0000.000,0000.000,
 
000992611,000000000,000000000,0000.000,0000.000,0000.000,
 
000992631,000000000,000000000,0000.000,0000.000,0000.000,
 
000992651,000000000,000000000,0000.000,0000.000,0000.000,
 
000992671,000000000,000000000,0000.000,0000.000,0000.000,
 
000992691,000000000,000000000,0000.000,0000.000,0000.000,
 
000992711,000000000,000000000,0000.000,0000.000,0000.000,
 
000992731,000000000,000000000,0000.000,0000.000,0000.000,
 
000992751,000000000,000000000,0000.000,0000.000,0000.000,
 
000992771,000000000,000000000,0000.000,0000.000,0000.000,
 
000992791,000000000,000000000,0000.000,0000.000,0000.000,
 
000992811,000000000,000000000,0000.000,0000.000,0000.000,
 
000992831,000000000,000000000,0000.000,0000.000,0000.000,
 
000992851,000000000,000000000,0000.000,0000.000,0000.000,
 
000992871,000000000,000000000,0000.000,0000.000,0000.000,
 
000992891,000000000,000000000,0000.000,0000.000,0000.000,
 
000992911,000000000,000000000,0000.000,0000.000,0000.000,
 
000992931,000000000,000000000,0000.000,0000.000,0000.000,
 
000992951,000000000,000000000,0000.000,0000.000,0000.000,
 
000992971,000000000,000000000,0000.000,0000.000,0000.000,
 
000992991,000000000,000000000,0000.000,0000.000,0000.000,
 
000993011,000000000,000000000,0000.000,0000.000,0000.000,
 
000993031,000000000,000000000,0000.000,0000.000,0000.000,
 
000993051,000000000,000000000,0000.000,0000.000,0000.000,
 
000993071,000000000,000000000,0000.000,0000.000,0000.000,
 
000993091,000000000,000000000,0000.000,0000.000,0000.000,
 
000993111,000000000,000000000,0000.000,0000.000,0000.000,
 
000993131,000000000,000000000,0000.000,0000.000,0000.000,
 
000993151,000000000,000000000,0000.000,0000.000,0000.000,
 
000993171,000000000,000000000,0000.000,0000.000,0000.000,
 
000993191,000000000,000000000,0000.000,0000.000,0000.000,
 
000993211,000000000,000000000,0000.000,0000.000,0000.000,
 
000993231,000000000,000000000,0000.000,0000.000,0000.000,
 
000993251,000000000,000000000,0000.000,0000.000,0000.000,
 
000993271,000000000,000000000,0000.000,0000.000,0000.000,
 
000993291,000000000,000000000,0000.000,0000.000,0000.000,
 
000993311,000000000,000000000,0000.000,0000.000,0000.000,
 
000993331,000000000,000000000,0000.000,0000.000,0000.000,
 
000993351,000000000,000000000,0000.000,0000.000,0000.000,
 
000993371,000000000,000000000,0000.000,0000.000,0000.000,
 
000993391,000000000,000000000,0000.000,0000.000,0000.000,
 
000993411,000000000,000000000,0000.000,0000.000,0000.000,
 
000993431,000000000,000000000,0000.000,0000.000,0000.000,
 
000993451,000000000,000000000,0000.000,0000.000,0000.000,
 
000993471,000000000,000000000,0000.000,0000.000,0000.000,
 
000993491,000000000,000000000,0000.000,0000.000,0000.000,
 
000993511,000000000,000000000,0000.000,0000.000,0000.000,
 
000993531,000000000,000000000,0000.000,0000.000,0000.000,
 
000993551,000000000,000000000,0000.000,0000.000,0000.000,
 
000993571,000000000,000000000,0000.000,0000.000,0000.000,
 
000993591,000000000,000000000,0000.000,0000.000,0000.000,
 
000993611,000000000,000000000,0000.000,0000.000,0000.000,
 
000993631,000000000,000000000,0000.000,0000.000,0000.000,
 
000993651,000000000,000000000,0000.000,0000.000,0000.000,
 
000993671,000000000,000000000,0000.000,0000.000,0000.000,
 
000993691,000000000,000000000,0000.000,0000.000,0000.000,
 
000993711,000000000,000000000,0000.000,0000.000,0000.000,
 
000993731,000000000,000000000,0000.000,0000.000,0000.000,
 
000993751,000000000,000000000,0000.000,0000.000,0000.000,
 
000993771,000000000,000000000,0000.000,0000.000,0000.000,
 
000993791,000000000,000000000,0000.000,0000.000,0000.000,
 
000993811,000000000,000000000,0000.000,0000.000,0000.000,
 
000993831,000000000,000000000,0000.000,0000.000,0000.000,
 
000993851,000000000,000000000,0000.000,0000.000,0000.000,
 
000993871,000000000,000000000,0000.000,0000.000,0000.000,
 
000993891,000000000,000000000,0000.000,0000.000,0000.000,
 
000993911,000000000,000000000,0000.000,0000.000,0000.000,
 
