000916789,000007911,000003943,0000.000,0000.000,0000.000,
 
000916809,000000000,000000000,0000.000,0000.000,0000.000,
 
000916829,000000000,000000000,0000.000,0000.000,0000.000,
 
000916849,000000000,000000000,0000.000,0000.000,0000.000,
 
000916869,000000000,000000000,0000.000,0000.000,0000.000,
 
000916889,000000000,000000000,0000.000,0000.000,0000.000,
 
000916909,000000000,000000000,0000.000,0000.000,0000.000,
 
000916929,000000000,000000000,0000.000,0000.000,0000.000,
 
000916949,000000000,000000000,0000.000,0000.000,0000.000,
 
000916969,000000000,000000000,0000.000,0000.000,0000.000,
 
000916989,000000000,000000000,0000.000,0000.000,0000.000,
 
000917009,000000000,000000000,0000.000,0000.000,0000.000,
 
000917029,000000000,000000000,0000.000,0000.000,0000.000,
 
000917049,000000000,000000000,0000.000,0000.000,0000.000,
 
000917069,000000000,000000000,0000.000,0000.000,0000.000,
 
000917089,000000000,000000000,0000.000,0000.000,0000.000,
 
000917109,000000000,000000000,0000.000,0000.000,0000.000,
 
000917129,000000000,000000000,0000.000,0000.000,0000.000,
 
000917149,000000000,000000000,0000.000,0000.000,0000.000,
 
000917169,000000000,000000000,0000.000,0000.000,0000.000,
 
000917189,000000000,000000000,0000.000,0000.000,0000.000,
 
000917209,000000000,000000000,0000.000,0000.000,0000.000,
 
000917229,000000000,000000000,0000.000,0000.000,0000.000,
 
000917249,000000000,000000000,0000.000,0000.000,0000.000,
 
000917269,000000000,000000000,0000.000,0000.000,0000.000,
 
000917289,000000000,000000000,0000.000,0000.000,0000.000,
 
000917309,000000000,000000000,0000.000,0000.000,0000.000,
 
000917329,000000000,000000000,0000.000,0000.000,0000.000,
 
000917349,000000000,000000000,0000.000,0000.000,0000.000,
 
000917369,000000000,000000000,0000.000,0000.000,0000.000,
 
000917389,000000000,000000000,0000.000,0000.000,0000.000,
 
000917409,000000000,000000000,0000.000,0000.000,0000.000,
 
000917429,000000000,000000000,0000.000,0000.000,0000.000,
 
000917449,000000000,000000000,0000.000,0000.000,0000.000,
 
000917469,000000000,000000000,0000.000,0000.000,0000.000,
 
000917489,000000000,000000000,0000.000,0000.000,0000.000,
 
000917509,000000000,000000000,0000.000,0000.000,0000.000,
 
000917529,000000000,000000000,0000.000,0000.000,0000.000,
 
000917549,000000000,000000000,0000.000,0000.000,0000.000,
 
000917569,000000000,000000000,0000.000,0000.000,0000.000,
 
000917589,000000000,000000000,0000.000,0000.000,0000.000,
 
000917609,000000000,000000000,0000.000,0000.000,0000.000,
 
000917629,000000000,000000000,0000.000,0000.000,0000.000,
 
000917649,000000000,000000000,0000.000,0000.000,0000.000,
 
000917669,000000000,000000000,0000.000,0000.000,0000.000,
 
000917689,000000000,000000000,0000.000,0000.000,0000.000,
 
000917709,000000000,000000000,0000.000,0000.000,0000.000,
 
000917729,000000000,000000000,0000.000,0000.000,0000.000,
 
000917749,000000000,000000000,0000.000,0000.000,0000.000,
 
000917769,000000000,000000000,0000.000,0000.000,0000.000,
 
000917789,000000000,000000000,0000.000,0000.000,0000.000,
 
000917809,000000000,000000000,0000.000,0000.000,0000.000,
 
000917829,000000000,000000000,0000.000,0000.000,0000.000,
 
000917849,000000000,000000000,0000.000,0000.000,0000.000,
 
000917869,000000000,000000000,0000.000,0000.000,0000.000,
 
000917889,000000000,000000000,0000.000,0000.000,0000.000,
 
000917909,000000000,000000000,0000.000,0000.000,0000.000,
 
000917929,000000000,000000000,0000.000,0000.000,0000.000,
 
000917949,000000000,000000000,0000.000,0000.000,0000.000,
 
000917969,000000000,000000000,0000.000,0000.000,0000.000,
 
000917989,000000000,000000000,0000.000,0000.000,0000.000,
 
000918009,000000000,000000000,0000.000,0000.000,0000.000,
 
000918029,000000000,000000000,0000.000,0000.000,0000.000,
 
000918049,000000000,000000000,0000.000,0000.000,0000.000,
 
000918069,000000000,000000000,0000.000,0000.000,0000.000,
 
000918089,000000000,000000000,0000.000,0000.000,0000.000,
 
000918109,000000000,000000000,0000.000,0000.000,0000.000,
 
000918129,000000000,000000000,0000.000,0000.000,0000.000,
 
000918149,000000000,000000000,0000.000,0000.000,0000.000,
 
000918169,000000000,000000000,0000.000,0000.000,0000.000,
 
000918189,000000000,000000000,0000.000,0000.000,0000.000,
 
000918209,000000000,000000000,0000.000,0000.000,0000.000,
 
000918229,000000000,000000000,0000.000,0000.000,0000.000,
 
000918249,000000000,000000000,0000.000,0000.000,0000.000,
 
000918269,000000000,000000000,0000.000,0000.000,0000.000,
 
000918289,000000000,000000000,0000.000,0000.000,0000.000,
 
000918309,000000000,000000000,0000.000,0000.000,0000.000,
 
000918329,000000000,000000000,0000.000,0000.000,0000.000,
 
000918349,000000000,000000000,0000.000,0000.000,0000.000,
 
000918369,000000000,000000000,0000.000,0000.000,0000.000,
 
000918389,000000000,000000000,0000.000,0000.000,0000.000,
 
000918409,000000000,000000000,0000.000,0000.000,0000.000,
 
000918429,000000000,000000000,0000.000,0000.000,0000.000,
 
000918449,000000000,000000000,0000.000,0000.000,0000.000,
 
000918469,000000000,000000000,0000.000,0000.000,0000.000,
 
000918489,000000000,000000000,0000.000,0000.000,0000.000,
 
000918509,000000000,000000000,0000.000,0000.000,0000.000,
 
000918529,000000000,000000000,0000.000,0000.000,0000.000,
 
000918549,000000000,000000000,0000.000,0000.000,0000.000,
 
000918569,000000000,000000000,0000.000,0000.000,0000.000,
 
000918589,000000000,000000000,0000.000,0000.000,0000.000,
 
000918609,000000000,000000000,0000.000,0000.000,0000.000,
 
000918629,000000000,000000000,0000.000,0000.000,0000.000,
 
000918649,000000000,000000000,0000.000,0000.000,0000.000,
 
000918669,000000000,000000000,0000.000,0000.000,0000.000,
 
000918689,000000000,000000000,0000.000,0000.000,0000.000,
 
000918709,000000000,000000000,0000.000,0000.000,0000.000,
 
000918729,000000000,000000000,0000.000,0000.000,0000.000,
 
000918749,000000000,000000000,0000.000,0000.000,0000.000,
 
000918769,000000000,000000000,0000.000,0000.000,0000.000,
 
000918789,000000000,000000000,0000.000,0000.000,0000.000,
 
000918809,000000000,000000000,0000.000,0000.000,0000.000,
 
000918829,000000000,000000000,0000.000,0000.000,0000.000,
 
000918849,000000000,000000000,0000.000,0000.000,0000.000,
 
000918869,000000000,000000000,0000.000,0000.000,0000.000,
 
000918889,000000000,000000000,0000.000,0000.000,0000.000,
 
000918909,000000000,000000000,0000.000,0000.000,0000.000,
 
000918929,000000000,000000000,0000.000,0000.000,0000.000,
 
000918949,000000000,000000000,0000.000,0000.000,0000.000,
 
000918969,000000000,000000000,0000.000,0000.000,0000.000,
 
000918989,000000000,000000000,0000.000,0000.000,0000.000,
 
000919009,000000000,000000000,0000.000,0000.000,0000.000,
 
000919029,000000000,000000000,0000.000,0000.000,0000.000,
 
000919049,000000000,000000000,0000.000,0000.000,0000.000,
 
000919069,000000000,000000000,0000.000,0000.000,0000.000,
 
000919089,000000000,000000000,0000.000,0000.000,0000.000,
 
000919109,000000000,000000000,0000.000,0000.000,0000.000,
 
000919129,000000000,000000000,0000.000,0000.000,0000.000,
 
000919149,000000000,000000000,0000.000,0000.000,0000.000,
 
000919169,000000000,000000000,0000.000,0000.000,0000.000,
 
000919189,000000000,000000000,0000.000,0000.000,0000.000,
 
000919209,000000000,000000000,0000.000,0000.000,0000.000,
 
000919229,000000000,000000000,0000.000,0000.000,0000.000,
 
000919249,000000000,000000000,0000.000,0000.000,0000.000,
 
000919269,000000000,000000000,0000.000,0000.000,0000.000,
 
000919289,000000000,000000000,0000.000,0000.000,0000.000,
 
000919309,000000000,000000000,0000.000,0000.000,0000.000,
 
000919329,000000000,000000000,0000.000,0000.000,0000.000,
 
000919349,000000000,000000000,0000.000,0000.000,0000.000,
 
000919369,000000000,000000000,0000.000,0000.000,0000.000,
 
000919389,000000000,000000000,0000.000,0000.000,0000.000,
 
000919409,000000000,000000000,0000.000,0000.000,0000.000,
 
000919429,000000000,000000000,0000.000,0000.000,0000.000,
 
000919449,000000000,000000000,0000.000,0000.000,0000.000,
 
000919469,000000000,000000000,0000.000,0000.000,0000.000,
 
000919489,000000000,-00000002,0000.000,0000.000,0000.000,
 
000919509,000000000,-00000007,0000.000,0000.000,0000.000,
 
000919529,000000000,-00000013,0000.000,0000.000,0000.000,
 
000919549,000000000,-00000013,0000.000,0000.000,0000.000,
 
000919569,000000001,-00000008,0000.000,0000.000,0000.000,
 
000919589,000000001,-00000007,0000.000,0000.000,0000.000,
 
000919609,000000000,-00000004,0000.000,0000.000,0000.000,
 
000919629,000000000,-00000003,0000.000,0000.000,0000.000,
 
000919649,000000000,-00000001,0000.000,0000.000,0000.000,
 
000919669,000000000,-00000001,0000.000,0000.000,0000.000,
 
000919689,000000000,-00000001,0000.000,0000.000,0000.000,
 
000919709,-00000001,-00000002,0000.000,0000.000,0000.000,
 
000919729,-00000001,-00000007,0000.000,0000.000,0000.000,
 
000919749,-00000004,-00000013,0000.000,0000.000,0000.000,
 
000919769,-00000003,-00000015,0000.000,0000.000,0000.000,
 
000919789,-00000004,-00000016,0000.000,0000.000,0000.000,
 
000919809,-00000004,-00000016,0000.000,0000.000,0000.000,
 
000919829,-00000004,-00000015,0000.000,0000.000,0000.000,
 
000919849,-00000002,-00000013,0000.000,0000.000,0000.000,
 
000919869,-00000001,-00000013,0000.000,0000.000,0000.000,
 
000919889,-00000002,-00000013,0000.000,0000.000,0000.000,
 
000919909,-00000001,-00000013,0000.000,0000.000,0000.000,
 
000919929,000000000,-00000014,0000.000,0000.000,0000.000,
 
000919949,000000000,-00000015,0000.000,0000.000,0000.000,
 
000919969,-00000001,-00000015,0000.000,0000.000,0000.000,
 
000919989,-00000001,-00000016,0000.000,0000.000,0000.000,
 
000920009,-00000001,-00000016,0000.000,0000.000,0000.000,
 
000920029,-00000001,-00000016,0000.000,0000.000,0000.000,
 
000920049,-00000001,-00000025,0000.000,0000.000,0000.000,
 
000920069,-00000001,-00000025,0000.000,0000.000,0000.000,
 
000920089,000000000,-00000025,0000.000,0000.000,0000.000,
 
000920109,-00000001,-00000026,0000.000,0000.000,0000.000,
 
000920129,-00000001,-00000027,0000.000,0000.000,0000.000,
 
000920149,-00000002,-00000030,0000.000,0000.000,0000.000,
 
000920169,-00000003,-00000031,0000.000,0000.000,0000.000,
 
000920189,-00000004,-00000033,0000.000,0000.000,0000.000,
 
000920209,-00000003,-00000049,0000.000,0000.000,0000.000,
 
000920229,-00000002,-00000036,0000.000,0000.000,0000.000,
 
000920249,-00000001,-00000049,0000.000,0000.000,0000.000,
 
000920269,-00000001,-00000033,0000.000,0000.000,0000.000,
 
000920289,000000000,-00000049,0000.000,0000.000,0000.000,
 
000920309,000000000,-00000032,0000.000,0000.000,0000.000,
 
000920329,000000001,-00000033,0000.000,0000.000,0000.000,
 
000920349,000000002,-00000049,0000.000,0000.000,0000.000,
 
000920369,000000002,-00000034,0000.000,0000.000,0000.000,
 
000920389,000000003,-00000049,0000.000,0000.000,0000.000,
 
000920409,000000002,-00000037,0000.000,0000.000,0000.000,
 
000920429,000000003,-00000049,0000.000,0000.000,0000.000,
 
000920449,000000002,-00000037,0000.000,0000.000,0000.000,
 
000920469,000000003,-00000037,0000.000,0000.000,0000.000,
 
000920489,000000002,-00000049,0000.000,0000.000,0000.000,
 
000920509,000000002,-00000034,0000.000,0000.000,0000.000,
 
000920529,000000001,-00000049,0000.000,0000.000,0000.000,
 
000920549,000000002,-00000049,0000.000,0000.000,0000.000,
 
000920569,000000001,-00000036,0000.000,0000.000,0000.000,
 
000920589,000000001,-00000049,0000.000,0000.000,0000.000,
 
000920609,000000000,-00000033,0000.000,0000.000,0000.000,
 
000920629,000000000,-00000033,0000.000,0000.000,0000.000,
 
000920649,000000002,-00000049,0000.000,0000.000,0000.000,
 
000920669,000000000,-00000034,0000.000,0000.000,0000.000,
 
000920689,000000000,-00000049,0000.000,0000.000,0000.000,
 
000920709,-00000001,-00000049,0000.000,0000.000,0000.000,
 
000920729,000000000,-00000036,0000.000,0000.000,0000.000,
 
000920749,000000001,-00000049,0000.000,0000.000,0000.000,
 
000920769,000000001,-00000034,0000.000,0000.000,0000.000,
 
000920789,000000000,-00000036,0000.000,0000.000,0000.000,
 
000920809,-00000001,-00000049,0000.000,0000.000,0000.000,
 
000920829,-00000002,-00000049,0000.000,0000.000,0000.000,
 
000920849,-00000002,-00000040,0000.000,0000.000,0000.000,
 
000920869,-00000004,-00000049,0000.000,0000.000,0000.000,
 
000920889,-00000004,-00000049,0000.000,0000.000,0000.000,
 
000920909,-00000002,-00000045,0000.000,0000.000,0000.000,
 
000920929,000000000,-00000049,0000.000,0000.000,0000.000,
 
000920949,-00000002,-00000049,0000.000,0000.000,0000.000,
 
000920969,-00000004,-00000049,0000.000,0000.000,0000.000,
 
000920989,-00000003,-00000049,0000.000,0000.000,0000.000,
 
000921009,-00000002,-00000049,0000.000,0000.000,0000.000,
 
000921029,-00000001,-00000046,0000.000,0000.000,0000.000,
 
000921049,-00000002,-00000049,0000.000,0000.000,0000.000,
 
000921069,-00000002,-00000049,0000.000,0000.000,0000.000,
 
000921089,-00000002,-00000045,0000.000,0000.000,0000.000,
 
000921109,000000000,-00000045,0000.000,0000.000,0000.000,
 
000921129,-00000001,-00000049,0000.000,0000.000,0000.000,
 
000921149,-00000001,-00000049,0000.000,0000.000,0000.000,
 
000921169,000000000,-00000043,0000.000,0000.000,0000.000,
 
000921189,000000000,-00000043,0000.000,0000.000,0000.000,
 
000921209,000000000,-00000049,0000.000,0000.000,0000.000,
 
000921229,-00000001,-00000039,0000.000,0000.000,0000.000,
 
000921249,000000000,-00000038,0000.000,0000.000,0000.000,
 
000921269,-00000001,-00000049,0000.000,0000.000,0000.000,
 
000921289,000000000,-00000049,0000.000,0000.000,0000.000,
 
000921309,000000000,-00000035,0000.000,0000.000,0000.000,
 
000921329,000000000,-00000035,0000.000,0000.000,0000.000,
 
000921349,000000000,-00000049,0000.000,0000.000,0000.000,
 
000921369,000000001,-00000032,0000.000,0000.000,0000.000,
 
000921389,000000002,-00000032,0000.000,0000.000,0000.000,
 
000921409,000000002,-00000032,0000.000,0000.000,0000.000,
 
000921429,000000002,-00000049,0000.000,0000.000,0000.000,
 
000921449,000000001,-00000049,0000.000,0000.000,0000.000,
 
000921469,000000001,-00000032,0000.000,0000.000,0000.000,
 
000921489,000000001,-00000033,0000.000,0000.000,0000.000,
 
000921509,000000001,-00000049,0000.000,0000.000,0000.000,
 
000921529,000000000,-00000049,0000.000,0000.000,0000.000,
 
000921549,000000000,-00000033,0000.000,0000.000,0000.000,
 
000921569,000000000,-00000032,0000.000,0000.000,0000.000,
 
000921589,000000000,-00000031,0000.000,0000.000,0000.000,
 
000921609,000000000,-00000029,0000.000,0000.000,0000.000,
 
000921629,000000000,-00000028,0000.000,0000.000,0000.000,
 
000921649,000000000,-00000030,0000.000,0000.000,0000.000,
 
000921669,-00000003,-00000031,0000.000,0000.000,0000.000,
 
000921689,-00000002,-00000049,0000.000,0000.000,0000.000,
 
000921709,-00000004,-00000036,0000.000,0000.000,0000.000,
 
000921729,-00000002,-00000038,0000.000,0000.000,0000.000,
 
000921749,-00000002,-00000049,0000.000,0000.000,0000.000,
 
000921769,-00000003,-00000049,0000.000,0000.000,0000.000,
 
000921789,-00000004,-00000049,0000.000,0000.000,0000.000,
 
000921809,-00000004,-00000042,0000.000,0000.000,0000.000,
 
000921829,-00000002,-00000043,0000.000,0000.000,0000.000,
 
000921849,-00000001,-00000043,0000.000,0000.000,0000.000,
 
000921869,-00000002,-00000049,0000.000,0000.000,0000.000,
 
000921889,-00000001,-00000049,0000.000,0000.000,0000.000,
 
000921909,-00000001,-00000049,0000.000,0000.000,0000.000,
 
000921929,000000000,-00000040,0000.000,0000.000,0000.000,
 
000921949,000000000,-00000042,0000.000,0000.000,0000.000,
 
000921969,000000002,-00000049,0000.000,0000.000,0000.000,
 
000921989,000000002,-00000049,0000.000,0000.000,0000.000,
 
000922009,000000003,-00000049,0000.000,0000.000,0000.000,
 
000922029,000000002,-00000050,0000.000,0000.000,0000.000,
 
000922049,000000002,-00000055,0000.000,0000.000,0000.000,
 
000922069,000000000,-00000061,0000.000,0000.000,0000.000,
 
000922089,000000000,-00000060,0000.000,0000.000,0000.000,
 
000922109,000000000,-00000055,0000.000,0000.000,0000.000,
 
000922129,-00000001,-00000052,0000.000,0000.000,0000.000,
 
000922149,-00000001,-00000049,0000.000,0000.000,0000.000,
 
000922169,-00000001,-00000047,0000.000,0000.000,0000.000,
 
000922189,000000000,-00000044,0000.000,0000.000,0000.000,
 
000922209,000000000,-00000049,0000.000,0000.000,0000.000,
 
000922229,000000000,-00000049,0000.000,0000.000,0000.000,
 
000922249,-00000001,-00000049,0000.000,0000.000,0000.000,
 
000922269,-00000001,-00000040,0000.000,0000.000,0000.000,
 
000922289,-00000001,-00000040,0000.000,0000.000,0000.000,
 
000922309,-00000002,-00000040,0000.000,0000.000,0000.000,
 
000922329,-00000002,-00000049,0000.000,0000.000,0000.000,
 
000922349,-00000003,-00000049,0000.000,0000.000,0000.000,
 
000922369,-00000003,-00000049,0000.000,0000.000,0000.000,
 
000922389,-00000002,-00000049,0000.000,0000.000,0000.000,
 
000922409,-00000001,-00000039,0000.000,0000.000,0000.000,
 
000922429,-00000001,-00000040,0000.000,0000.000,0000.000,
 
000922449,-00000001,-00000041,0000.000,0000.000,0000.000,
 
000922469,000000000,-00000042,0000.000,0000.000,0000.000,
 
000922489,000000000,-00000049,0000.000,0000.000,0000.000,
 
000922509,000000000,-00000049,0000.000,0000.000,0000.000,
 
000922529,-00000001,-00000049,0000.000,0000.000,0000.000,
 
000922549,-00000001,-00000039,0000.000,0000.000,0000.000,
 
000922569,-00000002,-00000038,0000.000,0000.000,0000.000,
 
000922589,-00000001,-00000039,0000.000,0000.000,0000.000,
 
000922609,-00000001,-00000039,0000.000,0000.000,0000.000,
 
000922629,-00000002,-00000041,0000.000,0000.000,0000.000,
 
000922649,-00000002,-00000049,0000.000,0000.000,0000.000,
 
000922669,-00000001,-00000049,0000.000,0000.000,0000.000,
 
000922689,-00000001,-00000049,0000.000,0000.000,0000.000,
 
000922709,-00000001,-00000049,0000.000,0000.000,0000.000,
 
000922729,-00000001,-00000040,0000.000,0000.000,0000.000,
 
000922749,000000000,-00000039,0000.000,0000.000,0000.000,
 
000922769,000000000,-00000039,0000.000,0000.000,0000.000,
 
000922789,000000000,-00000039,0000.000,0000.000,0000.000,
 
000922809,000000001,-00000038,0000.000,0000.000,0000.000,
 
000922829,000000000,-00000049,0000.000,0000.000,0000.000,
 
000922849,000000000,-00000049,0000.000,0000.000,0000.000,
 
000922869,000000000,-00000049,0000.000,0000.000,0000.000,
 
000922889,000000000,-00000049,0000.000,0000.000,0000.000,
 
000922909,000000002,-00000031,0000.000,0000.000,0000.000,
 
000922929,000000001,-00000030,0000.000,0000.000,0000.000,
 
000922949,000000000,-00000031,0000.000,0000.000,0000.000,
 
000922969,000000000,-00000029,0000.000,0000.000,0000.000,
 
000922989,000000000,-00000028,0000.000,0000.000,0000.000,
 
000923009,000000001,-00000027,0000.000,0000.000,0000.000,
 
000923029,000000002,-00000029,0000.000,0000.000,0000.000,
 
000923049,000000001,-00000030,0000.000,0000.000,0000.000,
 
000923069,000000000,-00000031,0000.000,0000.000,0000.000,
 
000923089,000000000,-00000031,0000.000,0000.000,0000.000,
 
000923109,000000000,-00000031,0000.000,0000.000,0000.000,
 
000923129,000000000,-00000032,0000.000,0000.000,0000.000,
 
000923149,000000000,-00000049,0000.000,0000.000,0000.000,
 
000923169,000000000,-00000049,0000.000,0000.000,0000.000,
 
000923189,000000000,-00000049,0000.000,0000.000,0000.000,
 
000923209,-00000001,-00000030,0000.000,0000.000,0000.000,
 
000923229,-00000001,-00000027,0000.000,0000.000,0000.000,
 
000923249,000000000,-00000027,0000.000,0000.000,0000.000,
 
000923269,-00000001,-00000027,0000.000,0000.000,0000.000,
 
000923289,-00000001,-00000028,0000.000,0000.000,0000.000,
 
000923309,-00000001,-00000026,0000.000,0000.000,0000.000,
 
000923329,-00000004,-00000025,0000.000,0000.000,0000.000,
 
000923349,-00000002,-00000027,0000.000,0000.000,0000.000,
 
000923369,-00000002,-00000029,0000.000,0000.000,0000.000,
 
000923389,-00000001,-00000031,0000.000,0000.000,0000.000,
 
000923409,-00000003,-00000049,0000.000,0000.000,0000.000,
 
000923429,-00000002,-00000049,0000.000,0000.000,0000.000,
 
000923449,-00000002,-00000049,0000.000,0000.000,0000.000,
 
000923469,-00000002,-00000032,0000.000,0000.000,0000.000,
 
000923489,000000000,-00000029,0000.000,0000.000,0000.000,
 
000923509,000000001,-00000028,0000.000,0000.000,0000.000,
 
000923529,000000000,-00000030,0000.000,0000.000,0000.000,
 
000923549,-00000002,-00000029,0000.000,0000.000,0000.000,
 
000923569,-00000002,-00000030,0000.000,0000.000,0000.000,
 
000923589,-00000001,-00000030,0000.000,0000.000,0000.000,
 
000923609,-00000002,-00000032,0000.000,0000.000,0000.000,
 
000923629,-00000001,-00000032,0000.000,0000.000,0000.000,
 
000923649,-00000002,-00000029,0000.000,0000.000,0000.000,
 
000923669,-00000001,-00000028,0000.000,0000.000,0000.000,
 
000923689,000000000,-00000027,0000.000,0000.000,0000.000,
 
000923709,000000000,-00000027,0000.000,0000.000,0000.000,
 
000923729,000000000,-00000025,0000.000,0000.000,0000.000,
 
000923749,-00000002,-00000025,0000.000,0000.000,0000.000,
 
000923769,-00000001,-00000025,0000.000,0000.000,0000.000,
 
000923789,-00000001,-00000025,0000.000,0000.000,0000.000,
 
000923809,-00000001,-00000025,0000.000,0000.000,0000.000,
 
000923829,000000000,-00000025,0000.000,0000.000,0000.000,
 
000923849,-00000002,-00000025,0000.000,0000.000,0000.000,
 
000923869,000000000,-00000025,0000.000,0000.000,0000.000,
 
000923889,-00000001,-00000025,0000.000,0000.000,0000.000,
 
000923909,000000000,-00000025,0000.000,0000.000,0000.000,
 
000923929,-00000001,-00000025,0000.000,0000.000,0000.000,
 
000923949,-00000001,-00000025,0000.000,0000.000,0000.000,
 
000923969,-00000001,-00000025,0000.000,0000.000,0000.000,
 
000923989,000000000,-00000025,0000.000,0000.000,0000.000,
 
000924009,000000000,-00000014,0000.000,0000.000,0000.000,
 
000924029,000000000,-00000013,0000.000,0000.000,0000.000,
 
000924049,000000000,-00000006,0000.000,0000.000,0000.000,
 
000924069,000000000,-00000004,0000.000,0000.000,0000.000,
 
000924089,000000000,-00000002,0000.000,0000.000,0000.000,
 
000924109,000000000,-00000004,0000.000,0000.000,0000.000,
 
000924129,000000001,-00000007,0000.000,0000.000,0000.000,
 
000924149,000000001,-00000007,0000.000,0000.000,0000.000,
 
000924169,000000000,-00000013,0000.000,0000.000,0000.000,
 
000924189,000000000,-00000013,0000.000,0000.000,0000.000,
 
000924209,-00000001,-00000017,0000.000,0000.000,0000.000,
 
000924229,-00000002,-00000025,0000.000,0000.000,0000.000,
 
000924249,-00000001,-00000020,0000.000,0000.000,0000.000,
 
000924269,-00000002,-00000018,0000.000,0000.000,0000.000,
 
000924289,-00000001,-00000016,0000.000,0000.000,0000.000,
 
000924309,-00000001,-00000015,0000.000,0000.000,0000.000,
 
000924329,000000000,-00000013,0000.000,0000.000,0000.000,
 
000924349,-00000001,-00000013,0000.000,0000.000,0000.000,
 
000924369,-00000001,-00000013,0000.000,0000.000,0000.000,
 
000924389,000000000,-00000007,0000.000,0000.000,0000.000,
 
000924409,-00000001,-00000007,0000.000,0000.000,0000.000,
 
000924429,000000000,-00000007,0000.000,0000.000,0000.000,
 
000924449,000000000,-00000008,0000.000,0000.000,0000.000,
 
000924469,-00000001,-00000008,0000.000,0000.000,0000.000,
 
000924489,-00000001,-00000013,0000.000,0000.000,0000.000,
 
000924509,-00000001,-00000007,0000.000,0000.000,0000.000,
 
000924529,000000000,-00000007,0000.000,0000.000,0000.000,
 
000924549,000000000,-00000002,0000.000,0000.000,0000.000,
 
000924569,000000000,-00000001,0000.000,0000.000,0000.000,
 
000924589,000000000,000000000,0000.000,0000.000,0000.000,
 
000924609,000000000,000000000,0000.000,0000.000,0000.000,
 
000924629,000000000,000000000,0000.000,0000.000,0000.000,
 
000924649,000000000,000000000,0000.000,0000.000,0000.000,
 
000924669,000000000,000000000,0000.000,0000.000,0000.000,
 
000924689,000000000,000000000,0000.000,0000.000,0000.000,
 
000924709,000000000,000000000,0000.000,0000.000,0000.000,
 
000924729,000000000,000000000,0000.000,0000.000,0000.000,
 
000924749,000000000,000000000,0000.000,0000.000,0000.000,
 
000924769,000000000,000000000,0000.000,0000.000,0000.000,
 
000924789,000000000,000000000,0000.000,0000.000,0000.000,
 
000924809,000000000,000000000,0000.000,0000.000,0000.000,
 
000924829,000000000,000000000,0000.000,0000.000,0000.000,
 
000924849,000000000,-00000001,0000.000,0000.000,0000.000,
 
000924869,000000000,-00000006,0000.000,0000.000,0000.000,
 
000924889,-00000002,-00000013,0000.000,0000.000,0000.000,
 
000924909,-00000002,-00000016,0000.000,0000.000,0000.000,
 
000924929,-00000004,-00000017,0000.000,0000.000,0000.000,
 
000924949,-00000007,-00000016,0000.000,0000.000,0000.000,
 
000924969,-00000004,-00000013,0000.000,0000.000,0000.000,
 
000924989,-00000001,-00000006,0000.000,0000.000,0000.000,
 
000925009,-00000001,-00000001,0000.000,0000.000,0000.000,
 
000925029,000000000,000000000,0000.000,0000.000,0000.000,
 
000925049,000000000,000000000,0000.000,0000.000,0000.000,
 
000925069,000000000,000000000,0000.000,0000.000,0000.000,
 
000925089,000000000,000000000,0000.000,0000.000,0000.000,
 
000925109,000000000,000000000,0000.000,0000.000,0000.000,
 
000925129,000000000,-00000002,0000.000,0000.000,0000.000,
 
000925149,000000000,-00000007,0000.000,0000.000,0000.000,
 
000925169,000000000,-00000013,0000.000,0000.000,0000.000,
 
000925189,000000000,-00000008,0000.000,0000.000,0000.000,
 
000925209,000000000,-00000004,0000.000,0000.000,0000.000,
 
000925229,000000000,-00000002,0000.000,0000.000,0000.000,
 
000925249,000000000,-00000001,0000.000,0000.000,0000.000,
 
000925269,000000000,000000000,0000.000,0000.000,0000.000,
 
000925289,000000000,000000000,0000.000,0000.000,0000.000,
 
000925309,000000000,-00000001,0000.000,0000.000,0000.000,
 
000925329,000000000,000000000,0000.000,0000.000,0000.000,
 
000925349,000000000,000000000,0000.000,0000.000,0000.000,
 
000925369,000000000,000000000,0000.000,0000.000,0000.000,
 
000925389,000000000,000000000,0000.000,0000.000,0000.000,
 
000925409,000000000,000000000,0000.000,0000.000,0000.000,
 
000925429,000000000,000000000,0000.000,0000.000,0000.000,
 
000925449,000000000,000000000,0000.000,0000.000,0000.000,
 
000925469,000000000,000000000,0000.000,0000.000,0000.000,
 
000925489,000000000,000000000,0000.000,0000.000,0000.000,
 
000925509,000000000,-00000001,0000.000,0000.000,0000.000,
 
000925529,-00000001,-00000004,0000.000,0000.000,0000.000,
 
000925549,-00000001,-00000013,0000.000,0000.000,0000.000,
 
000925569,-00000004,-00000014,0000.000,0000.000,0000.000,
 
000925589,-00000003,-00000014,0000.000,0000.000,0000.000,
 
000925609,-00000002,-00000007,0000.000,0000.000,0000.000,
 
000925629,000000000,-00000001,0000.000,0000.000,0000.000,
 
000925649,000000000,000000000,0000.000,0000.000,0000.000,
 
000925669,000000000,000000000,0000.000,0000.000,0000.000,
 
000925689,000000000,000000000,0000.000,0000.000,0000.000,
 
000925709,000000000,000000000,0000.000,0000.000,0000.000,
 
000925729,000000000,000000000,0000.000,0000.000,0000.000,
 
000925749,000000000,000000000,0000.000,0000.000,0000.000,
 
000925769,000000000,000000000,0000.000,0000.000,0000.000,
 
000925789,000000000,000000000,0000.000,0000.000,0000.000,
 
000925809,000000000,000000000,0000.000,0000.000,0000.000,
 
000925829,000000000,000000000,0000.000,0000.000,0000.000,
 
000925849,000000000,000000000,0000.000,0000.000,0000.000,
 
000925869,000000000,000000000,0000.000,0000.000,0000.000,
 
000925889,000000000,000000000,0000.000,0000.000,0000.000,
 
000925909,000000000,000000000,0000.000,0000.000,0000.000,
 
000925929,000000000,000000000,0000.000,0000.000,0000.000,
 
000925949,000000000,000000000,0000.000,0000.000,0000.000,
 
000925969,000000000,000000000,0000.000,0000.000,0000.000,
 
000925989,000000000,000000000,0000.000,0000.000,0000.000,
 
000926009,000000000,000000000,0000.000,0000.000,0000.000,
 
000926029,000000000,000000000,0000.000,0000.000,0000.000,
 
000926049,000000000,000000000,0000.000,0000.000,0000.000,
 
000926069,000000000,000000000,0000.000,0000.000,0000.000,
 
000926089,000000000,000000000,0000.000,0000.000,0000.000,
 
000926109,000000000,000000000,0000.000,0000.000,0000.000,
 
000926129,000000000,000000000,0000.000,0000.000,0000.000,
 
000926149,000000000,000000000,0000.000,0000.000,0000.000,
 
000926169,000000000,000000000,0000.000,0000.000,0000.000,
 
000926189,000000000,000000000,0000.000,0000.000,0000.000,
 
000926209,000000000,000000000,0000.000,0000.000,0000.000,
 
000926229,000000000,000000000,0000.000,0000.000,0000.000,
 
000926249,000000000,000000000,0000.000,0000.000,0000.000,
 
000926269,000000000,000000000,0000.000,0000.000,0000.000,
 
000926289,000000000,000000000,0000.000,0000.000,0000.000,
 
000926309,000000000,000000000,0000.000,0000.000,0000.000,
 
000926329,000000000,000000000,0000.000,0000.000,0000.000,
 
000926349,000000000,000000000,0000.000,0000.000,0000.000,
 
000926369,000000000,000000000,0000.000,0000.000,0000.000,
 
000926389,000000000,000000000,0000.000,0000.000,0000.000,
 
000926409,000000000,000000000,0000.000,0000.000,0000.000,
 
000926429,000000000,000000000,0000.000,0000.000,0000.000,
 
000926449,000000000,000000000,0000.000,0000.000,0000.000,
 
000926469,000000000,000000000,0000.000,0000.000,0000.000,
 
000926489,000000000,000000000,0000.000,0000.000,0000.000,
 
000926509,000000000,000000000,0000.000,0000.000,0000.000,
 
000926529,000000000,000000000,0000.000,0000.000,0000.000,
 
000926549,000000000,000000000,0000.000,0000.000,0000.000,
 
000926569,000000000,000000000,0000.000,0000.000,0000.000,
 
000926589,000000000,000000000,0000.000,0000.000,0000.000,
 
000926609,000000000,000000000,0000.000,0000.000,0000.000,
 
000926629,000000000,000000000,0000.000,0000.000,0000.000,
 
000926649,000000000,000000000,0000.000,0000.000,0000.000,
 
000926669,000000000,000000000,0000.000,0000.000,0000.000,
 
000926689,000000000,000000000,0000.000,0000.000,0000.000,
 
000926709,000000000,000000000,0000.000,0000.000,0000.000,
 
000926729,000000000,000000000,0000.000,0000.000,0000.000,
 
000926749,000000000,000000000,0000.000,0000.000,0000.000,
 
000926769,000000000,000000000,0000.000,0000.000,0000.000,
 
000926789,000000000,000000000,0000.000,0000.000,0000.000,
 
000926809,000000000,000000000,0000.000,0000.000,0000.000,
 
000926829,000000000,000000000,0000.000,0000.000,0000.000,
 
000926849,000000000,000000000,0000.000,0000.000,0000.000,
 
000926869,000000000,000000000,0000.000,0000.000,0000.000,
 
000926889,000000000,000000000,0000.000,0000.000,0000.000,
 
000926909,000000000,000000000,0000.000,0000.000,0000.000,
 
000926929,000000000,000000000,0000.000,0000.000,0000.000,
 
000926949,000000000,000000000,0000.000,0000.000,0000.000,
 
000926969,000000000,000000000,0000.000,0000.000,0000.000,
 
000926989,000000000,000000000,0000.000,0000.000,0000.000,
 
000927009,000000000,000000000,0000.000,0000.000,0000.000,
 
000927029,000000000,000000000,0000.000,0000.000,0000.000,
 
