001652686,-00000049,-00000014,0000.000,0000.000,0000.000,
 
001652705,000000000,000000000,0000.000,0000.000,0000.000,
 
001652725,000000000,000000000,0000.000,0000.000,0000.000,
 
001652745,000000000,000000000,0000.000,0000.000,0000.000,
 
001652765,000000000,000000000,0000.000,0000.000,0000.000,
 
001652785,000000000,000000000,0000.000,0000.000,0000.000,
 
001652805,000000000,000000000,0000.000,0000.000,0000.000,
 
001652825,000000000,000000000,0000.000,0000.000,0000.000,
 
001652845,000000000,000000000,0000.000,0000.000,0000.000,
 
001652865,000000000,000000000,0000.000,0000.000,0000.000,
 
001652885,000000000,000000000,0000.000,0000.000,0000.000,
 
001652905,000000000,000000000,0000.000,0000.000,0000.000,
 
001652925,000000000,000000000,0000.000,0000.000,0000.000,
 
001652945,000000000,000000000,0000.000,0000.000,0000.000,
 
001652965,000000000,000000000,0000.000,0000.000,0000.000,
 
001652985,000000000,000000000,0000.000,0000.000,0000.000,
 
001653005,000000000,000000000,0000.000,0000.000,0000.000,
 
001653025,000000000,000000000,0000.000,0000.000,0000.000,
 
001653045,000000000,000000000,0000.000,0000.000,0000.000,
 
001653065,000000000,000000000,0000.000,0000.000,0000.000,
 
001653085,000000000,000000000,0000.000,0000.000,0000.000,
 
001653105,000000000,000000000,0000.000,0000.000,0000.000,
 
001653125,000000000,000000000,0000.000,0000.000,0000.000,
 
001653145,000000000,000000000,0000.000,0000.000,0000.000,
 
001653165,000000000,000000000,0000.000,0000.000,0000.000,
 
001653185,000000000,000000000,0000.000,0000.000,0000.000,
 
001653205,000000000,000000000,0000.000,0000.000,0000.000,
 
001653225,000000000,000000000,0000.000,0000.000,0000.000,
 
001653245,000000000,000000000,0000.000,0000.000,0000.000,
 
001653265,000000000,000000000,0000.000,0000.000,0000.000,
 
001653285,000000000,000000000,0000.000,0000.000,0000.000,
 
001653305,000000000,000000000,0000.000,0000.000,0000.000,
 
001653325,000000000,000000000,0000.000,0000.000,0000.000,
 
001653345,000000000,000000000,0000.000,0000.000,0000.000,
 
001653365,000000000,000000000,0000.000,0000.000,0000.000,
 
001653385,000000000,000000000,0000.000,0000.000,0000.000,
 
001653405,000000000,000000000,0000.000,0000.000,0000.000,
 
001653425,000000000,000000000,0000.000,0000.000,0000.000,
 
001653445,000000000,000000000,0000.000,0000.000,0000.000,
 
001653465,000000000,000000000,0000.000,0000.000,0000.000,
 
001653485,000000000,000000000,0000.000,0000.000,0000.000,
 
001653505,000000000,000000000,0000.000,0000.000,0000.000,
 
001653525,000000000,000000000,0000.000,0000.000,0000.000,
 
001653545,000000000,000000000,0000.000,0000.000,0000.000,
 
001653565,000000000,000000000,0000.000,0000.000,0000.000,
 
001653585,000000000,000000000,0000.000,0000.000,0000.000,
 
001653605,000000000,000000000,0000.000,0000.000,0000.000,
 
001653625,000000000,000000000,0000.000,0000.000,0000.000,
 
001653645,000000000,000000000,0000.000,0000.000,0000.000,
 
001653665,000000000,000000000,0000.000,0000.000,0000.000,
 
001653685,000000000,000000000,0000.000,0000.000,0000.000,
 
001653705,000000000,000000000,0000.000,0000.000,0000.000,
 
001653725,000000000,000000000,0000.000,0000.000,0000.000,
 
001653745,000000000,000000000,0000.000,0000.000,0000.000,
 
001653765,000000000,000000000,0000.000,0000.000,0000.000,
 
001653785,000000000,000000000,0000.000,0000.000,0000.000,
 
001653805,000000000,000000000,0000.000,0000.000,0000.000,
 
001653825,000000000,000000000,0000.000,0000.000,0000.000,
 
001653845,000000000,000000000,0000.000,0000.000,0000.000,
 
001653865,000000000,000000000,0000.000,0000.000,0000.000,
 
001653885,000000000,000000000,0000.000,0000.000,0000.000,
 
001653905,000000000,000000000,0000.000,0000.000,0000.000,
 
001653925,000000000,000000000,0000.000,0000.000,0000.000,
 
001653945,000000000,000000000,0000.000,0000.000,0000.000,
 
001653965,000000000,000000000,0000.000,0000.000,0000.000,
 
001653985,000000000,000000000,0000.000,0000.000,0000.000,
 
001654005,000000000,000000000,0000.000,0000.000,0000.000,
 
001654025,000000000,000000000,0000.000,0000.000,0000.000,
 
001654045,000000000,000000000,0000.000,0000.000,0000.000,
 
001654065,000000000,000000000,0000.000,0000.000,0000.000,
 
001654085,000000000,000000000,0000.000,0000.000,0000.000,
 
001654105,000000000,000000000,0000.000,0000.000,0000.000,
 
001654125,000000000,000000000,0000.000,0000.000,0000.000,
 
001654145,000000000,000000000,0000.000,0000.000,0000.000,
 
001654165,000000000,000000000,0000.000,0000.000,0000.000,
 
001654185,000000000,000000000,0000.000,0000.000,0000.000,
 
001654205,000000000,000000000,0000.000,0000.000,0000.000,
 
001654225,000000000,000000000,0000.000,0000.000,0000.000,
 
001654245,000000000,000000000,0000.000,0000.000,0000.000,
 
001654265,000000000,000000000,0000.000,0000.000,0000.000,
 
001654285,000000000,000000000,0000.000,0000.000,0000.000,
 
001654305,000000000,000000000,0000.000,0000.000,0000.000,
 
001654325,000000000,000000000,0000.000,0000.000,0000.000,
 
001654345,000000000,000000000,0000.000,0000.000,0000.000,
 
001654365,000000000,000000000,0000.000,0000.000,0000.000,
 
001654385,000000000,000000000,0000.000,0000.000,0000.000,
 
001654405,000000000,000000000,0000.000,0000.000,0000.000,
 
001654425,000000000,000000000,0000.000,0000.000,0000.000,
 
001654445,000000000,000000000,0000.000,0000.000,0000.000,
 
001654465,000000000,000000000,0000.000,0000.000,0000.000,
 
001654485,000000000,000000000,0000.000,0000.000,0000.000,
 
001654505,000000000,000000000,0000.000,0000.000,0000.000,
 
001654525,000000000,000000000,0000.000,0000.000,0000.000,
 
001654545,000000000,000000000,0000.000,0000.000,0000.000,
 
001654565,000000000,000000000,0000.000,0000.000,0000.000,
 
001654585,000000000,000000000,0000.000,0000.000,0000.000,
 
001654605,000000000,000000000,0000.000,0000.000,0000.000,
 
001654625,000000000,000000000,0000.000,0000.000,0000.000,
 
001654645,000000000,000000000,0000.000,0000.000,0000.000,
 
001654665,000000000,000000000,0000.000,0000.000,0000.000,
 
001654685,000000000,000000000,0000.000,0000.000,0000.000,
 
001654705,000000000,000000000,0000.000,0000.000,0000.000,
 
001654725,000000000,000000000,0000.000,0000.000,0000.000,
 
001654745,000000000,000000000,0000.000,0000.000,0000.000,
 
001654765,000000000,000000000,0000.000,0000.000,0000.000,
 
001654785,000000000,000000000,0000.000,0000.000,0000.000,
 
001654805,000000000,000000000,0000.000,0000.000,0000.000,
 
001654825,000000000,000000000,0000.000,0000.000,0000.000,
 
001654845,000000000,000000000,0000.000,0000.000,0000.000,
 
001654865,000000000,000000000,0000.000,0000.000,0000.000,
 
001654885,000000000,000000000,0000.000,0000.000,0000.000,
 
001654905,000000000,000000000,0000.000,0000.000,0000.000,
 
001654925,000000000,000000000,0000.000,0000.000,0000.000,
 
001654945,000000000,000000000,0000.000,0000.000,0000.000,
 
001654965,000000000,000000000,0000.000,0000.000,0000.000,
 
001654985,000000000,000000000,0000.000,0000.000,0000.000,
 
001655005,000000000,000000000,0000.000,0000.000,0000.000,
 
001655025,000000000,000000000,0000.000,0000.000,0000.000,
 
001655045,000000000,000000000,0000.000,0000.000,0000.000,
 
001655065,000000000,000000000,0000.000,0000.000,0000.000,
 
001655085,000000000,000000000,0000.000,0000.000,0000.000,
 
001655105,000000000,000000000,0000.000,0000.000,0000.000,
 
001655125,000000000,000000000,0000.000,0000.000,0000.000,
 
001655145,000000000,000000000,0000.000,0000.000,0000.000,
 
001655165,000000000,000000000,0000.000,0000.000,0000.000,
 
001655185,000000000,000000000,0000.000,0000.000,0000.000,
 
001655205,000000000,000000000,0000.000,0000.000,0000.000,
 
001655225,000000000,000000000,0000.000,0000.000,0000.000,
 
001655245,000000000,000000000,0000.000,0000.000,0000.000,
 
001655265,000000000,000000000,0000.000,0000.000,0000.000,
 
001655285,000000000,000000000,0000.000,0000.000,0000.000,
 
001655305,000000000,000000000,0000.000,0000.000,0000.000,
 
001655325,000000000,000000000,0000.000,0000.000,0000.000,
 
001655345,000000000,000000000,0000.000,0000.000,0000.000,
 
001655365,000000000,000000000,0000.000,0000.000,0000.000,
 
001655385,000000000,-00000001,0000.000,0000.000,0000.000,
 
001655405,-00000001,-00000013,0000.000,0000.000,0000.000,
 
001655425,-00000004,-00000025,0000.000,0000.000,0000.000,
 
001655445,-00000005,-00000030,0000.000,0000.000,0000.000,
 
001655465,-00000008,-00000049,0000.000,0000.000,0000.000,
 
001655485,-00000013,-00000049,0000.000,0000.000,0000.000,
 
001655505,-00000013,-00000033,0000.000,0000.000,0000.000,
 
001655525,-00000013,-00000028,0000.000,0000.000,0000.000,
 
001655545,-00000007,-00000021,0000.000,0000.000,0000.000,
 
001655565,-00000003,-00000025,0000.000,0000.000,0000.000,
 
001655585,-00000002,-00000014,0000.000,0000.000,0000.000,
 
001655605,-00000002,-00000013,0000.000,0000.000,0000.000,
 
001655625,000000000,-00000013,0000.000,0000.000,0000.000,
 
001655645,-00000002,-00000013,0000.000,0000.000,0000.000,
 
001655665,000000000,-00000014,0000.000,0000.000,0000.000,
 
001655685,000000000,-00000016,0000.000,0000.000,0000.000,
 
001655705,000000000,-00000025,0000.000,0000.000,0000.000,
 
001655725,000000002,-00000026,0000.000,0000.000,0000.000,
 
001655745,000000003,-00000032,0000.000,0000.000,0000.000,
 
001655765,000000002,-00000049,0000.000,0000.000,0000.000,
 
001655785,000000000,-00000049,0000.000,0000.000,0000.000,
 
001655805,000000000,-00000037,0000.000,0000.000,0000.000,
 
001655825,000000001,-00000036,0000.000,0000.000,0000.000,
 
001655845,000000000,-00000049,0000.000,0000.000,0000.000,
 
001655865,000000000,-00000030,0000.000,0000.000,0000.000,
 
001655885,000000000,-00000027,0000.000,0000.000,0000.000,
 
001655905,000000000,-00000025,0000.000,0000.000,0000.000,
 
001655925,000000000,-00000025,0000.000,0000.000,0000.000,
 
001655945,000000000,-00000025,0000.000,0000.000,0000.000,
 
001655965,000000001,-00000020,0000.000,0000.000,0000.000,
 
001655985,000000001,-00000025,0000.000,0000.000,0000.000,
 
001656005,000000001,-00000025,0000.000,0000.000,0000.000,
 
001656025,000000001,-00000022,0000.000,0000.000,0000.000,
 
001656045,000000000,-00000023,0000.000,0000.000,0000.000,
 
001656065,000000001,-00000025,0000.000,0000.000,0000.000,
 
001656085,000000002,-00000025,0000.000,0000.000,0000.000,
 
001656105,000000002,-00000028,0000.000,0000.000,0000.000,
 
001656125,000000002,-00000029,0000.000,0000.000,0000.000,
 
001656145,000000000,-00000029,0000.000,0000.000,0000.000,
 
001656165,000000000,-00000028,0000.000,0000.000,0000.000,
 
001656185,000000000,-00000029,0000.000,0000.000,0000.000,
 
001656205,000000001,-00000029,0000.000,0000.000,0000.000,
 
001656225,000000003,-00000026,0000.000,0000.000,0000.000,
 
001656245,000000002,-00000026,0000.000,0000.000,0000.000,
 
001656265,000000001,-00000030,0000.000,0000.000,0000.000,
 
001656285,000000002,-00000030,0000.000,0000.000,0000.000,
 
001656305,000000002,-00000030,0000.000,0000.000,0000.000,
 
001656325,000000003,-00000031,0000.000,0000.000,0000.000,
 
001656345,000000003,-00000049,0000.000,0000.000,0000.000,
 
001656365,000000002,-00000036,0000.000,0000.000,0000.000,
 
001656385,000000002,-00000049,0000.000,0000.000,0000.000,
 
001656405,000000002,-00000037,0000.000,0000.000,0000.000,
 
001656425,000000003,-00000049,0000.000,0000.000,0000.000,
 
001656445,000000002,-00000043,0000.000,0000.000,0000.000,
 
001656465,000000003,-00000046,0000.000,0000.000,0000.000,
 
001656485,000000004,-00000049,0000.000,0000.000,0000.000,
 
001656505,000000002,-00000048,0000.000,0000.000,0000.000,
 
001656525,000000000,-00000049,0000.000,0000.000,0000.000,
 
001656545,000000000,-00000047,0000.000,0000.000,0000.000,
 
001656565,000000000,-00000049,0000.000,0000.000,0000.000,
 
001656585,000000001,-00000050,0000.000,0000.000,0000.000,
 
001656605,000000000,-00000051,0000.000,0000.000,0000.000,
 
001656625,000000000,-00000052,0000.000,0000.000,0000.000,
 
001656645,000000000,-00000051,0000.000,0000.000,0000.000,
 
001656665,000000002,-00000052,0000.000,0000.000,0000.000,
 
001656685,000000000,-00000052,0000.000,0000.000,0000.000,
 
001656705,000000000,-00000053,0000.000,0000.000,0000.000,
 
001656725,000000000,-00000053,0000.000,0000.000,0000.000,
 
001656745,000000000,-00000052,0000.000,0000.000,0000.000,
 
001656765,000000000,-00000053,0000.000,0000.000,0000.000,
 
001656785,000000002,-00000056,0000.000,0000.000,0000.000,
 
001656805,000000003,-00000055,0000.000,0000.000,0000.000,
 
001656825,000000001,-00000055,0000.000,0000.000,0000.000,
 
001656845,000000001,-00000055,0000.000,0000.000,0000.000,
 
001656865,000000001,-00000055,0000.000,0000.000,0000.000,
 
001656885,000000002,-00000057,0000.000,0000.000,0000.000,
 
001656905,000000001,-00000056,0000.000,0000.000,0000.000,
 
001656925,000000003,-00000058,0000.000,0000.000,0000.000,
 
001656945,000000004,-00000057,0000.000,0000.000,0000.000,
 
001656965,000000003,-00000056,0000.000,0000.000,0000.000,
 
001656985,000000003,-00000057,0000.000,0000.000,0000.000,
 
001657005,000000003,-00000058,0000.000,0000.000,0000.000,
 
001657025,000000002,-00000056,0000.000,0000.000,0000.000,
 
001657045,000000002,-00000054,0000.000,0000.000,0000.000,
 
001657065,000000001,-00000052,0000.000,0000.000,0000.000,
 
001657085,000000001,-00000050,0000.000,0000.000,0000.000,
 
001657105,000000001,-00000050,0000.000,0000.000,0000.000,
 
001657125,000000001,-00000053,0000.000,0000.000,0000.000,
 
001657145,000000000,-00000052,0000.000,0000.000,0000.000,
 
001657165,-00000001,-00000054,0000.000,0000.000,0000.000,
 
001657185,-00000001,-00000054,0000.000,0000.000,0000.000,
 
001657205,-00000001,-00000057,0000.000,0000.000,0000.000,
 
001657225,-00000001,-00000060,0000.000,0000.000,0000.000,
 
001657245,000000000,-00000061,0000.000,0000.000,0000.000,
 
001657265,000000000,-00000061,0000.000,0000.000,0000.000,
 
001657285,000000000,-00000061,0000.000,0000.000,0000.000,
 
001657305,000000001,-00000063,0000.000,0000.000,0000.000,
 
001657325,000000000,-00000062,0000.000,0000.000,0000.000,
 
001657345,000000000,-00000062,0000.000,0000.000,0000.000,
 
001657365,000000000,-00000064,0000.000,0000.000,0000.000,
 
001657385,000000000,-00000066,0000.000,0000.000,0000.000,
 
001657405,000000002,-00000068,0000.000,0000.000,0000.000,
 
001657425,000000001,-00000067,0000.000,0000.000,0000.000,
 
001657445,000000001,-00000068,0000.000,0000.000,0000.000,
 
001657465,000000003,-00000067,0000.000,0000.000,0000.000,
 
001657485,000000001,-00000066,0000.000,0000.000,0000.000,
 
001657505,000000000,-00000065,0000.000,0000.000,0000.000,
 
001657525,000000001,-00000063,0000.000,0000.000,0000.000,
 
001657545,000000001,-00000061,0000.000,0000.000,0000.000,
 
001657565,000000001,-00000059,0000.000,0000.000,0000.000,
 
001657585,000000000,-00000057,0000.000,0000.000,0000.000,
 
001657605,-00000004,-00000055,0000.000,0000.000,0000.000,
 
001657625,-00000004,-00000053,0000.000,0000.000,0000.000,
 
001657645,000000000,-00000049,0000.000,0000.000,0000.000,
 
001657665,000000000,-00000049,0000.000,0000.000,0000.000,
 
001657685,-00000001,-00000050,0000.000,0000.000,0000.000,
 
001657705,-00000002,-00000054,0000.000,0000.000,0000.000,
 
001657725,-00000002,-00000054,0000.000,0000.000,0000.000,
 
001657745,-00000003,-00000057,0000.000,0000.000,0000.000,
 
001657765,-00000004,-00000062,0000.000,0000.000,0000.000,
 
001657785,-00000004,-00000097,0000.000,0000.000,0000.000,
 
001657805,-00000007,-00000068,0000.000,0000.000,0000.000,
 
001657825,-00000004,-00000067,0000.000,0000.000,0000.000,
 
001657845,-00000005,-00000097,0000.000,0000.000,0000.000,
 
001657865,-00000007,-00000066,0000.000,0000.000,0000.000,
 
001657885,-00000003,-00000063,0000.000,0000.000,0000.000,
 
001657905,-00000002,-00000060,0000.000,0000.000,0000.000,
 
001657925,-00000002,-00000057,0000.000,0000.000,0000.000,
 
001657945,-00000003,-00000056,0000.000,0000.000,0000.000,
 
001657965,-00000004,-00000055,0000.000,0000.000,0000.000,
 
001657985,-00000002,-00000054,0000.000,0000.000,0000.000,
 
001658005,-00000003,-00000054,0000.000,0000.000,0000.000,
 
001658025,-00000001,-00000052,0000.000,0000.000,0000.000,
 
001658045,-00000001,-00000049,0000.000,0000.000,0000.000,
 
001658065,-00000001,-00000049,0000.000,0000.000,0000.000,
 
001658085,-00000001,-00000050,0000.000,0000.000,0000.000,
 
001658105,-00000003,-00000049,0000.000,0000.000,0000.000,
 
001658125,-00000004,-00000049,0000.000,0000.000,0000.000,
 
001658145,-00000004,-00000050,0000.000,0000.000,0000.000,
 
001658165,-00000003,-00000052,0000.000,0000.000,0000.000,
 
001658185,-00000002,-00000051,0000.000,0000.000,0000.000,
 
001658205,-00000002,-00000049,0000.000,0000.000,0000.000,
 
001658225,-00000002,-00000049,0000.000,0000.000,0000.000,
 
001658245,-00000001,-00000051,0000.000,0000.000,0000.000,
 
001658265,000000000,-00000049,0000.000,0000.000,0000.000,
 
001658285,000000000,-00000049,0000.000,0000.000,0000.000,
 
001658305,-00000001,-00000048,0000.000,0000.000,0000.000,
 
001658325,000000000,-00000049,0000.000,0000.000,0000.000,
 
001658345,000000000,-00000049,0000.000,0000.000,0000.000,
 
001658365,000000000,-00000045,0000.000,0000.000,0000.000,
 
001658385,000000000,-00000049,0000.000,0000.000,0000.000,
 
001658405,-00000001,-00000051,0000.000,0000.000,0000.000,
 
001658425,000000000,-00000051,0000.000,0000.000,0000.000,
 
001658445,-00000001,-00000050,0000.000,0000.000,0000.000,
 
001658465,-00000002,-00000050,0000.000,0000.000,0000.000,
 
001658485,-00000002,-00000049,0000.000,0000.000,0000.000,
 
001658505,-00000001,-00000049,0000.000,0000.000,0000.000,
 
001658525,-00000001,-00000051,0000.000,0000.000,0000.000,
 
001658545,-00000002,-00000053,0000.000,0000.000,0000.000,
 
001658565,-00000003,-00000053,0000.000,0000.000,0000.000,
 
001658585,000000000,-00000055,0000.000,0000.000,0000.000,
 
001658605,000000002,-00000057,0000.000,0000.000,0000.000,
 
001658625,000000002,-00000057,0000.000,0000.000,0000.000,
 
001658645,000000000,-00000058,0000.000,0000.000,0000.000,
 
001658665,000000000,-00000056,0000.000,0000.000,0000.000,
 
001658685,000000000,-00000056,0000.000,0000.000,0000.000,
 
001658705,000000002,-00000054,0000.000,0000.000,0000.000,
 
001658725,000000004,-00000051,0000.000,0000.000,0000.000,
 
001658745,000000004,-00000050,0000.000,0000.000,0000.000,
 
001658765,000000003,-00000050,0000.000,0000.000,0000.000,
 
001658785,000000003,-00000050,0000.000,0000.000,0000.000,
 
001658805,000000003,-00000052,0000.000,0000.000,0000.000,
 
001658825,000000001,-00000051,0000.000,0000.000,0000.000,
 
001658845,000000000,-00000051,0000.000,0000.000,0000.000,
 
001658865,000000001,-00000052,0000.000,0000.000,0000.000,
 
001658885,000000001,-00000054,0000.000,0000.000,0000.000,
 
001658905,000000002,-00000055,0000.000,0000.000,0000.000,
 
001658925,000000003,-00000056,0000.000,0000.000,0000.000,
 
001658945,000000002,-00000054,0000.000,0000.000,0000.000,
 
001658965,-00000001,-00000053,0000.000,0000.000,0000.000,
 
001658985,-00000002,-00000053,0000.000,0000.000,0000.000,
 
001659005,-00000002,-00000052,0000.000,0000.000,0000.000,
 
001659025,000000000,-00000053,0000.000,0000.000,0000.000,
 
001659045,-00000004,-00000056,0000.000,0000.000,0000.000,
 
001659065,-00000003,-00000059,0000.000,0000.000,0000.000,
 
001659085,-00000004,-00000056,0000.000,0000.000,0000.000,
 
001659105,-00000004,-00000054,0000.000,0000.000,0000.000,
 
001659125,-00000004,-00000055,0000.000,0000.000,0000.000,
 
001659145,-00000003,-00000054,0000.000,0000.000,0000.000,
 
001659165,-00000002,-00000055,0000.000,0000.000,0000.000,
 
001659185,-00000001,-00000053,0000.000,0000.000,0000.000,
 
001659205,-00000001,-00000051,0000.000,0000.000,0000.000,
 
001659225,-00000001,-00000049,0000.000,0000.000,0000.000,
 
001659245,000000000,-00000049,0000.000,0000.000,0000.000,
 
001659265,-00000002,-00000048,0000.000,0000.000,0000.000,
 
001659285,-00000001,-00000049,0000.000,0000.000,0000.000,
 
001659305,-00000002,-00000049,0000.000,0000.000,0000.000,
 
001659325,-00000004,-00000048,0000.000,0000.000,0000.000,
 
001659345,-00000001,-00000049,0000.000,0000.000,0000.000,
 
001659365,000000000,-00000050,0000.000,0000.000,0000.000,
 
001659385,-00000001,-00000052,0000.000,0000.000,0000.000,
 
001659405,000000000,-00000054,0000.000,0000.000,0000.000,
 
001659425,-00000001,-00000054,0000.000,0000.000,0000.000,
 
001659445,-00000003,-00000052,0000.000,0000.000,0000.000,
 
001659465,-00000004,-00000053,0000.000,0000.000,0000.000,
 
001659485,-00000002,-00000051,0000.000,0000.000,0000.000,
 
001659505,-00000002,-00000049,0000.000,0000.000,0000.000,
 
001659525,-00000002,-00000049,0000.000,0000.000,0000.000,
 
001659545,-00000002,-00000049,0000.000,0000.000,0000.000,
 
001659565,-00000002,-00000040,0000.000,0000.000,0000.000,
 
001659585,-00000003,-00000038,0000.000,0000.000,0000.000,
 
001659605,-00000002,-00000049,0000.000,0000.000,0000.000,
 
001659625,-00000003,-00000049,0000.000,0000.000,0000.000,
 
001659645,-00000004,-00000035,0000.000,0000.000,0000.000,
 
001659665,-00000003,-00000036,0000.000,0000.000,0000.000,
 
001659685,-00000005,-00000049,0000.000,0000.000,0000.000,
 
001659705,-00000007,-00000036,0000.000,0000.000,0000.000,
 
001659725,-00000007,-00000035,0000.000,0000.000,0000.000,
 
001659745,-00000007,-00000049,0000.000,0000.000,0000.000,
 
001659765,-00000005,-00000049,0000.000,0000.000,0000.000,
 
001659785,-00000007,-00000033,0000.000,0000.000,0000.000,
 
001659805,-00000004,-00000031,0000.000,0000.000,0000.000,
 
001659825,-00000003,-00000029,0000.000,0000.000,0000.000,
 
001659845,-00000004,-00000031,0000.000,0000.000,0000.000,
 
001659865,-00000004,-00000031,0000.000,0000.000,0000.000,
 
001659885,-00000002,-00000032,0000.000,0000.000,0000.000,
 
001659905,-00000002,-00000049,0000.000,0000.000,0000.000,
 
001659925,-00000003,-00000032,0000.000,0000.000,0000.000,
 
001659945,-00000004,-00000032,0000.000,0000.000,0000.000,
 
001659965,-00000004,-00000033,0000.000,0000.000,0000.000,
 
001659985,-00000002,-00000049,0000.000,0000.000,0000.000,
 
001660005,000000000,-00000049,0000.000,0000.000,0000.000,
 
001660025,-00000001,-00000033,0000.000,0000.000,0000.000,
 
001660045,-00000002,-00000031,0000.000,0000.000,0000.000,
 
001660065,-00000002,-00000028,0000.000,0000.000,0000.000,
 
001660085,000000000,-00000027,0000.000,0000.000,0000.000,
 
001660105,000000000,-00000028,0000.000,0000.000,0000.000,
 
001660125,000000000,-00000030,0000.000,0000.000,0000.000,
 
001660145,000000000,-00000029,0000.000,0000.000,0000.000,
 
001660165,000000000,-00000028,0000.000,0000.000,0000.000,
 
001660185,000000001,-00000026,0000.000,0000.000,0000.000,
 
001660205,000000001,-00000024,0000.000,0000.000,0000.000,
 
001660225,000000000,-00000022,0000.000,0000.000,0000.000,
 
001660245,-00000001,-00000025,0000.000,0000.000,0000.000,
 
001660265,000000000,-00000025,0000.000,0000.000,0000.000,
 
001660285,-00000001,-00000018,0000.000,0000.000,0000.000,
 
001660305,000000000,-00000017,0000.000,0000.000,0000.000,
 
001660325,000000000,-00000025,0000.000,0000.000,0000.000,
 
001660345,000000002,-00000025,0000.000,0000.000,0000.000,
 
001660365,000000000,-00000025,0000.000,0000.000,0000.000,
 
001660385,-00000001,-00000020,0000.000,0000.000,0000.000,
 
001660405,-00000002,-00000025,0000.000,0000.000,0000.000,
 
001660425,-00000003,-00000025,0000.000,0000.000,0000.000,
 
001660445,-00000004,-00000025,0000.000,0000.000,0000.000,
 
001660465,-00000002,-00000022,0000.000,0000.000,0000.000,
 
001660485,-00000002,-00000021,0000.000,0000.000,0000.000,
 
001660505,-00000002,-00000025,0000.000,0000.000,0000.000,
 
001660525,-00000001,-00000025,0000.000,0000.000,0000.000,
 
001660545,000000000,-00000024,0000.000,0000.000,0000.000,
 
001660565,-00000001,-00000025,0000.000,0000.000,0000.000,
 
001660585,-00000001,-00000025,0000.000,0000.000,0000.000,
 
001660605,-00000001,-00000025,0000.000,0000.000,0000.000,
 
001660625,-00000002,-00000025,0000.000,0000.000,0000.000,
 
001660645,-00000001,-00000023,0000.000,0000.000,0000.000,
 
001660665,-00000001,-00000021,0000.000,0000.000,0000.000,
 
001660685,-00000001,-00000025,0000.000,0000.000,0000.000,
 
001660705,-00000001,-00000025,0000.000,0000.000,0000.000,
 
001660725,000000000,-00000016,0000.000,0000.000,0000.000,
 
001660745,-00000001,-00000015,0000.000,0000.000,0000.000,
 
001660765,000000000,-00000016,0000.000,0000.000,0000.000,
 
001660785,-00000001,-00000016,0000.000,0000.000,0000.000,
 
001660805,-00000001,-00000016,0000.000,0000.000,0000.000,
 
001660825,-00000002,-00000015,0000.000,0000.000,0000.000,
 
001660845,-00000002,-00000014,0000.000,0000.000,0000.000,
 
001660865,-00000002,-00000013,0000.000,0000.000,0000.000,
 
001660885,-00000001,-00000013,0000.000,0000.000,0000.000,
 
001660905,000000000,-00000013,0000.000,0000.000,0000.000,
 
001660925,-00000001,-00000008,0000.000,0000.000,0000.000,
 
001660945,-00000001,-00000008,0000.000,0000.000,0000.000,
 
001660965,-00000001,-00000008,0000.000,0000.000,0000.000,
 
001660985,-00000001,-00000007,0000.000,0000.000,0000.000,
 
001661005,000000000,-00000007,0000.000,0000.000,0000.000,
 
001661025,000000000,-00000007,0000.000,0000.000,0000.000,
 
001661045,000000000,-00000006,0000.000,0000.000,0000.000,
 
001661065,000000000,-00000007,0000.000,0000.000,0000.000,
 
001661085,000000000,-00000004,0000.000,0000.000,0000.000,
 
001661105,000000000,-00000007,0000.000,0000.000,0000.000,
 
001661125,000000000,-00000007,0000.000,0000.000,0000.000,
 
001661145,000000000,-00000004,0000.000,0000.000,0000.000,
 
001661165,000000000,-00000003,0000.000,0000.000,0000.000,
 
001661185,000000000,-00000002,0000.000,0000.000,0000.000,
 
001661205,000000000,-00000001,0000.000,0000.000,0000.000,
 
001661225,000000000,000000000,0000.000,0000.000,0000.000,
 
001661245,000000000,000000000,0000.000,0000.000,0000.000,
 
001661265,000000000,000000000,0000.000,0000.000,0000.000,
 
001661285,000000000,000000000,0000.000,0000.000,0000.000,
 
001661305,000000000,000000000,0000.000,0000.000,0000.000,
 
001661325,000000000,000000000,0000.000,0000.000,0000.000,
 
001661345,000000000,000000000,0000.000,0000.000,0000.000,
 
001661365,000000000,000000000,0000.000,0000.000,0000.000,
 
001661385,000000000,000000000,0000.000,0000.000,0000.000,
 
001661405,000000000,000000000,0000.000,0000.000,0000.000,
 
001661425,000000000,000000000,0000.000,0000.000,0000.000,
 
001661445,000000000,000000000,0000.000,0000.000,0000.000,
 
001661465,000000000,000000000,0000.000,0000.000,0000.000,
 
001661485,000000000,000000000,0000.000,0000.000,0000.000,
 
001661505,000000000,000000000,0000.000,0000.000,0000.000,
 
001661525,000000000,000000000,0000.000,0000.000,0000.000,
 
001661545,000000000,000000000,0000.000,0000.000,0000.000,
 
001661565,000000000,000000000,0000.000,0000.000,0000.000,
 
001661585,000000000,000000000,0000.000,0000.000,0000.000,
 
001661605,000000000,000000000,0000.000,0000.000,0000.000,
 
001661625,000000000,000000000,0000.000,0000.000,0000.000,
 
001661645,000000000,000000000,0000.000,0000.000,0000.000,
 
001661665,000000000,000000000,0000.000,0000.000,0000.000,
 
001661685,000000000,000000000,0000.000,0000.000,0000.000,
 
001661705,000000000,000000000,0000.000,0000.000,0000.000,
 
001661725,000000000,000000000,0000.000,0000.000,0000.000,
 
001661745,000000000,000000000,0000.000,0000.000,0000.000,
 
001661765,000000000,000000000,0000.000,0000.000,0000.000,
 
001661785,000000000,000000000,0000.000,0000.000,0000.000,
 
001661805,000000000,000000000,0000.000,0000.000,0000.000,
 
001661825,000000000,000000000,0000.000,0000.000,0000.000,
 
001661845,000000000,000000000,0000.000,0000.000,0000.000,
 
001661865,000000000,000000000,0000.000,0000.000,0000.000,
 
001661885,000000000,000000000,0000.000,0000.000,0000.000,
 
001661905,000000000,000000000,0000.000,0000.000,0000.000,
 
001661925,000000000,000000000,0000.000,0000.000,0000.000,
 
001661945,000000000,000000000,0000.000,0000.000,0000.000,
 
001661965,000000000,000000000,0000.000,0000.000,0000.000,
 
001661985,000000000,000000000,0000.000,0000.000,0000.000,
 
001662005,000000000,000000000,0000.000,0000.000,0000.000,
 
001662025,000000000,000000000,0000.000,0000.000,0000.000,
 
001662045,000000000,000000000,0000.000,0000.000,0000.000,
 
001662065,000000000,000000000,0000.000,0000.000,0000.000,
 
001662085,000000000,000000000,0000.000,0000.000,0000.000,
 
001662105,000000000,000000000,0000.000,0000.000,0000.000,
 
001662125,000000000,000000000,0000.000,0000.000,0000.000,
 
001662145,000000000,000000000,0000.000,0000.000,0000.000,
 
001662165,000000000,000000000,0000.000,0000.000,0000.000,
 
001662185,000000000,000000000,0000.000,0000.000,0000.000,
 
001662205,000000000,000000000,0000.000,0000.000,0000.000,
 
001662225,000000000,-00000002,0000.000,0000.000,0000.000,
 
001662245,-00000002,-00000007,0000.000,0000.000,0000.000,
 
001662265,-00000002,-00000013,0000.000,0000.000,0000.000,
 
001662285,-00000002,-00000007,0000.000,0000.000,0000.000,
 
001662305,000000000,-00000004,0000.000,0000.000,0000.000,
 
001662325,000000000,-00000002,0000.000,0000.000,0000.000,
 
001662345,000000000,000000000,0000.000,0000.000,0000.000,
 
001662365,000000000,000000000,0000.000,0000.000,0000.000,
 
001662385,000000000,000000000,0000.000,0000.000,0000.000,
 
001662405,000000000,000000000,0000.000,0000.000,0000.000,
 
001662425,000000000,000000000,0000.000,0000.000,0000.000,
 
001662445,000000000,000000000,0000.000,0000.000,0000.000,
 
001662465,000000000,000000000,0000.000,0000.000,0000.000,
 
001662485,000000000,000000000,0000.000,0000.000,0000.000,
 
001662505,000000000,000000000,0000.000,0000.000,0000.000,
 
001662525,000000000,000000000,0000.000,0000.000,0000.000,
 
001662545,000000000,000000000,0000.000,0000.000,0000.000,
 
001662565,000000000,000000000,0000.000,0000.000,0000.000,
 
001662585,000000000,000000000,0000.000,0000.000,0000.000,
 
001662605,000000000,000000000,0000.000,0000.000,0000.000,
 
001662625,000000000,000000000,0000.000,0000.000,0000.000,
 
001662645,000000000,000000000,0000.000,0000.000,0000.000,
 
001662665,000000000,000000000,0000.000,0000.000,0000.000,
 
001662685,000000000,000000000,0000.000,0000.000,0000.000,
 
001662705,000000000,000000000,0000.000,0000.000,0000.000,
 
001662725,000000000,000000000,0000.000,0000.000,0000.000,
 
001662745,000000000,000000000,0000.000,0000.000,0000.000,
 
001662765,000000000,000000000,0000.000,0000.000,0000.000,
 
001662785,000000000,000000000,0000.000,0000.000,0000.000,
 
001662805,000000000,000000000,0000.000,0000.000,0000.000,
 
001662825,000000000,000000000,0000.000,0000.000,0000.000,
 
001662845,000000000,000000000,0000.000,0000.000,0000.000,
 
001662865,000000000,000000000,0000.000,0000.000,0000.000,
 
001662885,000000000,000000000,0000.000,0000.000,0000.000,
 
001662905,000000000,000000000,0000.000,0000.000,0000.000,
 
001662925,000000000,000000000,0000.000,0000.000,0000.000,
 
001662945,000000000,000000000,0000.000,0000.000,0000.000,
 
001662965,000000000,000000000,0000.000,0000.000,0000.000,
 
001662985,000000000,000000000,0000.000,0000.000,0000.000,
 
001663005,000000000,000000000,0000.000,0000.000,0000.000,
 
001663025,000000000,000000000,0000.000,0000.000,0000.000,
 
001663045,000000000,000000000,0000.000,0000.000,0000.000,
 
001663065,000000000,000000000,0000.000,0000.000,0000.000,
 
001663085,000000000,000000000,0000.000,0000.000,0000.000,
 
001663105,000000000,000000000,0000.000,0000.000,0000.000,
 
001663125,000000000,000000000,0000.000,0000.000,0000.000,
 
001663145,000000000,000000000,0000.000,0000.000,0000.000,
 
001663165,000000000,000000000,0000.000,0000.000,0000.000,
 
001663185,000000000,000000000,0000.000,0000.000,0000.000,
 
001663205,000000000,000000000,0000.000,0000.000,0000.000,
 
001663225,000000000,000000000,0000.000,0000.000,0000.000,
 
001663245,000000000,000000000,0000.000,0000.000,0000.000,
 
001663265,000000000,000000000,0000.000,0000.000,0000.000,
 
001663285,000000000,000000000,0000.000,0000.000,0000.000,
 
001663305,000000000,000000000,0000.000,0000.000,0000.000,
 
001663325,000000000,000000000,0000.000,0000.000,0000.000,
 
001663345,000000000,000000000,0000.000,0000.000,0000.000,
 
001663365,000000000,000000000,0000.000,0000.000,0000.000,
 
001663385,000000000,000000000,0000.000,0000.000,0000.000,
 
001663405,000000000,000000000,0000.000,0000.000,0000.000,
 
001663425,000000000,000000000,0000.000,0000.000,0000.000,
 
001663445,000000000,000000000,0000.000,0000.000,0000.000,
 
