000881630,000000307,000003778,0000.000,0000.000,0000.000,
 
000881650,000000000,000000000,0000.000,0000.000,0000.000,
 
000881670,000000000,000000000,0000.000,0000.000,0000.000,
 
000881690,000000000,000000000,0000.000,0000.000,0000.000,
 
000881710,000000000,000000000,0000.000,0000.000,0000.000,
 
000881730,000000000,000000000,0000.000,0000.000,0000.000,
 
000881750,000000000,000000000,0000.000,0000.000,0000.000,
 
000881770,000000000,000000000,0000.000,0000.000,0000.000,
 
000881790,000000000,000000000,0000.000,0000.000,0000.000,
 
000881810,000000000,000000000,0000.000,0000.000,0000.000,
 
000881830,000000000,000000000,0000.000,0000.000,0000.000,
 
000881850,000000000,000000000,0000.000,0000.000,0000.000,
 
000881870,000000000,000000000,0000.000,0000.000,0000.000,
 
000881890,000000000,000000000,0000.000,0000.000,0000.000,
 
000881910,000000000,000000000,0000.000,0000.000,0000.000,
 
000881930,000000000,000000000,0000.000,0000.000,0000.000,
 
000881950,000000000,000000000,0000.000,0000.000,0000.000,
 
000881970,000000000,000000000,0000.000,0000.000,0000.000,
 
000881990,000000000,000000000,0000.000,0000.000,0000.000,
 
000882010,000000000,000000000,0000.000,0000.000,0000.000,
 
000882030,000000000,000000000,0000.000,0000.000,0000.000,
 
000882050,000000000,000000000,0000.000,0000.000,0000.000,
 
000882070,000000000,000000000,0000.000,0000.000,0000.000,
 
000882090,000000000,000000000,0000.000,0000.000,0000.000,
 
000882110,000000000,000000000,0000.000,0000.000,0000.000,
 
000882130,000000000,000000000,0000.000,0000.000,0000.000,
 
000882150,000000000,000000000,0000.000,0000.000,0000.000,
 
000882170,000000000,000000000,0000.000,0000.000,0000.000,
 
000882190,000000000,000000000,0000.000,0000.000,0000.000,
 
000882210,000000000,000000000,0000.000,0000.000,0000.000,
 
000882230,000000000,000000000,0000.000,0000.000,0000.000,
 
000882250,000000000,000000000,0000.000,0000.000,0000.000,
 
000882270,000000000,000000000,0000.000,0000.000,0000.000,
 
000882290,000000000,000000000,0000.000,0000.000,0000.000,
 
000882310,000000000,000000000,0000.000,0000.000,0000.000,
 
000882330,000000000,000000000,0000.000,0000.000,0000.000,
 
000882350,000000000,000000000,0000.000,0000.000,0000.000,
 
000882370,000000000,000000000,0000.000,0000.000,0000.000,
 
000882390,000000000,000000000,0000.000,0000.000,0000.000,
 
000882410,000000000,000000000,0000.000,0000.000,0000.000,
 
000882430,000000000,000000000,0000.000,0000.000,0000.000,
 
000882450,000000000,000000000,0000.000,0000.000,0000.000,
 
000882470,000000000,000000000,0000.000,0000.000,0000.000,
 
000882490,000000000,000000000,0000.000,0000.000,0000.000,
 
000882510,000000000,000000000,0000.000,0000.000,0000.000,
 
000882530,000000000,000000000,0000.000,0000.000,0000.000,
 
000882550,000000000,000000000,0000.000,0000.000,0000.000,
 
000882570,000000000,000000000,0000.000,0000.000,0000.000,
 
000882590,000000000,000000000,0000.000,0000.000,0000.000,
 
000882610,000000000,000000000,0000.000,0000.000,0000.000,
 
000882630,000000000,000000000,0000.000,0000.000,0000.000,
 
000882650,000000000,000000000,0000.000,0000.000,0000.000,
 
000882670,000000000,000000000,0000.000,0000.000,0000.000,
 
000882690,000000000,000000000,0000.000,0000.000,0000.000,
 
000882710,000000000,000000000,0000.000,0000.000,0000.000,
 
000882730,000000000,000000000,0000.000,0000.000,0000.000,
 
000882750,000000000,000000000,0000.000,0000.000,0000.000,
 
000882770,000000000,000000000,0000.000,0000.000,0000.000,
 
000882790,000000000,000000000,0000.000,0000.000,0000.000,
 
000882810,000000000,000000000,0000.000,0000.000,0000.000,
 
000882830,000000000,000000000,0000.000,0000.000,0000.000,
 
000882850,000000000,000000000,0000.000,0000.000,0000.000,
 
000882870,000000000,000000000,0000.000,0000.000,0000.000,
 
000882890,000000000,000000000,0000.000,0000.000,0000.000,
 
000882910,000000000,000000000,0000.000,0000.000,0000.000,
 
000882930,000000000,000000000,0000.000,0000.000,0000.000,
 
000882950,000000000,000000000,0000.000,0000.000,0000.000,
 
000882970,000000000,000000000,0000.000,0000.000,0000.000,
 
000882990,000000000,000000000,0000.000,0000.000,0000.000,
 
000883010,000000000,000000000,0000.000,0000.000,0000.000,
 
000883030,000000000,000000000,0000.000,0000.000,0000.000,
 
000883050,000000000,000000000,0000.000,0000.000,0000.000,
 
000883070,000000000,000000000,0000.000,0000.000,0000.000,
 
000883090,000000000,000000000,0000.000,0000.000,0000.000,
 
000883110,000000000,000000000,0000.000,0000.000,0000.000,
 
000883130,000000000,000000000,0000.000,0000.000,0000.000,
 
000883150,000000000,000000000,0000.000,0000.000,0000.000,
 
000883170,000000000,000000000,0000.000,0000.000,0000.000,
 
000883190,000000000,000000000,0000.000,0000.000,0000.000,
 
000883210,000000000,000000000,0000.000,0000.000,0000.000,
 
000883230,000000000,000000000,0000.000,0000.000,0000.000,
 
000883250,000000000,000000000,0000.000,0000.000,0000.000,
 
000883270,000000000,000000000,0000.000,0000.000,0000.000,
 
000883290,000000000,000000000,0000.000,0000.000,0000.000,
 
000883310,000000000,000000000,0000.000,0000.000,0000.000,
 
000883330,000000000,000000000,0000.000,0000.000,0000.000,
 
000883350,000000000,000000000,0000.000,0000.000,0000.000,
 
000883370,000000000,000000000,0000.000,0000.000,0000.000,
 
000883390,000000000,000000000,0000.000,0000.000,0000.000,
 
000883410,000000000,000000000,0000.000,0000.000,0000.000,
 
000883430,000000000,000000000,0000.000,0000.000,0000.000,
 
000883450,000000000,000000000,0000.000,0000.000,0000.000,
 
000883470,000000000,000000000,0000.000,0000.000,0000.000,
 
000883490,000000000,000000000,0000.000,0000.000,0000.000,
 
000883510,000000000,000000000,0000.000,0000.000,0000.000,
 
000883530,000000000,000000000,0000.000,0000.000,0000.000,
 
000883550,000000000,000000000,0000.000,0000.000,0000.000,
 
000883570,000000000,000000000,0000.000,0000.000,0000.000,
 
000883590,000000000,000000000,0000.000,0000.000,0000.000,
 
000883610,000000000,000000000,0000.000,0000.000,0000.000,
 
000883630,000000000,000000000,0000.000,0000.000,0000.000,
 
000883650,000000000,000000000,0000.000,0000.000,0000.000,
 
000883670,000000000,000000000,0000.000,0000.000,0000.000,
 
000883690,000000000,000000000,0000.000,0000.000,0000.000,
 
000883710,000000000,000000000,0000.000,0000.000,0000.000,
 
000883730,000000000,000000000,0000.000,0000.000,0000.000,
 
000883750,000000000,000000000,0000.000,0000.000,0000.000,
 
000883770,000000000,000000000,0000.000,0000.000,0000.000,
 
000883790,000000000,000000000,0000.000,0000.000,0000.000,
 
000883810,000000000,000000000,0000.000,0000.000,0000.000,
 
000883830,000000000,000000000,0000.000,0000.000,0000.000,
 
000883850,000000000,000000000,0000.000,0000.000,0000.000,
 
000883870,000000000,000000000,0000.000,0000.000,0000.000,
 
000883890,000000000,000000000,0000.000,0000.000,0000.000,
 
000883910,000000000,000000000,0000.000,0000.000,0000.000,
 
000883930,000000000,000000000,0000.000,0000.000,0000.000,
 
000883950,000000000,000000000,0000.000,0000.000,0000.000,
 
000883970,000000000,000000000,0000.000,0000.000,0000.000,
 
000883990,000000000,000000000,0000.000,0000.000,0000.000,
 
000884010,000000000,000000000,0000.000,0000.000,0000.000,
 
000884030,000000000,000000000,0000.000,0000.000,0000.000,
 
000884050,000000000,000000000,0000.000,0000.000,0000.000,
 
000884070,000000000,000000000,0000.000,0000.000,0000.000,
 
000884090,000000000,000000000,0000.000,0000.000,0000.000,
 
000884110,000000000,000000000,0000.000,0000.000,0000.000,
 
000884130,000000000,000000000,0000.000,0000.000,0000.000,
 
000884150,000000000,000000000,0000.000,0000.000,0000.000,
 
000884170,000000000,000000000,0000.000,0000.000,0000.000,
 
000884190,000000000,000000000,0000.000,0000.000,0000.000,
 
000884210,000000000,000000000,0000.000,0000.000,0000.000,
 
000884230,000000000,000000000,0000.000,0000.000,0000.000,
 
000884250,000000000,000000000,0000.000,0000.000,0000.000,
 
000884270,000000000,000000000,0000.000,0000.000,0000.000,
 
000884290,000000000,000000000,0000.000,0000.000,0000.000,
 
000884310,000000000,000000000,0000.000,0000.000,0000.000,
 
000884330,000000000,000000000,0000.000,0000.000,0000.000,
 
000884350,000000000,000000000,0000.000,0000.000,0000.000,
 
000884370,000000000,000000000,0000.000,0000.000,0000.000,
 
000884390,000000000,000000000,0000.000,0000.000,0000.000,
 
000884410,000000000,000000000,0000.000,0000.000,0000.000,
 
000884430,000000000,000000000,0000.000,0000.000,0000.000,
 
000884450,000000000,000000000,0000.000,0000.000,0000.000,
 
000884470,000000000,000000000,0000.000,0000.000,0000.000,
 
000884490,000000000,000000000,0000.000,0000.000,0000.000,
 
000884510,000000000,000000000,0000.000,0000.000,0000.000,
 
000884530,000000000,000000000,0000.000,0000.000,0000.000,
 
000884550,000000000,000000000,0000.000,0000.000,0000.000,
 
000884570,000000000,000000000,0000.000,0000.000,0000.000,
 
000884590,000000000,000000000,0000.000,0000.000,0000.000,
 
000884610,000000000,000000000,0000.000,0000.000,0000.000,
 
000884630,000000000,000000000,0000.000,0000.000,0000.000,
 
000884650,000000000,000000000,0000.000,0000.000,0000.000,
 
000884670,000000000,000000000,0000.000,0000.000,0000.000,
 
000884690,000000000,000000000,0000.000,0000.000,0000.000,
 
000884710,000000000,000000000,0000.000,0000.000,0000.000,
 
000884730,000000000,000000000,0000.000,0000.000,0000.000,
 
000884750,000000000,000000000,0000.000,0000.000,0000.000,
 
000884770,000000000,000000000,0000.000,0000.000,0000.000,
 
000884790,000000000,000000000,0000.000,0000.000,0000.000,
 
000884810,000000000,000000000,0000.000,0000.000,0000.000,
 
000884830,000000000,000000000,0000.000,0000.000,0000.000,
 
000884850,000000000,000000000,0000.000,0000.000,0000.000,
 
000884870,000000000,000000000,0000.000,0000.000,0000.000,
 
000884890,000000000,000000000,0000.000,0000.000,0000.000,
 
000884910,000000000,000000000,0000.000,0000.000,0000.000,
 
000884930,000000000,000000000,0000.000,0000.000,0000.000,
 
000884950,000000000,000000000,0000.000,0000.000,0000.000,
 
000884970,000000000,-00000005,0000.000,0000.000,0000.000,
 
000884990,000000001,-00000013,0000.000,0000.000,0000.000,
 
000885010,000000002,-00000014,0000.000,0000.000,0000.000,
 
000885030,000000001,-00000015,0000.000,0000.000,0000.000,
 
000885050,000000001,-00000016,0000.000,0000.000,0000.000,
 
000885070,000000001,-00000025,0000.000,0000.000,0000.000,
 
000885090,000000001,-00000018,0000.000,0000.000,0000.000,
 
000885110,000000001,-00000019,0000.000,0000.000,0000.000,
 
000885130,000000000,-00000025,0000.000,0000.000,0000.000,
 
000885150,000000000,-00000025,0000.000,0000.000,0000.000,
 
000885170,000000000,-00000020,0000.000,0000.000,0000.000,
 
000885190,000000000,-00000025,0000.000,0000.000,0000.000,
 
000885210,000000001,-00000025,0000.000,0000.000,0000.000,
 
000885230,000000001,-00000022,0000.000,0000.000,0000.000,
 
000885250,000000000,-00000025,0000.000,0000.000,0000.000,
 
000885270,000000000,-00000025,0000.000,0000.000,0000.000,
 
000885290,000000000,-00000028,0000.000,0000.000,0000.000,
 
000885310,000000000,-00000029,0000.000,0000.000,0000.000,
 
000885330,000000000,-00000031,0000.000,0000.000,0000.000,
 
000885350,-00000001,-00000031,0000.000,0000.000,0000.000,
 
000885370,-00000003,-00000031,0000.000,0000.000,0000.000,
 
000885390,-00000004,-00000034,0000.000,0000.000,0000.000,
 
000885410,-00000002,-00000049,0000.000,0000.000,0000.000,
 
000885430,-00000002,-00000034,0000.000,0000.000,0000.000,
 
000885450,-00000001,-00000049,0000.000,0000.000,0000.000,
 
000885470,-00000001,-00000032,0000.000,0000.000,0000.000,
 
000885490,-00000002,-00000034,0000.000,0000.000,0000.000,
 
000885510,-00000002,-00000049,0000.000,0000.000,0000.000,
 
000885530,-00000001,-00000034,0000.000,0000.000,0000.000,
 
000885550,000000000,-00000049,0000.000,0000.000,0000.000,
 
000885570,000000000,-00000037,0000.000,0000.000,0000.000,
 
000885590,000000000,-00000037,0000.000,0000.000,0000.000,
 
000885610,-00000001,-00000037,0000.000,0000.000,0000.000,
 
000885630,-00000001,-00000049,0000.000,0000.000,0000.000,
 
000885650,-00000001,-00000038,0000.000,0000.000,0000.000,
 
000885670,-00000002,-00000049,0000.000,0000.000,0000.000,
 
000885690,-00000001,-00000037,0000.000,0000.000,0000.000,
 
000885710,-00000003,-00000049,0000.000,0000.000,0000.000,
 
000885730,-00000004,-00000037,0000.000,0000.000,0000.000,
 
000885750,-00000004,-00000049,0000.000,0000.000,0000.000,
 
000885770,-00000004,-00000036,0000.000,0000.000,0000.000,
 
000885790,-00000003,-00000049,0000.000,0000.000,0000.000,
 
000885810,-00000002,-00000040,0000.000,0000.000,0000.000,
 
000885830,-00000004,-00000049,0000.000,0000.000,0000.000,
 
000885850,-00000004,-00000042,0000.000,0000.000,0000.000,
 
000885870,-00000002,-00000040,0000.000,0000.000,0000.000,
 
000885890,-00000002,-00000037,0000.000,0000.000,0000.000,
 
000885910,-00000001,-00000036,0000.000,0000.000,0000.000,
 
000885930,-00000002,-00000049,0000.000,0000.000,0000.000,
 
000885950,-00000001,-00000035,0000.000,0000.000,0000.000,
 
000885970,000000000,-00000036,0000.000,0000.000,0000.000,
 
000885990,000000002,-00000035,0000.000,0000.000,0000.000,
 
000886010,000000001,-00000049,0000.000,0000.000,0000.000,
 
000886030,000000002,-00000034,0000.000,0000.000,0000.000,
 
000886050,000000002,-00000036,0000.000,0000.000,0000.000,
 
000886070,000000003,-00000049,0000.000,0000.000,0000.000,
 
000886090,000000002,-00000040,0000.000,0000.000,0000.000,
 
000886110,000000002,-00000049,0000.000,0000.000,0000.000,
 
000886130,000000002,-00000043,0000.000,0000.000,0000.000,
 
000886150,000000000,-00000045,0000.000,0000.000,0000.000,
 
000886170,-00000001,-00000046,0000.000,0000.000,0000.000,
 
000886190,-00000001,-00000047,0000.000,0000.000,0000.000,
 
000886210,-00000001,-00000049,0000.000,0000.000,0000.000,
 
000886230,000000000,-00000044,0000.000,0000.000,0000.000,
 
000886250,-00000001,-00000041,0000.000,0000.000,0000.000,
 
000886270,000000000,-00000049,0000.000,0000.000,0000.000,
 
000886290,-00000002,-00000034,0000.000,0000.000,0000.000,
 
000886310,-00000001,-00000031,0000.000,0000.000,0000.000,
 
000886330,000000000,-00000028,0000.000,0000.000,0000.000,
 
000886350,000000000,-00000026,0000.000,0000.000,0000.000,
 
000886370,000000001,-00000025,0000.000,0000.000,0000.000,
 
000886390,000000000,-00000025,0000.000,0000.000,0000.000,
 
000886410,-00000001,-00000027,0000.000,0000.000,0000.000,
 
000886430,-00000001,-00000028,0000.000,0000.000,0000.000,
 
000886450,-00000001,-00000031,0000.000,0000.000,0000.000,
 
000886470,000000000,-00000032,0000.000,0000.000,0000.000,
 
000886490,-00000001,-00000049,0000.000,0000.000,0000.000,
 
000886510,000000000,-00000036,0000.000,0000.000,0000.000,
 
000886530,-00000002,-00000038,0000.000,0000.000,0000.000,
 
000886550,-00000001,-00000049,0000.000,0000.000,0000.000,
 
000886570,-00000002,-00000039,0000.000,0000.000,0000.000,
 
000886590,-00000002,-00000040,0000.000,0000.000,0000.000,
 
000886610,000000000,-00000039,0000.000,0000.000,0000.000,
 
000886630,000000000,-00000038,0000.000,0000.000,0000.000,
 
000886650,000000000,-00000039,0000.000,0000.000,0000.000,
 
000886670,-00000001,-00000049,0000.000,0000.000,0000.000,
 
000886690,-00000002,-00000042,0000.000,0000.000,0000.000,
 
000886710,-00000004,-00000040,0000.000,0000.000,0000.000,
 
000886730,-00000003,-00000049,0000.000,0000.000,0000.000,
 
000886750,-00000003,-00000039,0000.000,0000.000,0000.000,
 
000886770,-00000002,-00000038,0000.000,0000.000,0000.000,
 
000886790,000000000,-00000039,0000.000,0000.000,0000.000,
 
000886810,000000000,-00000049,0000.000,0000.000,0000.000,
 
000886830,000000000,-00000038,0000.000,0000.000,0000.000,
 
000886850,000000000,-00000037,0000.000,0000.000,0000.000,
 
000886870,000000002,-00000049,0000.000,0000.000,0000.000,
 
000886890,000000002,-00000035,0000.000,0000.000,0000.000,
 
000886910,000000003,-00000033,0000.000,0000.000,0000.000,
 
000886930,000000003,-00000029,0000.000,0000.000,0000.000,
 
000886950,000000004,-00000028,0000.000,0000.000,0000.000,
 
000886970,000000004,-00000026,0000.000,0000.000,0000.000,
 
000886990,000000005,-00000025,0000.000,0000.000,0000.000,
 
000887010,000000004,-00000025,0000.000,0000.000,0000.000,
 
000887030,000000003,-00000024,0000.000,0000.000,0000.000,
 
000887050,000000003,-00000024,0000.000,0000.000,0000.000,
 
000887070,000000004,-00000026,0000.000,0000.000,0000.000,
 
000887090,000000003,-00000027,0000.000,0000.000,0000.000,
 
000887110,000000003,-00000028,0000.000,0000.000,0000.000,
 
000887130,000000003,-00000029,0000.000,0000.000,0000.000,
 
000887150,000000003,-00000029,0000.000,0000.000,0000.000,
 
000887170,000000003,-00000032,0000.000,0000.000,0000.000,
 
000887190,000000002,-00000033,0000.000,0000.000,0000.000,
 
000887210,000000000,-00000032,0000.000,0000.000,0000.000,
 
000887230,000000000,-00000049,0000.000,0000.000,0000.000,
 
000887250,000000000,-00000036,0000.000,0000.000,0000.000,
 
000887270,000000001,-00000037,0000.000,0000.000,0000.000,
 
000887290,000000001,-00000037,0000.000,0000.000,0000.000,
 
000887310,000000000,-00000037,0000.000,0000.000,0000.000,
 
000887330,000000000,-00000049,0000.000,0000.000,0000.000,
 
000887350,000000000,-00000038,0000.000,0000.000,0000.000,
 
000887370,000000000,-00000039,0000.000,0000.000,0000.000,
 
000887390,000000000,-00000040,0000.000,0000.000,0000.000,
 
000887410,000000000,-00000049,0000.000,0000.000,0000.000,
 
000887430,000000000,-00000038,0000.000,0000.000,0000.000,
 
000887450,-00000002,-00000038,0000.000,0000.000,0000.000,
 
000887470,000000000,-00000035,0000.000,0000.000,0000.000,
 
000887490,-00000001,-00000049,0000.000,0000.000,0000.000,
 
000887510,000000000,-00000036,0000.000,0000.000,0000.000,
 
000887530,000000000,-00000035,0000.000,0000.000,0000.000,
 
000887550,000000000,-00000034,0000.000,0000.000,0000.000,
 
000887570,000000000,-00000036,0000.000,0000.000,0000.000,
 
000887590,000000000,-00000049,0000.000,0000.000,0000.000,
 
000887610,-00000001,-00000049,0000.000,0000.000,0000.000,
 
000887630,000000000,-00000037,0000.000,0000.000,0000.000,
 
000887650,-00000002,-00000038,0000.000,0000.000,0000.000,
 
000887670,-00000003,-00000037,0000.000,0000.000,0000.000,
 
000887690,-00000002,-00000049,0000.000,0000.000,0000.000,
 
000887710,-00000002,-00000049,0000.000,0000.000,0000.000,
 
000887730,-00000002,-00000041,0000.000,0000.000,0000.000,
 
000887750,-00000002,-00000043,0000.000,0000.000,0000.000,
 
000887770,-00000002,-00000044,0000.000,0000.000,0000.000,
 
000887790,-00000002,-00000049,0000.000,0000.000,0000.000,
 
000887810,-00000004,-00000049,0000.000,0000.000,0000.000,
 
000887830,-00000004,-00000040,0000.000,0000.000,0000.000,
 
000887850,-00000004,-00000039,0000.000,0000.000,0000.000,
 
000887870,-00000007,-00000037,0000.000,0000.000,0000.000,
 
000887890,-00000004,-00000037,0000.000,0000.000,0000.000,
 
000887910,-00000003,-00000049,0000.000,0000.000,0000.000,
 
000887930,-00000004,-00000032,0000.000,0000.000,0000.000,
 
000887950,-00000004,-00000032,0000.000,0000.000,0000.000,
 
000887970,-00000004,-00000031,0000.000,0000.000,0000.000,
 
000887990,-00000003,-00000028,0000.000,0000.000,0000.000,
 
000888010,-00000003,-00000028,0000.000,0000.000,0000.000,
 
000888030,-00000002,-00000028,0000.000,0000.000,0000.000,
 
000888050,-00000002,-00000028,0000.000,0000.000,0000.000,
 
000888070,-00000004,-00000027,0000.000,0000.000,0000.000,
 
000888090,-00000002,-00000026,0000.000,0000.000,0000.000,
 
000888110,-00000002,-00000025,0000.000,0000.000,0000.000,
 
000888130,-00000003,-00000025,0000.000,0000.000,0000.000,
 
000888150,-00000003,-00000025,0000.000,0000.000,0000.000,
 
000888170,-00000003,-00000027,0000.000,0000.000,0000.000,
 
000888190,-00000002,-00000030,0000.000,0000.000,0000.000,
 
000888210,-00000002,-00000030,0000.000,0000.000,0000.000,
 
000888230,-00000002,-00000033,0000.000,0000.000,0000.000,
 
000888250,-00000001,-00000036,0000.000,0000.000,0000.000,
 
000888270,-00000002,-00000038,0000.000,0000.000,0000.000,
 
000888290,-00000002,-00000049,0000.000,0000.000,0000.000,
 
000888310,-00000003,-00000049,0000.000,0000.000,0000.000,
 
000888330,-00000002,-00000049,0000.000,0000.000,0000.000,
 
000888350,-00000002,-00000039,0000.000,0000.000,0000.000,
 
000888370,-00000001,-00000042,0000.000,0000.000,0000.000,
 
000888390,-00000002,-00000041,0000.000,0000.000,0000.000,
 
000888410,-00000001,-00000039,0000.000,0000.000,0000.000,
 
000888430,-00000001,-00000049,0000.000,0000.000,0000.000,
 
000888450,-00000001,-00000049,0000.000,0000.000,0000.000,
 
000888470,-00000002,-00000049,0000.000,0000.000,0000.000,
 
000888490,-00000003,-00000031,0000.000,0000.000,0000.000,
 
000888510,000000000,-00000030,0000.000,0000.000,0000.000,
 
000888530,000000001,-00000029,0000.000,0000.000,0000.000,
 
000888550,000000001,-00000028,0000.000,0000.000,0000.000,
 
000888570,000000000,-00000028,0000.000,0000.000,0000.000,
 
000888590,000000001,-00000028,0000.000,0000.000,0000.000,
 
000888610,000000001,-00000029,0000.000,0000.000,0000.000,
 
000888630,000000001,-00000030,0000.000,0000.000,0000.000,
 
000888650,000000000,-00000029,0000.000,0000.000,0000.000,
 
000888670,000000000,-00000029,0000.000,0000.000,0000.000,
 
000888690,000000000,-00000030,0000.000,0000.000,0000.000,
 
000888710,-00000001,-00000033,0000.000,0000.000,0000.000,
 
000888730,-00000001,-00000031,0000.000,0000.000,0000.000,
 
000888750,000000000,-00000029,0000.000,0000.000,0000.000,
 
000888770,000000000,-00000028,0000.000,0000.000,0000.000,
 
000888790,000000000,-00000026,0000.000,0000.000,0000.000,
 
000888810,000000000,-00000027,0000.000,0000.000,0000.000,
 
000888830,-00000001,-00000027,0000.000,0000.000,0000.000,
 
000888850,-00000001,-00000027,0000.000,0000.000,0000.000,
 
000888870,-00000001,-00000026,0000.000,0000.000,0000.000,
 
000888890,-00000001,-00000025,0000.000,0000.000,0000.000,
 
000888910,000000000,-00000020,0000.000,0000.000,0000.000,
 
000888930,000000000,-00000018,0000.000,0000.000,0000.000,
 
000888950,-00000001,-00000018,0000.000,0000.000,0000.000,
 
000888970,-00000001,-00000018,0000.000,0000.000,0000.000,
 
000888990,-00000001,-00000021,0000.000,0000.000,0000.000,
 
000889010,-00000002,-00000022,0000.000,0000.000,0000.000,
 
000889030,000000000,-00000025,0000.000,0000.000,0000.000,
 
000889050,-00000001,-00000025,0000.000,0000.000,0000.000,
 
000889070,-00000002,-00000026,0000.000,0000.000,0000.000,
 
000889090,-00000001,-00000028,0000.000,0000.000,0000.000,
 
000889110,-00000002,-00000029,0000.000,0000.000,0000.000,
 
000889130,-00000001,-00000028,0000.000,0000.000,0000.000,
 
000889150,-00000002,-00000027,0000.000,0000.000,0000.000,
 
000889170,000000000,-00000026,0000.000,0000.000,0000.000,
 
000889190,000000000,-00000023,0000.000,0000.000,0000.000,
 
000889210,000000000,-00000020,0000.000,0000.000,0000.000,
 
000889230,000000000,-00000018,0000.000,0000.000,0000.000,
 
000889250,-00000001,-00000016,0000.000,0000.000,0000.000,
 
000889270,000000000,-00000015,0000.000,0000.000,0000.000,
 
000889290,000000000,-00000013,0000.000,0000.000,0000.000,
 
000889310,000000000,-00000014,0000.000,0000.000,0000.000,
 
000889330,-00000001,-00000015,0000.000,0000.000,0000.000,
 
000889350,-00000001,-00000015,0000.000,0000.000,0000.000,
 
000889370,000000000,-00000016,0000.000,0000.000,0000.000,
 
000889390,-00000001,-00000015,0000.000,0000.000,0000.000,
 
000889410,000000000,-00000014,0000.000,0000.000,0000.000,
 
000889430,000000000,-00000013,0000.000,0000.000,0000.000,
 
000889450,-00000001,-00000011,0000.000,0000.000,0000.000,
 
000889470,000000000,-00000009,0000.000,0000.000,0000.000,
 
000889490,000000000,-00000009,0000.000,0000.000,0000.000,
 
000889510,-00000001,-00000008,0000.000,0000.000,0000.000,
 
000889530,-00000001,-00000008,0000.000,0000.000,0000.000,
 
000889550,000000000,-00000008,0000.000,0000.000,0000.000,
 
000889570,-00000001,-00000008,0000.000,0000.000,0000.000,
 
000889590,000000000,-00000007,0000.000,0000.000,0000.000,
 
000889610,000000000,-00000008,0000.000,0000.000,0000.000,
 
000889630,000000000,-00000013,0000.000,0000.000,0000.000,
 
000889650,000000000,-00000014,0000.000,0000.000,0000.000,
 
000889670,000000001,-00000025,0000.000,0000.000,0000.000,
 
000889690,000000001,-00000025,0000.000,0000.000,0000.000,
 
000889710,000000000,-00000026,0000.000,0000.000,0000.000,
 
000889730,000000001,-00000028,0000.000,0000.000,0000.000,
 
000889750,000000001,-00000027,0000.000,0000.000,0000.000,
 
000889770,000000001,-00000028,0000.000,0000.000,0000.000,
 
000889790,000000000,-00000027,0000.000,0000.000,0000.000,
 
000889810,000000000,-00000025,0000.000,0000.000,0000.000,
 
000889830,-00000001,-00000025,0000.000,0000.000,0000.000,
 
000889850,-00000001,-00000025,0000.000,0000.000,0000.000,
 
000889870,000000000,-00000025,0000.000,0000.000,0000.000,
 
000889890,000000000,-00000014,0000.000,0000.000,0000.000,
 
000889910,000000000,-00000013,0000.000,0000.000,0000.000,
 
000889930,000000000,-00000013,0000.000,0000.000,0000.000,
 
000889950,-00000001,-00000014,0000.000,0000.000,0000.000,
 
000889970,000000000,-00000013,0000.000,0000.000,0000.000,
 
000889990,000000000,-00000012,0000.000,0000.000,0000.000,
 
000890010,000000000,-00000009,0000.000,0000.000,0000.000,
 
000890030,000000001,-00000010,0000.000,0000.000,0000.000,
 
000890050,000000000,-00000009,0000.000,0000.000,0000.000,
 
000890070,000000000,-00000010,0000.000,0000.000,0000.000,
 
000890090,000000000,-00000009,0000.000,0000.000,0000.000,
 
000890110,-00000001,-00000006,0000.000,0000.000,0000.000,
 
000890130,000000000,-00000003,0000.000,0000.000,0000.000,
 
000890150,000000000,-00000001,0000.000,0000.000,0000.000,
 
000890170,000000000,000000000,0000.000,0000.000,0000.000,
 
000890190,000000000,000000000,0000.000,0000.000,0000.000,
 
000890210,000000000,000000000,0000.000,0000.000,0000.000,
 
000890230,000000000,000000000,0000.000,0000.000,0000.000,
 
000890250,000000000,000000000,0000.000,0000.000,0000.000,
 
000890270,000000000,000000000,0000.000,0000.000,0000.000,
 
000890290,000000000,000000000,0000.000,0000.000,0000.000,
 
000890310,000000000,000000000,0000.000,0000.000,0000.000,
 
000890330,000000000,000000000,0000.000,0000.000,0000.000,
 
000890350,000000000,000000000,0000.000,0000.000,0000.000,
 
000890370,000000000,000000000,0000.000,0000.000,0000.000,
 
000890390,000000000,000000000,0000.000,0000.000,0000.000,
 
000890410,000000000,000000000,0000.000,0000.000,0000.000,
 
000890430,000000000,000000000,0000.000,0000.000,0000.000,
 
000890450,000000000,000000000,0000.000,0000.000,0000.000,
 
000890470,000000000,000000000,0000.000,0000.000,0000.000,
 
000890490,000000000,000000000,0000.000,0000.000,0000.000,
 
000890510,-00000001,-00000004,0000.000,0000.000,0000.000,
 
000890530,-00000001,-00000014,0000.000,0000.000,0000.000,
 
000890550,-00000002,-00000025,0000.000,0000.000,0000.000,
 
000890570,-00000003,-00000025,0000.000,0000.000,0000.000,
 
000890590,-00000001,-00000018,0000.000,0000.000,0000.000,
 
000890610,000000000,-00000013,0000.000,0000.000,0000.000,
 
000890630,000000000,-00000007,0000.000,0000.000,0000.000,
 
000890650,000000000,-00000005,0000.000,0000.000,0000.000,
 
000890670,000000000,-00000001,0000.000,0000.000,0000.000,
 
000890690,000000000,-00000001,0000.000,0000.000,0000.000,
 
000890710,000000000,000000000,0000.000,0000.000,0000.000,
 
000890730,000000000,000000000,0000.000,0000.000,0000.000,
 
000890750,000000000,000000000,0000.000,0000.000,0000.000,
 
000890770,000000000,000000000,0000.000,0000.000,0000.000,
 
000890790,000000000,000000000,0000.000,0000.000,0000.000,
 
000890810,000000000,000000000,0000.000,0000.000,0000.000,
 
000890830,000000000,000000000,0000.000,0000.000,0000.000,
 
000890850,000000000,000000000,0000.000,0000.000,0000.000,
 
000890870,000000000,000000000,0000.000,0000.000,0000.000,
 
000890890,000000000,000000000,0000.000,0000.000,0000.000,
 
000890910,000000000,-00000004,0000.000,0000.000,0000.000,
 
000890930,000000000,-00000007,0000.000,0000.000,0000.000,
 
000890950,000000000,-00000007,0000.000,0000.000,0000.000,
 
000890970,-00000001,-00000007,0000.000,0000.000,0000.000,
 
000890990,000000000,-00000004,0000.000,0000.000,0000.000,
 
000891010,000000000,-00000001,0000.000,0000.000,0000.000,
 
000891030,000000000,000000000,0000.000,0000.000,0000.000,
 
000891050,000000000,000000000,0000.000,0000.000,0000.000,
 
000891070,000000000,000000000,0000.000,0000.000,0000.000,
 
000891090,000000000,000000000,0000.000,0000.000,0000.000,
 
000891110,000000000,000000000,0000.000,0000.000,0000.000,
 
000891130,000000000,000000000,0000.000,0000.000,0000.000,
 
000891150,000000000,000000000,0000.000,0000.000,0000.000,
 
000891170,000000000,000000000,0000.000,0000.000,0000.000,
 
000891190,000000000,000000000,0000.000,0000.000,0000.000,
 
000891210,000000000,000000000,0000.000,0000.000,0000.000,
 
000891230,000000000,000000000,0000.000,0000.000,0000.000,
 
000891250,000000000,000000000,0000.000,0000.000,0000.000,
 
000891270,000000000,000000000,0000.000,0000.000,0000.000,
 
000891290,000000000,000000000,0000.000,0000.000,0000.000,
 
000891310,000000000,000000000,0000.000,0000.000,0000.000,
 
000891330,000000000,000000000,0000.000,0000.000,0000.000,
 
000891350,000000000,000000000,0000.000,0000.000,0000.000,
 
000891370,000000000,000000000,0000.000,0000.000,0000.000,
 
000891390,000000000,000000000,0000.000,0000.000,0000.000,
 
000891410,000000000,000000000,0000.000,0000.000,0000.000,
 
000891430,000000000,000000000,0000.000,0000.000,0000.000,
 
000891450,000000000,000000000,0000.000,0000.000,0000.000,
 
000891470,000000000,000000000,0000.000,0000.000,0000.000,
 
000891490,000000000,000000000,0000.000,0000.000,0000.000,
 
000891510,000000000,000000000,0000.000,0000.000,0000.000,
 
000891530,000000000,000000000,0000.000,0000.000,0000.000,
 
000891550,000000000,000000000,0000.000,0000.000,0000.000,
 
000891570,000000000,000000000,0000.000,0000.000,0000.000,
 
000891590,000000000,000000000,0000.000,0000.000,0000.000,
 
000891610,000000000,000000000,0000.000,0000.000,0000.000,
 
000891630,000000000,000000000,0000.000,0000.000,0000.000,
 
000891650,000000000,000000000,0000.000,0000.000,0000.000,
 
000891670,000000000,000000000,0000.000,0000.000,0000.000,
 
000891690,000000000,000000000,0000.000,0000.000,0000.000,
 
000891710,000000000,000000000,0000.000,0000.000,0000.000,
 
000891730,000000000,000000000,0000.000,0000.000,0000.000,
 
000891750,000000000,000000000,0000.000,0000.000,0000.000,
 
000891770,000000000,000000000,0000.000,0000.000,0000.000,
 
000891790,000000000,000000000,0000.000,0000.000,0000.000,
 
000891810,000000000,000000000,0000.000,0000.000,0000.000,
 
000891830,000000000,000000000,0000.000,0000.000,0000.000,
 
000891850,000000000,000000000,0000.000,0000.000,0000.000,
 
000891870,000000000,000000000,0000.000,0000.000,0000.000,
 
000891890,000000000,000000000,0000.000,0000.000,0000.000,
 
000891910,000000000,000000000,0000.000,0000.000,0000.000,
 
000891930,000000000,000000000,0000.000,0000.000,0000.000,
 
000891950,000000000,000000000,0000.000,0000.000,0000.000,
 
000891970,000000000,000000000,0000.000,0000.000,0000.000,
 
000891990,000000000,000000000,0000.000,0000.000,0000.000,
 
000892010,000000000,000000000,0000.000,0000.000,0000.000,
 
000892030,000000000,000000000,0000.000,0000.000,0000.000,
 
000892050,000000000,000000000,0000.000,0000.000,0000.000,
 
000892070,000000000,000000000,0000.000,0000.000,0000.000,
 
000892090,000000000,000000000,0000.000,0000.000,0000.000,
 
000892110,000000000,000000000,0000.000,0000.000,0000.000,
 
000892130,000000000,000000000,0000.000,0000.000,0000.000,
 
000892150,000000000,000000000,0000.000,0000.000,0000.000,
 
000892170,000000000,000000000,0000.000,0000.000,0000.000,
 
000892190,000000000,000000000,0000.000,0000.000,0000.000,
 
000892210,000000000,000000000,0000.000,0000.000,0000.000,
 
000892230,000000000,000000000,0000.000,0000.000,0000.000,
 
000892250,000000000,000000000,0000.000,0000.000,0000.000,
 
000892270,000000000,000000000,0000.000,0000.000,0000.000,
 
000892290,000000000,000000000,0000.000,0000.000,0000.000,
 
000892310,000000000,000000000,0000.000,0000.000,0000.000,
 
000892330,000000000,000000000,0000.000,0000.000,0000.000,
 
000892350,000000000,000000000,0000.000,0000.000,0000.000,
 
000892370,000000000,000000000,0000.000,0000.000,0000.000,
 
000892390,000000000,000000000,0000.000,0000.000,0000.000,
 
000892410,000000000,000000000,0000.000,0000.000,0000.000,
 
000892430,000000000,000000000,0000.000,0000.000,0000.000,
 
000892450,000000000,000000000,0000.000,0000.000,0000.000,
 
000892470,000000000,000000000,0000.000,0000.000,0000.000,
 
000892490,000000000,000000000,0000.000,0000.000,0000.000,
 
