002877172,000000001,000000006,0000.000,0000.000,0000.000,
 
002877191,000000000,000000000,0000.000,0000.000,0000.000,
 
002877211,000000000,000000000,0000.000,0000.000,0000.000,
 
002877231,000000000,000000000,0000.000,0000.000,0000.000,
 
002877251,000000000,000000000,0000.000,0000.000,0000.000,
 
002877271,000000000,000000000,0000.000,0000.000,0000.000,
 
002877291,000000000,000000000,0000.000,0000.000,0000.000,
 
002877311,000000000,000000000,0000.000,0000.000,0000.000,
 
002877331,000000000,000000000,0000.000,0000.000,0000.000,
 
002877351,000000000,000000000,0000.000,0000.000,0000.000,
 
002877371,000000000,000000000,0000.000,0000.000,0000.000,
 
002877391,000000000,000000000,0000.000,0000.000,0000.000,
 
002877411,000000000,000000000,0000.000,0000.000,0000.000,
 
002877431,000000000,000000000,0000.000,0000.000,0000.000,
 
002877451,000000000,000000000,0000.000,0000.000,0000.000,
 
002877471,000000000,000000000,0000.000,0000.000,0000.000,
 
002877491,000000000,000000000,0000.000,0000.000,0000.000,
 
002877511,000000000,000000000,0000.000,0000.000,0000.000,
 
002877531,000000000,000000000,0000.000,0000.000,0000.000,
 
002877551,000000000,000000000,0000.000,0000.000,0000.000,
 
002877571,000000000,000000000,0000.000,0000.000,0000.000,
 
002877591,000000000,000000000,0000.000,0000.000,0000.000,
 
002877611,000000000,000000000,0000.000,0000.000,0000.000,
 
002877631,000000000,000000000,0000.000,0000.000,0000.000,
 
002877651,000000000,000000000,0000.000,0000.000,0000.000,
 
002877671,000000000,000000000,0000.000,0000.000,0000.000,
 
002877691,000000000,000000000,0000.000,0000.000,0000.000,
 
002877711,000000000,000000000,0000.000,0000.000,0000.000,
 
002877731,000000000,000000000,0000.000,0000.000,0000.000,
 
002877751,000000000,000000000,0000.000,0000.000,0000.000,
 
002877771,000000000,000000000,0000.000,0000.000,0000.000,
 
002877791,000000000,000000000,0000.000,0000.000,0000.000,
 
002877811,000000000,000000000,0000.000,0000.000,0000.000,
 
002877831,000000000,000000000,0000.000,0000.000,0000.000,
 
002877851,000000000,000000000,0000.000,0000.000,0000.000,
 
002877871,000000000,000000000,0000.000,0000.000,0000.000,
 
002877891,000000000,000000000,0000.000,0000.000,0000.000,
 
002877911,000000000,000000000,0000.000,0000.000,0000.000,
 
002877931,000000000,000000000,0000.000,0000.000,0000.000,
 
002877951,000000000,000000000,0000.000,0000.000,0000.000,
 
002877971,000000000,000000000,0000.000,0000.000,0000.000,
 
002877991,000000000,000000000,0000.000,0000.000,0000.000,
 
002878011,000000000,000000000,0000.000,0000.000,0000.000,
 
002878031,000000000,000000000,0000.000,0000.000,0000.000,
 
002878051,000000000,000000000,0000.000,0000.000,0000.000,
 
002878071,000000000,000000000,0000.000,0000.000,0000.000,
 
002878091,000000000,000000000,0000.000,0000.000,0000.000,
 
002878111,000000000,000000000,0000.000,0000.000,0000.000,
 
002878131,000000000,000000000,0000.000,0000.000,0000.000,
 
002878151,000000000,000000000,0000.000,0000.000,0000.000,
 
002878171,000000000,000000000,0000.000,0000.000,0000.000,
 
002878191,000000000,000000000,0000.000,0000.000,0000.000,
 
002878211,000000000,000000000,0000.000,0000.000,0000.000,
 
002878231,000000000,000000000,0000.000,0000.000,0000.000,
 
002878251,000000000,000000000,0000.000,0000.000,0000.000,
 
002878271,000000000,000000000,0000.000,0000.000,0000.000,
 
002878291,000000000,000000000,0000.000,0000.000,0000.000,
 
002878311,000000000,000000000,0000.000,0000.000,0000.000,
 
002878331,000000000,000000000,0000.000,0000.000,0000.000,
 
002878351,000000000,000000000,0000.000,0000.000,0000.000,
 
002878371,000000000,000000000,0000.000,0000.000,0000.000,
 
002878391,000000000,000000000,0000.000,0000.000,0000.000,
 
002878411,000000000,000000000,0000.000,0000.000,0000.000,
 
002878431,000000000,000000000,0000.000,0000.000,0000.000,
 
002878451,000000000,000000000,0000.000,0000.000,0000.000,
 
002878471,000000000,000000000,0000.000,0000.000,0000.000,
 
002878491,000000000,000000000,0000.000,0000.000,0000.000,
 
002878511,000000000,000000000,0000.000,0000.000,0000.000,
 
002878531,000000000,000000000,0000.000,0000.000,0000.000,
 
002878551,000000000,000000000,0000.000,0000.000,0000.000,
 
002878571,000000000,000000000,0000.000,0000.000,0000.000,
 
002878591,000000000,000000000,0000.000,0000.000,0000.000,
 
002878611,000000000,000000000,0000.000,0000.000,0000.000,
 
002878631,000000000,000000000,0000.000,0000.000,0000.000,
 
002878651,000000000,000000000,0000.000,0000.000,0000.000,
 
002878671,000000000,000000000,0000.000,0000.000,0000.000,
 
002878691,000000000,000000000,0000.000,0000.000,0000.000,
 
002878711,000000000,000000000,0000.000,0000.000,0000.000,
 
002878731,000000000,000000000,0000.000,0000.000,0000.000,
 
002878751,000000000,000000000,0000.000,0000.000,0000.000,
 
002878771,000000000,000000000,0000.000,0000.000,0000.000,
 
002878791,000000000,000000000,0000.000,0000.000,0000.000,
 
002878811,000000000,000000000,0000.000,0000.000,0000.000,
 
002878831,000000000,000000000,0000.000,0000.000,0000.000,
 
002878851,000000000,000000000,0000.000,0000.000,0000.000,
 
002878871,000000000,000000000,0000.000,0000.000,0000.000,
 
002878891,000000000,000000000,0000.000,0000.000,0000.000,
 
002878911,000000000,000000000,0000.000,0000.000,0000.000,
 
002878931,000000000,000000000,0000.000,0000.000,0000.000,
 
002878951,000000000,000000000,0000.000,0000.000,0000.000,
 
002878971,000000000,000000000,0000.000,0000.000,0000.000,
 
002878991,000000000,000000000,0000.000,0000.000,0000.000,
 
002879011,000000000,000000000,0000.000,0000.000,0000.000,
 
002879031,000000000,000000000,0000.000,0000.000,0000.000,
 
002879051,000000000,000000000,0000.000,0000.000,0000.000,
 
002879071,000000000,000000000,0000.000,0000.000,0000.000,
 
002879091,000000000,000000000,0000.000,0000.000,0000.000,
 
002879111,000000000,000000000,0000.000,0000.000,0000.000,
 
002879131,000000000,000000000,0000.000,0000.000,0000.000,
 
002879151,000000000,000000000,0000.000,0000.000,0000.000,
 
002879171,000000000,000000000,0000.000,0000.000,0000.000,
 
002879191,000000000,000000000,0000.000,0000.000,0000.000,
 
002879211,000000000,000000000,0000.000,0000.000,0000.000,
 
002879231,000000000,000000000,0000.000,0000.000,0000.000,
 
002879251,000000000,000000000,0000.000,0000.000,0000.000,
 
002879271,000000000,000000000,0000.000,0000.000,0000.000,
 
002879291,000000000,000000000,0000.000,0000.000,0000.000,
 
002879311,000000000,000000000,0000.000,0000.000,0000.000,
 
002879331,000000000,000000000,0000.000,0000.000,0000.000,
 
002879351,000000000,000000000,0000.000,0000.000,0000.000,
 
002879371,000000000,000000000,0000.000,0000.000,0000.000,
 
002879391,000000000,000000000,0000.000,0000.000,0000.000,
 
002879411,000000000,000000000,0000.000,0000.000,0000.000,
 
002879431,000000000,000000000,0000.000,0000.000,0000.000,
 
002879451,000000000,000000000,0000.000,0000.000,0000.000,
 
002879471,000000000,000000000,0000.000,0000.000,0000.000,
 
002879491,000000000,000000000,0000.000,0000.000,0000.000,
 
002879511,000000000,000000000,0000.000,0000.000,0000.000,
 
002879531,000000000,000000000,0000.000,0000.000,0000.000,
 
002879551,000000000,000000000,0000.000,0000.000,0000.000,
 
002879571,000000000,000000000,0000.000,0000.000,0000.000,
 
002879591,000000000,000000000,0000.000,0000.000,0000.000,
 
002879611,000000000,000000000,0000.000,0000.000,0000.000,
 
002879631,000000000,000000000,0000.000,0000.000,0000.000,
 
002879651,000000000,000000000,0000.000,0000.000,0000.000,
 
002879671,000000000,000000000,0000.000,0000.000,0000.000,
 
002879691,000000000,000000000,0000.000,0000.000,0000.000,
 
002879711,000000000,000000000,0000.000,0000.000,0000.000,
 
002879731,000000000,000000000,0000.000,0000.000,0000.000,
 
002879751,000000000,000000000,0000.000,0000.000,0000.000,
 
002879771,000000000,000000000,0000.000,0000.000,0000.000,
 
002879791,000000000,000000000,0000.000,0000.000,0000.000,
 
002879811,000000000,000000000,0000.000,0000.000,0000.000,
 
002879831,000000000,000000000,0000.000,0000.000,0000.000,
 
002879851,000000000,000000000,0000.000,0000.000,0000.000,
 
002879871,000000000,000000000,0000.000,0000.000,0000.000,
 
002879891,000000000,000000000,0000.000,0000.000,0000.000,
 
002879911,000000000,000000000,0000.000,0000.000,0000.000,
 
002879931,000000000,000000000,0000.000,0000.000,0000.000,
 
002879951,000000000,000000000,0000.000,0000.000,0000.000,
 
002879971,000000000,000000000,0000.000,0000.000,0000.000,
 
002879991,000000000,000000000,0000.000,0000.000,0000.000,
 
002880011,000000000,000000000,0000.000,0000.000,0000.000,
 
002880031,000000000,000000000,0000.000,0000.000,0000.000,
 
002880051,000000000,000000000,0000.000,0000.000,0000.000,
 
002880071,000000000,-00000006,0000.000,0000.000,0000.000,
 
002880091,000000002,-00000010,0000.000,0000.000,0000.000,
 
002880111,000000003,-00000014,0000.000,0000.000,0000.000,
 
002880131,000000003,-00000016,0000.000,0000.000,0000.000,
 
002880151,000000003,-00000016,0000.000,0000.000,0000.000,
 
002880171,000000002,-00000015,0000.000,0000.000,0000.000,
 
002880191,000000001,-00000013,0000.000,0000.000,0000.000,
 
002880211,000000001,-00000015,0000.000,0000.000,0000.000,
 
002880231,000000001,-00000015,0000.000,0000.000,0000.000,
 
002880251,000000001,-00000015,0000.000,0000.000,0000.000,
 
002880271,000000000,-00000015,0000.000,0000.000,0000.000,
 
002880291,000000000,-00000013,0000.000,0000.000,0000.000,
 
002880311,000000000,-00000010,0000.000,0000.000,0000.000,
 
002880331,000000000,-00000009,0000.000,0000.000,0000.000,
 
002880351,000000001,-00000013,0000.000,0000.000,0000.000,
 
002880371,000000000,-00000012,0000.000,0000.000,0000.000,
 
002880391,000000000,-00000013,0000.000,0000.000,0000.000,
 
002880411,000000001,-00000014,0000.000,0000.000,0000.000,
 
002880431,000000001,-00000014,0000.000,0000.000,0000.000,
 
002880451,000000000,-00000013,0000.000,0000.000,0000.000,
 
002880471,000000001,-00000012,0000.000,0000.000,0000.000,
 
002880491,000000000,-00000013,0000.000,0000.000,0000.000,
 
002880511,000000000,-00000015,0000.000,0000.000,0000.000,
 
002880531,000000000,-00000016,0000.000,0000.000,0000.000,
 
002880551,-00000001,-00000016,0000.000,0000.000,0000.000,
 
002880571,-00000001,-00000015,0000.000,0000.000,0000.000,
 
002880591,-00000001,-00000016,0000.000,0000.000,0000.000,
 
002880611,-00000001,-00000017,0000.000,0000.000,0000.000,
 
002880631,000000000,-00000021,0000.000,0000.000,0000.000,
 
002880651,000000000,-00000023,0000.000,0000.000,0000.000,
 
002880671,000000000,-00000024,0000.000,0000.000,0000.000,
 
002880691,-00000002,-00000030,0000.000,0000.000,0000.000,
 
002880711,-00000003,-00000037,0000.000,0000.000,0000.000,
 
002880731,-00000004,-00000041,0000.000,0000.000,0000.000,
 
002880751,-00000002,-00000042,0000.000,0000.000,0000.000,
 
002880771,-00000002,-00000042,0000.000,0000.000,0000.000,
 
002880791,-00000004,-00000042,0000.000,0000.000,0000.000,
 
002880811,-00000004,-00000042,0000.000,0000.000,0000.000,
 
002880831,-00000002,-00000040,0000.000,0000.000,0000.000,
 
002880851,-00000002,-00000037,0000.000,0000.000,0000.000,
 
002880871,-00000001,-00000033,0000.000,0000.000,0000.000,
 
002880891,-00000003,-00000032,0000.000,0000.000,0000.000,
 
002880911,-00000003,-00000031,0000.000,0000.000,0000.000,
 
002880931,000000000,-00000031,0000.000,0000.000,0000.000,
 
002880951,000000001,-00000032,0000.000,0000.000,0000.000,
 
002880971,000000002,-00000033,0000.000,0000.000,0000.000,
 
002880991,000000001,-00000049,0000.000,0000.000,0000.000,
 
002881011,000000001,-00000034,0000.000,0000.000,0000.000,
 
002881031,000000002,-00000034,0000.000,0000.000,0000.000,
 
002881051,000000002,-00000033,0000.000,0000.000,0000.000,
 
002881071,000000002,-00000049,0000.000,0000.000,0000.000,
 
002881091,000000001,-00000033,0000.000,0000.000,0000.000,
 
002881111,000000001,-00000033,0000.000,0000.000,0000.000,
 
002881131,000000000,-00000033,0000.000,0000.000,0000.000,
 
002881151,000000000,-00000033,0000.000,0000.000,0000.000,
 
002881171,000000000,-00000035,0000.000,0000.000,0000.000,
 
002881191,000000000,-00000036,0000.000,0000.000,0000.000,
 
002881211,000000001,-00000039,0000.000,0000.000,0000.000,
 
002881231,000000001,-00000049,0000.000,0000.000,0000.000,
 
002881251,000000002,-00000042,0000.000,0000.000,0000.000,
 
002881271,000000001,-00000049,0000.000,0000.000,0000.000,
 
002881291,000000001,-00000044,0000.000,0000.000,0000.000,
 
002881311,000000000,-00000044,0000.000,0000.000,0000.000,
 
002881331,000000001,-00000046,0000.000,0000.000,0000.000,
 
002881351,000000002,-00000046,0000.000,0000.000,0000.000,
 
002881371,000000002,-00000045,0000.000,0000.000,0000.000,
 
002881391,000000002,-00000045,0000.000,0000.000,0000.000,
 
002881411,000000000,-00000044,0000.000,0000.000,0000.000,
 
002881431,000000000,-00000047,0000.000,0000.000,0000.000,
 
002881451,000000001,-00000047,0000.000,0000.000,0000.000,
 
002881471,000000001,-00000050,0000.000,0000.000,0000.000,
 
002881491,000000000,-00000052,0000.000,0000.000,0000.000,
 
002881511,-00000002,-00000054,0000.000,0000.000,0000.000,
 
002881531,-00000002,-00000057,0000.000,0000.000,0000.000,
 
002881551,-00000003,-00000060,0000.000,0000.000,0000.000,
 
002881571,-00000003,-00000061,0000.000,0000.000,0000.000,
 
002881591,-00000002,-00000062,0000.000,0000.000,0000.000,
 
002881611,-00000001,-00000062,0000.000,0000.000,0000.000,
 
002881631,-00000001,-00000063,0000.000,0000.000,0000.000,
 
002881651,000000000,-00000066,0000.000,0000.000,0000.000,
 
002881671,000000000,-00000071,0000.000,0000.000,0000.000,
 
002881691,-00000001,-00000071,0000.000,0000.000,0000.000,
 
002881711,-00000001,-00000097,0000.000,0000.000,0000.000,
 
002881731,000000000,-00000072,0000.000,0000.000,0000.000,
 
002881751,000000000,-00000071,0000.000,0000.000,0000.000,
 
002881771,000000000,-00000069,0000.000,0000.000,0000.000,
 
002881791,000000000,-00000066,0000.000,0000.000,0000.000,
 
002881811,000000000,-00000061,0000.000,0000.000,0000.000,
 
002881831,000000000,-00000059,0000.000,0000.000,0000.000,
 
002881851,000000000,-00000055,0000.000,0000.000,0000.000,
 
002881871,-00000001,-00000055,0000.000,0000.000,0000.000,
 
002881891,000000000,-00000053,0000.000,0000.000,0000.000,
 
002881911,000000000,-00000056,0000.000,0000.000,0000.000,
 
002881931,000000000,-00000057,0000.000,0000.000,0000.000,
 
002881951,000000000,-00000056,0000.000,0000.000,0000.000,
 
002881971,000000001,-00000053,0000.000,0000.000,0000.000,
 
002881991,000000002,-00000051,0000.000,0000.000,0000.000,
 
002882011,000000004,-00000050,0000.000,0000.000,0000.000,
 
002882031,000000003,-00000052,0000.000,0000.000,0000.000,
 
002882051,000000003,-00000055,0000.000,0000.000,0000.000,
 
002882071,000000004,-00000056,0000.000,0000.000,0000.000,
 
002882091,000000005,-00000055,0000.000,0000.000,0000.000,
 
002882111,000000005,-00000054,0000.000,0000.000,0000.000,
 
002882131,000000002,-00000054,0000.000,0000.000,0000.000,
 
002882151,000000002,-00000052,0000.000,0000.000,0000.000,
 
002882171,000000001,-00000049,0000.000,0000.000,0000.000,
 
002882191,000000002,-00000049,0000.000,0000.000,0000.000,
 
002882211,000000002,-00000048,0000.000,0000.000,0000.000,
 
002882231,000000002,-00000044,0000.000,0000.000,0000.000,
 
002882251,000000002,-00000041,0000.000,0000.000,0000.000,
 
002882271,000000002,-00000043,0000.000,0000.000,0000.000,
 
002882291,000000001,-00000042,0000.000,0000.000,0000.000,
 
002882311,000000000,-00000043,0000.000,0000.000,0000.000,
 
002882331,000000000,-00000043,0000.000,0000.000,0000.000,
 
002882351,000000000,-00000049,0000.000,0000.000,0000.000,
 
002882371,000000000,-00000048,0000.000,0000.000,0000.000,
 
002882391,000000000,-00000048,0000.000,0000.000,0000.000,
 
002882411,000000001,-00000048,0000.000,0000.000,0000.000,
 
002882431,000000000,-00000049,0000.000,0000.000,0000.000,
 
002882451,-00000001,-00000050,0000.000,0000.000,0000.000,
 
002882471,-00000002,-00000051,0000.000,0000.000,0000.000,
 
002882491,000000000,-00000050,0000.000,0000.000,0000.000,
 
002882511,-00000001,-00000047,0000.000,0000.000,0000.000,
 
002882531,-00000001,-00000045,0000.000,0000.000,0000.000,
 
002882551,000000000,-00000046,0000.000,0000.000,0000.000,
 
002882571,000000000,-00000046,0000.000,0000.000,0000.000,
 
002882591,000000000,-00000046,0000.000,0000.000,0000.000,
 
002882611,000000000,-00000046,0000.000,0000.000,0000.000,
 
002882631,-00000001,-00000045,0000.000,0000.000,0000.000,
 
002882651,-00000001,-00000047,0000.000,0000.000,0000.000,
 
002882671,000000000,-00000046,0000.000,0000.000,0000.000,
 
002882691,000000000,-00000045,0000.000,0000.000,0000.000,
 
002882711,000000000,-00000044,0000.000,0000.000,0000.000,
 
002882731,000000000,-00000043,0000.000,0000.000,0000.000,
 
002882751,000000000,-00000044,0000.000,0000.000,0000.000,
 
002882771,000000000,-00000044,0000.000,0000.000,0000.000,
 
002882791,-00000002,-00000045,0000.000,0000.000,0000.000,
 
002882811,000000000,-00000045,0000.000,0000.000,0000.000,
 
002882831,000000000,-00000049,0000.000,0000.000,0000.000,
 
002882851,000000000,-00000045,0000.000,0000.000,0000.000,
 
002882871,000000000,-00000045,0000.000,0000.000,0000.000,
 
002882891,000000000,-00000048,0000.000,0000.000,0000.000,
 
002882911,000000000,-00000050,0000.000,0000.000,0000.000,
 
002882931,000000001,-00000054,0000.000,0000.000,0000.000,
 
002882951,000000000,-00000056,0000.000,0000.000,0000.000,
 
002882971,000000001,-00000056,0000.000,0000.000,0000.000,
 
002882991,000000001,-00000059,0000.000,0000.000,0000.000,
 
002883011,000000000,-00000060,0000.000,0000.000,0000.000,
 
002883031,-00000001,-00000061,0000.000,0000.000,0000.000,
 
002883051,-00000004,-00000062,0000.000,0000.000,0000.000,
 
002883071,-00000003,-00000062,0000.000,0000.000,0000.000,
 
002883091,000000000,-00000061,0000.000,0000.000,0000.000,
 
002883111,-00000001,-00000060,0000.000,0000.000,0000.000,
 
002883131,-00000002,-00000060,0000.000,0000.000,0000.000,
 
002883151,-00000001,-00000060,0000.000,0000.000,0000.000,
 
002883171,000000000,-00000058,0000.000,0000.000,0000.000,
 
002883191,000000000,-00000059,0000.000,0000.000,0000.000,
 
002883211,000000002,-00000058,0000.000,0000.000,0000.000,
 
002883231,000000003,-00000057,0000.000,0000.000,0000.000,
 
002883251,000000000,-00000056,0000.000,0000.000,0000.000,
 
002883271,-00000002,-00000052,0000.000,0000.000,0000.000,
 
002883291,-00000002,-00000051,0000.000,0000.000,0000.000,
 
002883311,000000000,-00000050,0000.000,0000.000,0000.000,
 
002883331,000000000,-00000051,0000.000,0000.000,0000.000,
 
002883351,000000002,-00000050,0000.000,0000.000,0000.000,
 
002883371,000000002,-00000051,0000.000,0000.000,0000.000,
 
002883391,000000000,-00000050,0000.000,0000.000,0000.000,
 
002883411,000000000,-00000048,0000.000,0000.000,0000.000,
 
002883431,-00000001,-00000045,0000.000,0000.000,0000.000,
 
002883451,-00000002,-00000044,0000.000,0000.000,0000.000,
 
002883471,-00000001,-00000043,0000.000,0000.000,0000.000,
 
002883491,-00000001,-00000044,0000.000,0000.000,0000.000,
 
002883511,-00000003,-00000043,0000.000,0000.000,0000.000,
 
002883531,-00000002,-00000049,0000.000,0000.000,0000.000,
 
002883551,-00000002,-00000042,0000.000,0000.000,0000.000,
 
002883571,-00000004,-00000043,0000.000,0000.000,0000.000,
 
002883591,-00000003,-00000043,0000.000,0000.000,0000.000,
 
002883611,-00000002,-00000049,0000.000,0000.000,0000.000,
 
002883631,-00000003,-00000040,0000.000,0000.000,0000.000,
 
002883651,-00000004,-00000041,0000.000,0000.000,0000.000,
 
002883671,-00000003,-00000042,0000.000,0000.000,0000.000,
 
002883691,-00000003,-00000049,0000.000,0000.000,0000.000,
 
002883711,-00000003,-00000044,0000.000,0000.000,0000.000,
 
002883731,-00000004,-00000045,0000.000,0000.000,0000.000,
 
002883751,-00000004,-00000046,0000.000,0000.000,0000.000,
 
002883771,-00000003,-00000049,0000.000,0000.000,0000.000,
 
002883791,000000000,-00000048,0000.000,0000.000,0000.000,
 
002883811,-00000002,-00000049,0000.000,0000.000,0000.000,
 
002883831,-00000004,-00000049,0000.000,0000.000,0000.000,
 
002883851,-00000003,-00000047,0000.000,0000.000,0000.000,
 
002883871,-00000004,-00000046,0000.000,0000.000,0000.000,
 
002883891,-00000004,-00000044,0000.000,0000.000,0000.000,
 
002883911,-00000004,-00000043,0000.000,0000.000,0000.000,
 
002883931,-00000004,-00000043,0000.000,0000.000,0000.000,
 
002883951,-00000003,-00000049,0000.000,0000.000,0000.000,
 
002883971,-00000002,-00000044,0000.000,0000.000,0000.000,
 
002883991,-00000002,-00000045,0000.000,0000.000,0000.000,
 
002884011,-00000003,-00000045,0000.000,0000.000,0000.000,
 
002884031,-00000003,-00000047,0000.000,0000.000,0000.000,
 
002884051,-00000004,-00000049,0000.000,0000.000,0000.000,
 
002884071,-00000004,-00000048,0000.000,0000.000,0000.000,
 
002884091,-00000007,-00000048,0000.000,0000.000,0000.000,
 
002884111,-00000004,-00000046,0000.000,0000.000,0000.000,
 
002884131,-00000004,-00000045,0000.000,0000.000,0000.000,
 
002884151,-00000004,-00000049,0000.000,0000.000,0000.000,
 
002884171,-00000003,-00000041,0000.000,0000.000,0000.000,
 
002884191,-00000003,-00000041,0000.000,0000.000,0000.000,
 
002884211,-00000004,-00000041,0000.000,0000.000,0000.000,
 
002884231,-00000003,-00000039,0000.000,0000.000,0000.000,
 
002884251,-00000002,-00000039,0000.000,0000.000,0000.000,
 
002884271,-00000001,-00000041,0000.000,0000.000,0000.000,
 
002884291,-00000003,-00000044,0000.000,0000.000,0000.000,
 
002884311,-00000001,-00000044,0000.000,0000.000,0000.000,
 
002884331,-00000001,-00000049,0000.000,0000.000,0000.000,
 
002884351,000000000,-00000046,0000.000,0000.000,0000.000,
 
002884371,000000001,-00000046,0000.000,0000.000,0000.000,
 
002884391,000000000,-00000047,0000.000,0000.000,0000.000,
 
002884411,000000000,-00000046,0000.000,0000.000,0000.000,
 
002884431,-00000001,-00000045,0000.000,0000.000,0000.000,
 
002884451,-00000001,-00000049,0000.000,0000.000,0000.000,
 
002884471,-00000001,-00000041,0000.000,0000.000,0000.000,
 
002884491,-00000001,-00000041,0000.000,0000.000,0000.000,
 
002884511,-00000001,-00000041,0000.000,0000.000,0000.000,
 
002884531,000000000,-00000039,0000.000,0000.000,0000.000,
 
002884551,000000001,-00000049,0000.000,0000.000,0000.000,
 
002884571,000000001,-00000034,0000.000,0000.000,0000.000,
 
002884591,000000001,-00000034,0000.000,0000.000,0000.000,
 
002884611,000000000,-00000031,0000.000,0000.000,0000.000,
 
002884631,000000000,-00000033,0000.000,0000.000,0000.000,
 
002884651,-00000001,-00000034,0000.000,0000.000,0000.000,
 
002884671,-00000001,-00000037,0000.000,0000.000,0000.000,
 
002884691,-00000001,-00000036,0000.000,0000.000,0000.000,
 
002884711,-00000001,-00000036,0000.000,0000.000,0000.000,
 
002884731,-00000002,-00000036,0000.000,0000.000,0000.000,
 
002884751,-00000003,-00000034,0000.000,0000.000,0000.000,
 
002884771,-00000002,-00000034,0000.000,0000.000,0000.000,
 
002884791,-00000001,-00000033,0000.000,0000.000,0000.000,
 
002884811,-00000002,-00000033,0000.000,0000.000,0000.000,
 
002884831,-00000003,-00000032,0000.000,0000.000,0000.000,
 
002884851,-00000003,-00000032,0000.000,0000.000,0000.000,
 
002884871,-00000003,-00000032,0000.000,0000.000,0000.000,
 
002884891,-00000003,-00000031,0000.000,0000.000,0000.000,
 
002884911,-00000003,-00000029,0000.000,0000.000,0000.000,
 
002884931,-00000001,-00000027,0000.000,0000.000,0000.000,
 
002884951,-00000001,-00000026,0000.000,0000.000,0000.000,
 
002884971,-00000001,-00000025,0000.000,0000.000,0000.000,
 
002884991,-00000001,-00000026,0000.000,0000.000,0000.000,
 
002885011,-00000001,-00000026,0000.000,0000.000,0000.000,
 
002885031,-00000001,-00000026,0000.000,0000.000,0000.000,
 
002885051,-00000001,-00000026,0000.000,0000.000,0000.000,
 
002885071,-00000001,-00000026,0000.000,0000.000,0000.000,
 
002885091,-00000003,-00000022,0000.000,0000.000,0000.000,
 
002885111,-00000002,-00000021,0000.000,0000.000,0000.000,
 
002885131,000000000,-00000020,0000.000,0000.000,0000.000,
 
002885151,000000000,-00000020,0000.000,0000.000,0000.000,
 
002885171,000000000,-00000020,0000.000,0000.000,0000.000,
 
002885191,-00000002,-00000025,0000.000,0000.000,0000.000,
 
002885211,-00000002,-00000025,0000.000,0000.000,0000.000,
 
002885231,-00000001,-00000022,0000.000,0000.000,0000.000,
 
002885251,000000000,-00000023,0000.000,0000.000,0000.000,
 
002885271,-00000001,-00000025,0000.000,0000.000,0000.000,
 
002885291,-00000001,-00000025,0000.000,0000.000,0000.000,
 
002885311,-00000003,-00000027,0000.000,0000.000,0000.000,
 
002885331,-00000001,-00000029,0000.000,0000.000,0000.000,
 
002885351,-00000002,-00000030,0000.000,0000.000,0000.000,
 
002885371,000000000,-00000032,0000.000,0000.000,0000.000,
 
002885391,-00000001,-00000031,0000.000,0000.000,0000.000,
 
002885411,-00000001,-00000029,0000.000,0000.000,0000.000,
 
002885431,000000000,-00000026,0000.000,0000.000,0000.000,
 
002885451,-00000001,-00000025,0000.000,0000.000,0000.000,
 
002885471,000000000,-00000025,0000.000,0000.000,0000.000,
 
002885491,000000000,-00000025,0000.000,0000.000,0000.000,
 
002885511,000000000,-00000018,0000.000,0000.000,0000.000,
 
002885531,000000000,-00000019,0000.000,0000.000,0000.000,
 
002885551,-00000002,-00000018,0000.000,0000.000,0000.000,
 
002885571,-00000002,-00000020,0000.000,0000.000,0000.000,
 
002885591,-00000001,-00000023,0000.000,0000.000,0000.000,
 
002885611,-00000001,-00000022,0000.000,0000.000,0000.000,
 
002885631,-00000001,-00000022,0000.000,0000.000,0000.000,
 
002885651,-00000001,-00000025,0000.000,0000.000,0000.000,
 
002885671,000000000,-00000021,0000.000,0000.000,0000.000,
 
002885691,000000000,-00000021,0000.000,0000.000,0000.000,
 
002885711,000000000,-00000020,0000.000,0000.000,0000.000,
 
002885731,000000000,-00000020,0000.000,0000.000,0000.000,
 
002885751,000000000,-00000016,0000.000,0000.000,0000.000,
 
002885771,000000000,-00000016,0000.000,0000.000,0000.000,
 
002885791,-00000001,-00000018,0000.000,0000.000,0000.000,
 
002885811,000000000,-00000025,0000.000,0000.000,0000.000,
 
002885831,000000000,-00000025,0000.000,0000.000,0000.000,
 
002885851,000000000,-00000021,0000.000,0000.000,0000.000,
 
002885871,000000000,-00000021,0000.000,0000.000,0000.000,
 
002885891,000000000,-00000022,0000.000,0000.000,0000.000,
 
002885911,000000001,-00000022,0000.000,0000.000,0000.000,
 
002885931,000000001,-00000021,0000.000,0000.000,0000.000,
 
002885951,000000001,-00000019,0000.000,0000.000,0000.000,
 
002885971,000000000,-00000016,0000.000,0000.000,0000.000,
 
002885991,000000000,-00000014,0000.000,0000.000,0000.000,
 
002886011,000000000,-00000014,0000.000,0000.000,0000.000,
 
002886031,000000000,-00000013,0000.000,0000.000,0000.000,
 
002886051,000000000,-00000011,0000.000,0000.000,0000.000,
 
002886071,000000000,-00000012,0000.000,0000.000,0000.000,
 
002886091,000000000,-00000013,0000.000,0000.000,0000.000,
 
002886111,000000000,-00000012,0000.000,0000.000,0000.000,
 
002886131,000000000,-00000012,0000.000,0000.000,0000.000,
 
002886151,000000000,-00000010,0000.000,0000.000,0000.000,
 
002886171,000000000,-00000008,0000.000,0000.000,0000.000,
 
002886191,000000000,-00000007,0000.000,0000.000,0000.000,
 
002886211,000000000,-00000001,0000.000,0000.000,0000.000,
 
002886231,000000000,000000000,0000.000,0000.000,0000.000,
 
002886251,000000000,000000000,0000.000,0000.000,0000.000,
 
002886271,000000000,000000000,0000.000,0000.000,0000.000,
 
002886291,000000000,000000000,0000.000,0000.000,0000.000,
 
002886311,000000000,000000000,0000.000,0000.000,0000.000,
 
002886331,000000000,000000000,0000.000,0000.000,0000.000,
 
002886351,000000000,000000000,0000.000,0000.000,0000.000,
 
002886371,000000000,000000000,0000.000,0000.000,0000.000,
 
002886391,000000000,000000000,0000.000,0000.000,0000.000,
 
002886411,000000000,000000000,0000.000,0000.000,0000.000,
 
002886431,000000000,000000000,0000.000,0000.000,0000.000,
 
002886451,000000000,000000000,0000.000,0000.000,0000.000,
 
002886471,000000000,000000000,0000.000,0000.000,0000.000,
 
002886491,000000000,000000000,0000.000,0000.000,0000.000,
 
002886511,000000000,000000000,0000.000,0000.000,0000.000,
 
002886531,000000000,000000000,0000.000,0000.000,0000.000,
 
002886551,000000000,000000000,0000.000,0000.000,0000.000,
 
002886571,000000000,000000000,0000.000,0000.000,0000.000,
 
002886591,000000000,000000000,0000.000,0000.000,0000.000,
 
002886611,000000000,000000000,0000.000,0000.000,0000.000,
 
002886631,000000000,000000000,0000.000,0000.000,0000.000,
 
002886651,000000000,000000000,0000.000,0000.000,0000.000,
 
002886671,000000000,000000000,0000.000,0000.000,0000.000,
 
002886691,000000000,-00000001,0000.000,0000.000,0000.000,
 
002886711,-00000001,-00000006,0000.000,0000.000,0000.000,
 
002886731,-00000002,-00000013,0000.000,0000.000,0000.000,
 
002886751,-00000001,-00000017,0000.000,0000.000,0000.000,
 
002886771,-00000002,-00000014,0000.000,0000.000,0000.000,
 
002886791,-00000001,-00000007,0000.000,0000.000,0000.000,
 
002886811,-00000001,-00000002,0000.000,0000.000,0000.000,
 
002886831,000000000,000000000,0000.000,0000.000,0000.000,
 
002886851,000000000,000000000,0000.000,0000.000,0000.000,
 
002886871,000000000,000000000,0000.000,0000.000,0000.000,
 
002886891,000000000,000000000,0000.000,0000.000,0000.000,
 
002886911,000000000,000000000,0000.000,0000.000,0000.000,
 
002886931,000000000,000000000,0000.000,0000.000,0000.000,
 
002886951,000000000,000000000,0000.000,0000.000,0000.000,
 
002886971,000000000,000000000,0000.000,0000.000,0000.000,
 
002886991,000000000,000000000,0000.000,0000.000,0000.000,
 
002887011,000000000,000000000,0000.000,0000.000,0000.000,
 
002887031,000000000,000000000,0000.000,0000.000,0000.000,
 
002887051,000000000,000000000,0000.000,0000.000,0000.000,
 
002887071,000000000,000000000,0000.000,0000.000,0000.000,
 
002887091,000000000,000000000,0000.000,0000.000,0000.000,
 
002887111,000000000,000000000,0000.000,0000.000,0000.000,
 
002887131,000000000,000000000,0000.000,0000.000,0000.000,
 
002887151,000000000,000000000,0000.000,0000.000,0000.000,
 
002887171,000000000,000000000,0000.000,0000.000,0000.000,
 
002887191,000000000,000000000,0000.000,0000.000,0000.000,
 
002887211,000000000,000000000,0000.000,0000.000,0000.000,
 
002887231,000000000,000000000,0000.000,0000.000,0000.000,
 
002887251,000000000,000000000,0000.000,0000.000,0000.000,
 
002887271,000000000,000000000,0000.000,0000.000,0000.000,
 
002887291,000000000,000000000,0000.000,0000.000,0000.000,
 
002887311,000000000,000000000,0000.000,0000.000,0000.000,
 
002887331,000000000,000000000,0000.000,0000.000,0000.000,
 
002887351,000000000,000000000,0000.000,0000.000,0000.000,
 
002887371,000000000,000000000,0000.000,0000.000,0000.000,
 
002887391,000000000,000000000,0000.000,0000.000,0000.000,
 
002887411,000000000,000000000,0000.000,0000.000,0000.000,
 
002887431,000000000,000000000,0000.000,0000.000,0000.000,
 
002887451,000000000,000000000,0000.000,0000.000,0000.000,
 
002887471,000000000,000000000,0000.000,0000.000,0000.000,
 
002887491,000000000,000000000,0000.000,0000.000,0000.000,
 
002887511,000000000,000000000,0000.000,0000.000,0000.000,
 
002887531,000000000,000000000,0000.000,0000.000,0000.000,
 
002887551,000000000,000000000,0000.000,0000.000,0000.000,
 
002887571,000000000,000000004,0000.000,0000.000,0000.000,
 
002887591,000000001,000000009,0000.000,0000.000,0000.000,
 
002887611,000000002,000000011,0000.000,0000.000,0000.000,
 
002887631,000000001,000000008,0000.000,0000.000,0000.000,
 
002887651,000000001,000000004,0000.000,0000.000,0000.000,
 
002887671,000000000,000000001,0000.000,0000.000,0000.000,
 
002887691,000000000,000000000,0000.000,0000.000,0000.000,
 
002887711,000000000,000000000,0000.000,0000.000,0000.000,
 
002887731,000000000,000000000,0000.000,0000.000,0000.000,
 
002887751,000000000,000000000,0000.000,0000.000,0000.000,
 
002887771,000000000,000000000,0000.000,0000.000,0000.000,
 
002887791,000000000,000000000,0000.000,0000.000,0000.000,
 
002887811,000000000,000000000,0000.000,0000.000,0000.000,
 
002887831,000000002,000000006,0000.000,0000.000,0000.000,
 
002887851,000000003,000000014,0000.000,0000.000,0000.000,
 
002887871,000000006,000000023,0000.000,0000.000,0000.000,
 
002887891,000000005,000000027,0000.000,0000.000,0000.000,
 
002887911,000000004,000000027,0000.000,0000.000,0000.000,
 
002887931,000000002,000000024,0000.000,0000.000,0000.000,
 
002887951,000000001,000000021,0000.000,0000.000,0000.000,
 
002887971,000000001,000000018,0000.000,0000.000,0000.000,
 
002887991,000000000,000000017,0000.000,0000.000,0000.000,
 
002888011,000000000,000000015,0000.000,0000.000,0000.000,
 
002888031,000000001,000000018,0000.000,0000.000,0000.000,
 
002888051,000000002,000000018,0000.000,0000.000,0000.000,
 
002888071,000000002,000000019,0000.000,0000.000,0000.000,
 
002888091,000000001,000000020,0000.000,0000.000,0000.000,
 
002888111,000000001,000000023,0000.000,0000.000,0000.000,
 
002888131,000000002,000000028,0000.000,0000.000,0000.000,
 
002888151,000000002,000000036,0000.000,0000.000,0000.000,
 
002888171,000000003,000000042,0000.000,0000.000,0000.000,
 
002888191,000000003,000000047,0000.000,0000.000,0000.000,
 
002888211,000000002,000000051,0000.000,0000.000,0000.000,
 
002888231,000000003,000000055,0000.000,0000.000,0000.000,
 
002888251,000000002,000000056,0000.000,0000.000,0000.000,
 
002888271,000000002,000000051,0000.000,0000.000,0000.000,
 
002888291,000000001,000000049,0000.000,0000.000,0000.000,
 
002888311,000000000,000000047,0000.000,0000.000,0000.000,
 
002888331,000000000,000000047,0000.000,0000.000,0000.000,
 
002888351,-00000001,000000044,0000.000,0000.000,0000.000,
 
002888371,-00000001,000000044,0000.000,0000.000,0000.000,
 
002888391,-00000002,000000044,0000.000,0000.000,0000.000,
 
002888411,000000000,000000045,0000.000,0000.000,0000.000,
 
002888431,000000000,000000047,0000.000,0000.000,0000.000,
 
002888451,000000000,000000049,0000.000,0000.000,0000.000,
 
002888471,000000000,000000051,0000.000,0000.000,0000.000,
 
002888491,000000000,000000055,0000.000,0000.000,0000.000,
 
002888511,000000000,000000057,0000.000,0000.000,0000.000,
 
002888531,000000001,000000057,0000.000,0000.000,0000.000,
 
002888551,000000002,000000057,0000.000,0000.000,0000.000,
 
002888571,000000001,000000060,0000.000,0000.000,0000.000,
 
002888591,000000001,000000064,0000.000,0000.000,0000.000,
 
002888611,000000002,000000067,0000.000,0000.000,0000.000,
 
002888631,000000003,000000069,0000.000,0000.000,0000.000,
 
002888651,000000003,000000070,0000.000,0000.000,0000.000,
 
002888671,000000002,000000067,0000.000,0000.000,0000.000,
 
002888691,000000002,000000061,0000.000,0000.000,0000.000,
 
002888711,000000002,000000060,0000.000,0000.000,0000.000,
 
002888731,000000002,000000058,0000.000,0000.000,0000.000,
 
002888751,000000003,000000057,0000.000,0000.000,0000.000,
 
002888771,000000003,000000057,0000.000,0000.000,0000.000,
 
002888791,000000002,000000051,0000.000,0000.000,0000.000,
 
002888811,000000001,000000050,0000.000,0000.000,0000.000,
 
002888831,000000000,000000051,0000.000,0000.000,0000.000,
 
002888851,000000001,000000054,0000.000,0000.000,0000.000,
 
002888871,000000003,000000057,0000.000,0000.000,0000.000,
 
002888891,000000003,000000059,0000.000,0000.000,0000.000,
 
002888911,000000002,000000058,0000.000,0000.000,0000.000,
 
002888931,000000003,000000058,0000.000,0000.000,0000.000,
 
002888951,000000004,000000058,0000.000,0000.000,0000.000,
 
002888971,000000005,000000059,0000.000,0000.000,0000.000,
 
002888991,000000004,000000056,0000.000,0000.000,0000.000,
 
002889011,000000002,000000051,0000.000,0000.000,0000.000,
 
002889031,000000000,000000051,0000.000,0000.000,0000.000,
 
002889051,000000002,000000051,0000.000,0000.000,0000.000,
 
002889071,000000005,000000051,0000.000,0000.000,0000.000,
 
002889091,000000004,000000051,0000.000,0000.000,0000.000,
 
002889111,000000003,000000051,0000.000,0000.000,0000.000,
 
002889131,000000003,000000051,0000.000,0000.000,0000.000,
 
002889151,000000002,000000051,0000.000,0000.000,0000.000,
 
002889171,000000003,000000051,0000.000,0000.000,0000.000,
 
002889191,000000002,000000048,0000.000,0000.000,0000.000,
 
002889211,000000002,000000045,0000.000,0000.000,0000.000,
 
002889231,000000000,000000045,0000.000,0000.000,0000.000,
 
002889251,000000000,000000042,0000.000,0000.000,0000.000,
 
002889271,000000000,000000040,0000.000,0000.000,0000.000,
 
002889291,000000000,000000040,0000.000,0000.000,0000.000,
 
002889311,000000001,000000040,0000.000,0000.000,0000.000,
 
002889331,000000000,000000039,0000.000,0000.000,0000.000,
 
002889351,000000000,000000039,0000.000,0000.000,0000.000,
 
002889371,-00000001,000000039,0000.000,0000.000,0000.000,
 
002889391,-00000001,000000038,0000.000,0000.000,0000.000,
 
002889411,000000000,000000038,0000.000,0000.000,0000.000,
 
002889431,000000000,000000038,0000.000,0000.000,0000.000,
 
002889451,000000003,000000040,0000.000,0000.000,0000.000,
 
002889471,000000003,000000041,0000.000,0000.000,0000.000,
 
002889491,000000003,000000042,0000.000,0000.000,0000.000,
 
002889511,000000004,000000041,0000.000,0000.000,0000.000,
 
002889531,000000005,000000040,0000.000,0000.000,0000.000,
 
002889551,000000005,000000040,0000.000,0000.000,0000.000,
 
002889571,000000004,000000041,0000.000,0000.000,0000.000,
 
002889591,000000006,000000045,0000.000,0000.000,0000.000,
 
002889611,000000005,000000046,0000.000,0000.000,0000.000,
 
002889631,000000004,000000045,0000.000,0000.000,0000.000,
 
002889651,000000004,000000045,0000.000,0000.000,0000.000,
 
002889671,000000003,000000043,0000.000,0000.000,0000.000,
 
002889691,000000003,000000044,0000.000,0000.000,0000.000,
 
002889711,000000002,000000045,0000.000,0000.000,0000.000,
 
002889731,000000000,000000047,0000.000,0000.000,0000.000,
 
002889751,000000000,000000045,0000.000,0000.000,0000.000,
 
002889771,-00000001,000000042,0000.000,0000.000,0000.000,
 
002889791,000000000,000000040,0000.000,0000.000,0000.000,
 
002889811,-00000001,000000041,0000.000,0000.000,0000.000,
 
002889831,-00000001,000000039,0000.000,0000.000,0000.000,
 
002889851,-00000002,000000038,0000.000,0000.000,0000.000,
 
002889871,-00000002,000000043,0000.000,0000.000,0000.000,
 
002889891,-00000003,000000045,0000.000,0000.000,0000.000,
 
002889911,-00000003,000000046,0000.000,0000.000,0000.000,
 
002889931,-00000003,000000046,0000.000,0000.000,0000.000,
 
002889951,-00000001,000000047,0000.000,0000.000,0000.000,
 
002889971,-00000002,000000047,0000.000,0000.000,0000.000,
 
002889991,000000000,000000047,0000.000,0000.000,0000.000,
 
002890011,000000000,000000046,0000.000,0000.000,0000.000,
 
002890031,000000000,000000045,0000.000,0000.000,0000.000,
 
002890051,-00000001,000000045,0000.000,0000.000,0000.000,
 
002890071,-00000002,000000043,0000.000,0000.000,0000.000,
 
002890091,-00000002,000000042,0000.000,0000.000,0000.000,
 
002890111,-00000003,000000042,0000.000,0000.000,0000.000,
 
002890131,-00000002,000000042,0000.000,0000.000,0000.000,
 
002890151,-00000001,000000043,0000.000,0000.000,0000.000,
 
002890171,-00000001,000000042,0000.000,0000.000,0000.000,
 
002890191,-00000003,000000043,0000.000,0000.000,0000.000,
 
002890211,-00000004,000000042,0000.000,0000.000,0000.000,
 
002890231,-00000003,000000043,0000.000,0000.000,0000.000,
 
002890251,-00000002,000000043,0000.000,0000.000,0000.000,
 
002890271,000000000,000000044,0000.000,0000.000,0000.000,
 
002890291,-00000001,000000048,0000.000,0000.000,0000.000,
 
002890311,-00000001,000000047,0000.000,0000.000,0000.000,
 
002890331,-00000002,000000043,0000.000,0000.000,0000.000,
 
002890351,-00000002,000000043,0000.000,0000.000,0000.000,
 
002890371,-00000002,000000045,0000.000,0000.000,0000.000,
 
002890391,-00000002,000000045,0000.000,0000.000,0000.000,
 
002890411,-00000002,000000045,0000.000,0000.000,0000.000,
 
002890431,-00000001,000000043,0000.000,0000.000,0000.000,
 
002890451,-00000001,000000043,0000.000,0000.000,0000.000,
 
002890471,000000000,000000043,0000.000,0000.000,0000.000,
 
002890491,000000000,000000042,0000.000,0000.000,0000.000,
 
002890511,000000000,000000042,0000.000,0000.000,0000.000,
 
002890531,-00000001,000000042,0000.000,0000.000,0000.000,
 
002890551,000000000,000000044,0000.000,0000.000,0000.000,
 
002890571,000000000,000000042,0000.000,0000.000,0000.000,
 
002890591,000000001,000000040,0000.000,0000.000,0000.000,
 
002890611,000000000,000000037,0000.000,0000.000,0000.000,
 
002890631,000000000,000000034,0000.000,0000.000,0000.000,
 
002890651,000000000,000000034,0000.000,0000.000,0000.000,
 
002890671,000000000,000000034,0000.000,0000.000,0000.000,
 
002890691,000000000,000000036,0000.000,0000.000,0000.000,
 
002890711,000000001,000000035,0000.000,0000.000,0000.000,
 
002890731,000000001,000000034,0000.000,0000.000,0000.000,
 
002890751,000000001,000000034,0000.000,0000.000,0000.000,
 
002890771,000000003,000000039,0000.000,0000.000,0000.000,
 
002890791,000000003,000000041,0000.000,0000.000,0000.000,
 
002890811,000000005,000000042,0000.000,0000.000,0000.000,
 
002890831,000000005,000000045,0000.000,0000.000,0000.000,
 
002890851,000000005,000000043,0000.000,0000.000,0000.000,
 
002890871,000000004,000000041,0000.000,0000.000,0000.000,
 
002890891,000000003,000000039,0000.000,0000.000,0000.000,
 
002890911,000000002,000000039,0000.000,0000.000,0000.000,
 
002890931,000000001,000000040,0000.000,0000.000,0000.000,
 
002890951,000000000,000000040,0000.000,0000.000,0000.000,
 
002890971,000000000,000000040,0000.000,0000.000,0000.000,
 
002890991,-00000001,000000038,0000.000,0000.000,0000.000,
 
002891011,-00000001,000000035,0000.000,0000.000,0000.000,
 
002891031,-00000002,000000033,0000.000,0000.000,0000.000,
 
002891051,-00000001,000000032,0000.000,0000.000,0000.000,
 
002891071,-00000001,000000029,0000.000,0000.000,0000.000,
 
002891091,000000000,000000027,0000.000,0000.000,0000.000,
 
002891111,000000001,000000029,0000.000,0000.000,0000.000,
 
002891131,000000000,000000030,0000.000,0000.000,0000.000,
 
002891151,000000000,000000033,0000.000,0000.000,0000.000,
 
002891171,000000001,000000033,0000.000,0000.000,0000.000,
 
002891191,000000002,000000035,0000.000,0000.000,0000.000,
 
002891211,000000002,000000036,0000.000,0000.000,0000.000,
 
002891231,000000002,000000035,0000.000,0000.000,0000.000,
 
002891251,000000001,000000033,0000.000,0000.000,0000.000,
 
002891271,000000000,000000033,0000.000,0000.000,0000.000,
 
002891291,000000002,000000032,0000.000,0000.000,0000.000,
 
002891311,000000001,000000031,0000.000,0000.000,0000.000,
 
002891331,000000002,000000030,0000.000,0000.000,0000.000,
 
002891351,000000001,000000029,0000.000,0000.000,0000.000,
 
002891371,000000000,000000030,0000.000,0000.000,0000.000,
 
002891391,-00000001,000000032,0000.000,0000.000,0000.000,
 
002891411,-00000001,000000034,0000.000,0000.000,0000.000,
 
002891431,000000000,000000036,0000.000,0000.000,0000.000,
 
002891451,-00000001,000000036,0000.000,0000.000,0000.000,
 
002891471,000000000,000000033,0000.000,0000.000,0000.000,
 
002891491,000000002,000000032,0000.000,0000.000,0000.000,
 
002891511,000000001,000000031,0000.000,0000.000,0000.000,
 
002891531,000000000,000000030,0000.000,0000.000,0000.000,
 
002891551,000000000,000000030,0000.000,0000.000,0000.000,
 
002891571,000000000,000000029,0000.000,0000.000,0000.000,
 
002891591,000000000,000000029,0000.000,0000.000,0000.000,
 
002891611,000000001,000000030,0000.000,0000.000,0000.000,
 
002891631,000000001,000000028,0000.000,0000.000,0000.000,
 
002891651,000000002,000000028,0000.000,0000.000,0000.000,
 
002891671,000000002,000000030,0000.000,0000.000,0000.000,
 
002891691,000000000,000000032,0000.000,0000.000,0000.000,
 
002891711,000000000,000000033,0000.000,0000.000,0000.000,
 
002891731,000000000,000000034,0000.000,0000.000,0000.000,
 
002891751,000000000,000000034,0000.000,0000.000,0000.000,
 
002891771,000000000,000000036,0000.000,0000.000,0000.000,
 
002891791,000000000,000000034,0000.000,0000.000,0000.000,
 
002891811,-00000001,000000035,0000.000,0000.000,0000.000,
 
002891831,-00000002,000000036,0000.000,0000.000,0000.000,
 
002891851,-00000002,000000034,0000.000,0000.000,0000.000,
 
002891871,-00000002,000000034,0000.000,0000.000,0000.000,
 
002891891,-00000001,000000033,0000.000,0000.000,0000.000,
 
002891911,000000000,000000031,0000.000,0000.000,0000.000,
 
002891931,000000000,000000028,0000.000,0000.000,0000.000,
 
002891951,000000000,000000028,0000.000,0000.000,0000.000,
 
002891971,-00000001,000000028,0000.000,0000.000,0000.000,
 
002891991,-00000001,000000029,0000.000,0000.000,0000.000,
 
002892011,-00000001,000000030,0000.000,0000.000,0000.000,
 
002892031,-00000001,000000030,0000.000,0000.000,0000.000,
 
002892051,-00000001,000000030,0000.000,0000.000,0000.000,
 
002892071,-00000002,000000032,0000.000,0000.000,0000.000,
 
002892091,-00000001,000000031,0000.000,0000.000,0000.000,
 
002892111,000000000,000000032,0000.000,0000.000,0000.000,
 
002892131,000000000,000000033,0000.000,0000.000,0000.000,
 
002892151,000000000,000000031,0000.000,0000.000,0000.000,
 
002892171,000000000,000000030,0000.000,0000.000,0000.000,
 
002892191,-00000002,000000028,0000.000,0000.000,0000.000,
 
002892211,-00000002,000000027,0000.000,0000.000,0000.000,
 
002892231,-00000001,000000026,0000.000,0000.000,0000.000,
 
002892251,000000000,000000027,0000.000,0000.000,0000.000,
 
002892271,000000000,000000027,0000.000,0000.000,0000.000,
 
002892291,-00000001,000000028,0000.000,0000.000,0000.000,
 
002892311,-00000002,000000028,0000.000,0000.000,0000.000,
 
002892331,-00000002,000000030,0000.000,0000.000,0000.000,
 
002892351,-00000002,000000029,0000.000,0000.000,0000.000,
 
002892371,-00000002,000000029,0000.000,0000.000,0000.000,
 
002892391,-00000001,000000032,0000.000,0000.000,0000.000,
 
002892411,-00000001,000000034,0000.000,0000.000,0000.000,
 
002892431,-00000001,000000034,0000.000,0000.000,0000.000,
 
002892451,-00000002,000000033,0000.000,0000.000,0000.000,
 
002892471,-00000003,000000033,0000.000,0000.000,0000.000,
 
002892491,-00000002,000000032,0000.000,0000.000,0000.000,
 
002892511,-00000004,000000032,0000.000,0000.000,0000.000,
 
002892531,-00000001,000000032,0000.000,0000.000,0000.000,
 
002892551,-00000001,000000032,0000.000,0000.000,0000.000,
 
002892571,-00000001,000000032,0000.000,0000.000,0000.000,
 
002892591,-00000002,000000033,0000.000,0000.000,0000.000,
 
002892611,-00000003,000000033,0000.000,0000.000,0000.000,
 
002892631,-00000002,000000035,0000.000,0000.000,0000.000,
 
002892651,-00000003,000000037,0000.000,0000.000,0000.000,
 
002892671,-00000001,000000038,0000.000,0000.000,0000.000,
 
002892691,-00000001,000000038,0000.000,0000.000,0000.000,
 
002892711,-00000002,000000038,0000.000,0000.000,0000.000,
 
002892731,-00000002,000000039,0000.000,0000.000,0000.000,
 
002892751,-00000003,000000040,0000.000,0000.000,0000.000,
 
002892771,-00000003,000000042,0000.000,0000.000,0000.000,
 
002892791,-00000002,000000039,0000.000,0000.000,0000.000,
 
002892811,-00000001,000000038,0000.000,0000.000,0000.000,
 
002892831,-00000002,000000036,0000.000,0000.000,0000.000,
 
002892851,000000000,000000036,0000.000,0000.000,0000.000,
 
002892871,000000000,000000037,0000.000,0000.000,0000.000,
 
002892891,000000002,000000035,0000.000,0000.000,0000.000,
 
002892911,000000001,000000035,0000.000,0000.000,0000.000,
 
002892931,000000002,000000037,0000.000,0000.000,0000.000,
 
002892951,000000002,000000037,0000.000,0000.000,0000.000,
 
002892971,000000002,000000037,0000.000,0000.000,0000.000,
 
002892991,000000002,000000037,0000.000,0000.000,0000.000,
 
002893011,000000001,000000035,0000.000,0000.000,0000.000,
 
002893031,000000002,000000033,0000.000,0000.000,0000.000,
 
002893051,000000001,000000030,0000.000,0000.000,0000.000,
 
002893071,000000001,000000029,0000.000,0000.000,0000.000,
 
002893091,000000002,000000028,0000.000,0000.000,0000.000,
 
002893111,000000001,000000027,0000.000,0000.000,0000.000,
 
002893131,000000001,000000025,0000.000,0000.000,0000.000,
 
002893151,000000000,000000025,0000.000,0000.000,0000.000,
 
002893171,000000000,000000025,0000.000,0000.000,0000.000,
 
002893191,000000001,000000024,0000.000,0000.000,0000.000,
 
002893211,000000001,000000023,0000.000,0000.000,0000.000,
 
002893231,000000000,000000022,0000.000,0000.000,0000.000,
 
002893251,000000000,000000023,0000.000,0000.000,0000.000,
 
002893271,000000000,000000025,0000.000,0000.000,0000.000,
 
002893291,000000001,000000025,0000.000,0000.000,0000.000,
 
002893311,000000000,000000024,0000.000,0000.000,0000.000,
 
002893331,000000001,000000025,0000.000,0000.000,0000.000,
 
002893351,000000003,000000026,0000.000,0000.000,0000.000,
 
002893371,000000003,000000028,0000.000,0000.000,0000.000,
 
002893391,000000002,000000030,0000.000,0000.000,0000.000,
 
002893411,000000002,000000030,0000.000,0000.000,0000.000,
 
002893431,000000001,000000029,0000.000,0000.000,0000.000,
 
002893451,000000001,000000028,0000.000,0000.000,0000.000,
 
002893471,000000002,000000028,0000.000,0000.000,0000.000,
 
002893491,000000001,000000028,0000.000,0000.000,0000.000,
 
002893511,000000000,000000027,0000.000,0000.000,0000.000,
 
002893531,000000000,000000027,0000.000,0000.000,0000.000,
 
002893551,000000000,000000026,0000.000,0000.000,0000.000,
 
002893571,000000000,000000025,0000.000,0000.000,0000.000,
 
002893591,-00000001,000000024,0000.000,0000.000,0000.000,
 
002893611,000000000,000000021,0000.000,0000.000,0000.000,
 
002893631,-00000001,000000022,0000.000,0000.000,0000.000,
 
002893651,000000000,000000021,0000.000,0000.000,0000.000,
 
002893671,-00000002,000000022,0000.000,0000.000,0000.000,
 
002893691,-00000001,000000020,0000.000,0000.000,0000.000,
 
002893711,-00000001,000000018,0000.000,0000.000,0000.000,
 
002893731,000000000,000000020,0000.000,0000.000,0000.000,
 
002893751,000000000,000000022,0000.000,0000.000,0000.000,
 
002893771,000000000,000000023,0000.000,0000.000,0000.000,
 
002893791,000000000,000000024,0000.000,0000.000,0000.000,
 
002893811,000000001,000000024,0000.000,0000.000,0000.000,
 
002893831,000000001,000000024,0000.000,0000.000,0000.000,
 
002893851,000000001,000000021,0000.000,0000.000,0000.000,
 
002893871,000000000,000000019,0000.000,0000.000,0000.000,
 
002893891,000000001,000000021,0000.000,0000.000,0000.000,
 
002893911,000000002,000000023,0000.000,0000.000,0000.000,
 
002893931,000000001,000000017,0000.000,0000.000,0000.000,
 
002893951,000000002,000000017,0000.000,0000.000,0000.000,
 
002893971,000000001,000000020,0000.000,0000.000,0000.000,
 
002893991,000000002,000000023,0000.000,0000.000,0000.000,
 
002894011,000000001,000000024,0000.000,0000.000,0000.000,
 
002894031,000000002,000000023,0000.000,0000.000,0000.000,
 
002894051,000000003,000000025,0000.000,0000.000,0000.000,
 
002894071,000000002,000000022,0000.000,0000.000,0000.000,
 
002894091,000000002,000000017,0000.000,0000.000,0000.000,
 
002894111,000000000,000000009,0000.000,0000.000,0000.000,
 
002894131,000000000,000000002,0000.000,0000.000,0000.000,
 
002894151,000000000,000000000,0000.000,0000.000,0000.000,
 
002894171,000000000,000000000,0000.000,0000.000,0000.000,
 
002894191,000000000,000000000,0000.000,0000.000,0000.000,
 
002894211,000000000,000000000,0000.000,0000.000,0000.000,
 
002894231,000000000,000000001,0000.000,0000.000,0000.000,
 
002894251,000000000,000000003,0000.000,0000.000,0000.000,
 
002894271,000000000,000000004,0000.000,0000.000,0000.000,
 
002894291,000000000,000000003,0000.000,0000.000,0000.000,
 
002894311,000000000,000000003,0000.000,0000.000,0000.000,
 
002894331,000000000,000000002,0000.000,0000.000,0000.000,
 
002894351,000000000,000000001,0000.000,0000.000,0000.000,
 
002894371,000000000,000000000,0000.000,0000.000,0000.000,
 
002894391,-00000001,000000001,0000.000,0000.000,0000.000,
 
002894411,000000000,000000002,0000.000,0000.000,0000.000,
 
002894431,000000000,000000002,0000.000,0000.000,0000.000,
 
002894451,000000000,000000004,0000.000,0000.000,0000.000,
 
002894471,000000000,000000005,0000.000,0000.000,0000.000,
 
002894491,000000000,000000003,0000.000,0000.000,0000.000,
 
002894511,000000000,000000001,0000.000,0000.000,0000.000,
 
002894531,000000000,000000000,0000.000,0000.000,0000.000,
 
002894551,000000000,000000000,0000.000,0000.000,0000.000,
 
002894571,000000000,000000000,0000.000,0000.000,0000.000,
 
002894591,000000000,000000001,0000.000,0000.000,0000.000,
 
002894611,000000000,000000004,0000.000,0000.000,0000.000,
 
002894631,000000000,000000006,0000.000,0000.000,0000.000,
 
002894651,000000000,000000004,0000.000,0000.000,0000.000,
 
002894671,000000000,000000003,0000.000,0000.000,0000.000,
 
002894691,000000000,000000001,0000.000,0000.000,0000.000,
 
002894711,000000000,000000000,0000.000,0000.000,0000.000,
 
002894731,000000000,000000000,0000.000,0000.000,0000.000,
 
002894751,000000000,000000000,0000.000,0000.000,0000.000,
 
002894771,000000000,000000000,0000.000,0000.000,0000.000,
 
002894791,000000000,000000000,0000.000,0000.000,0000.000,
 
002894811,000000000,000000000,0000.000,0000.000,0000.000,
 
002894831,000000000,000000000,0000.000,0000.000,0000.000,
 
002894851,000000000,000000000,0000.000,0000.000,0000.000,
 
002894871,000000000,000000000,0000.000,0000.000,0000.000,
 
002894891,000000000,000000000,0000.000,0000.000,0000.000,
 
002894911,000000000,000000000,0000.000,0000.000,0000.000,
 
002894931,000000000,000000000,0000.000,0000.000,0000.000,
 
002894951,000000000,000000000,0000.000,0000.000,0000.000,
 
002894971,000000000,000000000,0000.000,0000.000,0000.000,
 
002894991,000000000,000000000,0000.000,0000.000,0000.000,
 
002895011,000000000,000000000,0000.000,0000.000,0000.000,
 
002895031,000000000,000000000,0000.000,0000.000,0000.000,
 
002895051,000000000,000000000,0000.000,0000.000,0000.000,
 
002895071,000000000,000000000,0000.000,0000.000,0000.000,
 
002895091,000000000,000000000,0000.000,0000.000,0000.000,
 
002895111,000000000,000000000,0000.000,0000.000,0000.000,
 
002895131,000000000,000000000,0000.000,0000.000,0000.000,
 
002895151,000000000,000000000,0000.000,0000.000,0000.000,
 
002895171,000000000,000000000,0000.000,0000.000,0000.000,
 
002895191,000000000,000000000,0000.000,0000.000,0000.000,
 
002895211,000000000,000000000,0000.000,0000.000,0000.000,
 
002895231,000000000,000000000,0000.000,0000.000,0000.000,
 
002895251,000000000,000000000,0000.000,0000.000,0000.000,
 
002895271,000000000,000000000,0000.000,0000.000,0000.000,
 
002895291,000000000,000000000,0000.000,0000.000,0000.000,
 
002895311,000000000,000000000,0000.000,0000.000,0000.000,
 
002895331,000000000,000000000,0000.000,0000.000,0000.000,
 
002895351,000000000,000000000,0000.000,0000.000,0000.000,
 
002895371,000000000,000000000,0000.000,0000.000,0000.000,
 
002895391,000000000,000000000,0000.000,0000.000,0000.000,
 
002895411,000000000,000000000,0000.000,0000.000,0000.000,
 
002895431,000000000,000000000,0000.000,0000.000,0000.000,
 
002895451,000000000,000000000,0000.000,0000.000,0000.000,
 
002895471,000000000,000000000,0000.000,0000.000,0000.000,
 
002895491,000000000,000000000,0000.000,0000.000,0000.000,
 
002895511,000000000,000000000,0000.000,0000.000,0000.000,
 
002895531,000000000,000000000,0000.000,0000.000,0000.000,
 
002895551,000000000,000000000,0000.000,0000.000,0000.000,
 
002895571,000000000,000000000,0000.000,0000.000,0000.000,
 
002895591,000000000,000000000,0000.000,0000.000,0000.000,
 
002895611,000000000,000000000,0000.000,0000.000,0000.000,
 
002895631,000000000,000000000,0000.000,0000.000,0000.000,
 
002895651,000000000,000000000,0000.000,0000.000,0000.000,
 
002895671,000000000,000000000,0000.000,0000.000,0000.000,
 
002895691,000000000,000000000,0000.000,0000.000,0000.000,
 
002895711,000000000,000000000,0000.000,0000.000,0000.000,
 
002895731,000000000,000000000,0000.000,0000.000,0000.000,
 
002895751,000000000,000000000,0000.000,0000.000,0000.000,
 
002895771,000000000,000000000,0000.000,0000.000,0000.000,
 
002895791,000000000,000000000,0000.000,0000.000,0000.000,
 
002895811,000000000,000000000,0000.000,0000.000,0000.000,
 
002895831,000000000,000000000,0000.000,0000.000,0000.000,
 
002895851,000000000,000000000,0000.000,0000.000,0000.000,
 
002895871,000000000,000000000,0000.000,0000.000,0000.000,
 
002895891,000000000,000000000,0000.000,0000.000,0000.000,
 
002895911,000000000,000000000,0000.000,0000.000,0000.000,
 
002895931,000000000,000000000,0000.000,0000.000,0000.000,
 
002895951,000000000,000000000,0000.000,0000.000,0000.000,
 
002895971,000000000,000000000,0000.000,0000.000,0000.000,
 
002895991,000000000,000000000,0000.000,0000.000,0000.000,
 
002896011,000000000,000000000,0000.000,0000.000,0000.000,
 
002896031,000000000,000000000,0000.000,0000.000,0000.000,
 
002896051,000000000,000000000,0000.000,0000.000,0000.000,
 
002896071,000000000,000000000,0000.000,0000.000,0000.000,
 
