002903814,000000031,000000005,0000.000,0000.000,0000.000,
 
002903833,000000000,000000000,0000.000,0000.000,0000.000,
 
002903853,000000000,000000000,0000.000,0000.000,0000.000,
 
002903873,000000000,000000000,0000.000,0000.000,0000.000,
 
002903893,000000000,000000000,0000.000,0000.000,0000.000,
 
002903913,000000000,000000000,0000.000,0000.000,0000.000,
 
002903933,000000000,000000000,0000.000,0000.000,0000.000,
 
002903953,000000000,000000000,0000.000,0000.000,0000.000,
 
002903973,000000000,000000000,0000.000,0000.000,0000.000,
 
002903993,000000000,000000000,0000.000,0000.000,0000.000,
 
002904013,000000000,000000000,0000.000,0000.000,0000.000,
 
002904033,000000000,000000000,0000.000,0000.000,0000.000,
 
002904053,000000000,000000000,0000.000,0000.000,0000.000,
 
002904073,000000000,000000000,0000.000,0000.000,0000.000,
 
002904093,000000000,000000000,0000.000,0000.000,0000.000,
 
002904113,000000000,000000000,0000.000,0000.000,0000.000,
 
002904133,000000000,000000000,0000.000,0000.000,0000.000,
 
002904153,000000000,000000000,0000.000,0000.000,0000.000,
 
002904173,000000000,000000000,0000.000,0000.000,0000.000,
 
002904193,000000000,000000000,0000.000,0000.000,0000.000,
 
002904213,000000000,000000000,0000.000,0000.000,0000.000,
 
002904233,000000000,000000000,0000.000,0000.000,0000.000,
 
002904253,000000000,000000000,0000.000,0000.000,0000.000,
 
002904273,000000000,000000000,0000.000,0000.000,0000.000,
 
002904293,000000000,000000000,0000.000,0000.000,0000.000,
 
002904313,000000000,000000000,0000.000,0000.000,0000.000,
 
002904333,000000000,000000000,0000.000,0000.000,0000.000,
 
002904353,000000000,000000000,0000.000,0000.000,0000.000,
 
002904373,000000000,000000000,0000.000,0000.000,0000.000,
 
002904393,000000000,000000000,0000.000,0000.000,0000.000,
 
002904413,000000000,000000000,0000.000,0000.000,0000.000,
 
002904433,000000000,000000000,0000.000,0000.000,0000.000,
 
002904453,000000000,000000000,0000.000,0000.000,0000.000,
 
002904473,000000000,000000000,0000.000,0000.000,0000.000,
 
002904493,000000000,000000000,0000.000,0000.000,0000.000,
 
002904513,000000000,000000000,0000.000,0000.000,0000.000,
 
002904533,000000000,000000000,0000.000,0000.000,0000.000,
 
002904553,000000000,000000000,0000.000,0000.000,0000.000,
 
002904573,000000000,000000000,0000.000,0000.000,0000.000,
 
002904593,000000000,000000000,0000.000,0000.000,0000.000,
 
002904613,000000000,000000000,0000.000,0000.000,0000.000,
 
002904633,000000000,000000000,0000.000,0000.000,0000.000,
 
002904653,000000000,000000000,0000.000,0000.000,0000.000,
 
002904673,000000000,000000000,0000.000,0000.000,0000.000,
 
002904693,000000000,000000000,0000.000,0000.000,0000.000,
 
002904713,000000000,000000000,0000.000,0000.000,0000.000,
 
002904733,000000000,000000000,0000.000,0000.000,0000.000,
 
002904753,000000000,000000000,0000.000,0000.000,0000.000,
 
002904773,000000000,000000000,0000.000,0000.000,0000.000,
 
002904793,000000000,000000000,0000.000,0000.000,0000.000,
 
002904813,000000000,000000000,0000.000,0000.000,0000.000,
 
002904833,000000000,000000000,0000.000,0000.000,0000.000,
 
002904853,000000000,000000000,0000.000,0000.000,0000.000,
 
002904873,000000000,000000000,0000.000,0000.000,0000.000,
 
002904893,000000000,000000000,0000.000,0000.000,0000.000,
 
002904913,000000000,000000000,0000.000,0000.000,0000.000,
 
002904933,000000000,000000000,0000.000,0000.000,0000.000,
 
002904953,000000000,000000000,0000.000,0000.000,0000.000,
 
002904973,000000000,000000000,0000.000,0000.000,0000.000,
 
002904993,000000000,000000000,0000.000,0000.000,0000.000,
 
002905013,000000000,000000000,0000.000,0000.000,0000.000,
 
002905033,000000000,000000000,0000.000,0000.000,0000.000,
 
002905053,000000000,000000000,0000.000,0000.000,0000.000,
 
002905073,000000000,000000000,0000.000,0000.000,0000.000,
 
002905093,000000000,000000000,0000.000,0000.000,0000.000,
 
002905113,000000000,000000000,0000.000,0000.000,0000.000,
 
002905133,000000000,000000000,0000.000,0000.000,0000.000,
 
002905153,000000000,000000000,0000.000,0000.000,0000.000,
 
002905173,000000000,000000000,0000.000,0000.000,0000.000,
 
002905193,000000000,000000000,0000.000,0000.000,0000.000,
 
002905213,000000000,000000000,0000.000,0000.000,0000.000,
 
002905233,000000000,000000000,0000.000,0000.000,0000.000,
 
002905253,000000000,000000000,0000.000,0000.000,0000.000,
 
002905273,000000000,000000000,0000.000,0000.000,0000.000,
 
002905293,000000000,000000000,0000.000,0000.000,0000.000,
 
002905313,000000000,000000000,0000.000,0000.000,0000.000,
 
002905333,000000000,000000000,0000.000,0000.000,0000.000,
 
002905353,000000000,000000000,0000.000,0000.000,0000.000,
 
002905373,000000000,000000000,0000.000,0000.000,0000.000,
 
002905393,000000000,000000000,0000.000,0000.000,0000.000,
 
002905413,000000000,000000000,0000.000,0000.000,0000.000,
 
002905433,000000000,000000000,0000.000,0000.000,0000.000,
 
002905453,000000000,000000000,0000.000,0000.000,0000.000,
 
002905473,000000000,000000000,0000.000,0000.000,0000.000,
 
002905493,000000000,000000000,0000.000,0000.000,0000.000,
 
002905513,000000000,000000000,0000.000,0000.000,0000.000,
 
002905533,000000000,000000000,0000.000,0000.000,0000.000,
 
002905553,000000000,000000000,0000.000,0000.000,0000.000,
 
002905573,000000000,000000000,0000.000,0000.000,0000.000,
 
002905593,000000000,000000000,0000.000,0000.000,0000.000,
 
002905613,000000000,000000000,0000.000,0000.000,0000.000,
 
002905633,000000000,000000000,0000.000,0000.000,0000.000,
 
002905653,000000000,000000000,0000.000,0000.000,0000.000,
 
002905673,000000000,000000000,0000.000,0000.000,0000.000,
 
002905693,000000000,000000000,0000.000,0000.000,0000.000,
 
002905713,000000000,000000000,0000.000,0000.000,0000.000,
 
002905733,000000000,000000000,0000.000,0000.000,0000.000,
 
002905753,000000000,000000000,0000.000,0000.000,0000.000,
 
002905773,000000000,000000000,0000.000,0000.000,0000.000,
 
002905793,000000000,000000000,0000.000,0000.000,0000.000,
 
002905813,000000000,000000000,0000.000,0000.000,0000.000,
 
002905833,000000000,000000000,0000.000,0000.000,0000.000,
 
002905853,000000000,000000000,0000.000,0000.000,0000.000,
 
002905873,000000000,000000000,0000.000,0000.000,0000.000,
 
002905893,000000000,000000000,0000.000,0000.000,0000.000,
 
002905913,000000000,000000000,0000.000,0000.000,0000.000,
 
002905933,000000000,000000000,0000.000,0000.000,0000.000,
 
002905953,000000000,000000000,0000.000,0000.000,0000.000,
 
002905973,000000000,000000000,0000.000,0000.000,0000.000,
 
002905993,000000000,000000000,0000.000,0000.000,0000.000,
 
002906013,000000000,000000000,0000.000,0000.000,0000.000,
 
002906033,000000000,000000000,0000.000,0000.000,0000.000,
 
002906053,000000000,000000000,0000.000,0000.000,0000.000,
 
002906073,000000000,000000000,0000.000,0000.000,0000.000,
 
002906093,000000000,000000000,0000.000,0000.000,0000.000,
 
002906113,000000000,000000000,0000.000,0000.000,0000.000,
 
002906133,000000000,000000000,0000.000,0000.000,0000.000,
 
002906153,000000000,000000000,0000.000,0000.000,0000.000,
 
002906173,000000000,000000000,0000.000,0000.000,0000.000,
 
002906193,000000000,000000000,0000.000,0000.000,0000.000,
 
002906213,000000000,000000000,0000.000,0000.000,0000.000,
 
002906233,000000000,000000000,0000.000,0000.000,0000.000,
 
002906253,000000000,000000000,0000.000,0000.000,0000.000,
 
002906273,000000000,000000000,0000.000,0000.000,0000.000,
 
002906293,000000000,000000000,0000.000,0000.000,0000.000,
 
002906313,000000000,000000000,0000.000,0000.000,0000.000,
 
002906333,000000000,000000000,0000.000,0000.000,0000.000,
 
002906353,000000000,000000000,0000.000,0000.000,0000.000,
 
002906373,000000000,000000000,0000.000,0000.000,0000.000,
 
002906393,000000000,000000000,0000.000,0000.000,0000.000,
 
002906413,000000000,000000000,0000.000,0000.000,0000.000,
 
002906433,000000000,000000000,0000.000,0000.000,0000.000,
 
002906453,000000000,000000000,0000.000,0000.000,0000.000,
 
002906473,000000000,000000000,0000.000,0000.000,0000.000,
 
002906493,000000000,000000000,0000.000,0000.000,0000.000,
 
002906513,000000000,000000000,0000.000,0000.000,0000.000,
 
002906533,000000000,000000000,0000.000,0000.000,0000.000,
 
002906553,000000000,000000000,0000.000,0000.000,0000.000,
 
002906573,000000000,000000000,0000.000,0000.000,0000.000,
 
002906593,000000000,000000000,0000.000,0000.000,0000.000,
 
002906613,000000000,000000000,0000.000,0000.000,0000.000,
 
002906633,000000000,000000000,0000.000,0000.000,0000.000,
 
002906653,000000000,000000000,0000.000,0000.000,0000.000,
 
002906673,000000000,000000000,0000.000,0000.000,0000.000,
 
002906693,000000000,000000000,0000.000,0000.000,0000.000,
 
002906713,000000000,000000000,0000.000,0000.000,0000.000,
 
002906733,000000000,000000000,0000.000,0000.000,0000.000,
 
002906753,000000000,-00000001,0000.000,0000.000,0000.000,
 
002906773,000000000,-00000006,0000.000,0000.000,0000.000,
 
002906793,000000000,-00000008,0000.000,0000.000,0000.000,
 
002906813,000000000,-00000008,0000.000,0000.000,0000.000,
 
002906833,000000000,-00000005,0000.000,0000.000,0000.000,
 
002906853,000000000,-00000004,0000.000,0000.000,0000.000,
 
002906873,-00000001,-00000004,0000.000,0000.000,0000.000,
 
002906893,000000000,-00000005,0000.000,0000.000,0000.000,
 
002906913,000000000,-00000008,0000.000,0000.000,0000.000,
 
002906933,000000000,-00000009,0000.000,0000.000,0000.000,
 
002906953,000000000,-00000013,0000.000,0000.000,0000.000,
 
002906973,000000000,-00000009,0000.000,0000.000,0000.000,
 
002906993,000000001,-00000013,0000.000,0000.000,0000.000,
 
002907013,000000000,-00000010,0000.000,0000.000,0000.000,
 
002907033,000000000,-00000013,0000.000,0000.000,0000.000,
 
002907053,000000000,-00000008,0000.000,0000.000,0000.000,
 
002907073,000000000,-00000007,0000.000,0000.000,0000.000,
 
002907093,000000000,-00000007,0000.000,0000.000,0000.000,
 
002907113,000000000,-00000006,0000.000,0000.000,0000.000,
 
002907133,000000000,-00000009,0000.000,0000.000,0000.000,
 
002907153,000000000,-00000015,0000.000,0000.000,0000.000,
 
002907173,000000000,-00000021,0000.000,0000.000,0000.000,
 
002907193,000000000,-00000025,0000.000,0000.000,0000.000,
 
002907213,000000000,-00000025,0000.000,0000.000,0000.000,
 
002907233,000000000,-00000029,0000.000,0000.000,0000.000,
 
002907253,-00000001,-00000029,0000.000,0000.000,0000.000,
 
002907273,-00000001,-00000026,0000.000,0000.000,0000.000,
 
002907293,000000000,-00000024,0000.000,0000.000,0000.000,
 
002907313,000000000,-00000026,0000.000,0000.000,0000.000,
 
002907333,-00000001,-00000025,0000.000,0000.000,0000.000,
 
002907353,-00000001,-00000026,0000.000,0000.000,0000.000,
 
002907373,-00000003,-00000026,0000.000,0000.000,0000.000,
 
002907393,-00000002,-00000027,0000.000,0000.000,0000.000,
 
002907413,-00000003,-00000027,0000.000,0000.000,0000.000,
 
002907433,-00000004,-00000029,0000.000,0000.000,0000.000,
 
002907453,-00000003,-00000029,0000.000,0000.000,0000.000,
 
002907473,-00000005,-00000031,0000.000,0000.000,0000.000,
 
002907493,-00000004,-00000032,0000.000,0000.000,0000.000,
 
002907513,-00000004,-00000031,0000.000,0000.000,0000.000,
 
002907533,-00000004,-00000029,0000.000,0000.000,0000.000,
 
002907553,-00000002,-00000030,0000.000,0000.000,0000.000,
 
002907573,-00000001,-00000028,0000.000,0000.000,0000.000,
 
002907593,000000000,-00000028,0000.000,0000.000,0000.000,
 
002907613,000000001,-00000026,0000.000,0000.000,0000.000,
 
002907633,000000000,-00000023,0000.000,0000.000,0000.000,
 
002907653,000000000,-00000021,0000.000,0000.000,0000.000,
 
002907673,-00000001,-00000025,0000.000,0000.000,0000.000,
 
002907693,000000000,-00000021,0000.000,0000.000,0000.000,
 
002907713,000000000,-00000021,0000.000,0000.000,0000.000,
 
002907733,000000001,-00000025,0000.000,0000.000,0000.000,
 
002907753,000000000,-00000023,0000.000,0000.000,0000.000,
 
002907773,000000001,-00000025,0000.000,0000.000,0000.000,
 
002907793,000000001,-00000028,0000.000,0000.000,0000.000,
 
002907813,000000002,-00000029,0000.000,0000.000,0000.000,
 
002907833,000000002,-00000027,0000.000,0000.000,0000.000,
 
002907853,000000002,-00000029,0000.000,0000.000,0000.000,
 
002907873,000000001,-00000029,0000.000,0000.000,0000.000,
 
002907893,000000001,-00000029,0000.000,0000.000,0000.000,
 
002907913,000000000,-00000029,0000.000,0000.000,0000.000,
 
002907933,000000002,-00000029,0000.000,0000.000,0000.000,
 
002907953,000000002,-00000029,0000.000,0000.000,0000.000,
 
002907973,000000000,-00000029,0000.000,0000.000,0000.000,
 
002907993,000000000,-00000027,0000.000,0000.000,0000.000,
 
002908013,000000000,-00000027,0000.000,0000.000,0000.000,
 
002908033,000000000,-00000028,0000.000,0000.000,0000.000,
 
002908053,000000000,-00000028,0000.000,0000.000,0000.000,
 
002908073,000000000,-00000031,0000.000,0000.000,0000.000,
 
002908093,000000001,-00000033,0000.000,0000.000,0000.000,
 
002908113,000000001,-00000032,0000.000,0000.000,0000.000,
 
002908133,000000000,-00000028,0000.000,0000.000,0000.000,
 
002908153,000000000,-00000029,0000.000,0000.000,0000.000,
 
002908173,-00000002,-00000031,0000.000,0000.000,0000.000,
 
002908193,-00000001,-00000049,0000.000,0000.000,0000.000,
 
002908213,-00000002,-00000037,0000.000,0000.000,0000.000,
 
002908233,-00000002,-00000035,0000.000,0000.000,0000.000,
 
002908253,-00000001,-00000036,0000.000,0000.000,0000.000,
 
002908273,000000000,-00000037,0000.000,0000.000,0000.000,
 
002908293,000000000,-00000039,0000.000,0000.000,0000.000,
 
002908313,000000000,-00000041,0000.000,0000.000,0000.000,
 
002908333,000000000,-00000041,0000.000,0000.000,0000.000,
 
002908353,000000002,-00000049,0000.000,0000.000,0000.000,
 
002908373,000000001,-00000042,0000.000,0000.000,0000.000,
 
002908393,000000002,-00000045,0000.000,0000.000,0000.000,
 
002908413,000000001,-00000046,0000.000,0000.000,0000.000,
 
002908433,000000000,-00000044,0000.000,0000.000,0000.000,
 
002908453,000000000,-00000049,0000.000,0000.000,0000.000,
 
002908473,000000000,-00000042,0000.000,0000.000,0000.000,
 
002908493,000000001,-00000041,0000.000,0000.000,0000.000,
 
002908513,000000000,-00000039,0000.000,0000.000,0000.000,
 
002908533,000000000,-00000049,0000.000,0000.000,0000.000,
 
002908553,-00000001,-00000036,0000.000,0000.000,0000.000,
 
002908573,000000000,-00000036,0000.000,0000.000,0000.000,
 
002908593,-00000002,-00000033,0000.000,0000.000,0000.000,
 
002908613,-00000001,-00000049,0000.000,0000.000,0000.000,
 
002908633,-00000002,-00000049,0000.000,0000.000,0000.000,
 
002908653,000000000,-00000035,0000.000,0000.000,0000.000,
 
002908673,000000000,-00000037,0000.000,0000.000,0000.000,
 
002908693,000000000,-00000037,0000.000,0000.000,0000.000,
 
002908713,-00000001,-00000049,0000.000,0000.000,0000.000,
 
002908733,-00000002,-00000049,0000.000,0000.000,0000.000,
 
002908753,-00000004,-00000044,0000.000,0000.000,0000.000,
 
002908773,-00000002,-00000047,0000.000,0000.000,0000.000,
 
002908793,000000000,-00000048,0000.000,0000.000,0000.000,
 
002908813,000000000,-00000051,0000.000,0000.000,0000.000,
 
002908833,000000000,-00000053,0000.000,0000.000,0000.000,
 
002908853,000000000,-00000052,0000.000,0000.000,0000.000,
 
002908873,000000000,-00000051,0000.000,0000.000,0000.000,
 
002908893,-00000002,-00000049,0000.000,0000.000,0000.000,
 
002908913,-00000001,-00000048,0000.000,0000.000,0000.000,
 
002908933,-00000001,-00000049,0000.000,0000.000,0000.000,
 
002908953,000000000,-00000049,0000.000,0000.000,0000.000,
 
002908973,000000000,-00000046,0000.000,0000.000,0000.000,
 
002908993,000000000,-00000046,0000.000,0000.000,0000.000,
 
002909013,000000001,-00000044,0000.000,0000.000,0000.000,
 
002909033,000000000,-00000041,0000.000,0000.000,0000.000,
 
002909053,000000000,-00000049,0000.000,0000.000,0000.000,
 
002909073,000000000,-00000039,0000.000,0000.000,0000.000,
 
002909093,000000000,-00000041,0000.000,0000.000,0000.000,
 
002909113,000000000,-00000044,0000.000,0000.000,0000.000,
 
002909133,000000000,-00000044,0000.000,0000.000,0000.000,
 
002909153,000000000,-00000042,0000.000,0000.000,0000.000,
 
002909173,-00000001,-00000049,0000.000,0000.000,0000.000,
 
002909193,000000000,-00000049,0000.000,0000.000,0000.000,
 
002909213,-00000001,-00000039,0000.000,0000.000,0000.000,
 
002909233,-00000001,-00000040,0000.000,0000.000,0000.000,
 
002909253,000000000,-00000041,0000.000,0000.000,0000.000,
 
002909273,000000000,-00000041,0000.000,0000.000,0000.000,
 
002909293,000000000,-00000042,0000.000,0000.000,0000.000,
 
002909313,000000000,-00000049,0000.000,0000.000,0000.000,
 
002909333,-00000001,-00000049,0000.000,0000.000,0000.000,
 
002909353,-00000002,-00000040,0000.000,0000.000,0000.000,
 
002909373,-00000002,-00000038,0000.000,0000.000,0000.000,
 
002909393,-00000002,-00000038,0000.000,0000.000,0000.000,
 
002909413,-00000001,-00000037,0000.000,0000.000,0000.000,
 
002909433,-00000003,-00000037,0000.000,0000.000,0000.000,
 
002909453,-00000002,-00000037,0000.000,0000.000,0000.000,
 
002909473,-00000001,-00000049,0000.000,0000.000,0000.000,
 
002909493,-00000001,-00000049,0000.000,0000.000,0000.000,
 
002909513,-00000001,-00000035,0000.000,0000.000,0000.000,
 
002909533,000000000,-00000036,0000.000,0000.000,0000.000,
 
002909553,000000000,-00000037,0000.000,0000.000,0000.000,
 
002909573,-00000001,-00000036,0000.000,0000.000,0000.000,
 
002909593,000000000,-00000036,0000.000,0000.000,0000.000,
 
002909613,-00000001,-00000049,0000.000,0000.000,0000.000,
 
002909633,-00000001,-00000049,0000.000,0000.000,0000.000,
 
002909653,000000000,-00000049,0000.000,0000.000,0000.000,
 
002909673,000000000,-00000049,0000.000,0000.000,0000.000,
 
002909693,000000000,-00000038,0000.000,0000.000,0000.000,
 
002909713,000000000,-00000040,0000.000,0000.000,0000.000,
 
002909733,000000000,-00000040,0000.000,0000.000,0000.000,
 
002909753,000000000,-00000042,0000.000,0000.000,0000.000,
 
002909773,000000000,-00000043,0000.000,0000.000,0000.000,
 
002909793,-00000002,-00000042,0000.000,0000.000,0000.000,
 
002909813,-00000003,-00000049,0000.000,0000.000,0000.000,
 
002909833,-00000001,-00000045,0000.000,0000.000,0000.000,
 
002909853,-00000002,-00000045,0000.000,0000.000,0000.000,
 
002909873,000000000,-00000046,0000.000,0000.000,0000.000,
 
002909893,000000000,-00000045,0000.000,0000.000,0000.000,
 
002909913,000000000,-00000043,0000.000,0000.000,0000.000,
 
002909933,000000000,-00000041,0000.000,0000.000,0000.000,
 
002909953,000000000,-00000039,0000.000,0000.000,0000.000,
 
002909973,000000000,-00000039,0000.000,0000.000,0000.000,
 
002909993,000000000,-00000041,0000.000,0000.000,0000.000,
 
002910013,000000000,-00000041,0000.000,0000.000,0000.000,
 
002910033,000000001,-00000043,0000.000,0000.000,0000.000,
 
002910053,000000000,-00000049,0000.000,0000.000,0000.000,
 
002910073,-00000001,-00000049,0000.000,0000.000,0000.000,
 
002910093,-00000001,-00000049,0000.000,0000.000,0000.000,
 
002910113,-00000002,-00000049,0000.000,0000.000,0000.000,
 
002910133,000000000,-00000042,0000.000,0000.000,0000.000,
 
002910153,-00000001,-00000044,0000.000,0000.000,0000.000,
 
002910173,-00000001,-00000045,0000.000,0000.000,0000.000,
 
002910193,-00000001,-00000042,0000.000,0000.000,0000.000,
 
002910213,-00000001,-00000041,0000.000,0000.000,0000.000,
 
002910233,-00000004,-00000042,0000.000,0000.000,0000.000,
 
002910253,-00000004,-00000040,0000.000,0000.000,0000.000,
 
002910273,-00000004,-00000041,0000.000,0000.000,0000.000,
 
002910293,-00000002,-00000039,0000.000,0000.000,0000.000,
 
002910313,-00000004,-00000038,0000.000,0000.000,0000.000,
 
002910333,-00000004,-00000037,0000.000,0000.000,0000.000,
 
002910353,-00000004,-00000037,0000.000,0000.000,0000.000,
 
002910373,-00000004,-00000037,0000.000,0000.000,0000.000,
 
002910393,-00000001,-00000037,0000.000,0000.000,0000.000,
 
002910413,-00000002,-00000037,0000.000,0000.000,0000.000,
 
002910433,-00000001,-00000037,0000.000,0000.000,0000.000,
 
002910453,-00000002,-00000039,0000.000,0000.000,0000.000,
 
002910473,000000000,-00000040,0000.000,0000.000,0000.000,
 
002910493,000000000,-00000040,0000.000,0000.000,0000.000,
 
002910513,000000000,-00000040,0000.000,0000.000,0000.000,
 
002910533,000000000,-00000049,0000.000,0000.000,0000.000,
 
002910553,-00000002,-00000049,0000.000,0000.000,0000.000,
 
002910573,-00000003,-00000049,0000.000,0000.000,0000.000,
 
002910593,-00000002,-00000049,0000.000,0000.000,0000.000,
 
002910613,-00000003,-00000049,0000.000,0000.000,0000.000,
 
002910633,-00000003,-00000050,0000.000,0000.000,0000.000,
 
002910653,-00000002,-00000050,0000.000,0000.000,0000.000,
 
002910673,-00000002,-00000050,0000.000,0000.000,0000.000,
 
002910693,-00000003,-00000049,0000.000,0000.000,0000.000,
 
002910713,-00000003,-00000049,0000.000,0000.000,0000.000,
 
002910733,-00000003,-00000049,0000.000,0000.000,0000.000,
 
002910753,-00000001,-00000049,0000.000,0000.000,0000.000,
 
002910773,-00000001,-00000049,0000.000,0000.000,0000.000,
 
002910793,000000000,-00000046,0000.000,0000.000,0000.000,
 
002910813,000000000,-00000049,0000.000,0000.000,0000.000,
 
002910833,000000000,-00000040,0000.000,0000.000,0000.000,
 
002910853,000000000,-00000049,0000.000,0000.000,0000.000,
 
002910873,000000001,-00000036,0000.000,0000.000,0000.000,
 
002910893,000000002,-00000036,0000.000,0000.000,0000.000,
 
002910913,000000001,-00000049,0000.000,0000.000,0000.000,
 
002910933,000000001,-00000049,0000.000,0000.000,0000.000,
 
002910953,000000001,-00000049,0000.000,0000.000,0000.000,
 
002910973,000000001,-00000034,0000.000,0000.000,0000.000,
 
002910993,000000001,-00000049,0000.000,0000.000,0000.000,
 
002911013,000000000,-00000032,0000.000,0000.000,0000.000,
 
002911033,-00000001,-00000029,0000.000,0000.000,0000.000,
 
002911053,000000000,-00000027,0000.000,0000.000,0000.000,
 
002911073,-00000002,-00000029,0000.000,0000.000,0000.000,
 
002911093,-00000002,-00000029,0000.000,0000.000,0000.000,
 
002911113,000000000,-00000030,0000.000,0000.000,0000.000,
 
002911133,000000000,-00000049,0000.000,0000.000,0000.000,
 
002911153,000000000,-00000037,0000.000,0000.000,0000.000,
 
002911173,-00000001,-00000039,0000.000,0000.000,0000.000,
 
002911193,000000000,-00000041,0000.000,0000.000,0000.000,
 
002911213,000000000,-00000042,0000.000,0000.000,0000.000,
 
002911233,000000002,-00000043,0000.000,0000.000,0000.000,
 
002911253,000000001,-00000044,0000.000,0000.000,0000.000,
 
002911273,000000002,-00000045,0000.000,0000.000,0000.000,
 
002911293,000000001,-00000044,0000.000,0000.000,0000.000,
 
002911313,000000002,-00000043,0000.000,0000.000,0000.000,
 
002911333,000000000,-00000043,0000.000,0000.000,0000.000,
 
002911353,000000000,-00000041,0000.000,0000.000,0000.000,
 
002911373,-00000001,-00000042,0000.000,0000.000,0000.000,
 
002911393,000000000,-00000044,0000.000,0000.000,0000.000,
 
002911413,000000000,-00000048,0000.000,0000.000,0000.000,
 
002911433,000000002,-00000047,0000.000,0000.000,0000.000,
 
002911453,000000002,-00000048,0000.000,0000.000,0000.000,
 
002911473,000000002,-00000047,0000.000,0000.000,0000.000,
 
002911493,000000001,-00000049,0000.000,0000.000,0000.000,
 
002911513,-00000001,-00000050,0000.000,0000.000,0000.000,
 
002911533,-00000001,-00000047,0000.000,0000.000,0000.000,
 
002911553,-00000002,-00000049,0000.000,0000.000,0000.000,
 
002911573,-00000002,-00000049,0000.000,0000.000,0000.000,
 
002911593,-00000001,-00000046,0000.000,0000.000,0000.000,
 
002911613,000000000,-00000049,0000.000,0000.000,0000.000,
 
002911633,000000000,-00000049,0000.000,0000.000,0000.000,
 
002911653,-00000002,-00000049,0000.000,0000.000,0000.000,
 
002911673,-00000004,-00000037,0000.000,0000.000,0000.000,
 
002911693,-00000002,-00000036,0000.000,0000.000,0000.000,
 
002911713,-00000002,-00000035,0000.000,0000.000,0000.000,
 
002911733,-00000002,-00000035,0000.000,0000.000,0000.000,
 
002911753,-00000002,-00000035,0000.000,0000.000,0000.000,
 
002911773,-00000002,-00000035,0000.000,0000.000,0000.000,
 
002911793,-00000004,-00000036,0000.000,0000.000,0000.000,
 
002911813,-00000002,-00000036,0000.000,0000.000,0000.000,
 
002911833,-00000007,-00000034,0000.000,0000.000,0000.000,
 
002911853,-00000007,-00000031,0000.000,0000.000,0000.000,
 
002911873,-00000004,-00000032,0000.000,0000.000,0000.000,
 
002911893,-00000003,-00000033,0000.000,0000.000,0000.000,
 
002911913,-00000002,-00000036,0000.000,0000.000,0000.000,
 
002911933,-00000002,-00000049,0000.000,0000.000,0000.000,
 
002911953,-00000002,-00000049,0000.000,0000.000,0000.000,
 
002911973,-00000002,-00000049,0000.000,0000.000,0000.000,
 
002911993,-00000003,-00000049,0000.000,0000.000,0000.000,
 
002912013,-00000002,-00000039,0000.000,0000.000,0000.000,
 
002912033,-00000002,-00000038,0000.000,0000.000,0000.000,
 
002912053,-00000003,-00000038,0000.000,0000.000,0000.000,
 
002912073,-00000002,-00000041,0000.000,0000.000,0000.000,
 
002912093,-00000002,-00000042,0000.000,0000.000,0000.000,
 
002912113,-00000004,-00000040,0000.000,0000.000,0000.000,
 
002912133,-00000004,-00000040,0000.000,0000.000,0000.000,
 
002912153,-00000002,-00000040,0000.000,0000.000,0000.000,
 
002912173,-00000002,-00000039,0000.000,0000.000,0000.000,
 
002912193,-00000001,-00000039,0000.000,0000.000,0000.000,
 
002912213,000000000,-00000042,0000.000,0000.000,0000.000,
 
002912233,-00000001,-00000049,0000.000,0000.000,0000.000,
 
002912253,-00000001,-00000049,0000.000,0000.000,0000.000,
 
002912273,-00000002,-00000049,0000.000,0000.000,0000.000,
 
002912293,-00000001,-00000042,0000.000,0000.000,0000.000,
 
002912313,-00000001,-00000042,0000.000,0000.000,0000.000,
 
002912333,-00000001,-00000041,0000.000,0000.000,0000.000,
 
002912353,-00000002,-00000040,0000.000,0000.000,0000.000,
 
002912373,-00000004,-00000040,0000.000,0000.000,0000.000,
 
002912393,-00000003,-00000042,0000.000,0000.000,0000.000,
 
002912413,-00000002,-00000043,0000.000,0000.000,0000.000,
 
002912433,-00000001,-00000042,0000.000,0000.000,0000.000,
 
002912453,-00000001,-00000041,0000.000,0000.000,0000.000,
 
002912473,000000000,-00000038,0000.000,0000.000,0000.000,
 
002912493,000000000,-00000038,0000.000,0000.000,0000.000,
 
002912513,000000000,-00000049,0000.000,0000.000,0000.000,
 
002912533,000000000,-00000049,0000.000,0000.000,0000.000,
 
002912553,-00000002,-00000049,0000.000,0000.000,0000.000,
 
002912573,-00000001,-00000036,0000.000,0000.000,0000.000,
 
002912593,000000000,-00000035,0000.000,0000.000,0000.000,
 
002912613,-00000001,-00000035,0000.000,0000.000,0000.000,
 
002912633,000000000,-00000034,0000.000,0000.000,0000.000,
 
002912653,000000000,-00000033,0000.000,0000.000,0000.000,
 
002912673,000000000,-00000030,0000.000,0000.000,0000.000,
 
002912693,-00000001,-00000028,0000.000,0000.000,0000.000,
 
002912713,-00000003,-00000027,0000.000,0000.000,0000.000,
 
002912733,-00000002,-00000026,0000.000,0000.000,0000.000,
 
002912753,-00000002,-00000027,0000.000,0000.000,0000.000,
 
002912773,000000000,-00000025,0000.000,0000.000,0000.000,
 
002912793,-00000001,-00000025,0000.000,0000.000,0000.000,
 
002912813,-00000001,-00000025,0000.000,0000.000,0000.000,
 
002912833,-00000002,-00000025,0000.000,0000.000,0000.000,
 
002912853,-00000001,-00000025,0000.000,0000.000,0000.000,
 
002912873,-00000001,-00000023,0000.000,0000.000,0000.000,
 
002912893,-00000002,-00000022,0000.000,0000.000,0000.000,
 
002912913,-00000001,-00000021,0000.000,0000.000,0000.000,
 
002912933,-00000001,-00000021,0000.000,0000.000,0000.000,
 
002912953,-00000001,-00000022,0000.000,0000.000,0000.000,
 
002912973,-00000002,-00000023,0000.000,0000.000,0000.000,
 
002912993,-00000001,-00000025,0000.000,0000.000,0000.000,
 
002913013,-00000001,-00000025,0000.000,0000.000,0000.000,
 
002913033,000000000,-00000025,0000.000,0000.000,0000.000,
 
002913053,-00000002,-00000025,0000.000,0000.000,0000.000,
 
002913073,-00000002,-00000025,0000.000,0000.000,0000.000,
 
002913093,-00000002,-00000024,0000.000,0000.000,0000.000,
 
002913113,-00000001,-00000023,0000.000,0000.000,0000.000,
 
002913133,-00000001,-00000024,0000.000,0000.000,0000.000,
 
002913153,-00000002,-00000022,0000.000,0000.000,0000.000,
 
002913173,-00000001,-00000020,0000.000,0000.000,0000.000,
 
002913193,000000000,-00000025,0000.000,0000.000,0000.000,
 
002913213,-00000001,-00000025,0000.000,0000.000,0000.000,
 
002913233,-00000002,-00000015,0000.000,0000.000,0000.000,
 
002913253,-00000001,-00000014,0000.000,0000.000,0000.000,
 
002913273,-00000001,-00000012,0000.000,0000.000,0000.000,
 
002913293,-00000001,-00000013,0000.000,0000.000,0000.000,
 
002913313,-00000001,-00000013,0000.000,0000.000,0000.000,
 
002913333,-00000001,-00000014,0000.000,0000.000,0000.000,
 
002913353,-00000002,-00000012,0000.000,0000.000,0000.000,
 
002913373,-00000001,-00000013,0000.000,0000.000,0000.000,
 
002913393,-00000001,-00000013,0000.000,0000.000,0000.000,
 
002913413,-00000002,-00000013,0000.000,0000.000,0000.000,
 
002913433,-00000002,-00000013,0000.000,0000.000,0000.000,
 
002913453,-00000003,-00000013,0000.000,0000.000,0000.000,
 
002913473,-00000004,-00000011,0000.000,0000.000,0000.000,
 
002913493,-00000002,-00000010,0000.000,0000.000,0000.000,
 
002913513,-00000001,-00000008,0000.000,0000.000,0000.000,
 
002913533,-00000001,-00000008,0000.000,0000.000,0000.000,
 
002913553,-00000001,-00000007,0000.000,0000.000,0000.000,
 
002913573,-00000001,-00000008,0000.000,0000.000,0000.000,
 
002913593,-00000001,-00000008,0000.000,0000.000,0000.000,
 
002913613,-00000002,-00000009,0000.000,0000.000,0000.000,
 
002913633,-00000001,-00000009,0000.000,0000.000,0000.000,
 
002913653,-00000002,-00000009,0000.000,0000.000,0000.000,
 
002913673,-00000003,-00000012,0000.000,0000.000,0000.000,
 
002913693,-00000002,-00000014,0000.000,0000.000,0000.000,
 
002913713,-00000001,-00000014,0000.000,0000.000,0000.000,
 
002913733,-00000002,-00000014,0000.000,0000.000,0000.000,
 
002913753,-00000001,-00000013,0000.000,0000.000,0000.000,
 
002913773,000000000,-00000013,0000.000,0000.000,0000.000,
 
002913793,-00000001,-00000010,0000.000,0000.000,0000.000,
 
002913813,000000000,-00000007,0000.000,0000.000,0000.000,
 
002913833,000000000,-00000003,0000.000,0000.000,0000.000,
 
002913853,000000000,-00000002,0000.000,0000.000,0000.000,
 
002913873,-00000001,000000000,0000.000,0000.000,0000.000,
 
002913893,000000000,000000000,0000.000,0000.000,0000.000,
 
002913913,000000000,000000000,0000.000,0000.000,0000.000,
 
002913933,000000000,000000000,0000.000,0000.000,0000.000,
 
002913953,000000000,000000000,0000.000,0000.000,0000.000,
 
002913973,000000000,000000000,0000.000,0000.000,0000.000,
 
002913993,000000000,000000000,0000.000,0000.000,0000.000,
 
002914013,000000000,000000000,0000.000,0000.000,0000.000,
 
002914033,000000000,000000000,0000.000,0000.000,0000.000,
 
002914053,000000000,000000000,0000.000,0000.000,0000.000,
 
002914073,000000000,000000000,0000.000,0000.000,0000.000,
 
002914093,000000000,000000000,0000.000,0000.000,0000.000,
 
002914113,000000000,000000000,0000.000,0000.000,0000.000,
 
002914133,000000000,000000000,0000.000,0000.000,0000.000,
 
002914153,000000000,000000000,0000.000,0000.000,0000.000,
 
002914173,000000000,000000000,0000.000,0000.000,0000.000,
 
002914193,000000000,000000000,0000.000,0000.000,0000.000,
 
002914213,000000000,000000000,0000.000,0000.000,0000.000,
 
002914233,000000000,000000000,0000.000,0000.000,0000.000,
 
002914253,000000000,000000000,0000.000,0000.000,0000.000,
 
002914273,000000000,000000000,0000.000,0000.000,0000.000,
 
002914293,000000000,000000000,0000.000,0000.000,0000.000,
 
002914313,000000000,000000000,0000.000,0000.000,0000.000,
 
002914333,000000000,000000000,0000.000,0000.000,0000.000,
 
002914353,000000000,000000000,0000.000,0000.000,0000.000,
 
002914373,000000000,000000000,0000.000,0000.000,0000.000,
 
002914393,000000000,000000000,0000.000,0000.000,0000.000,
 
002914413,000000000,000000000,0000.000,0000.000,0000.000,
 
002914433,000000000,000000000,0000.000,0000.000,0000.000,
 
002914453,000000000,000000000,0000.000,0000.000,0000.000,
 
002914473,000000000,000000000,0000.000,0000.000,0000.000,
 
002914493,000000000,000000000,0000.000,0000.000,0000.000,
 
002914513,000000000,000000000,0000.000,0000.000,0000.000,
 
002914533,000000000,000000000,0000.000,0000.000,0000.000,
 
002914553,000000000,000000000,0000.000,0000.000,0000.000,
 
002914573,000000000,000000000,0000.000,0000.000,0000.000,
 
002914593,000000000,000000000,0000.000,0000.000,0000.000,
 
002914613,000000000,000000000,0000.000,0000.000,0000.000,
 
002914633,000000000,000000000,0000.000,0000.000,0000.000,
 
002914653,000000000,000000000,0000.000,0000.000,0000.000,
 
002914673,000000000,000000000,0000.000,0000.000,0000.000,
 
002914693,000000000,000000000,0000.000,0000.000,0000.000,
 
002914713,000000000,000000000,0000.000,0000.000,0000.000,
 
002914733,000000000,000000000,0000.000,0000.000,0000.000,
 
002914753,000000000,000000000,0000.000,0000.000,0000.000,
 
002914773,000000000,000000000,0000.000,0000.000,0000.000,
 
002914793,000000000,000000000,0000.000,0000.000,0000.000,
 
002914813,000000000,000000000,0000.000,0000.000,0000.000,
 
002914833,000000000,000000000,0000.000,0000.000,0000.000,
 
002914853,000000000,000000000,0000.000,0000.000,0000.000,
 
002914873,000000000,000000000,0000.000,0000.000,0000.000,
 
002914893,000000000,000000000,0000.000,0000.000,0000.000,
 
002914913,000000000,000000000,0000.000,0000.000,0000.000,
 
002914933,000000000,000000000,0000.000,0000.000,0000.000,
 
002914953,000000000,000000000,0000.000,0000.000,0000.000,
 
002914973,000000000,000000000,0000.000,0000.000,0000.000,
 
002914993,000000000,000000000,0000.000,0000.000,0000.000,
 
002915013,000000000,000000000,0000.000,0000.000,0000.000,
 
002915033,000000000,000000002,0000.000,0000.000,0000.000,
 
002915053,000000003,000000013,0000.000,0000.000,0000.000,
 
002915073,000000007,000000022,0000.000,0000.000,0000.000,
 
002915093,000000011,000000028,0000.000,0000.000,0000.000,
 
002915113,000000013,000000029,0000.000,0000.000,0000.000,
 
002915133,000000011,000000025,0000.000,0000.000,0000.000,
 
002915153,000000007,000000017,0000.000,0000.000,0000.000,
 
002915173,000000005,000000015,0000.000,0000.000,0000.000,
 
002915193,000000002,000000010,0000.000,0000.000,0000.000,
 
002915213,000000002,000000006,0000.000,0000.000,0000.000,
 
002915233,000000002,000000006,0000.000,0000.000,0000.000,
 
002915253,000000002,000000011,0000.000,0000.000,0000.000,
 
002915273,000000002,000000016,0000.000,0000.000,0000.000,
 
002915293,000000002,000000019,0000.000,0000.000,0000.000,
 
002915313,000000001,000000019,0000.000,0000.000,0000.000,
 
002915333,000000001,000000019,0000.000,0000.000,0000.000,
 
002915353,000000001,000000018,0000.000,0000.000,0000.000,
 
002915373,000000000,000000016,0000.000,0000.000,0000.000,
 
002915393,000000000,000000016,0000.000,0000.000,0000.000,
 
002915413,-00000001,000000016,0000.000,0000.000,0000.000,
 
002915433,-00000001,000000017,0000.000,0000.000,0000.000,
 
002915453,-00000002,000000021,0000.000,0000.000,0000.000,
 
002915473,-00000002,000000026,0000.000,0000.000,0000.000,
 
002915493,-00000002,000000033,0000.000,0000.000,0000.000,
 
002915513,-00000003,000000037,0000.000,0000.000,0000.000,
 
002915533,-00000001,000000042,0000.000,0000.000,0000.000,
 
002915553,-00000001,000000048,0000.000,0000.000,0000.000,
 
002915573,000000000,000000050,0000.000,0000.000,0000.000,
 
002915593,-00000001,000000050,0000.000,0000.000,0000.000,
 
002915613,000000000,000000050,0000.000,0000.000,0000.000,
 
002915633,000000000,000000051,0000.000,0000.000,0000.000,
 
002915653,000000000,000000048,0000.000,0000.000,0000.000,
 
002915673,000000000,000000044,0000.000,0000.000,0000.000,
 
002915693,000000000,000000040,0000.000,0000.000,0000.000,
 
002915713,-00000001,000000043,0000.000,0000.000,0000.000,
 
002915733,000000000,000000043,0000.000,0000.000,0000.000,
 
002915753,000000000,000000043,0000.000,0000.000,0000.000,
 
002915773,000000000,000000043,0000.000,0000.000,0000.000,
 
002915793,000000001,000000043,0000.000,0000.000,0000.000,
 
002915813,000000001,000000042,0000.000,0000.000,0000.000,
 
002915833,000000002,000000041,0000.000,0000.000,0000.000,
 
002915853,000000002,000000040,0000.000,0000.000,0000.000,
 
002915873,000000001,000000042,0000.000,0000.000,0000.000,
 
002915893,000000000,000000043,0000.000,0000.000,0000.000,
 
002915913,000000001,000000045,0000.000,0000.000,0000.000,
 
002915933,000000002,000000047,0000.000,0000.000,0000.000,
 
002915953,000000001,000000047,0000.000,0000.000,0000.000,
 
002915973,000000002,000000050,0000.000,0000.000,0000.000,
 
002915993,000000001,000000052,0000.000,0000.000,0000.000,
 
002916013,000000001,000000051,0000.000,0000.000,0000.000,
 
002916033,000000002,000000052,0000.000,0000.000,0000.000,
 
002916053,000000000,000000050,0000.000,0000.000,0000.000,
 
002916073,000000000,000000050,0000.000,0000.000,0000.000,
 
002916093,-00000001,000000051,0000.000,0000.000,0000.000,
 
002916113,-00000002,000000050,0000.000,0000.000,0000.000,
 
002916133,-00000002,000000055,0000.000,0000.000,0000.000,
 
002916153,-00000003,000000058,0000.000,0000.000,0000.000,
 
002916173,-00000001,000000061,0000.000,0000.000,0000.000,
 
002916193,000000000,000000057,0000.000,0000.000,0000.000,
 
002916213,000000000,000000051,0000.000,0000.000,0000.000,
 
002916233,000000001,000000057,0000.000,0000.000,0000.000,
 
002916253,000000001,000000060,0000.000,0000.000,0000.000,
 
002916273,000000001,000000065,0000.000,0000.000,0000.000,
 
002916293,000000004,000000067,0000.000,0000.000,0000.000,
 
002916313,000000005,000000070,0000.000,0000.000,0000.000,
 
002916333,000000008,000000072,0000.000,0000.000,0000.000,
 
002916353,000000007,000000074,0000.000,0000.000,0000.000,
 
002916373,000000007,000000075,0000.000,0000.000,0000.000,
 
002916393,000000007,000000077,0000.000,0000.000,0000.000,
 
002916413,000000006,000000077,0000.000,0000.000,0000.000,
 
002916433,000000007,000000070,0000.000,0000.000,0000.000,
 
002916453,000000006,000000067,0000.000,0000.000,0000.000,
 
002916473,000000002,000000065,0000.000,0000.000,0000.000,
 
002916493,000000000,000000060,0000.000,0000.000,0000.000,
 
002916513,000000000,000000056,0000.000,0000.000,0000.000,
 
002916533,000000000,000000051,0000.000,0000.000,0000.000,
 
002916553,-00000001,000000047,0000.000,0000.000,0000.000,
 
002916573,-00000001,000000044,0000.000,0000.000,0000.000,
 
002916593,-00000001,000000039,0000.000,0000.000,0000.000,
 
002916613,-00000001,000000038,0000.000,0000.000,0000.000,
 
002916633,000000000,000000035,0000.000,0000.000,0000.000,
 
002916653,000000000,000000034,0000.000,0000.000,0000.000,
 
002916673,000000000,000000035,0000.000,0000.000,0000.000,
 
002916693,000000000,000000035,0000.000,0000.000,0000.000,
 
002916713,000000000,000000036,0000.000,0000.000,0000.000,
 
002916733,-00000001,000000035,0000.000,0000.000,0000.000,
 
002916753,-00000001,000000036,0000.000,0000.000,0000.000,
 
002916773,000000000,000000038,0000.000,0000.000,0000.000,
 
002916793,000000000,000000040,0000.000,0000.000,0000.000,
 
002916813,000000001,000000041,0000.000,0000.000,0000.000,
 
002916833,000000000,000000043,0000.000,0000.000,0000.000,
 
002916853,000000000,000000046,0000.000,0000.000,0000.000,
 
002916873,-00000002,000000045,0000.000,0000.000,0000.000,
 
002916893,-00000002,000000046,0000.000,0000.000,0000.000,
 
002916913,-00000001,000000044,0000.000,0000.000,0000.000,
 
002916933,-00000002,000000045,0000.000,0000.000,0000.000,
 
002916953,-00000003,000000044,0000.000,0000.000,0000.000,
 
002916973,-00000004,000000045,0000.000,0000.000,0000.000,
 
002916993,-00000001,000000047,0000.000,0000.000,0000.000,
 
002917013,-00000002,000000051,0000.000,0000.000,0000.000,
 
002917033,000000000,000000052,0000.000,0000.000,0000.000,
 
002917053,000000000,000000056,0000.000,0000.000,0000.000,
 
002917073,000000001,000000057,0000.000,0000.000,0000.000,
 
002917093,000000001,000000060,0000.000,0000.000,0000.000,
 
002917113,000000004,000000061,0000.000,0000.000,0000.000,
 
002917133,000000006,000000062,0000.000,0000.000,0000.000,
 
002917153,000000008,000000063,0000.000,0000.000,0000.000,
 
002917173,000000007,000000066,0000.000,0000.000,0000.000,
 
002917193,000000004,000000068,0000.000,0000.000,0000.000,
 
002917213,000000004,000000068,0000.000,0000.000,0000.000,
 
002917233,000000002,000000063,0000.000,0000.000,0000.000,
 
002917253,000000001,000000057,0000.000,0000.000,0000.000,
 
002917273,000000000,000000051,0000.000,0000.000,0000.000,
 
002917293,-00000002,000000050,0000.000,0000.000,0000.000,
 
002917313,-00000003,000000048,0000.000,0000.000,0000.000,
 
002917333,-00000002,000000045,0000.000,0000.000,0000.000,
 
002917353,-00000001,000000044,0000.000,0000.000,0000.000,
 
002917373,-00000001,000000044,0000.000,0000.000,0000.000,
 
002917393,-00000001,000000043,0000.000,0000.000,0000.000,
 
002917413,-00000002,000000044,0000.000,0000.000,0000.000,
 
002917433,-00000001,000000043,0000.000,0000.000,0000.000,
 
002917453,-00000002,000000044,0000.000,0000.000,0000.000,
 
002917473,-00000001,000000045,0000.000,0000.000,0000.000,
 
002917493,000000000,000000049,0000.000,0000.000,0000.000,
 
002917513,000000000,000000051,0000.000,0000.000,0000.000,
 
002917533,000000001,000000052,0000.000,0000.000,0000.000,
 
002917553,000000000,000000051,0000.000,0000.000,0000.000,
 
002917573,000000000,000000051,0000.000,0000.000,0000.000,
 
002917593,000000001,000000052,0000.000,0000.000,0000.000,
 
002917613,000000000,000000051,0000.000,0000.000,0000.000,
 
002917633,000000000,000000049,0000.000,0000.000,0000.000,
 
002917653,000000000,000000047,0000.000,0000.000,0000.000,
 
002917673,000000000,000000049,0000.000,0000.000,0000.000,
 
002917693,-00000001,000000051,0000.000,0000.000,0000.000,
 
002917713,-00000002,000000054,0000.000,0000.000,0000.000,
 
002917733,-00000001,000000054,0000.000,0000.000,0000.000,
 
002917753,-00000001,000000056,0000.000,0000.000,0000.000,
 
002917773,000000001,000000055,0000.000,0000.000,0000.000,
 
002917793,000000001,000000051,0000.000,0000.000,0000.000,
 
002917813,000000000,000000050,0000.000,0000.000,0000.000,
 
002917833,-00000001,000000049,0000.000,0000.000,0000.000,
 
002917853,000000000,000000047,0000.000,0000.000,0000.000,
 
002917873,000000000,000000046,0000.000,0000.000,0000.000,
 
002917893,000000000,000000046,0000.000,0000.000,0000.000,
 
002917913,000000003,000000045,0000.000,0000.000,0000.000,
 
002917933,000000003,000000044,0000.000,0000.000,0000.000,
 
002917953,000000003,000000046,0000.000,0000.000,0000.000,
 
002917973,000000002,000000048,0000.000,0000.000,0000.000,
 
002917993,000000003,000000050,0000.000,0000.000,0000.000,
 
002918013,000000002,000000050,0000.000,0000.000,0000.000,
 
002918033,000000001,000000050,0000.000,0000.000,0000.000,
 
002918053,000000001,000000047,0000.000,0000.000,0000.000,
 
002918073,000000003,000000044,0000.000,0000.000,0000.000,
 
002918093,000000005,000000041,0000.000,0000.000,0000.000,
 
002918113,000000004,000000041,0000.000,0000.000,0000.000,
 
002918133,000000001,000000043,0000.000,0000.000,0000.000,
 
002918153,000000000,000000042,0000.000,0000.000,0000.000,
 
002918173,000000000,000000041,0000.000,0000.000,0000.000,
 
002918193,000000000,000000041,0000.000,0000.000,0000.000,
 
002918213,000000000,000000041,0000.000,0000.000,0000.000,
 
002918233,000000000,000000041,0000.000,0000.000,0000.000,
 
002918253,000000001,000000040,0000.000,0000.000,0000.000,
 
002918273,000000001,000000044,0000.000,0000.000,0000.000,
 
002918293,000000000,000000046,0000.000,0000.000,0000.000,
 
002918313,-00000001,000000050,0000.000,0000.000,0000.000,
 
002918333,-00000002,000000051,0000.000,0000.000,0000.000,
 
002918353,-00000002,000000051,0000.000,0000.000,0000.000,
 
002918373,-00000001,000000055,0000.000,0000.000,0000.000,
 
002918393,000000000,000000055,0000.000,0000.000,0000.000,
 
002918413,000000000,000000055,0000.000,0000.000,0000.000,
 
002918433,000000001,000000054,0000.000,0000.000,0000.000,
 
002918453,000000001,000000051,0000.000,0000.000,0000.000,
 
002918473,000000000,000000051,0000.000,0000.000,0000.000,
 
002918493,000000000,000000049,0000.000,0000.000,0000.000,
 
002918513,000000000,000000050,0000.000,0000.000,0000.000,
 
002918533,000000000,000000049,0000.000,0000.000,0000.000,
 
002918553,000000000,000000050,0000.000,0000.000,0000.000,
 
002918573,000000000,000000051,0000.000,0000.000,0000.000,
 
002918593,000000000,000000053,0000.000,0000.000,0000.000,
 
002918613,-00000002,000000051,0000.000,0000.000,0000.000,
 
002918633,-00000002,000000049,0000.000,0000.000,0000.000,
 
002918653,000000000,000000048,0000.000,0000.000,0000.000,
 
002918673,000000000,000000049,0000.000,0000.000,0000.000,
 
002918693,000000000,000000048,0000.000,0000.000,0000.000,
 
002918713,000000001,000000047,0000.000,0000.000,0000.000,
 
002918733,000000000,000000045,0000.000,0000.000,0000.000,
 
002918753,000000001,000000043,0000.000,0000.000,0000.000,
 
002918773,000000000,000000040,0000.000,0000.000,0000.000,
 
002918793,000000000,000000041,0000.000,0000.000,0000.000,
 
002918813,000000000,000000043,0000.000,0000.000,0000.000,
 
002918833,-00000002,000000044,0000.000,0000.000,0000.000,
 
002918853,-00000002,000000044,0000.000,0000.000,0000.000,
 
002918873,-00000004,000000041,0000.000,0000.000,0000.000,
 
002918893,-00000003,000000037,0000.000,0000.000,0000.000,
 
002918913,-00000003,000000033,0000.000,0000.000,0000.000,
 
002918933,-00000002,000000028,0000.000,0000.000,0000.000,
 
002918953,-00000002,000000028,0000.000,0000.000,0000.000,
 
002918973,-00000002,000000028,0000.000,0000.000,0000.000,
 
002918993,-00000002,000000028,0000.000,0000.000,0000.000,
 
002919013,-00000001,000000028,0000.000,0000.000,0000.000,
 
002919033,-00000001,000000030,0000.000,0000.000,0000.000,
 
002919053,-00000001,000000032,0000.000,0000.000,0000.000,
 
002919073,-00000001,000000033,0000.000,0000.000,0000.000,
 
002919093,000000000,000000033,0000.000,0000.000,0000.000,
 
002919113,000000001,000000036,0000.000,0000.000,0000.000,
 
002919133,000000001,000000038,0000.000,0000.000,0000.000,
 
002919153,000000000,000000040,0000.000,0000.000,0000.000,
 
002919173,000000001,000000040,0000.000,0000.000,0000.000,
 
002919193,000000001,000000038,0000.000,0000.000,0000.000,
 
002919213,000000001,000000038,0000.000,0000.000,0000.000,
 
002919233,000000001,000000039,0000.000,0000.000,0000.000,
 
002919253,000000000,000000042,0000.000,0000.000,0000.000,
 
002919273,000000000,000000043,0000.000,0000.000,0000.000,
 
002919293,000000000,000000043,0000.000,0000.000,0000.000,
 
002919313,000000000,000000044,0000.000,0000.000,0000.000,
 
002919333,000000000,000000045,0000.000,0000.000,0000.000,
 
002919353,000000000,000000045,0000.000,0000.000,0000.000,
 
002919373,-00000001,000000044,0000.000,0000.000,0000.000,
 
002919393,-00000001,000000044,0000.000,0000.000,0000.000,
 
002919413,000000000,000000043,0000.000,0000.000,0000.000,
 
002919433,-00000001,000000042,0000.000,0000.000,0000.000,
 
002919453,-00000002,000000042,0000.000,0000.000,0000.000,
 
002919473,-00000001,000000041,0000.000,0000.000,0000.000,
 
002919493,-00000001,000000041,0000.000,0000.000,0000.000,
 
002919513,000000000,000000041,0000.000,0000.000,0000.000,
 
002919533,000000001,000000042,0000.000,0000.000,0000.000,
 
002919553,000000001,000000042,0000.000,0000.000,0000.000,
 
002919573,000000000,000000040,0000.000,0000.000,0000.000,
 
002919593,000000000,000000041,0000.000,0000.000,0000.000,
 
002919613,000000000,000000041,0000.000,0000.000,0000.000,
 
002919633,000000002,000000043,0000.000,0000.000,0000.000,
 
002919653,000000002,000000043,0000.000,0000.000,0000.000,
 
002919673,000000002,000000044,0000.000,0000.000,0000.000,
 
002919693,000000000,000000042,0000.000,0000.000,0000.000,
 
002919713,000000000,000000042,0000.000,0000.000,0000.000,
 
002919733,000000000,000000042,0000.000,0000.000,0000.000,
 
002919753,000000001,000000042,0000.000,0000.000,0000.000,
 
002919773,000000000,000000041,0000.000,0000.000,0000.000,
 
002919793,000000000,000000040,0000.000,0000.000,0000.000,
 
002919813,000000000,000000039,0000.000,0000.000,0000.000,
 
002919833,-00000001,000000035,0000.000,0000.000,0000.000,
 
002919853,-00000001,000000034,0000.000,0000.000,0000.000,
 
002919873,000000000,000000033,0000.000,0000.000,0000.000,
 
002919893,-00000001,000000033,0000.000,0000.000,0000.000,
 
002919913,-00000002,000000031,0000.000,0000.000,0000.000,
 
002919933,-00000002,000000029,0000.000,0000.000,0000.000,
 
002919953,-00000002,000000027,0000.000,0000.000,0000.000,
 
002919973,-00000002,000000025,0000.000,0000.000,0000.000,
 
002919993,-00000003,000000024,0000.000,0000.000,0000.000,
 
002920013,-00000004,000000023,0000.000,0000.000,0000.000,
 
002920033,-00000007,000000023,0000.000,0000.000,0000.000,
 
002920053,-00000004,000000022,0000.000,0000.000,0000.000,
 
002920073,-00000004,000000021,0000.000,0000.000,0000.000,
 
002920093,-00000002,000000020,0000.000,0000.000,0000.000,
 
002920113,-00000004,000000021,0000.000,0000.000,0000.000,
 
002920133,-00000004,000000019,0000.000,0000.000,0000.000,
 
002920153,-00000002,000000019,0000.000,0000.000,0000.000,
 
002920173,-00000003,000000017,0000.000,0000.000,0000.000,
 
002920193,-00000002,000000019,0000.000,0000.000,0000.000,
 
002920213,-00000002,000000019,0000.000,0000.000,0000.000,
 
002920233,-00000002,000000020,0000.000,0000.000,0000.000,
 
002920253,-00000002,000000021,0000.000,0000.000,0000.000,
 
002920273,-00000001,000000022,0000.000,0000.000,0000.000,
 
002920293,-00000001,000000022,0000.000,0000.000,0000.000,
 
002920313,000000000,000000022,0000.000,0000.000,0000.000,
 
002920333,-00000001,000000020,0000.000,0000.000,0000.000,
 
002920353,-00000001,000000017,0000.000,0000.000,0000.000,
 
002920373,-00000001,000000018,0000.000,0000.000,0000.000,
 
002920393,000000000,000000019,0000.000,0000.000,0000.000,
 
002920413,000000000,000000020,0000.000,0000.000,0000.000,
 
002920433,-00000001,000000020,0000.000,0000.000,0000.000,
 
002920453,-00000001,000000020,0000.000,0000.000,0000.000,
 
002920473,-00000001,000000019,0000.000,0000.000,0000.000,
 
002920493,000000000,000000021,0000.000,0000.000,0000.000,
 
002920513,000000000,000000021,0000.000,0000.000,0000.000,
 
002920533,000000000,000000020,0000.000,0000.000,0000.000,
 
002920553,000000001,000000020,0000.000,0000.000,0000.000,
 
002920573,000000000,000000020,0000.000,0000.000,0000.000,
 
002920593,000000000,000000019,0000.000,0000.000,0000.000,
 
002920613,000000000,000000015,0000.000,0000.000,0000.000,
 
002920633,000000000,000000014,0000.000,0000.000,0000.000,
 
002920653,000000001,000000018,0000.000,0000.000,0000.000,
 
002920673,000000001,000000021,0000.000,0000.000,0000.000,
 
002920693,000000001,000000019,0000.000,0000.000,0000.000,
 
002920713,000000000,000000011,0000.000,0000.000,0000.000,
 
002920733,000000000,000000004,0000.000,0000.000,0000.000,
 
002920753,-00000001,000000002,0000.000,0000.000,0000.000,
 
002920773,000000000,000000002,0000.000,0000.000,0000.000,
 
002920793,000000000,000000001,0000.000,0000.000,0000.000,
 
002920813,000000000,000000000,0000.000,0000.000,0000.000,
 
002920833,000000000,000000000,0000.000,0000.000,0000.000,
 
002920853,000000000,000000000,0000.000,0000.000,0000.000,
 
002920873,000000000,000000000,0000.000,0000.000,0000.000,
 
002920893,000000000,000000003,0000.000,0000.000,0000.000,
 
002920913,000000000,000000005,0000.000,0000.000,0000.000,
 
002920933,000000000,000000003,0000.000,0000.000,0000.000,
 
002920953,000000000,000000001,0000.000,0000.000,0000.000,
 
002920973,000000000,000000000,0000.000,0000.000,0000.000,
 
002920993,000000000,000000000,0000.000,0000.000,0000.000,
 
002921013,000000000,000000000,0000.000,0000.000,0000.000,
 
002921033,000000000,000000002,0000.000,0000.000,0000.000,
 
002921053,-00000001,000000006,0000.000,0000.000,0000.000,
 
002921073,000000000,000000008,0000.000,0000.000,0000.000,
 
002921093,000000000,000000008,0000.000,0000.000,0000.000,
 
002921113,000000000,000000005,0000.000,0000.000,0000.000,
 
002921133,000000000,000000003,0000.000,0000.000,0000.000,
 
002921153,000000000,000000000,0000.000,0000.000,0000.000,
 
002921173,000000000,000000000,0000.000,0000.000,0000.000,
 
002921193,000000000,000000000,0000.000,0000.000,0000.000,
 
002921213,000000000,000000000,0000.000,0000.000,0000.000,
 
002921233,000000000,000000000,0000.000,0000.000,0000.000,
 
002921253,000000000,000000000,0000.000,0000.000,0000.000,
 
002921273,000000000,000000000,0000.000,0000.000,0000.000,
 
002921293,000000000,000000000,0000.000,0000.000,0000.000,
 
002921313,000000000,000000000,0000.000,0000.000,0000.000,
 
002921333,000000000,000000000,0000.000,0000.000,0000.000,
 
002921353,000000000,000000000,0000.000,0000.000,0000.000,
 
002921373,000000000,000000000,0000.000,0000.000,0000.000,
 
002921393,000000000,000000000,0000.000,0000.000,0000.000,
 
002921413,000000000,000000000,0000.000,0000.000,0000.000,
 
002921433,000000000,000000000,0000.000,0000.000,0000.000,
 
002921453,000000000,000000000,0000.000,0000.000,0000.000,
 
002921473,000000000,000000000,0000.000,0000.000,0000.000,
 
002921493,000000000,000000000,0000.000,0000.000,0000.000,
 
002921513,000000000,000000000,0000.000,0000.000,0000.000,
 
002921533,000000000,000000000,0000.000,0000.000,0000.000,
 
002921553,000000000,000000000,0000.000,0000.000,0000.000,
 
002921573,000000000,000000000,0000.000,0000.000,0000.000,
 
002921593,000000000,000000000,0000.000,0000.000,0000.000,
 
002921613,000000000,000000000,0000.000,0000.000,0000.000,
 
002921633,000000000,000000000,0000.000,0000.000,0000.000,
 
002921653,000000000,000000000,0000.000,0000.000,0000.000,
 
002921673,000000000,000000000,0000.000,0000.000,0000.000,
 
002921693,000000000,000000000,0000.000,0000.000,0000.000,
 
002921713,000000000,000000000,0000.000,0000.000,0000.000,
 
002921733,000000000,000000000,0000.000,0000.000,0000.000,
 
002921753,000000000,000000000,0000.000,0000.000,0000.000,
 
002921773,000000000,000000000,0000.000,0000.000,0000.000,
 
002921793,000000000,000000000,0000.000,0000.000,0000.000,
 
002921813,000000000,000000000,0000.000,0000.000,0000.000,
 
002921833,000000000,000000000,0000.000,0000.000,0000.000,
 
002921853,000000000,000000000,0000.000,0000.000,0000.000,
 
002921873,000000000,000000000,0000.000,0000.000,0000.000,
 
002921893,000000000,000000000,0000.000,0000.000,0000.000,
 
002921913,000000000,000000000,0000.000,0000.000,0000.000,
 
002921933,000000000,000000000,0000.000,0000.000,0000.000,
 
002921953,000000000,000000000,0000.000,0000.000,0000.000,
 
002921973,000000000,000000000,0000.000,0000.000,0000.000,
 
002921993,000000000,000000000,0000.000,0000.000,0000.000,
 
002922013,000000000,000000000,0000.000,0000.000,0000.000,
 
002922033,000000000,000000000,0000.000,0000.000,0000.000,
 
002922053,000000000,000000000,0000.000,0000.000,0000.000,
 
002922073,000000000,000000000,0000.000,0000.000,0000.000,
 
002922093,000000000,000000000,0000.000,0000.000,0000.000,
 
002922113,000000000,000000000,0000.000,0000.000,0000.000,
 
002922133,000000000,000000000,0000.000,0000.000,0000.000,
 
002922153,000000000,000000000,0000.000,0000.000,0000.000,
 
002922173,000000000,000000000,0000.000,0000.000,0000.000,
 
002922193,000000000,000000000,0000.000,0000.000,0000.000,
 
002922213,000000000,000000000,0000.000,0000.000,0000.000,
 
002922233,000000000,000000000,0000.000,0000.000,0000.000,
 
002922253,000000000,000000000,0000.000,0000.000,0000.000,
 
002922273,000000000,000000000,0000.000,0000.000,0000.000,
 
002922293,000000000,000000000,0000.000,0000.000,0000.000,
 
