001572698,000002547,000010447,0000.000,0000.000,0000.000,
 
001572717,000000000,000000000,0000.000,0000.000,0000.000,
 
001572737,000000000,000000000,0000.000,0000.000,0000.000,
 
001572757,000000000,000000000,0000.000,0000.000,0000.000,
 
001572777,000000000,000000000,0000.000,0000.000,0000.000,
 
001572797,000000000,000000000,0000.000,0000.000,0000.000,
 
001572817,000000000,000000000,0000.000,0000.000,0000.000,
 
001572837,000000000,000000000,0000.000,0000.000,0000.000,
 
001572857,000000000,000000000,0000.000,0000.000,0000.000,
 
001572877,000000000,000000000,0000.000,0000.000,0000.000,
 
001572897,000000000,000000000,0000.000,0000.000,0000.000,
 
001572917,000000000,000000000,0000.000,0000.000,0000.000,
 
001572937,000000000,000000000,0000.000,0000.000,0000.000,
 
001572957,000000000,000000000,0000.000,0000.000,0000.000,
 
001572977,000000000,000000000,0000.000,0000.000,0000.000,
 
001572997,000000000,000000000,0000.000,0000.000,0000.000,
 
001573017,000000000,000000000,0000.000,0000.000,0000.000,
 
001573037,000000000,000000000,0000.000,0000.000,0000.000,
 
001573057,000000000,000000000,0000.000,0000.000,0000.000,
 
001573077,000000000,000000000,0000.000,0000.000,0000.000,
 
001573097,000000000,000000000,0000.000,0000.000,0000.000,
 
001573117,000000000,000000000,0000.000,0000.000,0000.000,
 
001573137,000000000,000000000,0000.000,0000.000,0000.000,
 
001573157,000000000,000000000,0000.000,0000.000,0000.000,
 
001573177,000000000,000000000,0000.000,0000.000,0000.000,
 
001573197,000000000,000000000,0000.000,0000.000,0000.000,
 
001573217,000000000,000000000,0000.000,0000.000,0000.000,
 
001573237,000000000,000000000,0000.000,0000.000,0000.000,
 
001573257,000000000,000000000,0000.000,0000.000,0000.000,
 
001573277,000000000,000000000,0000.000,0000.000,0000.000,
 
001573297,000000000,000000000,0000.000,0000.000,0000.000,
 
001573317,000000000,000000000,0000.000,0000.000,0000.000,
 
001573337,000000000,000000000,0000.000,0000.000,0000.000,
 
001573357,000000000,000000000,0000.000,0000.000,0000.000,
 
001573377,000000000,000000000,0000.000,0000.000,0000.000,
 
001573397,000000000,000000000,0000.000,0000.000,0000.000,
 
001573417,000000000,000000000,0000.000,0000.000,0000.000,
 
001573437,000000000,000000000,0000.000,0000.000,0000.000,
 
001573457,000000000,000000000,0000.000,0000.000,0000.000,
 
001573477,000000000,000000000,0000.000,0000.000,0000.000,
 
001573497,000000000,000000000,0000.000,0000.000,0000.000,
 
001573517,000000000,000000000,0000.000,0000.000,0000.000,
 
001573537,000000000,000000000,0000.000,0000.000,0000.000,
 
001573557,000000000,000000000,0000.000,0000.000,0000.000,
 
001573577,000000000,000000000,0000.000,0000.000,0000.000,
 
001573597,000000000,000000000,0000.000,0000.000,0000.000,
 
001573617,000000000,000000000,0000.000,0000.000,0000.000,
 
001573637,000000000,000000000,0000.000,0000.000,0000.000,
 
001573657,000000000,000000000,0000.000,0000.000,0000.000,
 
001573677,000000000,000000000,0000.000,0000.000,0000.000,
 
001573697,000000000,000000000,0000.000,0000.000,0000.000,
 
001573717,000000000,000000000,0000.000,0000.000,0000.000,
 
001573737,000000000,000000000,0000.000,0000.000,0000.000,
 
001573757,000000000,000000000,0000.000,0000.000,0000.000,
 
001573777,000000000,000000000,0000.000,0000.000,0000.000,
 
001573797,000000000,000000000,0000.000,0000.000,0000.000,
 
001573817,000000000,000000000,0000.000,0000.000,0000.000,
 
001573837,000000000,000000000,0000.000,0000.000,0000.000,
 
001573857,000000000,000000000,0000.000,0000.000,0000.000,
 
001573877,000000000,000000000,0000.000,0000.000,0000.000,
 
001573897,000000000,000000000,0000.000,0000.000,0000.000,
 
001573917,000000000,000000000,0000.000,0000.000,0000.000,
 
001573937,000000000,000000000,0000.000,0000.000,0000.000,
 
001573957,000000000,000000000,0000.000,0000.000,0000.000,
 
001573977,000000000,000000000,0000.000,0000.000,0000.000,
 
001573997,000000000,000000000,0000.000,0000.000,0000.000,
 
001574017,000000000,000000000,0000.000,0000.000,0000.000,
 
001574037,000000000,000000000,0000.000,0000.000,0000.000,
 
001574057,000000000,000000000,0000.000,0000.000,0000.000,
 
001574077,000000000,000000000,0000.000,0000.000,0000.000,
 
001574097,000000000,000000000,0000.000,0000.000,0000.000,
 
001574117,000000000,000000000,0000.000,0000.000,0000.000,
 
001574137,000000000,000000000,0000.000,0000.000,0000.000,
 
001574157,000000000,000000000,0000.000,0000.000,0000.000,
 
001574177,000000000,000000000,0000.000,0000.000,0000.000,
 
001574197,000000000,000000000,0000.000,0000.000,0000.000,
 
001574217,000000000,000000000,0000.000,0000.000,0000.000,
 
001574237,000000000,000000000,0000.000,0000.000,0000.000,
 
001574257,000000000,000000000,0000.000,0000.000,0000.000,
 
001574277,000000000,000000000,0000.000,0000.000,0000.000,
 
001574297,000000000,000000000,0000.000,0000.000,0000.000,
 
001574317,000000000,000000000,0000.000,0000.000,0000.000,
 
001574337,000000000,000000000,0000.000,0000.000,0000.000,
 
001574357,000000000,000000000,0000.000,0000.000,0000.000,
 
001574377,000000000,000000000,0000.000,0000.000,0000.000,
 
001574397,000000000,000000000,0000.000,0000.000,0000.000,
 
001574417,000000000,000000000,0000.000,0000.000,0000.000,
 
001574437,000000000,000000000,0000.000,0000.000,0000.000,
 
001574457,000000000,000000000,0000.000,0000.000,0000.000,
 
001574477,000000000,000000000,0000.000,0000.000,0000.000,
 
001574497,000000000,000000000,0000.000,0000.000,0000.000,
 
001574517,000000000,000000000,0000.000,0000.000,0000.000,
 
001574537,000000000,000000000,0000.000,0000.000,0000.000,
 
001574557,000000000,000000000,0000.000,0000.000,0000.000,
 
001574577,000000000,000000000,0000.000,0000.000,0000.000,
 
001574597,000000000,000000000,0000.000,0000.000,0000.000,
 
001574617,000000000,000000000,0000.000,0000.000,0000.000,
 
001574637,000000000,000000000,0000.000,0000.000,0000.000,
 
001574657,000000000,000000000,0000.000,0000.000,0000.000,
 
001574677,000000000,000000000,0000.000,0000.000,0000.000,
 
001574697,000000000,000000000,0000.000,0000.000,0000.000,
 
001574717,000000000,000000000,0000.000,0000.000,0000.000,
 
001574737,000000000,000000000,0000.000,0000.000,0000.000,
 
001574757,000000000,000000000,0000.000,0000.000,0000.000,
 
001574777,000000000,000000000,0000.000,0000.000,0000.000,
 
001574797,000000000,000000000,0000.000,0000.000,0000.000,
 
001574817,000000000,000000000,0000.000,0000.000,0000.000,
 
001574837,000000000,000000000,0000.000,0000.000,0000.000,
 
001574857,000000000,000000000,0000.000,0000.000,0000.000,
 
001574877,000000000,000000000,0000.000,0000.000,0000.000,
 
001574897,000000000,000000000,0000.000,0000.000,0000.000,
 
001574917,000000000,000000000,0000.000,0000.000,0000.000,
 
001574937,000000000,000000000,0000.000,0000.000,0000.000,
 
001574957,000000000,000000000,0000.000,0000.000,0000.000,
 
001574977,000000000,000000000,0000.000,0000.000,0000.000,
 
001574997,000000000,000000000,0000.000,0000.000,0000.000,
 
001575017,000000000,000000000,0000.000,0000.000,0000.000,
 
001575037,000000000,000000000,0000.000,0000.000,0000.000,
 
001575057,000000000,000000000,0000.000,0000.000,0000.000,
 
001575077,000000000,000000000,0000.000,0000.000,0000.000,
 
001575097,000000000,000000000,0000.000,0000.000,0000.000,
 
001575117,000000000,000000000,0000.000,0000.000,0000.000,
 
001575137,000000000,-00000007,0000.000,0000.000,0000.000,
 
001575157,000000000,-00000025,0000.000,0000.000,0000.000,
 
001575177,-00000004,-00000033,0000.000,0000.000,0000.000,
 
001575197,-00000007,-00000049,0000.000,0000.000,0000.000,
 
001575217,-00000007,-00000047,0000.000,0000.000,0000.000,
 
001575237,-00000008,-00000050,0000.000,0000.000,0000.000,
 
001575257,-00000007,-00000052,0000.000,0000.000,0000.000,
 
001575277,-00000005,-00000052,0000.000,0000.000,0000.000,
 
001575297,-00000005,-00000049,0000.000,0000.000,0000.000,
 
001575317,-00000004,-00000049,0000.000,0000.000,0000.000,
 
001575337,-00000002,-00000042,0000.000,0000.000,0000.000,
 
001575357,-00000002,-00000039,0000.000,0000.000,0000.000,
 
001575377,-00000002,-00000036,0000.000,0000.000,0000.000,
 
001575397,-00000002,-00000036,0000.000,0000.000,0000.000,
 
001575417,-00000004,-00000036,0000.000,0000.000,0000.000,
 
001575437,-00000002,-00000036,0000.000,0000.000,0000.000,
 
001575457,-00000002,-00000035,0000.000,0000.000,0000.000,
 
001575477,-00000002,-00000036,0000.000,0000.000,0000.000,
 
001575497,000000000,-00000036,0000.000,0000.000,0000.000,
 
001575517,000000000,-00000036,0000.000,0000.000,0000.000,
 
001575537,000000000,-00000049,0000.000,0000.000,0000.000,
 
001575557,000000000,-00000049,0000.000,0000.000,0000.000,
 
001575577,000000000,-00000037,0000.000,0000.000,0000.000,
 
001575597,000000000,-00000036,0000.000,0000.000,0000.000,
 
001575617,000000001,-00000034,0000.000,0000.000,0000.000,
 
001575637,000000001,-00000032,0000.000,0000.000,0000.000,
 
001575657,000000001,-00000032,0000.000,0000.000,0000.000,
 
001575677,000000001,-00000032,0000.000,0000.000,0000.000,
 
001575697,000000001,-00000029,0000.000,0000.000,0000.000,
 
001575717,000000001,-00000028,0000.000,0000.000,0000.000,
 
001575737,000000001,-00000030,0000.000,0000.000,0000.000,
 
001575757,000000002,-00000031,0000.000,0000.000,0000.000,
 
001575777,000000001,-00000031,0000.000,0000.000,0000.000,
 
001575797,000000002,-00000032,0000.000,0000.000,0000.000,
 
001575817,000000002,-00000032,0000.000,0000.000,0000.000,
 
001575837,000000003,-00000031,0000.000,0000.000,0000.000,
 
001575857,000000003,-00000031,0000.000,0000.000,0000.000,
 
001575877,000000002,-00000030,0000.000,0000.000,0000.000,
 
001575897,000000002,-00000030,0000.000,0000.000,0000.000,
 
001575917,000000002,-00000028,0000.000,0000.000,0000.000,
 
001575937,000000002,-00000027,0000.000,0000.000,0000.000,
 
001575957,000000001,-00000026,0000.000,0000.000,0000.000,
 
001575977,000000002,-00000026,0000.000,0000.000,0000.000,
 
001575997,000000002,-00000025,0000.000,0000.000,0000.000,
 
001576017,000000001,-00000025,0000.000,0000.000,0000.000,
 
001576037,000000001,-00000026,0000.000,0000.000,0000.000,
 
001576057,000000001,-00000026,0000.000,0000.000,0000.000,
 
001576077,000000002,-00000026,0000.000,0000.000,0000.000,
 
001576097,000000001,-00000026,0000.000,0000.000,0000.000,
 
001576117,000000000,-00000026,0000.000,0000.000,0000.000,
 
001576137,000000000,-00000025,0000.000,0000.000,0000.000,
 
001576157,000000000,-00000025,0000.000,0000.000,0000.000,
 
001576177,000000000,-00000026,0000.000,0000.000,0000.000,
 
001576197,000000000,-00000026,0000.000,0000.000,0000.000,
 
001576217,000000000,-00000028,0000.000,0000.000,0000.000,
 
001576237,000000000,-00000029,0000.000,0000.000,0000.000,
 
001576257,000000000,-00000031,0000.000,0000.000,0000.000,
 
001576277,000000000,-00000029,0000.000,0000.000,0000.000,
 
001576297,000000000,-00000032,0000.000,0000.000,0000.000,
 
001576317,000000000,-00000034,0000.000,0000.000,0000.000,
 
001576337,000000001,-00000035,0000.000,0000.000,0000.000,
 
001576357,000000001,-00000049,0000.000,0000.000,0000.000,
 
001576377,000000000,-00000049,0000.000,0000.000,0000.000,
 
001576397,000000001,-00000038,0000.000,0000.000,0000.000,
 
001576417,000000003,-00000039,0000.000,0000.000,0000.000,
 
001576437,000000002,-00000038,0000.000,0000.000,0000.000,
 
001576457,000000002,-00000049,0000.000,0000.000,0000.000,
 
001576477,000000002,-00000049,0000.000,0000.000,0000.000,
 
001576497,000000001,-00000051,0000.000,0000.000,0000.000,
 
001576517,000000000,-00000053,0000.000,0000.000,0000.000,
 
001576537,-00000002,-00000054,0000.000,0000.000,0000.000,
 
001576557,-00000003,-00000054,0000.000,0000.000,0000.000,
 
001576577,-00000003,-00000054,0000.000,0000.000,0000.000,
 
001576597,-00000002,-00000055,0000.000,0000.000,0000.000,
 
001576617,-00000004,-00000053,0000.000,0000.000,0000.000,
 
001576637,-00000003,-00000052,0000.000,0000.000,0000.000,
 
001576657,-00000003,-00000052,0000.000,0000.000,0000.000,
 
001576677,-00000004,-00000049,0000.000,0000.000,0000.000,
 
001576697,-00000004,-00000047,0000.000,0000.000,0000.000,
 
001576717,-00000004,-00000049,0000.000,0000.000,0000.000,
 
001576737,-00000003,-00000050,0000.000,0000.000,0000.000,
 
001576757,-00000002,-00000048,0000.000,0000.000,0000.000,
 
001576777,000000000,-00000048,0000.000,0000.000,0000.000,
 
001576797,000000001,-00000049,0000.000,0000.000,0000.000,
 
001576817,000000002,-00000049,0000.000,0000.000,0000.000,
 
001576837,000000004,-00000049,0000.000,0000.000,0000.000,
 
001576857,000000006,-00000047,0000.000,0000.000,0000.000,
 
001576877,000000007,-00000049,0000.000,0000.000,0000.000,
 
001576897,000000007,-00000049,0000.000,0000.000,0000.000,
 
001576917,000000008,-00000042,0000.000,0000.000,0000.000,
 
001576937,000000007,-00000049,0000.000,0000.000,0000.000,
 
001576957,000000006,-00000049,0000.000,0000.000,0000.000,
 
001576977,000000006,-00000044,0000.000,0000.000,0000.000,
 
001576997,000000004,-00000043,0000.000,0000.000,0000.000,
 
001577017,000000004,-00000049,0000.000,0000.000,0000.000,
 
001577037,000000001,-00000046,0000.000,0000.000,0000.000,
 
001577057,000000000,-00000046,0000.000,0000.000,0000.000,
 
001577077,-00000001,-00000049,0000.000,0000.000,0000.000,
 
001577097,-00000002,-00000049,0000.000,0000.000,0000.000,
 
001577117,-00000001,-00000041,0000.000,0000.000,0000.000,
 
001577137,000000000,-00000038,0000.000,0000.000,0000.000,
 
001577157,-00000001,-00000049,0000.000,0000.000,0000.000,
 
001577177,-00000002,-00000036,0000.000,0000.000,0000.000,
 
001577197,-00000004,-00000034,0000.000,0000.000,0000.000,
 
001577217,-00000003,-00000049,0000.000,0000.000,0000.000,
 
001577237,-00000002,-00000036,0000.000,0000.000,0000.000,
 
001577257,-00000001,-00000036,0000.000,0000.000,0000.000,
 
001577277,-00000002,-00000049,0000.000,0000.000,0000.000,
 
001577297,-00000002,-00000049,0000.000,0000.000,0000.000,
 
001577317,-00000002,-00000035,0000.000,0000.000,0000.000,
 
001577337,-00000001,-00000049,0000.000,0000.000,0000.000,
 
001577357,000000000,-00000032,0000.000,0000.000,0000.000,
 
001577377,-00000002,-00000030,0000.000,0000.000,0000.000,
 
001577397,-00000001,-00000028,0000.000,0000.000,0000.000,
 
001577417,-00000002,-00000029,0000.000,0000.000,0000.000,
 
001577437,-00000002,-00000029,0000.000,0000.000,0000.000,
 
001577457,000000000,-00000029,0000.000,0000.000,0000.000,
 
001577477,000000000,-00000029,0000.000,0000.000,0000.000,
 
001577497,-00000001,-00000029,0000.000,0000.000,0000.000,
 
001577517,000000000,-00000030,0000.000,0000.000,0000.000,
 
001577537,000000000,-00000031,0000.000,0000.000,0000.000,
 
001577557,-00000001,-00000033,0000.000,0000.000,0000.000,
 
001577577,-00000001,-00000049,0000.000,0000.000,0000.000,
 
001577597,-00000001,-00000042,0000.000,0000.000,0000.000,
 
001577617,-00000002,-00000049,0000.000,0000.000,0000.000,
 
001577637,-00000003,-00000049,0000.000,0000.000,0000.000,
 
001577657,-00000004,-00000050,0000.000,0000.000,0000.000,
 
001577677,-00000006,-00000053,0000.000,0000.000,0000.000,
 
001577697,-00000007,-00000053,0000.000,0000.000,0000.000,
 
001577717,-00000007,-00000054,0000.000,0000.000,0000.000,
 
001577737,-00000004,-00000052,0000.000,0000.000,0000.000,
 
001577757,-00000004,-00000050,0000.000,0000.000,0000.000,
 
001577777,-00000004,-00000047,0000.000,0000.000,0000.000,
 
001577797,-00000001,-00000049,0000.000,0000.000,0000.000,
 
001577817,000000000,-00000045,0000.000,0000.000,0000.000,
 
001577837,000000000,-00000049,0000.000,0000.000,0000.000,
 
001577857,-00000001,-00000049,0000.000,0000.000,0000.000,
 
001577877,000000000,-00000044,0000.000,0000.000,0000.000,
 
001577897,000000000,-00000049,0000.000,0000.000,0000.000,
 
001577917,000000000,-00000043,0000.000,0000.000,0000.000,
 
001577937,000000002,-00000043,0000.000,0000.000,0000.000,
 
001577957,000000002,-00000049,0000.000,0000.000,0000.000,
 
001577977,000000001,-00000045,0000.000,0000.000,0000.000,
 
001577997,000000001,-00000049,0000.000,0000.000,0000.000,
 
001578017,000000002,-00000045,0000.000,0000.000,0000.000,
 
001578037,000000002,-00000045,0000.000,0000.000,0000.000,
 
001578057,000000002,-00000049,0000.000,0000.000,0000.000,
 
001578077,000000001,-00000045,0000.000,0000.000,0000.000,
 
001578097,000000002,-00000049,0000.000,0000.000,0000.000,
 
001578117,000000000,-00000046,0000.000,0000.000,0000.000,
 
001578137,000000001,-00000047,0000.000,0000.000,0000.000,
 
001578157,000000001,-00000049,0000.000,0000.000,0000.000,
 
001578177,000000000,-00000045,0000.000,0000.000,0000.000,
 
001578197,000000001,-00000049,0000.000,0000.000,0000.000,
 
001578217,000000000,-00000048,0000.000,0000.000,0000.000,
 
001578237,000000000,-00000049,0000.000,0000.000,0000.000,
 
001578257,-00000002,-00000050,0000.000,0000.000,0000.000,
 
001578277,-00000002,-00000049,0000.000,0000.000,0000.000,
 
001578297,-00000002,-00000049,0000.000,0000.000,0000.000,
 
001578317,-00000001,-00000048,0000.000,0000.000,0000.000,
 
001578337,000000000,-00000049,0000.000,0000.000,0000.000,
 
001578357,-00000001,-00000044,0000.000,0000.000,0000.000,
 
001578377,-00000001,-00000042,0000.000,0000.000,0000.000,
 
001578397,000000000,-00000049,0000.000,0000.000,0000.000,
 
001578417,000000000,-00000041,0000.000,0000.000,0000.000,
 
001578437,000000000,-00000049,0000.000,0000.000,0000.000,
 
001578457,000000000,-00000041,0000.000,0000.000,0000.000,
 
001578477,000000000,-00000049,0000.000,0000.000,0000.000,
 
001578497,000000001,-00000040,0000.000,0000.000,0000.000,
 
001578517,000000000,-00000038,0000.000,0000.000,0000.000,
 
001578537,000000000,-00000049,0000.000,0000.000,0000.000,
 
001578557,-00000002,-00000037,0000.000,0000.000,0000.000,
 
001578577,-00000001,-00000049,0000.000,0000.000,0000.000,
 
001578597,-00000004,-00000038,0000.000,0000.000,0000.000,
 
001578617,-00000002,-00000049,0000.000,0000.000,0000.000,
 
001578637,-00000002,-00000039,0000.000,0000.000,0000.000,
 
001578657,-00000001,-00000040,0000.000,0000.000,0000.000,
 
001578677,-00000003,-00000049,0000.000,0000.000,0000.000,
 
001578697,-00000004,-00000042,0000.000,0000.000,0000.000,
 
001578717,-00000004,-00000049,0000.000,0000.000,0000.000,
 
001578737,-00000004,-00000042,0000.000,0000.000,0000.000,
 
001578757,-00000003,-00000049,0000.000,0000.000,0000.000,
 
001578777,-00000007,-00000042,0000.000,0000.000,0000.000,
 
001578797,-00000005,-00000049,0000.000,0000.000,0000.000,
 
001578817,-00000007,-00000042,0000.000,0000.000,0000.000,
 
001578837,-00000004,-00000042,0000.000,0000.000,0000.000,
 
001578857,-00000002,-00000040,0000.000,0000.000,0000.000,
 
001578877,-00000004,-00000039,0000.000,0000.000,0000.000,
 
001578897,-00000005,-00000049,0000.000,0000.000,0000.000,
 
001578917,-00000004,-00000038,0000.000,0000.000,0000.000,
 
001578937,-00000002,-00000049,0000.000,0000.000,0000.000,
 
001578957,-00000002,-00000038,0000.000,0000.000,0000.000,
 
001578977,-00000002,-00000049,0000.000,0000.000,0000.000,
 
001578997,-00000001,-00000041,0000.000,0000.000,0000.000,
 
001579017,000000000,-00000049,0000.000,0000.000,0000.000,
 
001579037,000000000,-00000041,0000.000,0000.000,0000.000,
 
001579057,000000001,-00000049,0000.000,0000.000,0000.000,
 
001579077,000000001,-00000039,0000.000,0000.000,0000.000,
 
001579097,000000000,-00000049,0000.000,0000.000,0000.000,
 
001579117,-00000001,-00000039,0000.000,0000.000,0000.000,
 
001579137,-00000001,-00000049,0000.000,0000.000,0000.000,
 
001579157,000000000,-00000040,0000.000,0000.000,0000.000,
 
001579177,-00000002,-00000049,0000.000,0000.000,0000.000,
 
001579197,-00000001,-00000039,0000.000,0000.000,0000.000,
 
001579217,-00000001,-00000049,0000.000,0000.000,0000.000,
 
001579237,000000000,-00000037,0000.000,0000.000,0000.000,
 
001579257,-00000002,-00000049,0000.000,0000.000,0000.000,
 
001579277,-00000004,-00000039,0000.000,0000.000,0000.000,
 
001579297,-00000004,-00000049,0000.000,0000.000,0000.000,
 
001579317,-00000003,-00000039,0000.000,0000.000,0000.000,
 
001579337,-00000002,-00000049,0000.000,0000.000,0000.000,
 
001579357,-00000003,-00000041,0000.000,0000.000,0000.000,
 
001579377,-00000002,-00000049,0000.000,0000.000,0000.000,
 
001579397,-00000002,-00000041,0000.000,0000.000,0000.000,
 
001579417,-00000002,-00000049,0000.000,0000.000,0000.000,
 
001579437,-00000003,-00000041,0000.000,0000.000,0000.000,
 
001579457,-00000002,-00000049,0000.000,0000.000,0000.000,
 
001579477,-00000001,-00000042,0000.000,0000.000,0000.000,
 
001579497,-00000001,-00000049,0000.000,0000.000,0000.000,
 
001579517,-00000002,-00000044,0000.000,0000.000,0000.000,
 
001579537,-00000002,-00000049,0000.000,0000.000,0000.000,
 
001579557,-00000002,-00000045,0000.000,0000.000,0000.000,
 
001579577,-00000003,-00000049,0000.000,0000.000,0000.000,
 
001579597,-00000002,-00000042,0000.000,0000.000,0000.000,
 
001579617,-00000001,-00000049,0000.000,0000.000,0000.000,
 
001579637,-00000001,-00000036,0000.000,0000.000,0000.000,
 
001579657,000000000,-00000049,0000.000,0000.000,0000.000,
 
001579677,000000000,-00000034,0000.000,0000.000,0000.000,
 
001579697,000000000,-00000049,0000.000,0000.000,0000.000,
 
001579717,-00000001,-00000033,0000.000,0000.000,0000.000,
 
001579737,-00000001,-00000049,0000.000,0000.000,0000.000,
 
001579757,000000000,-00000034,0000.000,0000.000,0000.000,
 
001579777,000000000,-00000032,0000.000,0000.000,0000.000,
 
001579797,-00000001,-00000031,0000.000,0000.000,0000.000,
 
001579817,-00000002,-00000028,0000.000,0000.000,0000.000,
 
001579837,-00000001,-00000028,0000.000,0000.000,0000.000,
 
001579857,000000000,-00000027,0000.000,0000.000,0000.000,
 
001579877,000000000,-00000027,0000.000,0000.000,0000.000,
 
001579897,000000000,-00000026,0000.000,0000.000,0000.000,
 
001579917,000000000,-00000029,0000.000,0000.000,0000.000,
 
001579937,000000000,-00000031,0000.000,0000.000,0000.000,
 
001579957,000000000,-00000033,0000.000,0000.000,0000.000,
 
001579977,000000000,-00000049,0000.000,0000.000,0000.000,
 
001579997,000000000,-00000039,0000.000,0000.000,0000.000,
 
001580017,000000000,-00000049,0000.000,0000.000,0000.000,
 
001580037,000000000,-00000043,0000.000,0000.000,0000.000,
 
001580057,-00000001,-00000047,0000.000,0000.000,0000.000,
 
001580077,-00000001,-00000049,0000.000,0000.000,0000.000,
 
001580097,-00000001,-00000050,0000.000,0000.000,0000.000,
 
001580117,-00000002,-00000049,0000.000,0000.000,0000.000,
 
001580137,-00000001,-00000048,0000.000,0000.000,0000.000,
 
001580157,-00000002,-00000049,0000.000,0000.000,0000.000,
 
001580177,-00000002,-00000050,0000.000,0000.000,0000.000,
 
001580197,-00000001,-00000049,0000.000,0000.000,0000.000,
 
001580217,000000000,-00000049,0000.000,0000.000,0000.000,
 
001580237,000000000,-00000049,0000.000,0000.000,0000.000,
 
001580257,000000000,-00000049,0000.000,0000.000,0000.000,
 
001580277,-00000001,-00000049,0000.000,0000.000,0000.000,
 
001580297,-00000002,-00000049,0000.000,0000.000,0000.000,
 
001580317,-00000002,-00000046,0000.000,0000.000,0000.000,
 
001580337,-00000001,-00000049,0000.000,0000.000,0000.000,
 
001580357,000000000,-00000046,0000.000,0000.000,0000.000,
 
001580377,000000000,-00000049,0000.000,0000.000,0000.000,
 
001580397,000000000,-00000044,0000.000,0000.000,0000.000,
 
001580417,000000000,-00000049,0000.000,0000.000,0000.000,
 
001580437,000000000,-00000044,0000.000,0000.000,0000.000,
 
001580457,000000000,-00000043,0000.000,0000.000,0000.000,
 
001580477,-00000001,-00000049,0000.000,0000.000,0000.000,
 
001580497,-00000001,-00000039,0000.000,0000.000,0000.000,
 
001580517,-00000003,-00000049,0000.000,0000.000,0000.000,
 
001580537,-00000004,-00000035,0000.000,0000.000,0000.000,
 
001580557,-00000001,-00000049,0000.000,0000.000,0000.000,
 
001580577,-00000001,-00000032,0000.000,0000.000,0000.000,
 
001580597,-00000002,-00000032,0000.000,0000.000,0000.000,
 
001580617,-00000002,-00000031,0000.000,0000.000,0000.000,
 
001580637,-00000002,-00000030,0000.000,0000.000,0000.000,
 
001580657,-00000002,-00000031,0000.000,0000.000,0000.000,
 
001580677,-00000001,-00000028,0000.000,0000.000,0000.000,
 
001580697,000000000,-00000029,0000.000,0000.000,0000.000,
 
001580717,000000000,-00000029,0000.000,0000.000,0000.000,
 
001580737,000000000,-00000029,0000.000,0000.000,0000.000,
 
001580757,-00000001,-00000028,0000.000,0000.000,0000.000,
 
001580777,-00000002,-00000027,0000.000,0000.000,0000.000,
 
001580797,-00000002,-00000028,0000.000,0000.000,0000.000,
 
001580817,-00000001,-00000028,0000.000,0000.000,0000.000,
 
001580837,-00000001,-00000027,0000.000,0000.000,0000.000,
 
001580857,-00000001,-00000027,0000.000,0000.000,0000.000,
 
001580877,-00000002,-00000027,0000.000,0000.000,0000.000,
 
001580897,-00000003,-00000027,0000.000,0000.000,0000.000,
 
001580917,-00000004,-00000029,0000.000,0000.000,0000.000,
 
001580937,-00000003,-00000029,0000.000,0000.000,0000.000,
 
001580957,-00000004,-00000027,0000.000,0000.000,0000.000,
 
001580977,-00000003,-00000025,0000.000,0000.000,0000.000,
 
001580997,-00000003,-00000025,0000.000,0000.000,0000.000,
 
001581017,-00000004,-00000022,0000.000,0000.000,0000.000,
 
001581037,-00000002,-00000025,0000.000,0000.000,0000.000,
 
001581057,-00000001,-00000018,0000.000,0000.000,0000.000,
 
001581077,-00000001,-00000025,0000.000,0000.000,0000.000,
 
001581097,-00000001,-00000018,0000.000,0000.000,0000.000,
 
001581117,-00000001,-00000016,0000.000,0000.000,0000.000,
 
001581137,-00000001,-00000015,0000.000,0000.000,0000.000,
 
001581157,-00000001,-00000013,0000.000,0000.000,0000.000,
 
001581177,-00000001,-00000014,0000.000,0000.000,0000.000,
 
001581197,000000000,-00000012,0000.000,0000.000,0000.000,
 
001581217,-00000001,-00000013,0000.000,0000.000,0000.000,
 
001581237,-00000002,-00000013,0000.000,0000.000,0000.000,
 
001581257,-00000001,-00000013,0000.000,0000.000,0000.000,
 
001581277,-00000001,-00000007,0000.000,0000.000,0000.000,
 
001581297,-00000001,-00000007,0000.000,0000.000,0000.000,
 
001581317,-00000001,-00000005,0000.000,0000.000,0000.000,
 
001581337,-00000001,-00000007,0000.000,0000.000,0000.000,
 
001581357,000000000,-00000004,0000.000,0000.000,0000.000,
 
001581377,-00000001,-00000004,0000.000,0000.000,0000.000,
 
001581397,000000000,-00000001,0000.000,0000.000,0000.000,
 
001581417,000000000,000000000,0000.000,0000.000,0000.000,
 
001581437,000000000,000000000,0000.000,0000.000,0000.000,
 
001581457,000000000,000000000,0000.000,0000.000,0000.000,
 
001581477,000000000,000000000,0000.000,0000.000,0000.000,
 
001581497,000000000,000000000,0000.000,0000.000,0000.000,
 
001581517,000000000,000000000,0000.000,0000.000,0000.000,
 
001581537,000000000,000000000,0000.000,0000.000,0000.000,
 
001581557,000000000,000000000,0000.000,0000.000,0000.000,
 
001581577,000000000,000000000,0000.000,0000.000,0000.000,
 
001581597,000000000,000000000,0000.000,0000.000,0000.000,
 
001581617,000000000,000000000,0000.000,0000.000,0000.000,
 
001581637,000000000,000000000,0000.000,0000.000,0000.000,
 
001581657,000000000,000000000,0000.000,0000.000,0000.000,
 
001581677,000000000,000000000,0000.000,0000.000,0000.000,
 
001581697,000000000,000000000,0000.000,0000.000,0000.000,
 
001581717,000000000,000000000,0000.000,0000.000,0000.000,
 
001581737,000000000,000000000,0000.000,0000.000,0000.000,
 
001581757,000000000,000000000,0000.000,0000.000,0000.000,
 
001581777,000000000,000000000,0000.000,0000.000,0000.000,
 
001581797,000000000,000000000,0000.000,0000.000,0000.000,
 
001581817,000000000,000000000,0000.000,0000.000,0000.000,
 
001581837,000000000,000000000,0000.000,0000.000,0000.000,
 
001581857,000000000,000000000,0000.000,0000.000,0000.000,
 
001581877,000000000,000000000,0000.000,0000.000,0000.000,
 
001581897,000000000,000000000,0000.000,0000.000,0000.000,
 
001581917,000000000,000000000,0000.000,0000.000,0000.000,
 
001581937,000000000,000000000,0000.000,0000.000,0000.000,
 
001581957,000000000,000000000,0000.000,0000.000,0000.000,
 
001581977,000000000,000000000,0000.000,0000.000,0000.000,
 
001581997,000000000,000000000,0000.000,0000.000,0000.000,
 
001582017,000000000,000000000,0000.000,0000.000,0000.000,
 
001582037,000000000,000000000,0000.000,0000.000,0000.000,
 
001582057,000000000,000000000,0000.000,0000.000,0000.000,
 
001582077,000000000,000000000,0000.000,0000.000,0000.000,
 
001582097,000000000,000000000,0000.000,0000.000,0000.000,
 
001582117,000000000,000000000,0000.000,0000.000,0000.000,
 
001582137,000000000,000000000,0000.000,0000.000,0000.000,
 
001582157,000000000,000000000,0000.000,0000.000,0000.000,
 
001582177,000000000,000000000,0000.000,0000.000,0000.000,
 
001582197,000000000,000000000,0000.000,0000.000,0000.000,
 
001582217,000000000,000000000,0000.000,0000.000,0000.000,
 
001582237,000000000,000000000,0000.000,0000.000,0000.000,
 
001582257,000000000,000000000,0000.000,0000.000,0000.000,
 
001582277,000000000,000000000,0000.000,0000.000,0000.000,
 
001582297,000000000,000000000,0000.000,0000.000,0000.000,
 
001582317,000000000,000000000,0000.000,0000.000,0000.000,
 
001582337,000000000,000000000,0000.000,0000.000,0000.000,
 
001582357,000000000,000000000,0000.000,0000.000,0000.000,
 
001582377,000000000,000000000,0000.000,0000.000,0000.000,
 
001582397,000000000,000000000,0000.000,0000.000,0000.000,
 
