002755622,000000000,000000000,0000.000,0000.000,0000.000,
 
002755641,000000000,000000000,0000.000,0000.000,0000.000,
 
002755661,000000000,000000000,0000.000,0000.000,0000.000,
 
002755681,000000000,000000000,0000.000,0000.000,0000.000,
 
002755701,000000000,000000000,0000.000,0000.000,0000.000,
 
002755721,000000000,000000000,0000.000,0000.000,0000.000,
 
002755741,000000000,000000000,0000.000,0000.000,0000.000,
 
002755761,000000000,000000000,0000.000,0000.000,0000.000,
 
002755781,000000000,000000000,0000.000,0000.000,0000.000,
 
002755801,000000000,000000000,0000.000,0000.000,0000.000,
 
002755821,000000000,000000000,0000.000,0000.000,0000.000,
 
002755841,000000000,000000000,0000.000,0000.000,0000.000,
 
002755861,000000000,000000000,0000.000,0000.000,0000.000,
 
002755881,000000000,000000000,0000.000,0000.000,0000.000,
 
002755901,000000000,000000000,0000.000,0000.000,0000.000,
 
002755921,000000000,000000000,0000.000,0000.000,0000.000,
 
002755941,000000000,000000000,0000.000,0000.000,0000.000,
 
002755961,000000000,000000000,0000.000,0000.000,0000.000,
 
002755981,000000000,000000000,0000.000,0000.000,0000.000,
 
002756001,000000000,000000000,0000.000,0000.000,0000.000,
 
002756021,000000000,000000000,0000.000,0000.000,0000.000,
 
002756041,000000000,000000000,0000.000,0000.000,0000.000,
 
002756061,000000000,000000000,0000.000,0000.000,0000.000,
 
002756081,000000000,000000000,0000.000,0000.000,0000.000,
 
002756101,000000000,000000000,0000.000,0000.000,0000.000,
 
002756121,000000000,000000000,0000.000,0000.000,0000.000,
 
002756141,000000000,000000000,0000.000,0000.000,0000.000,
 
002756161,000000000,000000000,0000.000,0000.000,0000.000,
 
002756181,000000000,000000000,0000.000,0000.000,0000.000,
 
002756201,000000000,000000000,0000.000,0000.000,0000.000,
 
002756221,000000000,000000000,0000.000,0000.000,0000.000,
 
002756241,000000000,000000000,0000.000,0000.000,0000.000,
 
002756261,000000000,000000000,0000.000,0000.000,0000.000,
 
002756281,000000000,000000000,0000.000,0000.000,0000.000,
 
002756301,000000000,000000000,0000.000,0000.000,0000.000,
 
002756321,000000000,000000000,0000.000,0000.000,0000.000,
 
002756341,000000000,000000000,0000.000,0000.000,0000.000,
 
002756361,000000000,000000000,0000.000,0000.000,0000.000,
 
002756381,000000000,000000000,0000.000,0000.000,0000.000,
 
002756401,000000000,000000000,0000.000,0000.000,0000.000,
 
002756421,000000000,000000000,0000.000,0000.000,0000.000,
 
002756441,000000000,000000000,0000.000,0000.000,0000.000,
 
002756461,000000000,000000000,0000.000,0000.000,0000.000,
 
002756481,000000000,000000000,0000.000,0000.000,0000.000,
 
002756501,000000000,000000000,0000.000,0000.000,0000.000,
 
002756521,000000000,000000000,0000.000,0000.000,0000.000,
 
002756541,000000000,000000000,0000.000,0000.000,0000.000,
 
002756561,000000000,000000000,0000.000,0000.000,0000.000,
 
002756581,000000000,000000000,0000.000,0000.000,0000.000,
 
002756601,000000000,000000000,0000.000,0000.000,0000.000,
 
002756621,000000000,000000000,0000.000,0000.000,0000.000,
 
002756641,000000000,000000000,0000.000,0000.000,0000.000,
 
002756661,000000000,000000000,0000.000,0000.000,0000.000,
 
002756681,000000000,000000000,0000.000,0000.000,0000.000,
 
002756701,000000000,000000000,0000.000,0000.000,0000.000,
 
002756721,000000000,000000000,0000.000,0000.000,0000.000,
 
002756741,000000000,000000000,0000.000,0000.000,0000.000,
 
002756761,000000000,000000000,0000.000,0000.000,0000.000,
 
002756781,000000000,000000000,0000.000,0000.000,0000.000,
 
002756801,000000000,000000000,0000.000,0000.000,0000.000,
 
002756821,000000000,000000000,0000.000,0000.000,0000.000,
 
002756841,000000000,000000000,0000.000,0000.000,0000.000,
 
002756861,000000000,000000000,0000.000,0000.000,0000.000,
 
002756881,000000000,000000000,0000.000,0000.000,0000.000,
 
002756901,000000000,000000000,0000.000,0000.000,0000.000,
 
002756921,000000000,000000000,0000.000,0000.000,0000.000,
 
002756941,000000000,000000000,0000.000,0000.000,0000.000,
 
002756961,000000000,000000000,0000.000,0000.000,0000.000,
 
002756981,000000000,000000000,0000.000,0000.000,0000.000,
 
002757001,000000000,000000000,0000.000,0000.000,0000.000,
 
002757021,000000000,000000000,0000.000,0000.000,0000.000,
 
002757041,000000000,000000000,0000.000,0000.000,0000.000,
 
002757061,000000000,000000000,0000.000,0000.000,0000.000,
 
002757081,000000000,000000000,0000.000,0000.000,0000.000,
 
002757101,000000000,000000000,0000.000,0000.000,0000.000,
 
002757121,000000000,000000000,0000.000,0000.000,0000.000,
 
002757141,000000000,000000000,0000.000,0000.000,0000.000,
 
002757161,000000000,000000000,0000.000,0000.000,0000.000,
 
002757181,000000000,000000000,0000.000,0000.000,0000.000,
 
002757201,000000000,000000000,0000.000,0000.000,0000.000,
 
002757221,000000000,000000000,0000.000,0000.000,0000.000,
 
002757241,000000000,000000000,0000.000,0000.000,0000.000,
 
002757261,000000000,000000000,0000.000,0000.000,0000.000,
 
002757281,000000000,000000000,0000.000,0000.000,0000.000,
 
002757301,000000000,000000000,0000.000,0000.000,0000.000,
 
002757321,000000000,000000000,0000.000,0000.000,0000.000,
 
002757341,000000000,000000000,0000.000,0000.000,0000.000,
 
002757361,000000000,000000000,0000.000,0000.000,0000.000,
 
002757381,000000000,000000000,0000.000,0000.000,0000.000,
 
002757401,000000000,000000000,0000.000,0000.000,0000.000,
 
002757421,000000000,000000000,0000.000,0000.000,0000.000,
 
002757441,000000000,000000000,0000.000,0000.000,0000.000,
 
002757461,000000000,000000000,0000.000,0000.000,0000.000,
 
002757481,000000000,000000000,0000.000,0000.000,0000.000,
 
002757501,000000000,000000000,0000.000,0000.000,0000.000,
 
002757521,000000000,000000000,0000.000,0000.000,0000.000,
 
002757541,000000000,000000000,0000.000,0000.000,0000.000,
 
002757561,000000000,000000000,0000.000,0000.000,0000.000,
 
002757581,000000000,000000000,0000.000,0000.000,0000.000,
 
002757601,000000000,000000000,0000.000,0000.000,0000.000,
 
002757621,000000000,000000000,0000.000,0000.000,0000.000,
 
002757641,000000000,000000000,0000.000,0000.000,0000.000,
 
002757661,000000000,000000000,0000.000,0000.000,0000.000,
 
002757681,000000000,000000000,0000.000,0000.000,0000.000,
 
002757701,000000000,000000000,0000.000,0000.000,0000.000,
 
002757721,000000000,000000000,0000.000,0000.000,0000.000,
 
002757741,000000000,000000000,0000.000,0000.000,0000.000,
 
002757761,000000000,000000000,0000.000,0000.000,0000.000,
 
002757781,000000000,000000000,0000.000,0000.000,0000.000,
 
002757801,000000000,000000000,0000.000,0000.000,0000.000,
 
002757821,000000000,000000000,0000.000,0000.000,0000.000,
 
002757841,000000000,000000000,0000.000,0000.000,0000.000,
 
002757861,000000000,000000000,0000.000,0000.000,0000.000,
 
002757881,000000000,000000000,0000.000,0000.000,0000.000,
 
002757901,000000000,000000000,0000.000,0000.000,0000.000,
 
002757921,000000000,000000000,0000.000,0000.000,0000.000,
 
002757941,000000000,000000000,0000.000,0000.000,0000.000,
 
002757961,000000000,000000000,0000.000,0000.000,0000.000,
 
002757981,000000000,000000000,0000.000,0000.000,0000.000,
 
002758001,000000000,000000000,0000.000,0000.000,0000.000,
 
002758021,000000000,000000000,0000.000,0000.000,0000.000,
 
002758041,000000000,000000000,0000.000,0000.000,0000.000,
 
002758061,000000000,000000000,0000.000,0000.000,0000.000,
 
002758081,000000000,000000000,0000.000,0000.000,0000.000,
 
002758101,000000000,000000000,0000.000,0000.000,0000.000,
 
002758121,000000000,000000000,0000.000,0000.000,0000.000,
 
002758141,000000000,000000000,0000.000,0000.000,0000.000,
 
002758161,000000000,000000000,0000.000,0000.000,0000.000,
 
002758181,000000000,000000000,0000.000,0000.000,0000.000,
 
002758201,000000000,000000000,0000.000,0000.000,0000.000,
 
002758221,000000000,000000000,0000.000,0000.000,0000.000,
 
002758241,000000000,-00000001,0000.000,0000.000,0000.000,
 
002758261,000000000,-00000003,0000.000,0000.000,0000.000,
 
002758281,000000000,-00000007,0000.000,0000.000,0000.000,
 
002758301,-00000001,-00000007,0000.000,0000.000,0000.000,
 
002758321,000000000,-00000004,0000.000,0000.000,0000.000,
 
002758341,000000000,-00000002,0000.000,0000.000,0000.000,
 
002758361,000000000,-00000002,0000.000,0000.000,0000.000,
 
002758381,000000000,-00000005,0000.000,0000.000,0000.000,
 
002758401,000000000,-00000007,0000.000,0000.000,0000.000,
 
002758421,000000000,-00000013,0000.000,0000.000,0000.000,
 
002758441,000000001,-00000014,0000.000,0000.000,0000.000,
 
002758461,000000000,-00000018,0000.000,0000.000,0000.000,
 
002758481,000000000,-00000020,0000.000,0000.000,0000.000,
 
002758501,000000001,-00000021,0000.000,0000.000,0000.000,
 
002758521,000000000,-00000022,0000.000,0000.000,0000.000,
 
002758541,000000000,-00000024,0000.000,0000.000,0000.000,
 
002758561,000000001,-00000025,0000.000,0000.000,0000.000,
 
002758581,000000001,-00000027,0000.000,0000.000,0000.000,
 
002758601,000000001,-00000030,0000.000,0000.000,0000.000,
 
002758621,000000001,-00000030,0000.000,0000.000,0000.000,
 
002758641,-00000001,-00000032,0000.000,0000.000,0000.000,
 
002758661,-00000001,-00000049,0000.000,0000.000,0000.000,
 
002758681,000000000,-00000049,0000.000,0000.000,0000.000,
 
002758701,000000000,-00000049,0000.000,0000.000,0000.000,
 
002758721,000000000,-00000049,0000.000,0000.000,0000.000,
 
002758741,000000000,-00000049,0000.000,0000.000,0000.000,
 
002758761,000000001,-00000049,0000.000,0000.000,0000.000,
 
002758781,000000002,-00000049,0000.000,0000.000,0000.000,
 
002758801,000000002,-00000052,0000.000,0000.000,0000.000,
 
002758821,000000003,-00000054,0000.000,0000.000,0000.000,
 
002758841,000000003,-00000053,0000.000,0000.000,0000.000,
 
002758861,000000002,-00000050,0000.000,0000.000,0000.000,
 
002758881,000000000,-00000048,0000.000,0000.000,0000.000,
 
002758901,000000001,-00000048,0000.000,0000.000,0000.000,
 
002758921,000000000,-00000050,0000.000,0000.000,0000.000,
 
002758941,000000001,-00000052,0000.000,0000.000,0000.000,
 
002758961,000000001,-00000052,0000.000,0000.000,0000.000,
 
002758981,000000000,-00000049,0000.000,0000.000,0000.000,
 
002759001,000000000,-00000047,0000.000,0000.000,0000.000,
 
002759021,000000000,-00000043,0000.000,0000.000,0000.000,
 
002759041,-00000002,-00000041,0000.000,0000.000,0000.000,
 
002759061,-00000002,-00000040,0000.000,0000.000,0000.000,
 
002759081,-00000002,-00000049,0000.000,0000.000,0000.000,
 
002759101,-00000001,-00000049,0000.000,0000.000,0000.000,
 
002759121,-00000002,-00000049,0000.000,0000.000,0000.000,
 
002759141,-00000001,-00000049,0000.000,0000.000,0000.000,
 
002759161,-00000001,-00000044,0000.000,0000.000,0000.000,
 
002759181,-00000001,-00000046,0000.000,0000.000,0000.000,
 
002759201,000000000,-00000045,0000.000,0000.000,0000.000,
 
002759221,000000002,-00000046,0000.000,0000.000,0000.000,
 
002759241,000000001,-00000044,0000.000,0000.000,0000.000,
 
002759261,000000000,-00000043,0000.000,0000.000,0000.000,
 
002759281,-00000001,-00000049,0000.000,0000.000,0000.000,
 
002759301,000000000,-00000049,0000.000,0000.000,0000.000,
 
002759321,000000001,-00000048,0000.000,0000.000,0000.000,
 
002759341,000000001,-00000049,0000.000,0000.000,0000.000,
 
002759361,000000000,-00000051,0000.000,0000.000,0000.000,
 
002759381,000000000,-00000053,0000.000,0000.000,0000.000,
 
002759401,000000000,-00000054,0000.000,0000.000,0000.000,
 
002759421,-00000001,-00000056,0000.000,0000.000,0000.000,
 
002759441,000000000,-00000056,0000.000,0000.000,0000.000,
 
002759461,000000000,-00000057,0000.000,0000.000,0000.000,
 
002759481,000000001,-00000057,0000.000,0000.000,0000.000,
 
002759501,000000001,-00000057,0000.000,0000.000,0000.000,
 
002759521,000000000,-00000053,0000.000,0000.000,0000.000,
 
002759541,-00000001,-00000049,0000.000,0000.000,0000.000,
 
002759561,-00000001,-00000049,0000.000,0000.000,0000.000,
 
002759581,000000000,-00000044,0000.000,0000.000,0000.000,
 
002759601,000000001,-00000045,0000.000,0000.000,0000.000,
 
002759621,000000001,-00000042,0000.000,0000.000,0000.000,
 
002759641,000000000,-00000041,0000.000,0000.000,0000.000,
 
002759661,000000000,-00000049,0000.000,0000.000,0000.000,
 
002759681,000000000,-00000036,0000.000,0000.000,0000.000,
 
002759701,000000000,-00000034,0000.000,0000.000,0000.000,
 
002759721,000000000,-00000035,0000.000,0000.000,0000.000,
 
002759741,000000000,-00000036,0000.000,0000.000,0000.000,
 
002759761,000000000,-00000049,0000.000,0000.000,0000.000,
 
002759781,-00000001,-00000039,0000.000,0000.000,0000.000,
 
002759801,-00000001,-00000041,0000.000,0000.000,0000.000,
 
002759821,000000000,-00000042,0000.000,0000.000,0000.000,
 
002759841,000000000,-00000043,0000.000,0000.000,0000.000,
 
002759861,-00000001,-00000049,0000.000,0000.000,0000.000,
 
002759881,-00000001,-00000045,0000.000,0000.000,0000.000,
 
002759901,-00000001,-00000045,0000.000,0000.000,0000.000,
 
002759921,000000000,-00000047,0000.000,0000.000,0000.000,
 
002759941,-00000001,-00000049,0000.000,0000.000,0000.000,
 
002759961,-00000001,-00000051,0000.000,0000.000,0000.000,
 
002759981,000000000,-00000053,0000.000,0000.000,0000.000,
 
002760001,000000000,-00000055,0000.000,0000.000,0000.000,
 
002760021,000000001,-00000057,0000.000,0000.000,0000.000,
 
002760041,000000002,-00000059,0000.000,0000.000,0000.000,
 
002760061,000000002,-00000060,0000.000,0000.000,0000.000,
 
002760081,000000003,-00000058,0000.000,0000.000,0000.000,
 
002760101,000000003,-00000059,0000.000,0000.000,0000.000,
 
002760121,000000004,-00000059,0000.000,0000.000,0000.000,
 
002760141,000000003,-00000061,0000.000,0000.000,0000.000,
 
002760161,000000002,-00000064,0000.000,0000.000,0000.000,
 
002760181,000000001,-00000068,0000.000,0000.000,0000.000,
 
002760201,000000000,-00000071,0000.000,0000.000,0000.000,
 
002760221,000000000,-00000074,0000.000,0000.000,0000.000,
 
002760241,000000000,-00000076,0000.000,0000.000,0000.000,
 
002760261,000000000,-00000077,0000.000,0000.000,0000.000,
 
002760281,000000000,-00000077,0000.000,0000.000,0000.000,
 
002760301,000000000,-00000072,0000.000,0000.000,0000.000,
 
002760321,000000001,-00000070,0000.000,0000.000,0000.000,
 
002760341,000000001,-00000068,0000.000,0000.000,0000.000,
 
002760361,000000000,-00000065,0000.000,0000.000,0000.000,
 
002760381,000000001,-00000064,0000.000,0000.000,0000.000,
 
002760401,000000001,-00000062,0000.000,0000.000,0000.000,
 
002760421,-00000001,-00000063,0000.000,0000.000,0000.000,
 
002760441,-00000002,-00000063,0000.000,0000.000,0000.000,
 
002760461,-00000001,-00000060,0000.000,0000.000,0000.000,
 
002760481,000000000,-00000058,0000.000,0000.000,0000.000,
 
002760501,000000001,-00000056,0000.000,0000.000,0000.000,
 
002760521,000000001,-00000058,0000.000,0000.000,0000.000,
 
002760541,000000001,-00000057,0000.000,0000.000,0000.000,
 
002760561,000000000,-00000056,0000.000,0000.000,0000.000,
 
002760581,000000002,-00000054,0000.000,0000.000,0000.000,
 
002760601,000000000,-00000055,0000.000,0000.000,0000.000,
 
002760621,000000000,-00000054,0000.000,0000.000,0000.000,
 
002760641,000000001,-00000054,0000.000,0000.000,0000.000,
 
002760661,000000002,-00000055,0000.000,0000.000,0000.000,
 
002760681,000000001,-00000055,0000.000,0000.000,0000.000,
 
002760701,000000000,-00000057,0000.000,0000.000,0000.000,
 
002760721,000000000,-00000057,0000.000,0000.000,0000.000,
 
002760741,-00000001,-00000056,0000.000,0000.000,0000.000,
 
002760761,000000000,-00000053,0000.000,0000.000,0000.000,
 
002760781,000000000,-00000054,0000.000,0000.000,0000.000,
 
002760801,000000001,-00000054,0000.000,0000.000,0000.000,
 
002760821,000000000,-00000055,0000.000,0000.000,0000.000,
 
002760841,000000000,-00000053,0000.000,0000.000,0000.000,
 
002760861,-00000001,-00000052,0000.000,0000.000,0000.000,
 
002760881,000000000,-00000050,0000.000,0000.000,0000.000,
 
002760901,000000000,-00000049,0000.000,0000.000,0000.000,
 
002760921,000000000,-00000045,0000.000,0000.000,0000.000,
 
002760941,000000001,-00000043,0000.000,0000.000,0000.000,
 
002760961,000000000,-00000049,0000.000,0000.000,0000.000,
 
002760981,000000001,-00000039,0000.000,0000.000,0000.000,
 
002761001,000000002,-00000040,0000.000,0000.000,0000.000,
 
002761021,000000001,-00000049,0000.000,0000.000,0000.000,
 
002761041,000000000,-00000040,0000.000,0000.000,0000.000,
 
002761061,000000000,-00000041,0000.000,0000.000,0000.000,
 
002761081,-00000002,-00000049,0000.000,0000.000,0000.000,
 
002761101,000000000,-00000045,0000.000,0000.000,0000.000,
 
002761121,000000000,-00000043,0000.000,0000.000,0000.000,
 
002761141,000000000,-00000049,0000.000,0000.000,0000.000,
 
002761161,000000000,-00000042,0000.000,0000.000,0000.000,
 
002761181,000000000,-00000042,0000.000,0000.000,0000.000,
 
002761201,000000000,-00000049,0000.000,0000.000,0000.000,
 
002761221,000000000,-00000039,0000.000,0000.000,0000.000,
 
002761241,000000000,-00000039,0000.000,0000.000,0000.000,
 
002761261,000000000,-00000049,0000.000,0000.000,0000.000,
 
002761281,000000000,-00000038,0000.000,0000.000,0000.000,
 
002761301,-00000001,-00000049,0000.000,0000.000,0000.000,
 
002761321,000000000,-00000049,0000.000,0000.000,0000.000,
 
002761341,000000000,-00000034,0000.000,0000.000,0000.000,
 
002761361,-00000001,-00000031,0000.000,0000.000,0000.000,
 
002761381,000000000,-00000032,0000.000,0000.000,0000.000,
 
002761401,000000000,-00000031,0000.000,0000.000,0000.000,
 
002761421,000000000,-00000028,0000.000,0000.000,0000.000,
 
002761441,000000001,-00000027,0000.000,0000.000,0000.000,
 
002761461,000000001,-00000024,0000.000,0000.000,0000.000,
 
002761481,000000000,-00000025,0000.000,0000.000,0000.000,
 
002761501,000000000,-00000019,0000.000,0000.000,0000.000,
 
002761521,000000000,-00000025,0000.000,0000.000,0000.000,
 
002761541,000000001,-00000025,0000.000,0000.000,0000.000,
 
002761561,000000001,-00000016,0000.000,0000.000,0000.000,
 
002761581,000000001,-00000016,0000.000,0000.000,0000.000,
 
002761601,000000000,-00000019,0000.000,0000.000,0000.000,
 
002761621,000000000,-00000020,0000.000,0000.000,0000.000,
 
002761641,000000000,-00000025,0000.000,0000.000,0000.000,
 
002761661,000000000,-00000023,0000.000,0000.000,0000.000,
 
002761681,000000000,-00000025,0000.000,0000.000,0000.000,
 
002761701,000000000,-00000020,0000.000,0000.000,0000.000,
 
002761721,000000000,-00000020,0000.000,0000.000,0000.000,
 
002761741,000000000,-00000025,0000.000,0000.000,0000.000,
 
002761761,000000001,-00000019,0000.000,0000.000,0000.000,
 
002761781,000000000,-00000025,0000.000,0000.000,0000.000,
 
002761801,000000001,-00000021,0000.000,0000.000,0000.000,
 
002761821,000000000,-00000019,0000.000,0000.000,0000.000,
 
002761841,000000000,-00000016,0000.000,0000.000,0000.000,
 
002761861,000000000,-00000012,0000.000,0000.000,0000.000,
 
002761881,000000000,-00000013,0000.000,0000.000,0000.000,
 
002761901,000000000,-00000009,0000.000,0000.000,0000.000,
 
002761921,000000000,-00000007,0000.000,0000.000,0000.000,
 
002761941,000000000,-00000007,0000.000,0000.000,0000.000,
 
002761961,000000000,-00000007,0000.000,0000.000,0000.000,
 
002761981,000000000,-00000007,0000.000,0000.000,0000.000,
 
002762001,000000000,-00000007,0000.000,0000.000,0000.000,
 
002762021,-00000001,-00000006,0000.000,0000.000,0000.000,
 
002762041,000000000,-00000007,0000.000,0000.000,0000.000,
 
002762061,000000000,-00000006,0000.000,0000.000,0000.000,
 
002762081,000000000,-00000007,0000.000,0000.000,0000.000,
 
002762101,000000000,-00000007,0000.000,0000.000,0000.000,
 
002762121,000000001,-00000007,0000.000,0000.000,0000.000,
 
002762141,000000000,-00000007,0000.000,0000.000,0000.000,
 
002762161,000000000,-00000007,0000.000,0000.000,0000.000,
 
002762181,000000000,-00000007,0000.000,0000.000,0000.000,
 
002762201,000000000,-00000003,0000.000,0000.000,0000.000,
 
002762221,000000000,-00000002,0000.000,0000.000,0000.000,
 
002762241,000000000,000000000,0000.000,0000.000,0000.000,
 
002762261,000000000,000000000,0000.000,0000.000,0000.000,
 
002762281,000000000,-00000001,0000.000,0000.000,0000.000,
 
002762301,000000000,-00000002,0000.000,0000.000,0000.000,
 
002762321,000000000,-00000007,0000.000,0000.000,0000.000,
 
002762341,000000000,-00000008,0000.000,0000.000,0000.000,
 
002762361,000000000,-00000013,0000.000,0000.000,0000.000,
 
002762381,-00000001,-00000007,0000.000,0000.000,0000.000,
 
002762401,000000000,-00000003,0000.000,0000.000,0000.000,
 
002762421,000000000,000000000,0000.000,0000.000,0000.000,
 
002762441,000000000,000000000,0000.000,0000.000,0000.000,
 
002762461,000000000,000000000,0000.000,0000.000,0000.000,
 
002762481,000000000,000000000,0000.000,0000.000,0000.000,
 
002762501,000000000,000000000,0000.000,0000.000,0000.000,
 
002762521,000000000,000000000,0000.000,0000.000,0000.000,
 
002762541,000000000,000000000,0000.000,0000.000,0000.000,
 
002762561,000000000,000000000,0000.000,0000.000,0000.000,
 
002762581,000000000,000000000,0000.000,0000.000,0000.000,
 
002762601,000000000,000000000,0000.000,0000.000,0000.000,
 
002762621,000000000,000000000,0000.000,0000.000,0000.000,
 
002762641,000000000,000000000,0000.000,0000.000,0000.000,
 
002762661,000000000,000000000,0000.000,0000.000,0000.000,
 
002762681,000000000,000000000,0000.000,0000.000,0000.000,
 
002762701,000000000,000000000,0000.000,0000.000,0000.000,
 
002762721,000000000,000000000,0000.000,0000.000,0000.000,
 
002762741,000000000,000000000,0000.000,0000.000,0000.000,
 
002762761,000000000,000000000,0000.000,0000.000,0000.000,
 
002762781,000000000,000000000,0000.000,0000.000,0000.000,
 
002762801,000000000,000000000,0000.000,0000.000,0000.000,
 
002762821,000000000,000000000,0000.000,0000.000,0000.000,
 
002762841,000000000,000000000,0000.000,0000.000,0000.000,
 
002762861,000000000,000000000,0000.000,0000.000,0000.000,
 
002762881,000000000,-00000003,0000.000,0000.000,0000.000,
 
002762901,000000001,-00000008,0000.000,0000.000,0000.000,
 
002762921,000000002,-00000010,0000.000,0000.000,0000.000,
 
002762941,000000003,-00000008,0000.000,0000.000,0000.000,
 
002762961,000000001,-00000007,0000.000,0000.000,0000.000,
 
002762981,000000001,-00000002,0000.000,0000.000,0000.000,
 
002763001,000000000,000000000,0000.000,0000.000,0000.000,
 
002763021,000000000,000000000,0000.000,0000.000,0000.000,
 
002763041,000000000,000000000,0000.000,0000.000,0000.000,
 
002763061,000000000,000000000,0000.000,0000.000,0000.000,
 
002763081,000000000,000000000,0000.000,0000.000,0000.000,
 
002763101,000000000,000000000,0000.000,0000.000,0000.000,
 
002763121,000000000,000000000,0000.000,0000.000,0000.000,
 
002763141,000000000,000000000,0000.000,0000.000,0000.000,
 
002763161,000000000,000000000,0000.000,0000.000,0000.000,
 
002763181,000000000,000000000,0000.000,0000.000,0000.000,
 
002763201,000000000,000000000,0000.000,0000.000,0000.000,
 
002763221,000000000,000000000,0000.000,0000.000,0000.000,
 
002763241,000000000,000000000,0000.000,0000.000,0000.000,
 
002763261,000000000,000000000,0000.000,0000.000,0000.000,
 
002763281,000000000,000000000,0000.000,0000.000,0000.000,
 
002763301,000000000,000000000,0000.000,0000.000,0000.000,
 
002763321,000000000,000000000,0000.000,0000.000,0000.000,
 
002763341,000000000,000000000,0000.000,0000.000,0000.000,
 
002763361,000000000,000000000,0000.000,0000.000,0000.000,
 
002763381,000000000,000000000,0000.000,0000.000,0000.000,
 
002763401,000000000,000000000,0000.000,0000.000,0000.000,
 
002763421,000000000,000000000,0000.000,0000.000,0000.000,
 
002763441,000000000,000000000,0000.000,0000.000,0000.000,
 
002763461,000000000,000000000,0000.000,0000.000,0000.000,
 
002763481,000000000,000000000,0000.000,0000.000,0000.000,
 
002763501,000000000,000000000,0000.000,0000.000,0000.000,
 
002763521,000000000,000000000,0000.000,0000.000,0000.000,
 
002763541,000000000,000000000,0000.000,0000.000,0000.000,
 
002763561,000000000,000000000,0000.000,0000.000,0000.000,
 
002763581,000000000,000000000,0000.000,0000.000,0000.000,
 
002763601,000000000,000000000,0000.000,0000.000,0000.000,
 
002763621,000000000,000000000,0000.000,0000.000,0000.000,
 
002763641,000000000,000000000,0000.000,0000.000,0000.000,
 
002763661,000000000,000000000,0000.000,0000.000,0000.000,
 
002763681,000000000,000000000,0000.000,0000.000,0000.000,
 
002763701,000000000,000000000,0000.000,0000.000,0000.000,
 
002763721,000000000,000000000,0000.000,0000.000,0000.000,
 
002763741,000000000,000000000,0000.000,0000.000,0000.000,
 
002763761,000000000,000000000,0000.000,0000.000,0000.000,
 
002763781,000000000,000000000,0000.000,0000.000,0000.000,
 
002763801,000000000,000000000,0000.000,0000.000,0000.000,
 
002763821,000000000,000000000,0000.000,0000.000,0000.000,
 
002763841,000000000,000000000,0000.000,0000.000,0000.000,
 
002763861,000000000,000000002,0000.000,0000.000,0000.000,
 
002763881,000000001,000000011,0000.000,0000.000,0000.000,
 
002763901,000000002,000000018,0000.000,0000.000,0000.000,
 
002763921,000000002,000000022,0000.000,0000.000,0000.000,
 
002763941,000000002,000000021,0000.000,0000.000,0000.000,
 
002763961,000000002,000000019,0000.000,0000.000,0000.000,
 
002763981,000000002,000000019,0000.000,0000.000,0000.000,
 
002764001,000000003,000000019,0000.000,0000.000,0000.000,
 
002764021,000000002,000000022,0000.000,0000.000,0000.000,
 
002764041,000000002,000000023,0000.000,0000.000,0000.000,
 
002764061,000000005,000000026,0000.000,0000.000,0000.000,
 
002764081,000000004,000000026,0000.000,0000.000,0000.000,
 
002764101,000000005,000000026,0000.000,0000.000,0000.000,
 
002764121,000000004,000000025,0000.000,0000.000,0000.000,
 
002764141,000000004,000000026,0000.000,0000.000,0000.000,
 
002764161,000000003,000000027,0000.000,0000.000,0000.000,
 
002764181,000000001,000000025,0000.000,0000.000,0000.000,
 
002764201,000000002,000000030,0000.000,0000.000,0000.000,
 
002764221,000000001,000000033,0000.000,0000.000,0000.000,
 
002764241,000000001,000000037,0000.000,0000.000,0000.000,
 
002764261,000000001,000000039,0000.000,0000.000,0000.000,
 
002764281,000000001,000000039,0000.000,0000.000,0000.000,
 
002764301,000000000,000000036,0000.000,0000.000,0000.000,
 
002764321,000000000,000000036,0000.000,0000.000,0000.000,
 
002764341,-00000001,000000036,0000.000,0000.000,0000.000,
 
002764361,-00000001,000000037,0000.000,0000.000,0000.000,
 
002764381,000000000,000000044,0000.000,0000.000,0000.000,
 
002764401,000000000,000000050,0000.000,0000.000,0000.000,
 
002764421,-00000001,000000053,0000.000,0000.000,0000.000,
 
002764441,-00000001,000000057,0000.000,0000.000,0000.000,
 
002764461,000000000,000000061,0000.000,0000.000,0000.000,
 
002764481,000000000,000000062,0000.000,0000.000,0000.000,
 
002764501,000000000,000000062,0000.000,0000.000,0000.000,
 
002764521,000000000,000000060,0000.000,0000.000,0000.000,
 
002764541,000000000,000000057,0000.000,0000.000,0000.000,
 
002764561,-00000001,000000059,0000.000,0000.000,0000.000,
 
002764581,-00000004,000000058,0000.000,0000.000,0000.000,
 
002764601,-00000001,000000057,0000.000,0000.000,0000.000,
 
002764621,-00000001,000000057,0000.000,0000.000,0000.000,
 
002764641,000000000,000000057,0000.000,0000.000,0000.000,
 
002764661,-00000001,000000060,0000.000,0000.000,0000.000,
 
002764681,-00000001,000000060,0000.000,0000.000,0000.000,
 
002764701,-00000001,000000060,0000.000,0000.000,0000.000,
 
002764721,-00000001,000000059,0000.000,0000.000,0000.000,
 
002764741,-00000002,000000062,0000.000,0000.000,0000.000,
 
002764761,-00000001,000000064,0000.000,0000.000,0000.000,
 
002764781,-00000001,000000066,0000.000,0000.000,0000.000,
 
002764801,000000000,000000068,0000.000,0000.000,0000.000,
 
002764821,000000001,000000070,0000.000,0000.000,0000.000,
 
002764841,000000000,000000071,0000.000,0000.000,0000.000,
 
002764861,000000000,000000074,0000.000,0000.000,0000.000,
 
002764881,000000001,000000073,0000.000,0000.000,0000.000,
 
002764901,000000002,000000069,0000.000,0000.000,0000.000,
 
002764921,000000001,000000065,0000.000,0000.000,0000.000,
 
002764941,000000000,000000063,0000.000,0000.000,0000.000,
 
002764961,-00000002,000000064,0000.000,0000.000,0000.000,
 
002764981,-00000001,000000061,0000.000,0000.000,0000.000,
 
002765001,000000000,000000060,0000.000,0000.000,0000.000,
 
002765021,-00000001,000000058,0000.000,0000.000,0000.000,
 
002765041,-00000003,000000057,0000.000,0000.000,0000.000,
 
002765061,-00000004,000000058,0000.000,0000.000,0000.000,
 
002765081,-00000001,000000051,0000.000,0000.000,0000.000,
 
002765101,000000001,000000054,0000.000,0000.000,0000.000,
 
002765121,000000000,000000052,0000.000,0000.000,0000.000,
 
002765141,000000002,000000052,0000.000,0000.000,0000.000,
 
002765161,000000003,000000052,0000.000,0000.000,0000.000,
 
002765181,000000004,000000051,0000.000,0000.000,0000.000,
 
002765201,000000003,000000051,0000.000,0000.000,0000.000,
 
002765221,000000002,000000051,0000.000,0000.000,0000.000,
 
002765241,000000001,000000050,0000.000,0000.000,0000.000,
 
002765261,000000000,000000048,0000.000,0000.000,0000.000,
 
002765281,000000000,000000048,0000.000,0000.000,0000.000,
 
002765301,000000000,000000048,0000.000,0000.000,0000.000,
 
002765321,-00000001,000000047,0000.000,0000.000,0000.000,
 
002765341,-00000002,000000048,0000.000,0000.000,0000.000,
 
002765361,000000000,000000047,0000.000,0000.000,0000.000,
 
002765381,-00000002,000000043,0000.000,0000.000,0000.000,
 
002765401,-00000002,000000044,0000.000,0000.000,0000.000,
 
002765421,-00000002,000000045,0000.000,0000.000,0000.000,
 
002765441,-00000002,000000047,0000.000,0000.000,0000.000,
 
002765461,-00000004,000000046,0000.000,0000.000,0000.000,
 
002765481,-00000005,000000046,0000.000,0000.000,0000.000,
 
002765501,-00000004,000000046,0000.000,0000.000,0000.000,
 
002765521,-00000004,000000047,0000.000,0000.000,0000.000,
 
002765541,-00000004,000000045,0000.000,0000.000,0000.000,
 
002765561,-00000004,000000043,0000.000,0000.000,0000.000,
 
002765581,-00000004,000000044,0000.000,0000.000,0000.000,
 
002765601,-00000002,000000043,0000.000,0000.000,0000.000,
 
002765621,-00000002,000000044,0000.000,0000.000,0000.000,
 
002765641,-00000002,000000044,0000.000,0000.000,0000.000,
 
002765661,-00000001,000000047,0000.000,0000.000,0000.000,
 
002765681,-00000001,000000047,0000.000,0000.000,0000.000,
 
002765701,000000000,000000050,0000.000,0000.000,0000.000,
 
002765721,000000000,000000050,0000.000,0000.000,0000.000,
 
002765741,-00000001,000000053,0000.000,0000.000,0000.000,
 
002765761,000000000,000000051,0000.000,0000.000,0000.000,
 
002765781,000000002,000000058,0000.000,0000.000,0000.000,
 
002765801,000000004,000000057,0000.000,0000.000,0000.000,
 
002765821,000000002,000000055,0000.000,0000.000,0000.000,
 
002765841,000000000,000000051,0000.000,0000.000,0000.000,
 
002765861,000000000,000000053,0000.000,0000.000,0000.000,
 
002765881,000000002,000000051,0000.000,0000.000,0000.000,
 
002765901,000000003,000000052,0000.000,0000.000,0000.000,
 
002765921,000000002,000000051,0000.000,0000.000,0000.000,
 
002765941,000000001,000000050,0000.000,0000.000,0000.000,
 
002765961,000000000,000000050,0000.000,0000.000,0000.000,
 
002765981,000000000,000000049,0000.000,0000.000,0000.000,
 
002766001,000000000,000000045,0000.000,0000.000,0000.000,
 
002766021,000000000,000000044,0000.000,0000.000,0000.000,
 
002766041,000000000,000000044,0000.000,0000.000,0000.000,
 
002766061,-00000002,000000044,0000.000,0000.000,0000.000,
 
002766081,-00000001,000000046,0000.000,0000.000,0000.000,
 
002766101,-00000001,000000045,0000.000,0000.000,0000.000,
 
002766121,-00000001,000000045,0000.000,0000.000,0000.000,
 
002766141,-00000001,000000044,0000.000,0000.000,0000.000,
 
002766161,000000000,000000044,0000.000,0000.000,0000.000,
 
002766181,000000000,000000045,0000.000,0000.000,0000.000,
 
002766201,000000002,000000044,0000.000,0000.000,0000.000,
 
002766221,000000002,000000044,0000.000,0000.000,0000.000,
 
002766241,000000002,000000045,0000.000,0000.000,0000.000,
 
002766261,000000003,000000047,0000.000,0000.000,0000.000,
 
002766281,000000001,000000049,0000.000,0000.000,0000.000,
 
002766301,000000001,000000047,0000.000,0000.000,0000.000,
 
002766321,000000000,000000047,0000.000,0000.000,0000.000,
 
002766341,000000001,000000047,0000.000,0000.000,0000.000,
 
002766361,000000001,000000050,0000.000,0000.000,0000.000,
 
002766381,000000001,000000049,0000.000,0000.000,0000.000,
 
002766401,000000000,000000049,0000.000,0000.000,0000.000,
 
002766421,000000000,000000048,0000.000,0000.000,0000.000,
 
002766441,-00000001,000000049,0000.000,0000.000,0000.000,
 
002766461,-00000001,000000050,0000.000,0000.000,0000.000,
 
002766481,000000000,000000050,0000.000,0000.000,0000.000,
 
002766501,000000000,000000048,0000.000,0000.000,0000.000,
 
002766521,000000000,000000046,0000.000,0000.000,0000.000,
 
002766541,-00000001,000000042,0000.000,0000.000,0000.000,
 
002766561,-00000001,000000040,0000.000,0000.000,0000.000,
 
002766581,000000000,000000040,0000.000,0000.000,0000.000,
 
002766601,000000000,000000039,0000.000,0000.000,0000.000,
 
002766621,-00000001,000000036,0000.000,0000.000,0000.000,
 
002766641,-00000002,000000034,0000.000,0000.000,0000.000,
 
002766661,-00000001,000000035,0000.000,0000.000,0000.000,
 
002766681,-00000001,000000033,0000.000,0000.000,0000.000,
 
002766701,000000000,000000034,0000.000,0000.000,0000.000,
 
002766721,-00000001,000000034,0000.000,0000.000,0000.000,
 
002766741,-00000002,000000034,0000.000,0000.000,0000.000,
 
002766761,-00000002,000000034,0000.000,0000.000,0000.000,
 
002766781,-00000002,000000033,0000.000,0000.000,0000.000,
 
002766801,-00000001,000000036,0000.000,0000.000,0000.000,
 
002766821,-00000002,000000036,0000.000,0000.000,0000.000,
 
002766841,-00000001,000000035,0000.000,0000.000,0000.000,
 
002766861,-00000001,000000035,0000.000,0000.000,0000.000,
 
002766881,-00000001,000000036,0000.000,0000.000,0000.000,
 
002766901,000000000,000000036,0000.000,0000.000,0000.000,
 
002766921,000000000,000000034,0000.000,0000.000,0000.000,
 
002766941,000000001,000000034,0000.000,0000.000,0000.000,
 
002766961,000000000,000000033,0000.000,0000.000,0000.000,
 
002766981,000000000,000000030,0000.000,0000.000,0000.000,
 
002767001,-00000001,000000025,0000.000,0000.000,0000.000,
 
002767021,000000000,000000027,0000.000,0000.000,0000.000,
 
002767041,000000000,000000024,0000.000,0000.000,0000.000,
 
002767061,000000000,000000022,0000.000,0000.000,0000.000,
 
002767081,000000000,000000020,0000.000,0000.000,0000.000,
 
002767101,000000000,000000021,0000.000,0000.000,0000.000,
 
002767121,000000000,000000024,0000.000,0000.000,0000.000,
 
002767141,000000001,000000025,0000.000,0000.000,0000.000,
 
002767161,000000001,000000025,0000.000,0000.000,0000.000,
 
002767181,000000001,000000025,0000.000,0000.000,0000.000,
 
002767201,000000000,000000024,0000.000,0000.000,0000.000,
 
002767221,-00000001,000000022,0000.000,0000.000,0000.000,
 
002767241,-00000001,000000021,0000.000,0000.000,0000.000,
 
002767261,000000000,000000020,0000.000,0000.000,0000.000,
 
002767281,000000000,000000019,0000.000,0000.000,0000.000,
 
002767301,000000000,000000020,0000.000,0000.000,0000.000,
 
002767321,000000000,000000020,0000.000,0000.000,0000.000,
 
002767341,000000000,000000020,0000.000,0000.000,0000.000,
 
002767361,000000001,000000022,0000.000,0000.000,0000.000,
 
002767381,000000001,000000019,0000.000,0000.000,0000.000,
 
002767401,000000002,000000017,0000.000,0000.000,0000.000,
 
002767421,000000002,000000018,0000.000,0000.000,0000.000,
 
002767441,000000002,000000020,0000.000,0000.000,0000.000,
 
002767461,000000001,000000020,0000.000,0000.000,0000.000,
 
002767481,000000001,000000018,0000.000,0000.000,0000.000,
 
002767501,000000003,000000017,0000.000,0000.000,0000.000,
 
002767521,000000001,000000016,0000.000,0000.000,0000.000,
 
002767541,000000002,000000011,0000.000,0000.000,0000.000,
 
002767561,000000000,000000005,0000.000,0000.000,0000.000,
 
002767581,000000001,000000001,0000.000,0000.000,0000.000,
 
002767601,000000000,000000000,0000.000,0000.000,0000.000,
 
002767621,000000000,000000000,0000.000,0000.000,0000.000,
 
002767641,000000000,000000000,0000.000,0000.000,0000.000,
 
002767661,000000000,000000000,0000.000,0000.000,0000.000,
 
002767681,000000000,000000000,0000.000,0000.000,0000.000,
 
002767701,000000000,000000000,0000.000,0000.000,0000.000,
 
002767721,000000000,000000000,0000.000,0000.000,0000.000,
 
002767741,000000000,000000002,0000.000,0000.000,0000.000,
 
002767761,000000000,000000002,0000.000,0000.000,0000.000,
 
002767781,000000000,000000001,0000.000,0000.000,0000.000,
 
002767801,000000000,000000001,0000.000,0000.000,0000.000,
 
002767821,-00000001,000000001,0000.000,0000.000,0000.000,
 
002767841,000000000,000000000,0000.000,0000.000,0000.000,
 
002767861,000000000,000000000,0000.000,0000.000,0000.000,
 
002767881,000000000,000000000,0000.000,0000.000,0000.000,
 
002767901,000000000,000000000,0000.000,0000.000,0000.000,
 
002767921,000000000,000000000,0000.000,0000.000,0000.000,
 
002767941,000000000,000000000,0000.000,0000.000,0000.000,
 
002767961,000000000,000000000,0000.000,0000.000,0000.000,
 
002767981,000000000,000000000,0000.000,0000.000,0000.000,
 
002768001,000000000,000000000,0000.000,0000.000,0000.000,
 
002768021,000000000,000000000,0000.000,0000.000,0000.000,
 
002768041,000000000,000000000,0000.000,0000.000,0000.000,
 
002768061,000000000,000000000,0000.000,0000.000,0000.000,
 
002768081,000000000,000000000,0000.000,0000.000,0000.000,
 
002768101,000000000,000000000,0000.000,0000.000,0000.000,
 
002768121,000000000,000000000,0000.000,0000.000,0000.000,
 
002768141,000000000,000000000,0000.000,0000.000,0000.000,
 
002768161,000000000,000000000,0000.000,0000.000,0000.000,
 
002768181,000000000,000000000,0000.000,0000.000,0000.000,
 
002768201,000000000,000000000,0000.000,0000.000,0000.000,
 
002768221,000000000,000000000,0000.000,0000.000,0000.000,
 
002768241,000000000,000000000,0000.000,0000.000,0000.000,
 
002768261,000000000,000000000,0000.000,0000.000,0000.000,
 
002768281,000000000,000000000,0000.000,0000.000,0000.000,
 
002768301,000000000,000000000,0000.000,0000.000,0000.000,
 
002768321,000000000,000000000,0000.000,0000.000,0000.000,
 
002768341,000000000,000000000,0000.000,0000.000,0000.000,
 
002768361,000000000,000000000,0000.000,0000.000,0000.000,
 
002768381,000000000,000000000,0000.000,0000.000,0000.000,
 
002768401,000000000,000000000,0000.000,0000.000,0000.000,
 
002768421,000000000,000000000,0000.000,0000.000,0000.000,
 
002768441,000000000,000000000,0000.000,0000.000,0000.000,
 
002768461,000000000,000000000,0000.000,0000.000,0000.000,
 
002768481,000000000,000000000,0000.000,0000.000,0000.000,
 
002768501,000000000,000000000,0000.000,0000.000,0000.000,
 
002768521,000000000,000000000,0000.000,0000.000,0000.000,
 
002768541,000000000,000000000,0000.000,0000.000,0000.000,
 
002768561,000000000,000000000,0000.000,0000.000,0000.000,
 
002768581,000000000,000000000,0000.000,0000.000,0000.000,
 
002768601,000000000,000000000,0000.000,0000.000,0000.000,
 
002768621,000000000,000000000,0000.000,0000.000,0000.000,
 
002768641,000000000,000000000,0000.000,0000.000,0000.000,
 
002768661,000000000,000000000,0000.000,0000.000,0000.000,
 
002768681,000000000,000000000,0000.000,0000.000,0000.000,
 
002768701,000000000,000000000,0000.000,0000.000,0000.000,
 
002768721,000000000,000000000,0000.000,0000.000,0000.000,
 
002768741,000000000,000000000,0000.000,0000.000,0000.000,
 
002768761,000000000,000000000,0000.000,0000.000,0000.000,
 
002768781,000000000,000000000,0000.000,0000.000,0000.000,
 
002768801,000000000,000000000,0000.000,0000.000,0000.000,
 
002768821,000000000,000000000,0000.000,0000.000,0000.000,
 
002768841,000000000,000000000,0000.000,0000.000,0000.000,
 
002768861,000000000,000000000,0000.000,0000.000,0000.000,
 
002768881,000000000,000000000,0000.000,0000.000,0000.000,
 
002768901,000000000,000000000,0000.000,0000.000,0000.000,
 
002768921,000000000,000000000,0000.000,0000.000,0000.000,
 
002768941,000000000,000000000,0000.000,0000.000,0000.000,
 
002768961,000000000,000000000,0000.000,0000.000,0000.000,
 
002768981,000000000,000000000,0000.000,0000.000,0000.000,
 
002769001,000000000,000000000,0000.000,0000.000,0000.000,
 
002769021,000000000,000000000,0000.000,0000.000,0000.000,
 
002769041,000000000,000000000,0000.000,0000.000,0000.000,
 
002769061,000000000,000000000,0000.000,0000.000,0000.000,
 
002769081,000000000,000000000,0000.000,0000.000,0000.000,
 
002769101,000000000,000000000,0000.000,0000.000,0000.000,
 
002769121,000000000,000000000,0000.000,0000.000,0000.000,
 
002769141,000000000,000000000,0000.000,0000.000,0000.000,
 
002769161,000000000,000000000,0000.000,0000.000,0000.000,
 
002769181,000000000,000000000,0000.000,0000.000,0000.000,
 
002769201,000000000,000000000,0000.000,0000.000,0000.000,
 
002769221,000000000,000000000,0000.000,0000.000,0000.000,
 
002769241,000000000,000000000,0000.000,0000.000,0000.000,
 
002769261,000000000,000000000,0000.000,0000.000,0000.000,
 
002769281,000000000,000000000,0000.000,0000.000,0000.000,
 
002769301,000000000,000000000,0000.000,0000.000,0000.000,
 
002769321,000000000,000000000,0000.000,0000.000,0000.000,
 
002769341,000000000,000000000,0000.000,0000.000,0000.000,
 
002769361,000000000,000000000,0000.000,0000.000,0000.000,
 
002769381,000000000,000000000,0000.000,0000.000,0000.000,
 
002769401,000000000,000000000,0000.000,0000.000,0000.000,
 
002769421,000000000,000000000,0000.000,0000.000,0000.000,
 
002769441,000000000,000000000,0000.000,0000.000,0000.000,
 
002769461,000000000,000000000,0000.000,0000.000,0000.000,
 
002769481,000000000,000000000,0000.000,0000.000,0000.000,
 
002769501,000000000,000000000,0000.000,0000.000,0000.000,
 
002769521,000000000,000000000,0000.000,0000.000,0000.000,
 
002769541,000000000,000000000,0000.000,0000.000,0000.000,
 
002769561,000000000,000000000,0000.000,0000.000,0000.000,
 
002769581,000000000,000000000,0000.000,0000.000,0000.000,
 
002769601,000000000,000000000,0000.000,0000.000,0000.000,
 
002769621,000000000,000000000,0000.000,0000.000,0000.000,
 
002769641,000000000,000000000,0000.000,0000.000,0000.000,
 
002769661,000000000,000000000,0000.000,0000.000,0000.000,
 
002769681,000000000,000000000,0000.000,0000.000,0000.000,
 
