000131233,000000028,000000039,0000.000,0000.000,0000.000,
 
000131253,000000000,000000000,0000.000,0000.000,0000.000,
 
000131273,000000000,000000000,0000.000,0000.000,0000.000,
 
000131293,000000000,000000000,0000.000,0000.000,0000.000,
 
000131313,000000000,000000000,0000.000,0000.000,0000.000,
 
000131333,000000000,000000000,0000.000,0000.000,0000.000,
 
000131353,000000000,000000000,0000.000,0000.000,0000.000,
 
000131373,000000000,000000000,0000.000,0000.000,0000.000,
 
000131393,000000000,000000000,0000.000,0000.000,0000.000,
 
000131413,000000000,000000000,0000.000,0000.000,0000.000,
 
000131433,000000000,000000000,0000.000,0000.000,0000.000,
 
000131453,000000000,000000000,0000.000,0000.000,0000.000,
 
000131473,000000000,000000000,0000.000,0000.000,0000.000,
 
000131493,000000000,000000000,0000.000,0000.000,0000.000,
 
000131513,000000000,000000000,0000.000,0000.000,0000.000,
 
000131533,000000000,000000000,0000.000,0000.000,0000.000,
 
000131553,000000000,000000000,0000.000,0000.000,0000.000,
 
000131573,000000000,000000000,0000.000,0000.000,0000.000,
 
000131593,000000000,000000000,0000.000,0000.000,0000.000,
 
000131613,000000000,000000000,0000.000,0000.000,0000.000,
 
000131633,000000000,000000000,0000.000,0000.000,0000.000,
 
000131653,000000000,000000000,0000.000,0000.000,0000.000,
 
000131673,000000000,000000000,0000.000,0000.000,0000.000,
 
000131693,000000000,000000000,0000.000,0000.000,0000.000,
 
000131713,000000000,000000000,0000.000,0000.000,0000.000,
 
000131733,000000000,000000000,0000.000,0000.000,0000.000,
 
000131753,000000000,000000000,0000.000,0000.000,0000.000,
 
000131773,000000000,000000000,0000.000,0000.000,0000.000,
 
000131793,000000000,000000000,0000.000,0000.000,0000.000,
 
000131813,000000000,000000000,0000.000,0000.000,0000.000,
 
000131833,000000000,000000000,0000.000,0000.000,0000.000,
 
000131853,000000000,000000000,0000.000,0000.000,0000.000,
 
000131873,000000000,000000000,0000.000,0000.000,0000.000,
 
000131893,000000000,000000000,0000.000,0000.000,0000.000,
 
000131913,000000000,000000000,0000.000,0000.000,0000.000,
 
000131933,000000000,000000000,0000.000,0000.000,0000.000,
 
000131953,000000000,000000000,0000.000,0000.000,0000.000,
 
000131973,000000000,000000000,0000.000,0000.000,0000.000,
 
000131993,000000000,000000000,0000.000,0000.000,0000.000,
 
000132013,000000000,000000000,0000.000,0000.000,0000.000,
 
000132033,000000000,000000000,0000.000,0000.000,0000.000,
 
000132053,000000000,000000000,0000.000,0000.000,0000.000,
 
000132073,000000000,000000000,0000.000,0000.000,0000.000,
 
000132093,000000000,000000000,0000.000,0000.000,0000.000,
 
000132113,000000000,000000000,0000.000,0000.000,0000.000,
 
000132133,000000000,000000000,0000.000,0000.000,0000.000,
 
000132153,000000000,000000000,0000.000,0000.000,0000.000,
 
000132173,000000000,000000000,0000.000,0000.000,0000.000,
 
000132193,000000000,000000000,0000.000,0000.000,0000.000,
 
000132213,000000000,000000000,0000.000,0000.000,0000.000,
 
000132233,000000000,000000000,0000.000,0000.000,0000.000,
 
000132253,000000000,000000000,0000.000,0000.000,0000.000,
 
000132273,000000000,000000000,0000.000,0000.000,0000.000,
 
000132293,000000000,000000000,0000.000,0000.000,0000.000,
 
000132313,000000000,000000000,0000.000,0000.000,0000.000,
 
000132333,000000000,000000000,0000.000,0000.000,0000.000,
 
000132353,000000000,000000000,0000.000,0000.000,0000.000,
 
000132373,000000000,000000000,0000.000,0000.000,0000.000,
 
000132393,000000000,000000000,0000.000,0000.000,0000.000,
 
000132413,000000000,000000000,0000.000,0000.000,0000.000,
 
000132433,000000000,000000000,0000.000,0000.000,0000.000,
 
000132453,000000000,000000000,0000.000,0000.000,0000.000,
 
000132473,000000000,000000000,0000.000,0000.000,0000.000,
 
000132493,000000000,000000000,0000.000,0000.000,0000.000,
 
000132513,000000000,000000000,0000.000,0000.000,0000.000,
 
000132533,000000000,000000000,0000.000,0000.000,0000.000,
 
000132553,000000000,000000000,0000.000,0000.000,0000.000,
 
000132573,000000000,000000000,0000.000,0000.000,0000.000,
 
000132593,000000000,000000000,0000.000,0000.000,0000.000,
 
000132613,000000000,000000000,0000.000,0000.000,0000.000,
 
000132633,000000000,000000000,0000.000,0000.000,0000.000,
 
000132653,000000000,000000000,0000.000,0000.000,0000.000,
 
000132673,000000000,000000000,0000.000,0000.000,0000.000,
 
000132693,000000000,000000000,0000.000,0000.000,0000.000,
 
000132713,000000000,000000000,0000.000,0000.000,0000.000,
 
000132733,000000000,000000000,0000.000,0000.000,0000.000,
 
000132753,000000000,000000000,0000.000,0000.000,0000.000,
 
000132773,000000000,000000000,0000.000,0000.000,0000.000,
 
000132793,000000000,000000000,0000.000,0000.000,0000.000,
 
000132813,000000000,000000000,0000.000,0000.000,0000.000,
 
000132833,000000000,000000000,0000.000,0000.000,0000.000,
 
000132853,000000000,000000000,0000.000,0000.000,0000.000,
 
000132873,000000000,000000000,0000.000,0000.000,0000.000,
 
000132893,000000000,000000000,0000.000,0000.000,0000.000,
 
000132913,000000000,000000000,0000.000,0000.000,0000.000,
 
000132933,000000000,000000000,0000.000,0000.000,0000.000,
 
000132953,000000000,000000000,0000.000,0000.000,0000.000,
 
000132973,000000000,000000000,0000.000,0000.000,0000.000,
 
000132993,000000000,000000000,0000.000,0000.000,0000.000,
 
000133013,000000000,000000000,0000.000,0000.000,0000.000,
 
000133033,000000000,000000000,0000.000,0000.000,0000.000,
 
000133053,000000000,000000000,0000.000,0000.000,0000.000,
 
000133073,000000000,000000000,0000.000,0000.000,0000.000,
 
000133093,000000000,000000000,0000.000,0000.000,0000.000,
 
000133113,000000000,000000000,0000.000,0000.000,0000.000,
 
000133133,000000000,000000000,0000.000,0000.000,0000.000,
 
000133153,000000000,000000000,0000.000,0000.000,0000.000,
 
000133173,000000000,000000000,0000.000,0000.000,0000.000,
 
000133193,000000000,000000000,0000.000,0000.000,0000.000,
 
000133213,000000000,000000000,0000.000,0000.000,0000.000,
 
000133233,000000000,000000000,0000.000,0000.000,0000.000,
 
000133253,000000000,000000000,0000.000,0000.000,0000.000,
 
000133273,000000000,000000000,0000.000,0000.000,0000.000,
 
000133293,000000000,000000000,0000.000,0000.000,0000.000,
 
000133313,000000000,000000000,0000.000,0000.000,0000.000,
 
000133333,000000000,000000000,0000.000,0000.000,0000.000,
 
000133353,000000000,000000000,0000.000,0000.000,0000.000,
 
000133373,000000000,000000000,0000.000,0000.000,0000.000,
 
000133393,000000000,000000000,0000.000,0000.000,0000.000,
 
000133413,000000000,000000000,0000.000,0000.000,0000.000,
 
000133433,000000000,000000000,0000.000,0000.000,0000.000,
 
000133453,000000000,000000000,0000.000,0000.000,0000.000,
 
000133473,000000000,000000000,0000.000,0000.000,0000.000,
 
000133493,000000000,000000000,0000.000,0000.000,0000.000,
 
000133513,000000000,000000000,0000.000,0000.000,0000.000,
 
000133533,000000000,000000000,0000.000,0000.000,0000.000,
 
000133553,000000000,000000000,0000.000,0000.000,0000.000,
 
000133573,000000000,000000000,0000.000,0000.000,0000.000,
 
000133593,000000000,000000000,0000.000,0000.000,0000.000,
 
000133613,000000000,000000000,0000.000,0000.000,0000.000,
 
000133633,000000000,000000000,0000.000,0000.000,0000.000,
 
000133653,000000000,000000000,0000.000,0000.000,0000.000,
 
000133673,000000000,000000000,0000.000,0000.000,0000.000,
 
000133693,000000000,000000000,0000.000,0000.000,0000.000,
 
000133713,000000000,000000000,0000.000,0000.000,0000.000,
 
000133733,000000000,000000000,0000.000,0000.000,0000.000,
 
000133753,000000000,000000000,0000.000,0000.000,0000.000,
 
000133773,000000000,000000000,0000.000,0000.000,0000.000,
 
000133793,000000000,000000000,0000.000,0000.000,0000.000,
 
000133813,000000000,000000000,0000.000,0000.000,0000.000,
 
000133833,000000000,000000000,0000.000,0000.000,0000.000,
 
000133853,000000000,000000000,0000.000,0000.000,0000.000,
 
000133873,000000000,-00000002,0000.000,0000.000,0000.000,
 
000133893,000000000,-00000004,0000.000,0000.000,0000.000,
 
000133913,000000000,-00000007,0000.000,0000.000,0000.000,
 
000133933,000000000,-00000004,0000.000,0000.000,0000.000,
 
000133953,000000000,-00000004,0000.000,0000.000,0000.000,
 
000133973,000000000,-00000001,0000.000,0000.000,0000.000,
 
000133993,000000000,000000000,0000.000,0000.000,0000.000,
 
000134013,000000000,000000000,0000.000,0000.000,0000.000,
 
000134033,000000000,000000000,0000.000,0000.000,0000.000,
 
000134053,000000000,000000000,0000.000,0000.000,0000.000,
 
000134073,000000000,000000000,0000.000,0000.000,0000.000,
 
000134093,000000000,000000000,0000.000,0000.000,0000.000,
 
000134113,000000000,000000000,0000.000,0000.000,0000.000,
 
000134133,000000000,000000000,0000.000,0000.000,0000.000,
 
000134153,000000000,000000000,0000.000,0000.000,0000.000,
 
000134173,000000000,000000000,0000.000,0000.000,0000.000,
 
000134193,000000000,000000000,0000.000,0000.000,0000.000,
 
000134213,000000000,000000000,0000.000,0000.000,0000.000,
 
000134233,000000000,000000000,0000.000,0000.000,0000.000,
 
000134253,000000000,000000000,0000.000,0000.000,0000.000,
 
000134273,000000000,-00000004,0000.000,0000.000,0000.000,
 
000134293,000000000,-00000007,0000.000,0000.000,0000.000,
 
000134313,000000000,-00000013,0000.000,0000.000,0000.000,
 
000134333,-00000001,-00000013,0000.000,0000.000,0000.000,
 
000134353,-00000001,-00000016,0000.000,0000.000,0000.000,
 
000134373,-00000001,-00000025,0000.000,0000.000,0000.000,
 
000134393,-00000001,-00000025,0000.000,0000.000,0000.000,
 
000134413,-00000001,-00000025,0000.000,0000.000,0000.000,
 
000134433,-00000001,-00000025,0000.000,0000.000,0000.000,
 
000134453,000000000,-00000025,0000.000,0000.000,0000.000,
 
000134473,000000000,-00000025,0000.000,0000.000,0000.000,
 
000134493,000000001,-00000026,0000.000,0000.000,0000.000,
 
000134513,000000002,-00000030,0000.000,0000.000,0000.000,
 
000134533,000000003,-00000031,0000.000,0000.000,0000.000,
 
000134553,000000004,-00000034,0000.000,0000.000,0000.000,
 
000134573,000000004,-00000049,0000.000,0000.000,0000.000,
 
000134593,000000003,-00000049,0000.000,0000.000,0000.000,
 
000134613,000000001,-00000044,0000.000,0000.000,0000.000,
 
000134633,000000001,-00000049,0000.000,0000.000,0000.000,
 
000134653,000000000,-00000049,0000.000,0000.000,0000.000,
 
000134673,000000001,-00000045,0000.000,0000.000,0000.000,
 
000134693,000000000,-00000049,0000.000,0000.000,0000.000,
 
000134713,000000000,-00000049,0000.000,0000.000,0000.000,
 
000134733,000000001,-00000043,0000.000,0000.000,0000.000,
 
000134753,000000000,-00000049,0000.000,0000.000,0000.000,
 
000134773,-00000001,-00000049,0000.000,0000.000,0000.000,
 
000134793,-00000002,-00000041,0000.000,0000.000,0000.000,
 
000134813,-00000002,-00000049,0000.000,0000.000,0000.000,
 
000134833,-00000001,-00000049,0000.000,0000.000,0000.000,
 
000134853,-00000004,-00000042,0000.000,0000.000,0000.000,
 
000134873,-00000002,-00000049,0000.000,0000.000,0000.000,
 
000134893,-00000004,-00000049,0000.000,0000.000,0000.000,
 
000134913,-00000004,-00000048,0000.000,0000.000,0000.000,
 
000134933,-00000007,-00000049,0000.000,0000.000,0000.000,
 
000134953,-00000007,-00000049,0000.000,0000.000,0000.000,
 
000134973,-00000007,-00000049,0000.000,0000.000,0000.000,
 
000134993,-00000004,-00000049,0000.000,0000.000,0000.000,
 
000135013,-00000004,-00000049,0000.000,0000.000,0000.000,
 
000135033,-00000003,-00000049,0000.000,0000.000,0000.000,
 
000135053,-00000002,-00000030,0000.000,0000.000,0000.000,
 
000135073,-00000004,-00000025,0000.000,0000.000,0000.000,
 
000135093,-00000002,-00000025,0000.000,0000.000,0000.000,
 
000135113,-00000001,-00000016,0000.000,0000.000,0000.000,
 
000135133,-00000001,-00000013,0000.000,0000.000,0000.000,
 
000135153,000000000,-00000013,0000.000,0000.000,0000.000,
 
000135173,000000000,-00000013,0000.000,0000.000,0000.000,
 
000135193,000000000,-00000016,0000.000,0000.000,0000.000,
 
000135213,000000000,-00000025,0000.000,0000.000,0000.000,
 
000135233,-00000001,-00000025,0000.000,0000.000,0000.000,
 
000135253,-00000001,-00000027,0000.000,0000.000,0000.000,
 
000135273,000000000,-00000028,0000.000,0000.000,0000.000,
 
000135293,000000001,-00000026,0000.000,0000.000,0000.000,
 
000135313,000000000,-00000025,0000.000,0000.000,0000.000,
 
000135333,-00000002,-00000025,0000.000,0000.000,0000.000,
 
000135353,-00000001,-00000025,0000.000,0000.000,0000.000,
 
000135373,-00000001,-00000026,0000.000,0000.000,0000.000,
 
000135393,000000000,-00000027,0000.000,0000.000,0000.000,
 
000135413,-00000001,-00000027,0000.000,0000.000,0000.000,
 
000135433,000000000,-00000029,0000.000,0000.000,0000.000,
 
000135453,000000000,-00000029,0000.000,0000.000,0000.000,
 
000135473,000000000,-00000031,0000.000,0000.000,0000.000,
 
000135493,000000000,-00000030,0000.000,0000.000,0000.000,
 
000135513,000000000,-00000030,0000.000,0000.000,0000.000,
 
000135533,000000000,-00000027,0000.000,0000.000,0000.000,
 
000135553,-00000001,-00000026,0000.000,0000.000,0000.000,
 
000135573,000000000,-00000027,0000.000,0000.000,0000.000,
 
000135593,000000000,-00000030,0000.000,0000.000,0000.000,
 
000135613,000000000,-00000030,0000.000,0000.000,0000.000,
 
000135633,000000001,-00000030,0000.000,0000.000,0000.000,
 
000135653,000000001,-00000031,0000.000,0000.000,0000.000,
 
000135673,000000001,-00000033,0000.000,0000.000,0000.000,
 
000135693,000000001,-00000049,0000.000,0000.000,0000.000,
 
000135713,000000001,-00000031,0000.000,0000.000,0000.000,
 
000135733,000000001,-00000031,0000.000,0000.000,0000.000,
 
000135753,000000000,-00000028,0000.000,0000.000,0000.000,
 
000135773,000000000,-00000027,0000.000,0000.000,0000.000,
 
000135793,-00000001,-00000026,0000.000,0000.000,0000.000,
 
000135813,000000000,-00000026,0000.000,0000.000,0000.000,
 
000135833,000000000,-00000025,0000.000,0000.000,0000.000,
 
000135853,000000000,-00000025,0000.000,0000.000,0000.000,
 
000135873,-00000002,-00000026,0000.000,0000.000,0000.000,
 
000135893,-00000002,-00000025,0000.000,0000.000,0000.000,
 
000135913,000000000,-00000025,0000.000,0000.000,0000.000,
 
000135933,-00000001,-00000025,0000.000,0000.000,0000.000,
 
000135953,000000000,-00000025,0000.000,0000.000,0000.000,
 
000135973,-00000001,-00000025,0000.000,0000.000,0000.000,
 
000135993,000000000,-00000026,0000.000,0000.000,0000.000,
 
000136013,000000000,-00000025,0000.000,0000.000,0000.000,
 
000136033,000000000,-00000025,0000.000,0000.000,0000.000,
 
000136053,000000002,-00000028,0000.000,0000.000,0000.000,
 
000136073,000000000,-00000030,0000.000,0000.000,0000.000,
 
000136093,000000000,-00000032,0000.000,0000.000,0000.000,
 
000136113,-00000001,-00000032,0000.000,0000.000,0000.000,
 
000136133,-00000002,-00000031,0000.000,0000.000,0000.000,
 
000136153,000000000,-00000029,0000.000,0000.000,0000.000,
 
000136173,-00000001,-00000026,0000.000,0000.000,0000.000,
 
000136193,-00000002,-00000025,0000.000,0000.000,0000.000,
 
000136213,-00000001,-00000027,0000.000,0000.000,0000.000,
 
000136233,000000000,-00000028,0000.000,0000.000,0000.000,
 
000136253,000000001,-00000028,0000.000,0000.000,0000.000,
 
000136273,000000000,-00000028,0000.000,0000.000,0000.000,
 
000136293,-00000001,-00000029,0000.000,0000.000,0000.000,
 
000136313,-00000001,-00000030,0000.000,0000.000,0000.000,
 
000136333,-00000001,-00000031,0000.000,0000.000,0000.000,
 
000136353,-00000001,-00000032,0000.000,0000.000,0000.000,
 
000136373,-00000004,-00000030,0000.000,0000.000,0000.000,
 
000136393,-00000002,-00000027,0000.000,0000.000,0000.000,
 
000136413,000000000,-00000025,0000.000,0000.000,0000.000,
 
000136433,000000000,-00000025,0000.000,0000.000,0000.000,
 
000136453,000000000,-00000016,0000.000,0000.000,0000.000,
 
000136473,000000000,-00000015,0000.000,0000.000,0000.000,
 
000136493,000000000,-00000015,0000.000,0000.000,0000.000,
 
000136513,000000000,-00000015,0000.000,0000.000,0000.000,
 
000136533,000000000,-00000015,0000.000,0000.000,0000.000,
 
000136553,000000000,-00000015,0000.000,0000.000,0000.000,
 
000136573,000000000,-00000025,0000.000,0000.000,0000.000,
 
000136593,-00000001,-00000025,0000.000,0000.000,0000.000,
 
000136613,-00000001,-00000025,0000.000,0000.000,0000.000,
 
000136633,-00000002,-00000022,0000.000,0000.000,0000.000,
 
000136653,-00000001,-00000022,0000.000,0000.000,0000.000,
 
000136673,-00000001,-00000025,0000.000,0000.000,0000.000,
 
000136693,-00000002,-00000025,0000.000,0000.000,0000.000,
 
000136713,-00000004,-00000025,0000.000,0000.000,0000.000,
 
000136733,-00000002,-00000025,0000.000,0000.000,0000.000,
 
000136753,-00000003,-00000025,0000.000,0000.000,0000.000,
 
000136773,-00000001,-00000013,0000.000,0000.000,0000.000,
 
000136793,-00000001,-00000013,0000.000,0000.000,0000.000,
 
000136813,-00000001,-00000007,0000.000,0000.000,0000.000,
 
000136833,-00000001,-00000007,0000.000,0000.000,0000.000,
 
000136853,-00000001,-00000008,0000.000,0000.000,0000.000,
 
000136873,-00000002,-00000013,0000.000,0000.000,0000.000,
 
000136893,-00000003,-00000013,0000.000,0000.000,0000.000,
 
000136913,-00000003,-00000013,0000.000,0000.000,0000.000,
 
000136933,-00000002,-00000008,0000.000,0000.000,0000.000,
 
000136953,-00000001,-00000007,0000.000,0000.000,0000.000,
 
000136973,-00000002,-00000007,0000.000,0000.000,0000.000,
 
000136993,-00000001,-00000007,0000.000,0000.000,0000.000,
 
000137013,-00000001,-00000007,0000.000,0000.000,0000.000,
 
000137033,-00000002,-00000007,0000.000,0000.000,0000.000,
 
000137053,-00000001,-00000007,0000.000,0000.000,0000.000,
 
000137073,-00000001,-00000007,0000.000,0000.000,0000.000,
 
000137093,-00000002,-00000008,0000.000,0000.000,0000.000,
 
000137113,-00000001,-00000013,0000.000,0000.000,0000.000,
 
000137133,-00000002,-00000008,0000.000,0000.000,0000.000,
 
000137153,-00000002,-00000007,0000.000,0000.000,0000.000,
 
000137173,-00000001,-00000007,0000.000,0000.000,0000.000,
 
000137193,-00000002,-00000007,0000.000,0000.000,0000.000,
 
000137213,-00000002,-00000007,0000.000,0000.000,0000.000,
 
000137233,-00000002,-00000008,0000.000,0000.000,0000.000,
 
000137253,-00000002,-00000008,0000.000,0000.000,0000.000,
 
000137273,-00000002,-00000013,0000.000,0000.000,0000.000,
 
000137293,-00000002,-00000008,0000.000,0000.000,0000.000,
 
000137313,-00000002,-00000007,0000.000,0000.000,0000.000,
 
000137333,-00000001,-00000007,0000.000,0000.000,0000.000,
 
000137353,-00000001,-00000007,0000.000,0000.000,0000.000,
 
000137373,000000000,-00000004,0000.000,0000.000,0000.000,
 
000137393,000000000,-00000002,0000.000,0000.000,0000.000,
 
000137413,-00000001,-00000001,0000.000,0000.000,0000.000,
 
000137433,000000000,-00000001,0000.000,0000.000,0000.000,
 
000137453,000000000,-00000002,0000.000,0000.000,0000.000,
 
000137473,-00000001,-00000004,0000.000,0000.000,0000.000,
 
000137493,000000000,-00000007,0000.000,0000.000,0000.000,
 
000137513,-00000001,-00000004,0000.000,0000.000,0000.000,
 
000137533,000000000,-00000004,0000.000,0000.000,0000.000,
 
000137553,000000000,-00000004,0000.000,0000.000,0000.000,
 
000137573,-00000001,-00000004,0000.000,0000.000,0000.000,
 
000137593,-00000001,-00000007,0000.000,0000.000,0000.000,
 
000137613,000000000,-00000004,0000.000,0000.000,0000.000,
 
000137633,-00000001,-00000004,0000.000,0000.000,0000.000,
 
000137653,000000000,-00000001,0000.000,0000.000,0000.000,
 
000137673,-00000001,-00000001,0000.000,0000.000,0000.000,
 
000137693,000000000,000000000,0000.000,0000.000,0000.000,
 
000137713,000000000,-00000001,0000.000,0000.000,0000.000,
 
000137733,000000000,-00000002,0000.000,0000.000,0000.000,
 
000137753,000000000,-00000004,0000.000,0000.000,0000.000,
 
000137773,000000000,-00000001,0000.000,0000.000,0000.000,
 
000137793,000000000,-00000001,0000.000,0000.000,0000.000,
 
000137813,000000000,-00000001,0000.000,0000.000,0000.000,
 
000137833,000000000,-00000001,0000.000,0000.000,0000.000,
 
000137853,000000000,-00000002,0000.000,0000.000,0000.000,
 
000137873,000000000,-00000002,0000.000,0000.000,0000.000,
 
000137893,000000000,-00000003,0000.000,0000.000,0000.000,
 
000137913,000000000,-00000001,0000.000,0000.000,0000.000,
 
000137933,000000000,000000000,0000.000,0000.000,0000.000,
 
000137953,000000000,-00000001,0000.000,0000.000,0000.000,
 
000137973,000000000,000000000,0000.000,0000.000,0000.000,
 
000137993,000000000,000000000,0000.000,0000.000,0000.000,
 
000138013,000000000,000000000,0000.000,0000.000,0000.000,
 
000138033,000000000,000000000,0000.000,0000.000,0000.000,
 
000138053,000000000,000000000,0000.000,0000.000,0000.000,
 
000138073,000000000,000000000,0000.000,0000.000,0000.000,
 
000138093,000000000,-00000001,0000.000,0000.000,0000.000,
 
000138113,000000000,000000000,0000.000,0000.000,0000.000,
 
000138133,000000000,000000000,0000.000,0000.000,0000.000,
 
000138153,000000000,000000000,0000.000,0000.000,0000.000,
 
000138173,000000000,000000000,0000.000,0000.000,0000.000,
 
000138193,000000000,000000000,0000.000,0000.000,0000.000,
 
000138213,000000000,000000000,0000.000,0000.000,0000.000,
 
000138233,000000000,000000000,0000.000,0000.000,0000.000,
 
000138253,000000000,000000000,0000.000,0000.000,0000.000,
 
000138273,000000000,000000000,0000.000,0000.000,0000.000,
 
000138293,000000000,000000000,0000.000,0000.000,0000.000,
 
000138313,000000000,000000000,0000.000,0000.000,0000.000,
 
000138333,000000000,000000000,0000.000,0000.000,0000.000,
 
000138353,000000000,000000000,0000.000,0000.000,0000.000,
 
000138373,000000000,000000000,0000.000,0000.000,0000.000,
 
000138393,000000000,000000000,0000.000,0000.000,0000.000,
 
000138413,000000000,000000000,0000.000,0000.000,0000.000,
 
000138433,000000000,000000000,0000.000,0000.000,0000.000,
 
000138453,000000000,000000000,0000.000,0000.000,0000.000,
 
000138473,000000000,000000000,0000.000,0000.000,0000.000,
 
000138493,000000000,000000000,0000.000,0000.000,0000.000,
 
000138513,000000000,000000000,0000.000,0000.000,0000.000,
 
000138533,000000000,000000000,0000.000,0000.000,0000.000,
 
000138553,000000000,000000000,0000.000,0000.000,0000.000,
 
000138573,000000000,000000000,0000.000,0000.000,0000.000,
 
000138593,000000000,000000000,0000.000,0000.000,0000.000,
 
000138613,000000000,000000000,0000.000,0000.000,0000.000,
 
000138633,000000000,000000000,0000.000,0000.000,0000.000,
 
000138653,000000000,000000000,0000.000,0000.000,0000.000,
 
000138673,000000000,000000000,0000.000,0000.000,0000.000,
 
000138693,000000000,000000000,0000.000,0000.000,0000.000,
 
000138713,000000000,000000000,0000.000,0000.000,0000.000,
 
000138733,000000000,000000000,0000.000,0000.000,0000.000,
 
000138753,000000000,000000000,0000.000,0000.000,0000.000,
 
000138773,000000000,000000000,0000.000,0000.000,0000.000,
 
000138793,000000000,000000000,0000.000,0000.000,0000.000,
 
000138813,000000000,000000000,0000.000,0000.000,0000.000,
 
000138833,000000000,000000000,0000.000,0000.000,0000.000,
 
000138853,000000000,000000000,0000.000,0000.000,0000.000,
 
000138873,000000000,000000000,0000.000,0000.000,0000.000,
 
000138893,000000000,000000000,0000.000,0000.000,0000.000,
 
000138913,000000000,000000000,0000.000,0000.000,0000.000,
 
000138933,000000000,000000000,0000.000,0000.000,0000.000,
 
000138953,000000000,000000000,0000.000,0000.000,0000.000,
 
000138973,000000000,000000000,0000.000,0000.000,0000.000,
 
000138993,000000000,-00000001,0000.000,0000.000,0000.000,
 
000139013,000000000,-00000002,0000.000,0000.000,0000.000,
 
000139033,000000000,-00000001,0000.000,0000.000,0000.000,
 
000139053,000000000,000000000,0000.000,0000.000,0000.000,
 
000139073,000000000,000000000,0000.000,0000.000,0000.000,
 
000139093,000000000,000000000,0000.000,0000.000,0000.000,
 
000139113,000000000,000000000,0000.000,0000.000,0000.000,
 
000139133,000000000,000000000,0000.000,0000.000,0000.000,
 
000139153,000000000,000000000,0000.000,0000.000,0000.000,
 
000139173,000000000,000000000,0000.000,0000.000,0000.000,
 
000139193,000000000,000000000,0000.000,0000.000,0000.000,
 
000139213,000000000,000000000,0000.000,0000.000,0000.000,
 
000139233,000000000,000000000,0000.000,0000.000,0000.000,
 
000139253,000000000,000000000,0000.000,0000.000,0000.000,
 
000139273,000000000,000000000,0000.000,0000.000,0000.000,
 
