001673103,000000000,000000000,0000.000,0000.000,0000.000,
 
001673122,000000000,000000000,0000.000,0000.000,0000.000,
 
001673142,000000000,000000000,0000.000,0000.000,0000.000,
 
001673162,000000000,000000000,0000.000,0000.000,0000.000,
 
001673182,000000000,000000000,0000.000,0000.000,0000.000,
 
001673202,000000000,000000000,0000.000,0000.000,0000.000,
 
001673222,000000000,000000000,0000.000,0000.000,0000.000,
 
001673242,000000000,000000000,0000.000,0000.000,0000.000,
 
001673262,000000000,000000000,0000.000,0000.000,0000.000,
 
001673282,000000000,000000000,0000.000,0000.000,0000.000,
 
001673302,000000000,000000000,0000.000,0000.000,0000.000,
 
001673322,000000000,000000000,0000.000,0000.000,0000.000,
 
001673342,000000000,000000000,0000.000,0000.000,0000.000,
 
001673362,000000000,000000000,0000.000,0000.000,0000.000,
 
001673382,000000000,000000000,0000.000,0000.000,0000.000,
 
001673402,000000000,000000000,0000.000,0000.000,0000.000,
 
001673422,000000000,000000000,0000.000,0000.000,0000.000,
 
001673442,000000000,000000000,0000.000,0000.000,0000.000,
 
001673462,000000000,000000000,0000.000,0000.000,0000.000,
 
001673482,000000000,000000000,0000.000,0000.000,0000.000,
 
001673502,000000000,000000000,0000.000,0000.000,0000.000,
 
001673522,000000000,000000000,0000.000,0000.000,0000.000,
 
001673542,000000000,000000000,0000.000,0000.000,0000.000,
 
001673562,000000000,000000000,0000.000,0000.000,0000.000,
 
001673582,000000000,000000000,0000.000,0000.000,0000.000,
 
001673602,000000000,000000000,0000.000,0000.000,0000.000,
 
001673622,000000000,000000000,0000.000,0000.000,0000.000,
 
001673642,000000000,000000000,0000.000,0000.000,0000.000,
 
001673662,000000000,000000000,0000.000,0000.000,0000.000,
 
001673682,000000000,000000000,0000.000,0000.000,0000.000,
 
001673702,000000000,000000000,0000.000,0000.000,0000.000,
 
001673722,000000000,000000000,0000.000,0000.000,0000.000,
 
001673742,000000000,000000000,0000.000,0000.000,0000.000,
 
001673762,000000000,000000000,0000.000,0000.000,0000.000,
 
001673782,000000000,000000000,0000.000,0000.000,0000.000,
 
001673802,000000000,000000000,0000.000,0000.000,0000.000,
 
001673822,000000000,000000000,0000.000,0000.000,0000.000,
 
001673842,000000000,000000000,0000.000,0000.000,0000.000,
 
001673862,000000000,000000000,0000.000,0000.000,0000.000,
 
001673882,000000000,000000000,0000.000,0000.000,0000.000,
 
001673902,000000000,000000000,0000.000,0000.000,0000.000,
 
001673922,000000000,000000000,0000.000,0000.000,0000.000,
 
001673942,000000000,000000000,0000.000,0000.000,0000.000,
 
001673962,000000000,000000000,0000.000,0000.000,0000.000,
 
001673982,000000000,000000000,0000.000,0000.000,0000.000,
 
001674002,000000000,000000000,0000.000,0000.000,0000.000,
 
001674022,000000000,000000000,0000.000,0000.000,0000.000,
 
001674042,000000000,000000000,0000.000,0000.000,0000.000,
 
001674062,000000000,000000000,0000.000,0000.000,0000.000,
 
001674082,000000000,000000000,0000.000,0000.000,0000.000,
 
001674102,000000000,000000000,0000.000,0000.000,0000.000,
 
001674122,000000000,000000000,0000.000,0000.000,0000.000,
 
001674142,000000000,000000000,0000.000,0000.000,0000.000,
 
001674162,000000000,000000000,0000.000,0000.000,0000.000,
 
001674182,000000000,000000000,0000.000,0000.000,0000.000,
 
001674202,000000000,000000000,0000.000,0000.000,0000.000,
 
001674222,000000000,000000000,0000.000,0000.000,0000.000,
 
001674242,000000000,000000000,0000.000,0000.000,0000.000,
 
001674262,000000000,000000000,0000.000,0000.000,0000.000,
 
001674282,000000000,000000000,0000.000,0000.000,0000.000,
 
001674302,000000000,000000000,0000.000,0000.000,0000.000,
 
001674322,000000000,000000000,0000.000,0000.000,0000.000,
 
001674342,000000000,000000000,0000.000,0000.000,0000.000,
 
001674362,000000000,000000000,0000.000,0000.000,0000.000,
 
001674382,000000000,000000000,0000.000,0000.000,0000.000,
 
001674402,000000000,000000000,0000.000,0000.000,0000.000,
 
001674422,000000000,000000000,0000.000,0000.000,0000.000,
 
001674442,000000000,000000000,0000.000,0000.000,0000.000,
 
001674462,000000000,000000000,0000.000,0000.000,0000.000,
 
001674482,000000000,000000000,0000.000,0000.000,0000.000,
 
001674502,000000000,000000000,0000.000,0000.000,0000.000,
 
001674522,000000000,000000000,0000.000,0000.000,0000.000,
 
001674542,000000000,000000000,0000.000,0000.000,0000.000,
 
001674562,000000000,000000000,0000.000,0000.000,0000.000,
 
001674582,000000000,000000000,0000.000,0000.000,0000.000,
 
001674602,000000000,000000000,0000.000,0000.000,0000.000,
 
001674622,000000000,000000000,0000.000,0000.000,0000.000,
 
001674642,000000000,000000000,0000.000,0000.000,0000.000,
 
001674662,000000000,000000000,0000.000,0000.000,0000.000,
 
001674682,000000000,000000000,0000.000,0000.000,0000.000,
 
001674702,000000000,000000000,0000.000,0000.000,0000.000,
 
001674722,000000000,000000000,0000.000,0000.000,0000.000,
 
001674742,000000000,000000000,0000.000,0000.000,0000.000,
 
001674762,000000000,000000000,0000.000,0000.000,0000.000,
 
001674782,000000000,000000000,0000.000,0000.000,0000.000,
 
001674802,000000000,000000000,0000.000,0000.000,0000.000,
 
001674822,000000000,000000000,0000.000,0000.000,0000.000,
 
001674842,000000000,000000000,0000.000,0000.000,0000.000,
 
001674862,000000000,000000000,0000.000,0000.000,0000.000,
 
001674882,000000000,000000000,0000.000,0000.000,0000.000,
 
001674902,000000000,000000000,0000.000,0000.000,0000.000,
 
001674922,000000000,000000000,0000.000,0000.000,0000.000,
 
001674942,000000000,000000000,0000.000,0000.000,0000.000,
 
001674962,000000000,000000000,0000.000,0000.000,0000.000,
 
001674982,000000000,000000000,0000.000,0000.000,0000.000,
 
001675002,000000000,000000000,0000.000,0000.000,0000.000,
 
001675022,000000000,000000000,0000.000,0000.000,0000.000,
 
001675042,000000000,000000000,0000.000,0000.000,0000.000,
 
001675062,000000000,000000000,0000.000,0000.000,0000.000,
 
001675082,000000000,000000000,0000.000,0000.000,0000.000,
 
001675102,000000000,000000000,0000.000,0000.000,0000.000,
 
001675122,000000000,000000000,0000.000,0000.000,0000.000,
 
001675142,000000000,000000000,0000.000,0000.000,0000.000,
 
001675162,000000000,000000000,0000.000,0000.000,0000.000,
 
001675182,000000000,000000000,0000.000,0000.000,0000.000,
 
001675202,000000000,000000000,0000.000,0000.000,0000.000,
 
001675222,000000000,000000000,0000.000,0000.000,0000.000,
 
001675242,000000000,000000000,0000.000,0000.000,0000.000,
 
001675262,000000000,000000000,0000.000,0000.000,0000.000,
 
001675282,000000000,000000000,0000.000,0000.000,0000.000,
 
001675302,000000000,000000000,0000.000,0000.000,0000.000,
 
001675322,000000000,000000000,0000.000,0000.000,0000.000,
 
001675342,000000000,000000000,0000.000,0000.000,0000.000,
 
001675362,000000000,000000000,0000.000,0000.000,0000.000,
 
001675382,000000000,000000000,0000.000,0000.000,0000.000,
 
001675402,000000000,000000000,0000.000,0000.000,0000.000,
 
001675422,000000000,000000000,0000.000,0000.000,0000.000,
 
001675442,000000000,000000000,0000.000,0000.000,0000.000,
 
001675462,000000000,000000000,0000.000,0000.000,0000.000,
 
001675482,000000000,000000000,0000.000,0000.000,0000.000,
 
001675502,000000000,000000000,0000.000,0000.000,0000.000,
 
001675522,000000000,000000000,0000.000,0000.000,0000.000,
 
001675542,000000000,000000000,0000.000,0000.000,0000.000,
 
001675562,000000000,000000000,0000.000,0000.000,0000.000,
 
001675582,000000000,000000000,0000.000,0000.000,0000.000,
 
001675602,000000000,000000000,0000.000,0000.000,0000.000,
 
001675622,-00000001,000000000,0000.000,0000.000,0000.000,
 
001675642,000000000,-00000007,0000.000,0000.000,0000.000,
 
001675662,-00000002,-00000014,0000.000,0000.000,0000.000,
 
001675682,-00000004,-00000018,0000.000,0000.000,0000.000,
 
001675702,-00000003,-00000025,0000.000,0000.000,0000.000,
 
001675722,-00000004,-00000025,0000.000,0000.000,0000.000,
 
001675742,-00000004,-00000025,0000.000,0000.000,0000.000,
 
001675762,-00000004,-00000025,0000.000,0000.000,0000.000,
 
001675782,-00000002,-00000025,0000.000,0000.000,0000.000,
 
001675802,-00000002,-00000025,0000.000,0000.000,0000.000,
 
001675822,-00000001,-00000015,0000.000,0000.000,0000.000,
 
001675842,-00000001,-00000014,0000.000,0000.000,0000.000,
 
001675862,-00000001,-00000025,0000.000,0000.000,0000.000,
 
001675882,-00000001,-00000025,0000.000,0000.000,0000.000,
 
001675902,000000000,-00000025,0000.000,0000.000,0000.000,
 
001675922,000000000,-00000025,0000.000,0000.000,0000.000,
 
001675942,000000000,-00000025,0000.000,0000.000,0000.000,
 
001675962,000000001,-00000025,0000.000,0000.000,0000.000,
 
001675982,000000002,-00000027,0000.000,0000.000,0000.000,
 
001676002,000000002,-00000029,0000.000,0000.000,0000.000,
 
001676022,000000001,-00000029,0000.000,0000.000,0000.000,
 
001676042,000000002,-00000028,0000.000,0000.000,0000.000,
 
001676062,000000001,-00000028,0000.000,0000.000,0000.000,
 
001676082,000000000,-00000027,0000.000,0000.000,0000.000,
 
001676102,000000001,-00000026,0000.000,0000.000,0000.000,
 
001676122,000000001,-00000025,0000.000,0000.000,0000.000,
 
001676142,000000000,-00000025,0000.000,0000.000,0000.000,
 
001676162,000000001,-00000025,0000.000,0000.000,0000.000,
 
001676182,000000000,-00000026,0000.000,0000.000,0000.000,
 
001676202,000000000,-00000027,0000.000,0000.000,0000.000,
 
001676222,000000000,-00000028,0000.000,0000.000,0000.000,
 
001676242,-00000001,-00000030,0000.000,0000.000,0000.000,
 
001676262,000000000,-00000030,0000.000,0000.000,0000.000,
 
001676282,000000000,-00000032,0000.000,0000.000,0000.000,
 
001676302,000000000,-00000049,0000.000,0000.000,0000.000,
 
001676322,000000001,-00000036,0000.000,0000.000,0000.000,
 
001676342,000000000,-00000036,0000.000,0000.000,0000.000,
 
001676362,000000001,-00000049,0000.000,0000.000,0000.000,
 
001676382,000000000,-00000038,0000.000,0000.000,0000.000,
 
001676402,000000000,-00000049,0000.000,0000.000,0000.000,
 
001676422,000000000,-00000043,0000.000,0000.000,0000.000,
 
001676442,-00000001,-00000044,0000.000,0000.000,0000.000,
 
001676462,000000000,-00000049,0000.000,0000.000,0000.000,
 
001676482,000000000,-00000048,0000.000,0000.000,0000.000,
 
001676502,-00000002,-00000049,0000.000,0000.000,0000.000,
 
001676522,-00000001,-00000045,0000.000,0000.000,0000.000,
 
001676542,-00000001,-00000049,0000.000,0000.000,0000.000,
 
001676562,000000000,-00000044,0000.000,0000.000,0000.000,
 
001676582,000000000,-00000049,0000.000,0000.000,0000.000,
 
001676602,-00000002,-00000049,0000.000,0000.000,0000.000,
 
001676622,000000000,-00000043,0000.000,0000.000,0000.000,
 
001676642,000000000,-00000049,0000.000,0000.000,0000.000,
 
001676662,000000003,-00000044,0000.000,0000.000,0000.000,
 
001676682,000000002,-00000049,0000.000,0000.000,0000.000,
 
001676702,000000000,-00000045,0000.000,0000.000,0000.000,
 
001676722,-00000001,-00000049,0000.000,0000.000,0000.000,
 
001676742,000000000,-00000044,0000.000,0000.000,0000.000,
 
001676762,000000000,-00000049,0000.000,0000.000,0000.000,
 
001676782,000000000,-00000048,0000.000,0000.000,0000.000,
 
001676802,000000000,-00000049,0000.000,0000.000,0000.000,
 
001676822,000000000,-00000049,0000.000,0000.000,0000.000,
 
001676842,000000000,-00000049,0000.000,0000.000,0000.000,
 
001676862,000000001,-00000047,0000.000,0000.000,0000.000,
 
001676882,000000000,-00000049,0000.000,0000.000,0000.000,
 
001676902,000000001,-00000046,0000.000,0000.000,0000.000,
 
001676922,000000001,-00000049,0000.000,0000.000,0000.000,
 
001676942,000000001,-00000046,0000.000,0000.000,0000.000,
 
001676962,000000003,-00000049,0000.000,0000.000,0000.000,
 
001676982,000000003,-00000043,0000.000,0000.000,0000.000,
 
001677002,000000002,-00000049,0000.000,0000.000,0000.000,
 
001677022,000000002,-00000041,0000.000,0000.000,0000.000,
 
001677042,000000001,-00000049,0000.000,0000.000,0000.000,
 
001677062,000000003,-00000044,0000.000,0000.000,0000.000,
 
001677082,000000002,-00000047,0000.000,0000.000,0000.000,
 
001677102,000000002,-00000048,0000.000,0000.000,0000.000,
 
001677122,000000000,-00000050,0000.000,0000.000,0000.000,
 
001677142,000000000,-00000053,0000.000,0000.000,0000.000,
 
001677162,-00000001,-00000054,0000.000,0000.000,0000.000,
 
001677182,000000000,-00000053,0000.000,0000.000,0000.000,
 
001677202,000000000,-00000058,0000.000,0000.000,0000.000,
 
001677222,000000001,-00000060,0000.000,0000.000,0000.000,
 
001677242,000000002,-00000065,0000.000,0000.000,0000.000,
 
001677262,000000000,-00000068,0000.000,0000.000,0000.000,
 
001677282,000000000,-00000068,0000.000,0000.000,0000.000,
 
001677302,000000000,-00000068,0000.000,0000.000,0000.000,
 
001677322,000000001,-00000068,0000.000,0000.000,0000.000,
 
001677342,000000000,-00000064,0000.000,0000.000,0000.000,
 
001677362,000000001,-00000061,0000.000,0000.000,0000.000,
 
001677382,000000000,-00000058,0000.000,0000.000,0000.000,
 
001677402,000000001,-00000057,0000.000,0000.000,0000.000,
 
001677422,000000000,-00000057,0000.000,0000.000,0000.000,
 
001677442,-00000001,-00000055,0000.000,0000.000,0000.000,
 
001677462,000000000,-00000056,0000.000,0000.000,0000.000,
 
001677482,-00000001,-00000056,0000.000,0000.000,0000.000,
 
001677502,-00000001,-00000056,0000.000,0000.000,0000.000,
 
001677522,-00000001,-00000058,0000.000,0000.000,0000.000,
 
001677542,-00000002,-00000058,0000.000,0000.000,0000.000,
 
001677562,000000000,-00000059,0000.000,0000.000,0000.000,
 
001677582,-00000001,-00000057,0000.000,0000.000,0000.000,
 
001677602,000000000,-00000057,0000.000,0000.000,0000.000,
 
001677622,-00000001,-00000056,0000.000,0000.000,0000.000,
 
001677642,000000000,-00000055,0000.000,0000.000,0000.000,
 
001677662,000000000,-00000055,0000.000,0000.000,0000.000,
 
001677682,000000000,-00000052,0000.000,0000.000,0000.000,
 
001677702,000000001,-00000052,0000.000,0000.000,0000.000,
 
001677722,000000001,-00000053,0000.000,0000.000,0000.000,
 
001677742,000000002,-00000053,0000.000,0000.000,0000.000,
 
001677762,000000002,-00000052,0000.000,0000.000,0000.000,
 
001677782,000000002,-00000050,0000.000,0000.000,0000.000,
 
001677802,000000000,-00000052,0000.000,0000.000,0000.000,
 
001677822,000000000,-00000051,0000.000,0000.000,0000.000,
 
001677842,000000000,-00000052,0000.000,0000.000,0000.000,
 
001677862,-00000001,-00000052,0000.000,0000.000,0000.000,
 
001677882,-00000001,-00000053,0000.000,0000.000,0000.000,
 
001677902,-00000002,-00000053,0000.000,0000.000,0000.000,
 
001677922,-00000004,-00000053,0000.000,0000.000,0000.000,
 
001677942,-00000003,-00000053,0000.000,0000.000,0000.000,
 
001677962,-00000004,-00000055,0000.000,0000.000,0000.000,
 
001677982,-00000004,-00000056,0000.000,0000.000,0000.000,
 
001678002,-00000003,-00000056,0000.000,0000.000,0000.000,
 
001678022,-00000002,-00000056,0000.000,0000.000,0000.000,
 
001678042,-00000001,-00000055,0000.000,0000.000,0000.000,
 
001678062,-00000001,-00000054,0000.000,0000.000,0000.000,
 
001678082,-00000001,-00000056,0000.000,0000.000,0000.000,
 
001678102,000000000,-00000056,0000.000,0000.000,0000.000,
 
001678122,-00000001,-00000057,0000.000,0000.000,0000.000,
 
001678142,-00000001,-00000056,0000.000,0000.000,0000.000,
 
001678162,-00000001,-00000058,0000.000,0000.000,0000.000,
 
001678182,-00000001,-00000059,0000.000,0000.000,0000.000,
 
001678202,000000000,-00000060,0000.000,0000.000,0000.000,
 
001678222,000000002,-00000059,0000.000,0000.000,0000.000,
 
001678242,000000000,-00000058,0000.000,0000.000,0000.000,
 
001678262,000000000,-00000058,0000.000,0000.000,0000.000,
 
001678282,-00000001,-00000056,0000.000,0000.000,0000.000,
 
001678302,000000000,-00000056,0000.000,0000.000,0000.000,
 
001678322,000000003,-00000056,0000.000,0000.000,0000.000,
 
001678342,000000003,-00000058,0000.000,0000.000,0000.000,
 
001678362,000000002,-00000057,0000.000,0000.000,0000.000,
 
001678382,000000001,-00000058,0000.000,0000.000,0000.000,
 
001678402,000000001,-00000057,0000.000,0000.000,0000.000,
 
001678422,000000000,-00000057,0000.000,0000.000,0000.000,
 
001678442,000000000,-00000053,0000.000,0000.000,0000.000,
 
001678462,000000000,-00000053,0000.000,0000.000,0000.000,
 
001678482,000000002,-00000053,0000.000,0000.000,0000.000,
 
001678502,000000001,-00000053,0000.000,0000.000,0000.000,
 
001678522,000000001,-00000049,0000.000,0000.000,0000.000,
 
001678542,000000001,-00000049,0000.000,0000.000,0000.000,
 
001678562,000000000,-00000046,0000.000,0000.000,0000.000,
 
001678582,000000000,-00000044,0000.000,0000.000,0000.000,
 
001678602,000000000,-00000049,0000.000,0000.000,0000.000,
 
001678622,000000000,-00000043,0000.000,0000.000,0000.000,
 
001678642,000000000,-00000044,0000.000,0000.000,0000.000,
 
001678662,000000000,-00000049,0000.000,0000.000,0000.000,
 
001678682,-00000001,-00000049,0000.000,0000.000,0000.000,
 
001678702,000000000,-00000042,0000.000,0000.000,0000.000,
 
001678722,000000000,-00000043,0000.000,0000.000,0000.000,
 
001678742,000000001,-00000049,0000.000,0000.000,0000.000,
 
001678762,000000000,-00000045,0000.000,0000.000,0000.000,
 
001678782,000000000,-00000046,0000.000,0000.000,0000.000,
 
001678802,000000000,-00000049,0000.000,0000.000,0000.000,
 
001678822,-00000002,-00000049,0000.000,0000.000,0000.000,
 
001678842,-00000007,-00000049,0000.000,0000.000,0000.000,
 
001678862,-00000003,-00000049,0000.000,0000.000,0000.000,
 
001678882,000000000,-00000049,0000.000,0000.000,0000.000,
 
001678902,000000000,-00000045,0000.000,0000.000,0000.000,
 
001678922,000000000,-00000044,0000.000,0000.000,0000.000,
 
001678942,000000000,-00000049,0000.000,0000.000,0000.000,
 
001678962,000000001,-00000049,0000.000,0000.000,0000.000,
 
001678982,000000000,-00000044,0000.000,0000.000,0000.000,
 
001679002,-00000002,-00000044,0000.000,0000.000,0000.000,
 
001679022,-00000002,-00000049,0000.000,0000.000,0000.000,
 
001679042,-00000002,-00000042,0000.000,0000.000,0000.000,
 
001679062,-00000002,-00000041,0000.000,0000.000,0000.000,
 
001679082,-00000001,-00000049,0000.000,0000.000,0000.000,
 
001679102,-00000001,-00000049,0000.000,0000.000,0000.000,
 
001679122,-00000002,-00000041,0000.000,0000.000,0000.000,
 
001679142,-00000001,-00000040,0000.000,0000.000,0000.000,
 
001679162,000000000,-00000049,0000.000,0000.000,0000.000,
 
001679182,-00000001,-00000049,0000.000,0000.000,0000.000,
 
001679202,-00000001,-00000046,0000.000,0000.000,0000.000,
 
001679222,-00000003,-00000046,0000.000,0000.000,0000.000,
 
001679242,-00000004,-00000049,0000.000,0000.000,0000.000,
 
001679262,-00000007,-00000049,0000.000,0000.000,0000.000,
 
001679282,-00000007,-00000048,0000.000,0000.000,0000.000,
 
001679302,-00000007,-00000050,0000.000,0000.000,0000.000,
 
001679322,-00000007,-00000052,0000.000,0000.000,0000.000,
 
001679342,-00000007,-00000050,0000.000,0000.000,0000.000,
 
001679362,-00000007,-00000049,0000.000,0000.000,0000.000,
 
001679382,-00000007,-00000049,0000.000,0000.000,0000.000,
 
001679402,-00000005,-00000052,0000.000,0000.000,0000.000,
 
001679422,-00000003,-00000052,0000.000,0000.000,0000.000,
 
001679442,-00000004,-00000052,0000.000,0000.000,0000.000,
 
001679462,-00000007,-00000051,0000.000,0000.000,0000.000,
 
001679482,-00000002,-00000053,0000.000,0000.000,0000.000,
 
001679502,-00000001,-00000052,0000.000,0000.000,0000.000,
 
001679522,000000000,-00000053,0000.000,0000.000,0000.000,
 
001679542,000000000,-00000053,0000.000,0000.000,0000.000,
 
001679562,000000000,-00000052,0000.000,0000.000,0000.000,
 
001679582,000000000,-00000052,0000.000,0000.000,0000.000,
 
001679602,000000000,-00000051,0000.000,0000.000,0000.000,
 
001679622,000000000,-00000049,0000.000,0000.000,0000.000,
 
001679642,000000001,-00000047,0000.000,0000.000,0000.000,
 
001679662,000000004,-00000049,0000.000,0000.000,0000.000,
 
001679682,000000004,-00000049,0000.000,0000.000,0000.000,
 
001679702,000000005,-00000043,0000.000,0000.000,0000.000,
 
001679722,000000003,-00000042,0000.000,0000.000,0000.000,
 
001679742,000000004,-00000049,0000.000,0000.000,0000.000,
 
001679762,000000002,-00000049,0000.000,0000.000,0000.000,
 
001679782,000000002,-00000037,0000.000,0000.000,0000.000,
 
001679802,000000003,-00000036,0000.000,0000.000,0000.000,
 
001679822,000000003,-00000034,0000.000,0000.000,0000.000,
 
001679842,000000001,-00000049,0000.000,0000.000,0000.000,
 
001679862,000000000,-00000049,0000.000,0000.000,0000.000,
 
001679882,000000001,-00000036,0000.000,0000.000,0000.000,
 
001679902,000000001,-00000037,0000.000,0000.000,0000.000,
 
001679922,000000000,-00000035,0000.000,0000.000,0000.000,
 
001679942,000000000,-00000049,0000.000,0000.000,0000.000,
 
001679962,000000000,-00000049,0000.000,0000.000,0000.000,
 
001679982,000000000,-00000037,0000.000,0000.000,0000.000,
 
001680002,000000000,-00000038,0000.000,0000.000,0000.000,
 
001680022,000000000,-00000038,0000.000,0000.000,0000.000,
 
001680042,000000000,-00000049,0000.000,0000.000,0000.000,
 
001680062,-00000002,-00000049,0000.000,0000.000,0000.000,
 
001680082,-00000001,-00000049,0000.000,0000.000,0000.000,
 
001680102,000000000,-00000039,0000.000,0000.000,0000.000,
 
001680122,000000000,-00000039,0000.000,0000.000,0000.000,
 
001680142,-00000001,-00000049,0000.000,0000.000,0000.000,
 
001680162,-00000001,-00000049,0000.000,0000.000,0000.000,
 
001680182,-00000003,-00000049,0000.000,0000.000,0000.000,
 
001680202,-00000004,-00000042,0000.000,0000.000,0000.000,
 
001680222,-00000001,-00000043,0000.000,0000.000,0000.000,
 
001680242,-00000001,-00000041,0000.000,0000.000,0000.000,
 
001680262,-00000001,-00000049,0000.000,0000.000,0000.000,
 
001680282,-00000002,-00000049,0000.000,0000.000,0000.000,
 
001680302,-00000001,-00000049,0000.000,0000.000,0000.000,
 
001680322,-00000001,-00000043,0000.000,0000.000,0000.000,
 
001680342,-00000001,-00000043,0000.000,0000.000,0000.000,
 
001680362,-00000003,-00000049,0000.000,0000.000,0000.000,
 
001680382,-00000003,-00000049,0000.000,0000.000,0000.000,
 
001680402,-00000004,-00000049,0000.000,0000.000,0000.000,
 
001680422,-00000004,-00000043,0000.000,0000.000,0000.000,
 
001680442,-00000004,-00000043,0000.000,0000.000,0000.000,
 
001680462,-00000002,-00000043,0000.000,0000.000,0000.000,
 
001680482,000000000,-00000049,0000.000,0000.000,0000.000,
 
001680502,-00000001,-00000049,0000.000,0000.000,0000.000,
 
001680522,-00000001,-00000049,0000.000,0000.000,0000.000,
 
001680542,-00000001,-00000049,0000.000,0000.000,0000.000,
 
001680562,000000000,-00000039,0000.000,0000.000,0000.000,
 
001680582,000000000,-00000037,0000.000,0000.000,0000.000,
 
001680602,000000000,-00000036,0000.000,0000.000,0000.000,
 
001680622,-00000001,-00000049,0000.000,0000.000,0000.000,
 
001680642,-00000001,-00000049,0000.000,0000.000,0000.000,
 
001680662,-00000001,-00000031,0000.000,0000.000,0000.000,
 
001680682,000000000,-00000030,0000.000,0000.000,0000.000,
 
001680702,000000000,-00000029,0000.000,0000.000,0000.000,
 
001680722,000000000,-00000029,0000.000,0000.000,0000.000,
 
001680742,-00000001,-00000029,0000.000,0000.000,0000.000,
 
001680762,-00000001,-00000029,0000.000,0000.000,0000.000,
 
001680782,-00000002,-00000028,0000.000,0000.000,0000.000,
 
001680802,-00000002,-00000029,0000.000,0000.000,0000.000,
 
001680822,-00000001,-00000027,0000.000,0000.000,0000.000,
 
001680842,-00000001,-00000026,0000.000,0000.000,0000.000,
 
001680862,-00000001,-00000025,0000.000,0000.000,0000.000,
 
001680882,-00000001,-00000025,0000.000,0000.000,0000.000,
 
001680902,-00000002,-00000025,0000.000,0000.000,0000.000,
 
001680922,-00000002,-00000025,0000.000,0000.000,0000.000,
 
001680942,-00000002,-00000025,0000.000,0000.000,0000.000,
 
001680962,-00000002,-00000016,0000.000,0000.000,0000.000,
 
001680982,-00000002,-00000016,0000.000,0000.000,0000.000,
 
001681002,-00000002,-00000025,0000.000,0000.000,0000.000,
 
001681022,-00000001,-00000013,0000.000,0000.000,0000.000,
 
001681042,000000000,-00000013,0000.000,0000.000,0000.000,
 
001681062,-00000003,-00000014,0000.000,0000.000,0000.000,
 
001681082,-00000004,-00000016,0000.000,0000.000,0000.000,
 
001681102,-00000002,-00000015,0000.000,0000.000,0000.000,
 
001681122,-00000004,-00000014,0000.000,0000.000,0000.000,
 
001681142,-00000002,-00000013,0000.000,0000.000,0000.000,
 
001681162,-00000002,-00000013,0000.000,0000.000,0000.000,
 
001681182,000000000,-00000013,0000.000,0000.000,0000.000,
 
001681202,-00000001,-00000013,0000.000,0000.000,0000.000,
 
001681222,000000000,-00000013,0000.000,0000.000,0000.000,
 
001681242,000000000,-00000008,0000.000,0000.000,0000.000,
 
001681262,-00000001,-00000007,0000.000,0000.000,0000.000,
 
001681282,000000000,-00000007,0000.000,0000.000,0000.000,
 
001681302,000000000,-00000002,0000.000,0000.000,0000.000,
 
001681322,000000000,-00000001,0000.000,0000.000,0000.000,
 
001681342,000000000,000000000,0000.000,0000.000,0000.000,
 
001681362,000000000,000000000,0000.000,0000.000,0000.000,
 
001681382,000000000,000000000,0000.000,0000.000,0000.000,
 
001681402,000000000,000000000,0000.000,0000.000,0000.000,
 
001681422,000000000,000000000,0000.000,0000.000,0000.000,
 
001681442,000000000,000000000,0000.000,0000.000,0000.000,
 
001681462,000000000,000000000,0000.000,0000.000,0000.000,
 
001681482,000000000,000000000,0000.000,0000.000,0000.000,
 
001681502,000000000,000000000,0000.000,0000.000,0000.000,
 
001681522,000000000,000000000,0000.000,0000.000,0000.000,
 
001681542,000000000,000000000,0000.000,0000.000,0000.000,
 
001681562,000000000,000000000,0000.000,0000.000,0000.000,
 
001681582,000000000,000000000,0000.000,0000.000,0000.000,
 
001681602,000000000,000000000,0000.000,0000.000,0000.000,
 
001681622,000000000,000000000,0000.000,0000.000,0000.000,
 
001681642,000000000,000000000,0000.000,0000.000,0000.000,
 
001681662,000000000,000000000,0000.000,0000.000,0000.000,
 
001681682,000000000,000000000,0000.000,0000.000,0000.000,
 
001681702,000000000,000000000,0000.000,0000.000,0000.000,
 
001681722,000000000,000000000,0000.000,0000.000,0000.000,
 
001681742,000000000,000000000,0000.000,0000.000,0000.000,
 
001681762,000000000,000000000,0000.000,0000.000,0000.000,
 
001681782,000000000,000000000,0000.000,0000.000,0000.000,
 
001681802,000000000,000000000,0000.000,0000.000,0000.000,
 
001681822,000000000,000000000,0000.000,0000.000,0000.000,
 
001681842,000000000,000000000,0000.000,0000.000,0000.000,
 
001681862,000000000,000000000,0000.000,0000.000,0000.000,
 
001681882,000000000,000000000,0000.000,0000.000,0000.000,
 
001681902,000000000,000000000,0000.000,0000.000,0000.000,
 
001681922,000000000,000000000,0000.000,0000.000,0000.000,
 
001681942,000000000,000000000,0000.000,0000.000,0000.000,
 
001681962,000000000,000000000,0000.000,0000.000,0000.000,
 
001681982,000000000,000000000,0000.000,0000.000,0000.000,
 
001682002,000000000,000000000,0000.000,0000.000,0000.000,
 
001682022,000000000,000000000,0000.000,0000.000,0000.000,
 
001682042,000000000,000000000,0000.000,0000.000,0000.000,
 
001682062,000000000,000000000,0000.000,0000.000,0000.000,
 
001682082,000000000,000000000,0000.000,0000.000,0000.000,
 
001682102,000000000,000000000,0000.000,0000.000,0000.000,
 
001682122,000000000,000000000,0000.000,0000.000,0000.000,
 
001682142,000000000,000000000,0000.000,0000.000,0000.000,
 
001682162,000000000,000000000,0000.000,0000.000,0000.000,
 
001682182,000000000,000000000,0000.000,0000.000,0000.000,
 
001682202,000000000,000000000,0000.000,0000.000,0000.000,
 
001682222,000000000,000000000,0000.000,0000.000,0000.000,
 
001682242,000000000,000000000,0000.000,0000.000,0000.000,
 
001682262,000000000,000000000,0000.000,0000.000,0000.000,
 
001682282,000000000,000000000,0000.000,0000.000,0000.000,
 
001682302,000000000,000000000,0000.000,0000.000,0000.000,
 
001682322,000000000,000000000,0000.000,0000.000,0000.000,
 
001682342,000000000,000000000,0000.000,0000.000,0000.000,
 
001682362,000000000,000000000,0000.000,0000.000,0000.000,
 
001682382,000000000,000000000,0000.000,0000.000,0000.000,
 
001682402,000000000,000000000,0000.000,0000.000,0000.000,
 
001682422,000000000,000000000,0000.000,0000.000,0000.000,
 
001682442,000000000,000000000,0000.000,0000.000,0000.000,
 
001682462,000000000,000000000,0000.000,0000.000,0000.000,
 
001682482,000000000,000000000,0000.000,0000.000,0000.000,
 
001682502,000000000,000000000,0000.000,0000.000,0000.000,
 
001682522,000000000,000000000,0000.000,0000.000,0000.000,
 
001682542,000000000,000000000,0000.000,0000.000,0000.000,
 
001682562,000000000,000000000,0000.000,0000.000,0000.000,
 
001682582,000000000,000000000,0000.000,0000.000,0000.000,
 
001682602,000000000,000000000,0000.000,0000.000,0000.000,
 
001682622,000000000,000000000,0000.000,0000.000,0000.000,
 
001682642,000000000,000000000,0000.000,0000.000,0000.000,
 
001682662,000000000,000000000,0000.000,0000.000,0000.000,
 
001682682,000000000,000000000,0000.000,0000.000,0000.000,
 
001682702,000000000,000000000,0000.000,0000.000,0000.000,
 
001682722,000000000,000000000,0000.000,0000.000,0000.000,
 
001682742,000000000,000000000,0000.000,0000.000,0000.000,
 
001682762,000000000,000000000,0000.000,0000.000,0000.000,
 
001682782,000000000,000000000,0000.000,0000.000,0000.000,
 
001682802,000000000,000000000,0000.000,0000.000,0000.000,
 
001682822,000000000,000000000,0000.000,0000.000,0000.000,
 
001682842,000000000,000000000,0000.000,0000.000,0000.000,
 
001682862,000000000,000000000,0000.000,0000.000,0000.000,
 
001682882,000000000,000000000,0000.000,0000.000,0000.000,
 
001682902,000000000,000000000,0000.000,0000.000,0000.000,
 
