-99.00,200.00,1062.00
 
-102.00,199.00,1061.00
 
-101.00,196.00,1064.00
 
-99.00,201.00,1060.00
 
-99.00,200.00,1066.00
 
-99.00,200.00,1065.00
 
-101.00,197.00,1063.00
 
-99.00,200.00,1059.00
 
-103.00,199.00,1063.00
 
-101.00,205.00,1063.00
 
-98.00,201.00,1065.00
 
-102.00,200.00,1063.00
 
-99.00,200.00,1067.00
 
-100.00,200.00,1062.00
 
-101.00,199.00,1059.00
 
-98.00,201.00,1063.00
 
-103.00,198.00,1063.00
 
-98.00,200.00,1060.00
 
-104.00,199.00,1063.00
 
-100.00,201.00,1063.00
 
-101.00,199.00,1065.00
 
-99.00,199.00,1063.00
 
-101.00,199.00,1064.00
 
-99.00,200.00,1060.00
 
-98.00,200.00,1063.00
 
-98.00,200.00,1061.00
 
-99.00,198.00,1061.00
 
-100.00,199.00,1063.00
 
-98.00,199.00,1067.00
 
-99.00,199.00,1064.00
 
-96.00,199.00,1063.00
 
-102.00,201.00,1063.00
 
-100.00,201.00,1064.00
 
-99.00,199.00,1063.00
 
-102.00,201.00,1062.00
 
-100.00,201.00,1061.00
 
-98.00,200.00,1064.00
 
-102.00,201.00,1068.00
 
-101.00,200.00,1062.00
 
-100.00,203.00,1064.00
 
-99.00,206.00,1061.00
 
-100.00,201.00,1062.00
 
-100.00,201.00,1061.00
 
-98.00,199.00,1062.00
 
-101.00,201.00,1062.00
 
-99.00,202.00,1061.00
 
-100.00,198.00,1063.00
 
-103.00,202.00,1064.00
 
-99.00,201.00,1061.00
 
-101.00,199.00,1063.00
 
-99.00,200.00,1063.00
 
-99.00,201.00,1060.00
 
-99.00,201.00,1062.00
 
-103.00,202.00,1065.00
 
-100.00,201.00,1062.00
 
-101.00,202.00,1062.00
 
-99.00,199.00,1061.00
 
-98.00,197.00,1064.00
 
-98.00,201.00,1063.00
 
-98.00,198.00,1065.00
 
-98.00,197.00,1062.00
 
-99.00,202.00,1063.00
 
-100.00,201.00,1064.00
 
-98.00,203.00,1061.00
 
-97.00,203.00,1063.00
 
-99.00,199.00,1065.00
 
-99.00,200.00,1061.00
 
-102.00,199.00,1063.00
 
-100.00,200.00,1055.00
 
-98.00,197.00,1061.00
 
-99.00,197.00,1062.00
 
-101.00,202.00,1062.00
 
-99.00,200.00,1065.00
 
-100.00,200.00,1063.00
 
-99.00,202.00,1065.00
 
-97.00,199.00,1063.00
 
-100.00,201.00,1062.00
 
-99.00,201.00,1062.00
 
-103.00,199.00,1054.00
 
-97.00,200.00,1060.00
 
-100.00,200.00,1063.00
 
-100.00,199.00,1059.00
 
-103.00,199.00,1061.00
 
-100.00,201.00,1061.00
 
-101.00,199.00,1061.00
 
-100.00,198.00,1064.00
 
-100.00,199.00,1066.00
 
-98.00,199.00,1066.00
 
-99.00,200.00,1064.00
 
-99.00,200.00,1064.00
 
-101.00,197.00,1060.00
 
-98.00,199.00,1061.00
 
-101.00,201.00,1064.00
 
-99.00,197.00,1064.00
 
-99.00,198.00,1062.00
 
-102.00,199.00,1064.00
 
-99.00,199.00,1063.00
 
-97.00,198.00,1062.00
 
-99.00,198.00,1064.00
 
-97.00,201.00,1062.00
 
-102.00,201.00,1062.00
 
-98.00,204.00,1059.00
 
-100.00,197.00,1062.00
 
-100.00,199.00,1064.00
 
-103.00,200.00,1061.00
 
-99.00,198.00,1064.00
 
-100.00,197.00,1062.00
 
-98.00,202.00,1062.00
 
-101.00,201.00,1059.00
 
-103.00,198.00,1065.00
 
-99.00,201.00,1061.00
 
-99.00,199.00,1062.00
 
-98.00,201.00,1064.00
 
-100.00,200.00,1065.00
 
-102.00,198.00,1063.00
 
-100.00,200.00,1066.00
 
-100.00,201.00,1064.00
 
-99.00,198.00,1062.00
 
-96.00,200.00,1065.00
 
-101.00,197.00,1065.00
 
-100.00,198.00,1063.00
 
-99.00,198.00,1061.00
 
-98.00,199.00,1065.00
 
-100.00,198.00,1063.00
 
-101.00,200.00,1064.00
 
-98.00,203.00,1064.00
 
-98.00,202.00,1063.00
 
-97.00,200.00,1062.00
 
-99.00,202.00,1063.00
 
-99.00,201.00,1067.00
 
-100.00,201.00,1063.00
 
-101.00,198.00,1060.00
 
-99.00,200.00,1062.00
 
-100.00,200.00,1060.00
 
-99.00,199.00,1062.00
 
-99.00,199.00,1067.00
 
-102.00,196.00,1064.00
 
-98.00,197.00,1062.00
 
-101.00,198.00,1062.00
 
-101.00,200.00,1061.00
 
-99.00,201.00,1060.00
 
-103.00,206.00,1061.00
 
-99.00,201.00,1062.00
 
-100.00,199.00,1064.00
 
-99.00,200.00,1062.00
 
-100.00,201.00,1063.00
 
-99.00,198.00,1064.00
 
-100.00,200.00,1062.00
 
-98.00,198.00,1061.00
 
-98.00,201.00,1065.00
 
-94.00,202.00,1061.00
 
-98.00,198.00,1064.00
 
-99.00,199.00,1065.00
 
-97.00,198.00,1065.00
 
-99.00,203.00,1061.00
 
-99.00,201.00,1061.00
 
-102.00,200.00,1064.00
 
-99.00,196.00,1062.00
 
-98.00,200.00,1064.00
 
-100.00,199.00,1062.00
 
-101.00,200.00,1065.00
 
-101.00,202.00,1059.00
 
-100.00,201.00,1062.00
 
-99.00,201.00,1062.00
 
-100.00,200.00,1058.00
 
-98.00,199.00,1063.00
 
-98.00,199.00,1064.00
 
-102.00,201.00,1061.00
 
-101.00,206.00,1070.00
 
-101.00,200.00,1061.00
 
-99.00,201.00,1063.00
 
-100.00,201.00,1063.00
 
-100.00,201.00,1064.00
 
-101.00,200.00,1059.00
 
-101.00,197.00,1060.00
 
-97.00,200.00,1065.00
 
-100.00,204.00,1063.00
 
-100.00,198.00,1062.00
 
-98.00,200.00,1065.00
 
-99.00,198.00,1062.00
 
-98.00,201.00,1061.00
 
-99.00,197.00,1061.00
 
-100.00,200.00,1063.00
 
-96.00,202.00,1062.00
 
-98.00,199.00,1066.00
 
-100.00,201.00,1063.00
 
-98.00,205.00,1061.00
 
-100.00,198.00,1062.00
 
-99.00,199.00,1060.00
 
-97.00,203.00,1064.00
 
-98.00,200.00,1063.00
 
-101.00,199.00,1064.00
 
-98.00,199.00,1063.00
 
-102.00,200.00,1065.00
 
-101.00,202.00,1067.00
 
-100.00,199.00,1065.00
 
-100.00,200.00,1061.00
 
-100.00,198.00,1065.00
 
-98.00,198.00,1063.00
 
-100.00,199.00,1063.00
 
-98.00,199.00,1062.00
 
-99.00,199.00,1066.00
 
-99.00,201.00,1062.00
 
-99.00,202.00,1061.00
 
-100.00,198.00,1063.00
 
-98.00,200.00,1061.00
 
-98.00,199.00,1065.00
 
-101.00,200.00,1059.00
 
-98.00,200.00,1065.00
 
-99.00,200.00,1063.00
 
-100.00,199.00,1062.00
 
-103.00,201.00,1066.00
 
-101.00,200.00,1066.00
 
-100.00,199.00,1066.00
 
-104.00,201.00,1059.00
 
-100.00,200.00,1061.00
 
-100.00,200.00,1061.00
 
-102.00,200.00,1064.00
 
-101.00,202.00,1062.00
 
-96.00,202.00,1062.00
 
-99.00,201.00,1063.00
 
-101.00,197.00,1062.00
 
-96.00,202.00,1060.00
 
-99.00,200.00,1066.00
 
-100.00,198.00,1061.00
 
-97.00,198.00,1062.00
 
-100.00,200.00,1065.00
 
-101.00,203.00,1065.00
 
-98.00,199.00,1065.00
 
-101.00,201.00,1063.00
 
-99.00,199.00,1064.00
 
-100.00,199.00,1063.00
 
-100.00,198.00,1062.00
 
-99.00,201.00,1062.00
 
-100.00,202.00,1064.00
 
-102.00,198.00,1065.00
 
-97.00,202.00,1062.00
 
-100.00,202.00,1063.00
 
-99.00,200.00,1061.00
 
-97.00,200.00,1065.00
 
-103.00,202.00,1066.00
 
-98.00,200.00,1063.00
 
-102.00,197.00,1062.00
 
-99.00,200.00,1062.00
 
-101.00,200.00,1061.00
 
-98.00,200.00,1061.00
 
-98.00,203.00,1063.00
 
-100.00,199.00,1063.00
 
-100.00,200.00,1061.00
 
-98.00,196.00,1066.00
 
-104.00,207.00,1063.00
 
-98.00,199.00,1071.00
 
-99.00,196.00,1064.00
 
-101.00,201.00,1065.00
 
-100.00,197.00,1062.00
 
-99.00,198.00,1065.00
 
-99.00,200.00,1063.00
 
-100.00,198.00,1061.00
 
-97.00,200.00,1060.00
 
-100.00,197.00,1062.00
 
-102.00,197.00,1064.00
 
-99.00,197.00,1061.00
 
-98.00,202.00,1067.00
 
-96.00,200.00,1064.00
 
-98.00,200.00,1068.00
 
-102.00,199.00,1061.00
 
-99.00,199.00,1063.00
 
-100.00,200.00,1061.00
 
-97.00,200.00,1061.00
 
-98.00,200.00,1064.00
 
-99.00,202.00,1065.00
 
-99.00,199.00,1061.00
 
-100.00,199.00,1061.00
 
-100.00,200.00,1068.00
 
-99.00,205.00,1054.00
 
-99.00,200.00,1060.00
 
-99.00,200.00,1061.00
 
-101.00,199.00,1061.00
 
-97.00,200.00,1063.00
 
-97.00,202.00,1061.00
 
-101.00,199.00,1065.00
 
-96.00,198.00,1062.00
 
-99.00,200.00,1061.00
 
-99.00,199.00,1065.00
 
-100.00,200.00,1062.00
 
-100.00,201.00,1064.00
 
-101.00,198.00,1062.00
 
-100.00,200.00,1060.00
 
-97.00,198.00,1060.00
 
-98.00,200.00,1063.00
 
-101.00,200.00,1059.00
 
-99.00,202.00,1063.00
 
-99.00,200.00,1062.00
 
-98.00,199.00,1063.00
 
-101.00,199.00,1062.00
 
-99.00,199.00,1062.00
 
-102.00,201.00,1063.00
 
-100.00,201.00,1062.00
 
-102.00,200.00,1060.00
 
-101.00,201.00,1060.00
 
-96.00,198.00,1061.00
 
-102.00,199.00,1060.00
 
-100.00,200.00,1061.00
 
-100.00,203.00,1067.00
 
-99.00,199.00,1063.00
 
-101.00,200.00,1064.00
 
-101.00,201.00,1064.00
 
-97.00,198.00,1063.00
 
-103.00,200.00,1062.00
 
-101.00,202.00,1063.00
 
-99.00,204.00,1066.00
 
-100.00,198.00,1063.00
 
-100.00,202.00,1063.00
 
-100.00,198.00,1063.00
 
-101.00,201.00,1061.00
 
-99.00,201.00,1062.00
 
-102.00,202.00,1062.00
 
-100.00,200.00,1064.00
 
-101.00,208.00,1058.00
 
-101.00,199.00,1066.00
 
-103.00,200.00,1060.00
 
-102.00,202.00,1061.00
 
-102.00,200.00,1061.00
 
-103.00,201.00,1062.00
 
-103.00,200.00,1061.00
 
-102.00,203.00,1063.00
 
-103.00,202.00,1066.00
 
-99.00,203.00,1060.00
 
-105.00,206.00,1061.00
 
-102.00,202.00,1063.00
 
-105.00,202.00,1062.00
 
-99.00,198.00,1065.00
 
-101.00,200.00,1063.00
 
-102.00,202.00,1065.00
 
-103.00,206.00,1063.00
 
-104.00,203.00,1066.00
 
-98.00,202.00,1063.00
 
-103.00,202.00,1061.00
 
-104.00,202.00,1061.00
 
-105.00,203.00,1064.00
 
-103.00,203.00,1059.00
 
-105.00,202.00,1066.00
 
-105.00,205.00,1063.00
 
-106.00,202.00,1064.00
 
-106.00,203.00,1064.00
 
-106.00,204.00,1061.00
 
-104.00,202.00,1061.00
 
-107.00,203.00,1059.00
 
-110.00,204.00,1064.00
 
-106.00,206.00,1061.00
 
-108.00,204.00,1059.00
 
-107.00,204.00,1062.00
 
-109.00,204.00,1059.00
 
-105.00,204.00,1064.00
 
-106.00,204.00,1063.00
 
-101.00,200.00,1063.00
 
-105.00,207.00,1062.00
 
-106.00,204.00,1064.00
 
-107.00,204.00,1059.00
 
-105.00,203.00,1064.00
 
-111.00,207.00,1061.00
 
-108.00,208.00,1069.00
 
-103.00,203.00,1065.00
 
-112.00,211.00,1064.00
 
-106.00,205.00,1062.00
 
-109.00,208.00,1065.00
 
-111.00,205.00,1062.00
 
-112.00,210.00,1062.00
 
-109.00,207.00,1064.00
 
-109.00,209.00,1059.00
 
-108.00,207.00,1062.00
 
-112.00,208.00,1067.00
 
-111.00,212.00,1052.00
 
-111.00,207.00,1063.00
 
-108.00,210.00,1064.00
 
-112.00,211.00,1061.00
 
-112.00,208.00,1065.00
 
-110.00,209.00,1061.00
 
-110.00,209.00,1060.00
 
-111.00,211.00,1062.00
 
-111.00,207.00,1064.00
 
-108.00,211.00,1061.00
 
-107.00,213.00,1058.00
 
-113.00,211.00,1061.00
 
-112.00,211.00,1057.00
 
-113.00,211.00,1064.00
 
-114.00,211.00,1061.00
 
-111.00,210.00,1063.00
 
-110.00,211.00,1062.00
 
-109.00,207.00,1064.00
 
-113.00,209.00,1061.00
 
-112.00,210.00,1062.00
 
-112.00,214.00,1063.00
 
-111.00,210.00,1063.00
 
-111.00,210.00,1061.00
 
-113.00,209.00,1060.00
 
-115.00,212.00,1066.00
 
-113.00,211.00,1063.00
 
-113.00,209.00,1063.00
 
-115.00,210.00,1064.00
 
-112.00,211.00,1063.00
 
-113.00,210.00,1060.00
 
-113.00,211.00,1065.00
 
-114.00,212.00,1064.00
 
-110.00,212.00,1059.00
 
-111.00,207.00,1063.00
 
-108.00,211.00,1062.00
 
-112.00,208.00,1064.00
 
-112.00,208.00,1064.00
 
-110.00,209.00,1064.00
 
-113.00,212.00,1059.00
 
-115.00,213.00,1063.00
 
-113.00,210.00,1062.00
 
-115.00,210.00,1063.00
 
-111.00,210.00,1066.00
 
-110.00,212.00,1064.00
 
-111.00,211.00,1068.00
 
-111.00,211.00,1062.00
 
-113.00,210.00,1064.00
 
-113.00,212.00,1063.00
 
-111.00,208.00,1069.00
 
-110.00,209.00,1061.00
 
-109.00,211.00,1065.00
 
-113.00,210.00,1060.00
 
-110.00,211.00,1061.00
 
-111.00,208.00,1063.00
 
-112.00,212.00,1065.00
 
-115.00,210.00,1063.00
 
-111.00,210.00,1063.00
 
-110.00,210.00,1062.00
 
-111.00,210.00,1062.00
 
-114.00,210.00,1064.00
 
-111.00,211.00,1059.00
 
-113.00,211.00,1060.00
 
-111.00,211.00,1064.00
 
-111.00,211.00,1062.00
 
-112.00,208.00,1057.00
 
-113.00,209.00,1061.00
 
-114.00,213.00,1063.00
 
-112.00,211.00,1063.00
 
-112.00,215.00,1061.00
 
-113.00,210.00,1060.00
 
-118.00,211.00,1063.00
 
-116.00,211.00,1064.00
 
-110.00,210.00,1061.00
 
-116.00,213.00,1064.00
 
-116.00,210.00,1062.00
 
-113.00,212.00,1062.00
 
-113.00,216.00,1067.00
 
-115.00,214.00,1062.00
 
-117.00,211.00,1065.00
 
-116.00,213.00,1061.00
 
-115.00,214.00,1061.00
 
-112.00,212.00,1064.00
 
-119.00,214.00,1064.00
 
-113.00,214.00,1060.00
 
-114.00,214.00,1062.00
 
-115.00,214.00,1061.00
 
-118.00,213.00,1061.00
 
-118.00,216.00,1062.00
 
-116.00,214.00,1064.00
 
-116.00,217.00,1061.00
 
-119.00,216.00,1065.00
 
-120.00,216.00,1062.00
 
-119.00,218.00,1062.00
 
-120.00,217.00,1061.00
 
-121.00,219.00,1063.00
 
-118.00,222.00,1056.00
 
-123.00,222.00,1059.00
 
-123.00,221.00,1064.00
 
-121.00,222.00,1062.00
 
-120.00,223.00,1063.00
 
-119.00,224.00,1059.00
 
-121.00,224.00,1063.00
 
-122.00,226.00,1060.00
 
-122.00,225.00,1062.00
 
-122.00,226.00,1070.00
 
-120.00,225.00,1063.00
 
-123.00,227.00,1064.00
 
-125.00,225.00,1062.00
 
-124.00,228.00,1065.00
 
-122.00,230.00,1065.00
 
-125.00,228.00,1058.00
 
-123.00,229.00,1063.00
 
-124.00,228.00,1066.00
 
-123.00,229.00,1065.00
 
-125.00,230.00,1058.00
 
-122.00,229.00,1062.00
 
-125.00,228.00,1064.00
 
-124.00,230.00,1060.00
 
-126.00,230.00,1062.00
 
-123.00,230.00,1064.00
 
-123.00,228.00,1066.00
 
-127.00,229.00,1063.00
 
-125.00,229.00,1059.00
 
-124.00,230.00,1066.00
 
-121.00,229.00,1064.00
 
-124.00,229.00,1063.00
 
-125.00,228.00,1063.00
 
-121.00,229.00,1059.00
 
-122.00,227.00,1065.00
 
-121.00,228.00,1065.00
 
-123.00,230.00,1064.00
 
-126.00,228.00,1068.00
 
-125.00,228.00,1063.00
 
-125.00,229.00,1065.00
 
-126.00,227.00,1066.00
 
-125.00,226.00,1064.00
 
-121.00,230.00,1062.00
 
-120.00,230.00,1064.00
 
-123.00,228.00,1063.00
 
-125.00,230.00,1058.00
 
-121.00,227.00,1064.00
 
-126.00,232.00,1063.00
 
-121.00,230.00,1059.00
 
-125.00,230.00,1066.00
 
-124.00,227.00,1060.00
 
-126.00,228.00,1063.00
 
-126.00,231.00,1067.00
 
-124.00,228.00,1053.00
 
-125.00,228.00,1064.00
 
-122.00,228.00,1059.00
 
-122.00,228.00,1066.00
 
-126.00,231.00,1063.00
 
-126.00,228.00,1061.00
 
-123.00,226.00,1061.00
 
-122.00,227.00,1065.00
 
-125.00,232.00,1064.00
 
-125.00,232.00,1065.00
 
-128.00,230.00,1067.00
 
-125.00,233.00,1062.00
 
-126.00,230.00,1064.00
 
-123.00,229.00,1065.00
 
-126.00,233.00,1059.00
 
-124.00,233.00,1064.00
 
-128.00,235.00,1066.00
 
-127.00,234.00,1063.00
 
-128.00,234.00,1060.00
 
-126.00,237.00,1066.00
 
-129.00,234.00,1066.00
 
-124.00,236.00,1062.00
 
-127.00,237.00,1063.00
 
-128.00,240.00,1063.00
 
-126.00,239.00,1064.00
 
-128.00,238.00,1062.00
 
-128.00,234.00,1064.00
 
-131.00,245.00,1060.00
 
-122.00,236.00,1060.00
 
-128.00,239.00,1068.00
 
-129.00,244.00,1062.00
 
-130.00,239.00,1062.00
 
-129.00,245.00,1061.00
 
-129.00,244.00,1065.00
 
-131.00,245.00,1067.00
 
-129.00,246.00,1063.00
 
-133.00,247.00,1063.00
 
-130.00,245.00,1063.00
 
-133.00,245.00,1064.00
 
-130.00,247.00,1063.00
 
-131.00,249.00,1063.00
 
-133.00,247.00,1066.00
 
-131.00,250.00,1060.00
 
-132.00,248.00,1063.00
 
-129.00,249.00,1065.00
 
-134.00,250.00,1063.00
 
-133.00,249.00,1060.00
 
-130.00,247.00,1058.00
 
-132.00,248.00,1065.00
 
-132.00,248.00,1062.00
 
-132.00,247.00,1063.00
 
-132.00,249.00,1063.00
 
-132.00,249.00,1065.00
 
-135.00,249.00,1065.00
 
-131.00,244.00,1067.00
 
-131.00,248.00,1065.00
 
-132.00,249.00,1067.00
 
-134.00,248.00,1063.00
 
-131.00,246.00,1065.00
 
-133.00,250.00,1064.00
 
-134.00,247.00,1066.00
 
-135.00,248.00,1062.00
 
-131.00,251.00,1064.00
 
-133.00,248.00,1061.00
 
-132.00,249.00,1070.00
 
-135.00,252.00,1061.00
 
-133.00,251.00,1060.00
 
-134.00,248.00,1064.00
 
-132.00,248.00,1060.00
 
-133.00,248.00,1064.00
 
-131.00,245.00,1065.00
 
-134.00,250.00,1064.00
 
-133.00,249.00,1065.00
 
-133.00,250.00,1068.00
 
-130.00,251.00,1067.00
 
-129.00,250.00,1063.00
 
-133.00,250.00,1066.00
 
-132.00,245.00,1063.00
 
-131.00,249.00,1063.00
 
-133.00,254.00,1062.00
 
-134.00,246.00,1055.00
 
-131.00,253.00,1064.00
 
-134.00,251.00,1063.00
 
-131.00,253.00,1064.00
 
-133.00,252.00,1066.00
 
-132.00,252.00,1063.00
 
-135.00,256.00,1066.00
 
-134.00,253.00,1065.00
 
-136.00,254.00,1062.00
 
-133.00,255.00,1066.00
 
-132.00,257.00,1063.00
 
-135.00,263.00,1064.00
 
-134.00,258.00,1063.00
 
-135.00,259.00,1067.00
 
-133.00,258.00,1061.00
 
-132.00,261.00,1066.00
 
-132.00,265.00,1067.00
 
-134.00,263.00,1063.00
 
-133.00,265.00,1061.00
 
-133.00,265.00,1065.00
 
-132.00,266.00,1067.00
 
-132.00,268.00,1065.00
 
-132.00,270.00,1063.00
 
-130.00,271.00,1065.00
 
-132.00,270.00,1066.00
 
-132.00,270.00,1064.00
 
-133.00,272.00,1064.00
 
-131.00,270.00,1063.00
 
-130.00,269.00,1069.00
 
-130.00,270.00,1068.00
 
-132.00,273.00,1068.00
 
-135.00,272.00,1062.00
 
-132.00,271.00,1066.00
 
-130.00,272.00,1066.00
 
-132.00,272.00,1068.00
 
-130.00,270.00,1066.00
 
-130.00,271.00,1067.00
 
-135.00,272.00,1065.00
 
-131.00,272.00,1066.00
 
-133.00,273.00,1065.00
 
-130.00,272.00,1062.00
 
-128.00,273.00,1066.00
 
-131.00,269.00,1065.00
 
-131.00,270.00,1065.00
 
-132.00,272.00,1066.00
 
-129.00,271.00,1072.00
 
-134.00,272.00,1064.00
 
-130.00,273.00,1065.00
 
-133.00,275.00,1070.00
 
-130.00,272.00,1064.00
 
-134.00,271.00,1066.00
 
-133.00,272.00,1063.00
 
-132.00,274.00,1064.00
 
-133.00,271.00,1068.00
 
-131.00,271.00,1065.00
 
-130.00,272.00,1067.00
 
-130.00,271.00,1063.00
 
-134.00,270.00,1065.00
 
-132.00,270.00,1066.00
 
-129.00,269.00,1064.00
 
-132.00,271.00,1063.00
 
-128.00,273.00,1068.00
 
-131.00,273.00,1064.00
 
-132.00,271.00,1065.00
 
-133.00,275.00,1067.00
 
-128.00,274.00,1066.00
 
-128.00,272.00,1068.00
 
-133.00,272.00,1065.00
 
-130.00,275.00,1068.00
 
-133.00,272.00,1065.00
 
-133.00,274.00,1069.00
 
-133.00,273.00,1065.00
 
-134.00,274.00,1061.00
 
-131.00,278.00,1067.00
 
-133.00,274.00,1065.00
 
-129.00,275.00,1070.00
 
-130.00,279.00,1064.00
 
-132.00,272.00,1069.00
 
-129.00,274.00,1069.00
 
-132.00,273.00,1068.00
 
-127.00,274.00,1067.00
 
-131.00,273.00,1069.00
 
-129.00,275.00,1070.00
 
-129.00,280.00,1067.00
 
-130.00,276.00,1066.00
 
-128.00,278.00,1069.00
 
-131.00,280.00,1061.00
 
-132.00,279.00,1068.00
 
-129.00,277.00,1066.00
 
-133.00,280.00,1064.00
 
-132.00,282.00,1065.00
 
-132.00,279.00,1064.00
 
-130.00,279.00,1064.00
 
-131.00,280.00,1065.00
 
-130.00,283.00,1068.00
 
-132.00,280.00,1064.00
 
-127.00,283.00,1064.00
 
-131.00,282.00,1066.00
 
-131.00,283.00,1069.00
 
-129.00,281.00,1068.00
 
-128.00,284.00,1069.00
 
-127.00,285.00,1067.00
 
-129.00,285.00,1067.00
 
-128.00,284.00,1063.00
 
-129.00,285.00,1065.00
 
-128.00,286.00,1065.00
 
-130.00,287.00,1065.00
 
-129.00,285.00,1065.00
 
-127.00,288.00,1065.00
 
-127.00,289.00,1063.00
 
-126.00,290.00,1065.00
 
-124.00,292.00,1066.00
 
-127.00,287.00,1065.00
 
-125.00,290.00,1067.00
 
-126.00,291.00,1070.00
 
-124.00,291.00,1062.00
 
-126.00,292.00,1070.00
 
-128.00,298.00,1066.00
 
-126.00,297.00,1065.00
 
-125.00,295.00,1066.00
 
-124.00,296.00,1071.00
 
-125.00,296.00,1069.00
 
-125.00,294.00,1067.00
 
-128.00,296.00,1068.00
 
-125.00,296.00,1065.00
 
-125.00,292.00,1066.00
 
-122.00,293.00,1067.00
 
-124.00,293.00,1069.00
 
-125.00,292.00,1067.00
 
-128.00,295.00,1065.00
 
-126.00,295.00,1066.00
 
-124.00,295.00,1065.00
 
-125.00,296.00,1067.00
 
-125.00,294.00,1067.00
 
-125.00,294.00,1067.00
 
-127.00,295.00,1071.00
 
-124.00,295.00,1066.00
 
-125.00,295.00,1068.00
 
-123.00,295.00,1069.00
 
-125.00,295.00,1068.00
 
-125.00,294.00,1067.00
 
-126.00,294.00,1066.00
 
-125.00,297.00,1054.00
 
-127.00,293.00,1065.00
 
-127.00,295.00,1066.00
 
-124.00,296.00,1068.00
 
-124.00,294.00,1063.00
 
-125.00,294.00,1066.00
 
-124.00,293.00,1070.00
 
-126.00,298.00,1068.00
 
-127.00,296.00,1070.00
 
-121.00,289.00,1062.00
 
-125.00,294.00,1066.00
 
-124.00,294.00,1067.00
 
-126.00,297.00,1067.00
 
-124.00,298.00,1068.00
 
-124.00,295.00,1070.00
 
-125.00,295.00,1067.00
 
-121.00,296.00,1067.00
 
-127.00,297.00,1065.00
 
-124.00,296.00,1068.00
 
-125.00,298.00,1066.00
 
-122.00,299.00,1066.00
 
-124.00,296.00,1065.00
 
-122.00,298.00,1068.00
 
-125.00,300.00,1063.00
 
-121.00,298.00,1070.00
 
-122.00,298.00,1064.00
 
-122.00,301.00,1072.00
 
-123.00,300.00,1064.00
 
-120.00,300.00,1067.00
 
-124.00,303.00,1069.00
 
-121.00,302.00,1064.00
 
-121.00,299.00,1065.00
 
-120.00,300.00,1069.00
 
-122.00,304.00,1064.00
 
-121.00,300.00,1069.00
 
-121.00,308.00,1069.00
 
-120.00,303.00,1068.00
 
-118.00,307.00,1068.00
 
-114.00,300.00,1068.00
 
-117.00,307.00,1065.00
 
-117.00,308.00,1067.00
 
-116.00,308.00,1067.00
 
-118.00,309.00,1070.00
 
-117.00,307.00,1071.00
 
-117.00,308.00,1069.00
 
-116.00,307.00,1067.00
 
-115.00,310.00,1072.00
 
-112.00,309.00,1068.00
 
-115.00,310.00,1067.00
 
-114.00,315.00,1069.00
 
-115.00,311.00,1066.00
 
-112.00,314.00,1067.00
 
-115.00,312.00,1073.00
 
-111.00,314.00,1065.00
 
-112.00,315.00,1071.00
 
-110.00,316.00,1068.00
 
-108.00,315.00,1070.00
 
-111.00,315.00,1066.00
 
-109.00,313.00,1068.00
 
-112.00,313.00,1067.00
 
-112.00,316.00,1068.00
 
-110.00,316.00,1069.00
 
-109.00,315.00,1067.00
 
-111.00,314.00,1070.00
 
-113.00,317.00,1063.00
 
-114.00,312.00,1068.00
 
-111.00,313.00,1071.00
 
-110.00,315.00,1070.00
 
-111.00,315.00,1070.00
 
-111.00,314.00,1070.00
 
-116.00,313.00,1067.00
 
-113.00,317.00,1068.00
 
-110.00,316.00,1072.00
 
-114.00,319.00,1067.00
 
-110.00,314.00,1068.00
 
-109.00,317.00,1067.00
 
-110.00,315.00,1070.00
 
-109.00,314.00,1070.00
 
-111.00,314.00,1070.00
 
-113.00,314.00,1067.00
 
-111.00,315.00,1069.00
 
-114.00,315.00,1071.00
 
-111.00,318.00,1068.00
 
-111.00,317.00,1070.00
 
-113.00,316.00,1067.00
 
-110.00,316.00,1071.00
 
-109.00,317.00,1072.00
 
-110.00,316.00,1070.00
 
-112.00,317.00,1065.00
 
-110.00,316.00,1067.00
 
-115.00,316.00,1068.00
 
-114.00,316.00,1069.00
 
-113.00,313.00,1069.00
 
-109.00,313.00,1069.00
 
-108.00,315.00,1069.00
 
-107.00,318.00,1070.00
 
-109.00,313.00,1066.00
 
-110.00,314.00,1070.00
 
-109.00,318.00,1065.00
 
-110.00,315.00,1069.00
 
-107.00,317.00,1066.00
 
-108.00,316.00,1065.00
 
-108.00,317.00,1068.00
 
-108.00,318.00,1068.00
 
-108.00,319.00,1065.00
 
-108.00,318.00,1066.00
 
-106.00,319.00,1071.00
 
-104.00,314.00,1070.00
 
-104.00,320.00,1068.00
 
-106.00,321.00,1066.00
 
-104.00,321.00,1070.00
 
-104.00,322.00,1070.00
 
-104.00,318.00,1069.00
 
-106.00,324.00,1068.00
 
-99.00,326.00,1066.00
 
-105.00,322.00,1072.00
 
-101.00,324.00,1069.00
 
-99.00,326.00,1068.00
 
-102.00,323.00,1068.00
 
-97.00,326.00,1068.00
 
-100.00,327.00,1069.00
 
-100.00,328.00,1069.00
 
-96.00,326.00,1068.00
 
-96.00,326.00,1070.00
 
-98.00,328.00,1070.00
 
-95.00,328.00,1073.00
 
-92.00,329.00,1070.00
 
-92.00,330.00,1068.00
 
-94.00,330.00,1068.00
 
-91.00,335.00,1074.00
 
-91.00,333.00,1070.00
 
-89.00,335.00,1069.00
 
-87.00,333.00,1067.00
 
-85.00,333.00,1069.00
 
-87.00,333.00,1066.00
 
-86.00,337.00,1070.00
 
-82.00,336.00,1071.00
 
-80.00,333.00,1073.00
 
-85.00,334.00,1068.00
 
-82.00,336.00,1065.00
 
-83.00,336.00,1069.00
 
-83.00,335.00,1067.00
 
-81.00,335.00,1068.00
 
-81.00,332.00,1067.00
 
-82.00,337.00,1070.00
 
-82.00,336.00,1066.00
 
-82.00,334.00,1066.00
 
-82.00,337.00,1069.00
 
-84.00,336.00,1070.00
 
-85.00,333.00,1070.00
 
-82.00,335.00,1070.00
 
-84.00,334.00,1070.00
 
-81.00,334.00,1070.00
 
-86.00,334.00,1072.00
 
-85.00,333.00,1070.00
 
-82.00,335.00,1070.00
 
-84.00,339.00,1071.00
 
-81.00,334.00,1068.00
 
-83.00,335.00,1067.00
 
-81.00,334.00,1072.00
 
-84.00,333.00,1070.00
 
-84.00,335.00,1072.00
 
-84.00,335.00,1070.00
 
-84.00,336.00,1071.00
 
-81.00,335.00,1068.00
 
-82.00,333.00,1071.00
 
-83.00,334.00,1069.00
 
-83.00,337.00,1069.00
 
-79.00,333.00,1069.00
 
-79.00,335.00,1067.00
 
-82.00,334.00,1068.00
 
-80.00,330.00,1064.00
 
-79.00,334.00,1073.00
 
-79.00,338.00,1069.00
 
-81.00,335.00,1067.00
 
-79.00,335.00,1068.00
 
-79.00,336.00,1067.00
 
-79.00,338.00,1069.00
 
-76.00,334.00,1069.00
 
-75.00,334.00,1069.00
 
-79.00,337.00,1072.00
 
-75.00,338.00,1069.00
 
-75.00,336.00,1071.00
 
-74.00,339.00,1069.00
 
-73.00,336.00,1070.00
 
-72.00,339.00,1069.00
 
-72.00,338.00,1070.00
 
-73.00,340.00,1070.00
 
-70.00,339.00,1068.00
 
-69.00,338.00,1068.00
 
-69.00,340.00,1065.00
 
-67.00,340.00,1070.00
 
-67.00,342.00,1071.00
 
-68.00,343.00,1072.00
 
-65.00,345.00,1072.00
 
-63.00,342.00,1069.00
 
-64.00,342.00,1065.00
 
-64.00,346.00,1070.00
 
-64.00,344.00,1070.00
 
-64.00,343.00,1071.00
 
-58.00,340.00,1070.00
 
-61.00,343.00,1070.00
 
-60.00,341.00,1074.00
 
-57.00,344.00,1071.00
 
-59.00,343.00,1070.00
 
-55.00,342.00,1070.00
 
-57.00,340.00,1070.00
 
-52.00,346.00,1072.00
 
-58.00,345.00,1070.00
 
-57.00,345.00,1071.00
 
-59.00,342.00,1069.00
 
-59.00,342.00,1073.00
 
-56.00,342.00,1071.00
 
-57.00,342.00,1071.00
 
-55.00,341.00,1073.00
 
-62.00,346.00,1065.00
 
-58.00,341.00,1071.00
 
-56.00,343.00,1070.00
 
-59.00,345.00,1070.00
 
-59.00,344.00,1069.00
 
-55.00,345.00,1069.00
 
-57.00,344.00,1067.00
 
-59.00,343.00,1069.00
 
-59.00,341.00,1069.00
 
-57.00,343.00,1068.00
 
-61.00,339.00,1066.00
 
-58.00,343.00,1072.00
 
-58.00,343.00,1075.00
 
-57.00,344.00,1070.00
 
-56.00,343.00,1070.00
 
-57.00,343.00,1071.00
 
-56.00,343.00,1070.00
 
-56.00,344.00,1072.00
 
-57.00,341.00,1072.00
 
-55.00,341.00,1068.00
 
-58.00,346.00,1070.00
 
-55.00,343.00,1070.00
 
-55.00,343.00,1071.00
 
-59.00,345.00,1070.00
 
-55.00,341.00,1070.00
 
-57.00,342.00,1069.00
 
-57.00,343.00,1071.00
 
-57.00,344.00,1071.00
 
-57.00,351.00,1071.00
 
-52.00,344.00,1070.00
 
-56.00,341.00,1070.00
 
-56.00,343.00,1074.00
 
-56.00,341.00,1069.00
 
-54.00,344.00,1070.00
 
-55.00,344.00,1069.00
 
-55.00,341.00,1071.00
 
-56.00,343.00,1071.00
 
-51.00,342.00,1074.00
 
-51.00,342.00,1073.00
 
-53.00,343.00,1071.00
 
-51.00,344.00,1075.00
 
-48.00,342.00,1073.00
 
-48.00,342.00,1071.00
 
-49.00,344.00,1070.00
 
-50.00,343.00,1065.00
 
-47.00,344.00,1075.00
 
-46.00,338.00,1070.00
 
-48.00,343.00,1070.00
 
-46.00,342.00,1070.00
 
-42.00,342.00,1068.00
 
-44.00,341.00,1072.00
 
-43.00,344.00,1070.00
 
-33.00,340.00,1070.00
 
-39.00,343.00,1075.00
 
-37.00,342.00,1070.00
 
-37.00,342.00,1070.00
 
-40.00,341.00,1069.00
 
-36.00,344.00,1076.00
 
-38.00,343.00,1073.00
 
-34.00,343.00,1069.00
 
-32.00,341.00,1074.00
 
-35.00,344.00,1072.00
 
-33.00,346.00,1067.00
 
-28.00,342.00,1068.00
 
-32.00,341.00,1073.00
 
-32.00,342.00,1076.00
 
-29.00,339.00,1074.00
 
-29.00,339.00,1071.00
 
-33.00,340.00,1070.00
 
-29.00,342.00,1071.00
 
-28.00,342.00,1070.00
 
-30.00,340.00,1072.00
 
-31.00,341.00,1070.00
 
-29.00,340.00,1067.00
 
-32.00,341.00,1070.00
 
-29.00,340.00,1075.00
 
-29.00,342.00,1070.00
 
-32.00,343.00,1074.00
 
-31.00,342.00,1070.00
 
-30.00,343.00,1074.00
 
-31.00,341.00,1069.00
 
-34.00,339.00,1070.00
 
-32.00,340.00,1072.00
 
-30.00,341.00,1071.00
 
-33.00,340.00,1068.00
 
-30.00,343.00,1068.00
 
-29.00,344.00,1070.00
 
-33.00,344.00,1073.00
 
-31.00,340.00,1070.00
 
-35.00,343.00,1071.00
 
-30.00,341.00,1070.00
 
-30.00,344.00,1071.00
 
-31.00,342.00,1070.00
 
-28.00,341.00,1076.00
 
-30.00,343.00,1068.00
 
-30.00,340.00,1071.00
 
-31.00,340.00,1072.00
 
-30.00,339.00,1074.00
 
-34.00,341.00,1071.00
 
-30.00,342.00,1070.00
 
-31.00,339.00,1071.00
 
-35.00,346.00,1064.00
 
-32.00,334.00,1063.00
 
-29.00,341.00,1069.00
 
-29.00,339.00,1073.00
 
-29.00,340.00,1068.00
 
-28.00,341.00,1074.00
 
-28.00,342.00,1069.00
 
-28.00,342.00,1069.00
 
-27.00,340.00,1066.00
 
-26.00,340.00,1070.00
 
-28.00,341.00,1070.00
 
-23.00,339.00,1071.00
 
-25.00,342.00,1070.00
 
-24.00,343.00,1070.00
 
-17.00,335.00,1067.00
 
-21.00,339.00,1070.00
 
-22.00,339.00,1068.00
 
-25.00,338.00,1069.00
 
-22.00,339.00,1074.00
 
-19.00,342.00,1071.00
 
-21.00,337.00,1071.00
 
-21.00,338.00,1072.00
 
-18.00,337.00,1069.00
 
-18.00,338.00,1068.00
 
-17.00,336.00,1071.00
 
-13.00,336.00,1071.00
 
-19.00,337.00,1074.00
 
-12.00,337.00,1072.00
 
-11.00,337.00,1074.00
 
-15.00,335.00,1071.00
 
-13.00,337.00,1070.00
 
-13.00,334.00,1072.00
 
-8.00,336.00,1071.00
 
-7.00,333.00,1067.00
 
-8.00,336.00,1070.00
 
-7.00,334.00,1071.00
 
-9.00,334.00,1071.00
 
-7.00,331.00,1069.00
 
-7.00,332.00,1070.00
 
-9.00,333.00,1068.00
 
-6.00,332.00,1071.00
 
-10.00,333.00,1071.00
 
-11.00,335.00,1071.00
 
-6.00,331.00,1069.00
 
-9.00,333.00,1072.00
 
-9.00,334.00,1072.00
 
-11.00,333.00,1070.00
 
-8.00,329.00,1070.00
 
-8.00,334.00,1070.00
 
-10.00,333.00,1073.00
 
-8.00,333.00,1070.00
 
-6.00,329.00,1072.00
 
-6.00,331.00,1070.00
 
-10.00,335.00,1072.00
 
-9.00,335.00,1069.00
 
-8.00,330.00,1075.00
 
-9.00,331.00,1073.00
 
-6.00,333.00,1075.00
 
-9.00,334.00,1070.00
 
-7.00,333.00,1072.00
 
-12.00,334.00,1071.00
 
-10.00,337.00,1078.00
 
-11.00,332.00,1071.00
 
-6.00,333.00,1073.00
 
-10.00,333.00,1070.00
 
-8.00,334.00,1070.00
 
-9.00,335.00,1072.00
 
-12.00,335.00,1075.00
 
-12.00,334.00,1069.00
 
-10.00,332.00,1070.00
 
-13.00,334.00,1071.00
 
-14.00,334.00,1074.00
 
-13.00,336.00,1068.00
 
-13.00,333.00,1069.00
 
-11.00,338.00,1070.00
 
-12.00,335.00,1073.00
 
-11.00,335.00,1070.00
 
-12.00,335.00,1071.00
 
-11.00,336.00,1079.00
 
-12.00,334.00,1068.00
 
-11.00,336.00,1074.00
 
-13.00,335.00,1072.00
 
-13.00,333.00,1071.00
 
-12.00,333.00,1074.00
 
-14.00,337.00,1067.00
 
-12.00,334.00,1075.00
 
-12.00,335.00,1064.00
 
-16.00,336.00,1074.00
 
-13.00,339.00,1070.00
 
-14.00,335.00,1071.00
 
-16.00,336.00,1068.00
 
-13.00,341.00,1070.00
 
-16.00,336.00,1071.00
 
-17.00,339.00,1075.00
 
-19.00,339.00,1075.00
 
-19.00,338.00,1071.00
 
-19.00,341.00,1075.00
 
-22.00,335.00,1069.00
 
-19.00,338.00,1074.00
 
-20.00,342.00,1070.00
 
-20.00,341.00,1073.00
 
-21.00,341.00,1070.00
 
-22.00,342.00,1070.00
 
-23.00,342.00,1074.00
 
-23.00,343.00,1072.00
 
-23.00,340.00,1071.00
 
-28.00,338.00,1067.00
 
-27.00,340.00,1068.00
 
-30.00,342.00,1070.00
 
-29.00,343.00,1071.00
 
-27.00,342.00,1071.00
 
-29.00,343.00,1071.00
 
-31.00,342.00,1070.00
 
-32.00,341.00,1069.00
 
-31.00,343.00,1071.00
 
-34.00,346.00,1068.00
 
-33.00,342.00,1071.00
 
-36.00,341.00,1068.00
 
-36.00,340.00,1070.00
 
-35.00,345.00,1070.00
 
-37.00,342.00,1073.00
 
-36.00,344.00,1072.00
 
-38.00,344.00,1073.00
 
-38.00,342.00,1062.00
 
-39.00,345.00,1071.00
 
-41.00,343.00,1071.00
 
-39.00,342.00,1074.00
 
-40.00,345.00,1075.00
 
-40.00,341.00,1070.00
 
-37.00,341.00,1068.00
 
-38.00,345.00,1073.00
 
-41.00,342.00,1070.00
 
-44.00,344.00,1069.00
 
-42.00,346.00,1070.00
 
-38.00,345.00,1071.00
 
-40.00,344.00,1073.00
 
-36.00,341.00,1070.00
 
-40.00,345.00,1072.00
 
-39.00,342.00,1073.00
 
-39.00,343.00,1070.00
 
-38.00,343.00,1075.00
 
-39.00,345.00,1069.00
 
-41.00,345.00,1074.00
 
-38.00,340.00,1074.00
 
-43.00,351.00,1068.00
 
-40.00,345.00,1063.00
 
-41.00,343.00,1071.00
 
-41.00,343.00,1071.00
 
-39.00,344.00,1076.00
 
-41.00,340.00,1071.00
 
-43.00,343.00,1070.00
 
-42.00,347.00,1072.00
 
-40.00,343.00,1070.00
 
-42.00,344.00,1068.00
 
-42.00,341.00,1071.00
 
-44.00,343.00,1073.00
 
-42.00,344.00,1070.00
 
-44.00,343.00,1068.00
 
-46.00,344.00,1070.00
 
-46.00,344.00,1074.00
 
-44.00,344.00,1074.00
 
-44.00,343.00,1071.00
 
-47.00,345.00,1069.00
 
-51.00,347.00,1069.00
 
-48.00,342.00,1074.00
 
-51.00,343.00,1071.00
 
-51.00,344.00,1070.00
 
-50.00,344.00,1069.00
 
-53.00,345.00,1065.00
 
-53.00,343.00,1070.00
 
-52.00,344.00,1071.00
 
-54.00,342.00,1070.00
 
-51.00,342.00,1070.00
 
-54.00,342.00,1067.00
 
-52.00,342.00,1074.00
 
-55.00,347.00,1068.00
 
-58.00,354.00,1065.00
 
-57.00,341.00,1073.00
 
-57.00,343.00,1070.00
 
-61.00,344.00,1070.00
 
-60.00,343.00,1071.00
 
-58.00,342.00,1071.00
 
-63.00,341.00,1070.00
 
-63.00,341.00,1070.00
 
-63.00,341.00,1067.00
 
-67.00,341.00,1065.00
 
-63.00,341.00,1069.00
 
-65.00,341.00,1071.00
 
-62.00,339.00,1071.00
 
-67.00,344.00,1070.00
 
-65.00,344.00,1068.00
 
-65.00,339.00,1068.00
 
-65.00,343.00,1071.00
 
-67.00,338.00,1071.00
 
-64.00,343.00,1069.00
 
-67.00,342.00,1072.00
 
-67.00,339.00,1071.00
 
-66.00,342.00,1070.00
 
-64.00,344.00,1073.00
 
-64.00,341.00,1070.00
 
-65.00,341.00,1070.00
 
-65.00,340.00,1071.00
 
-66.00,342.00,1069.00
 
-66.00,343.00,1070.00
 
-68.00,343.00,1072.00
 
-65.00,347.00,1070.00
 
-64.00,338.00,1067.00
 
-66.00,343.00,1069.00
 
-68.00,340.00,1068.00
 
-63.00,341.00,1071.00
 
-68.00,344.00,1069.00
 
-65.00,341.00,1069.00
 
-66.00,340.00,1070.00
 
-67.00,341.00,1073.00
 
-71.00,341.00,1068.00
 
-68.00,341.00,1071.00
 
-69.00,342.00,1069.00
 
-71.00,340.00,1069.00
 
-71.00,341.00,1074.00
 
-66.00,336.00,1067.00
 
-73.00,342.00,1068.00
 
-77.00,341.00,1066.00
 
-75.00,339.00,1070.00
 
-76.00,337.00,1070.00
 
-74.00,339.00,1068.00
 
-76.00,338.00,1070.00
 
-78.00,339.00,1069.00
 
-76.00,339.00,1070.00
 
-78.00,337.00,1072.00
 
-79.00,339.00,1068.00
 
-78.00,337.00,1070.00
 
-79.00,334.00,1069.00
 
-83.00,337.00,1074.00
 
-82.00,337.00,1067.00
 
-83.00,338.00,1069.00
 
-84.00,337.00,1070.00
 
-86.00,337.00,1067.00
 
-80.00,330.00,1068.00
 
-84.00,338.00,1072.00
 
-83.00,337.00,1070.00
 
-85.00,334.00,1069.00
 
-90.00,337.00,1070.00
 
-86.00,334.00,1067.00
 
-88.00,333.00,1070.00
 
-85.00,333.00,1067.00
 
-89.00,333.00,1070.00
 
-91.00,334.00,1073.00
 
-88.00,333.00,1065.00
 
-92.00,339.00,1062.00
 
-86.00,339.00,1069.00
 
-90.00,334.00,1070.00
 
-88.00,333.00,1070.00
 
-91.00,331.00,1070.00
 
-91.00,333.00,1072.00
 
-89.00,330.00,1069.00
 
-89.00,331.00,1071.00
 
-90.00,334.00,1065.00
 
-91.00,333.00,1069.00
 
-88.00,335.00,1070.00
 
-92.00,335.00,1069.00
 
-90.00,332.00,1069.00
 
-87.00,333.00,1067.00
 
-91.00,336.00,1070.00
 
-89.00,335.00,1067.00
 
-90.00,334.00,1073.00
 
-92.00,335.00,1070.00
 
-90.00,334.00,1068.00
 
-91.00,331.00,1069.00
 
-91.00,332.00,1072.00
 
-92.00,333.00,1070.00
 
-91.00,333.00,1067.00
 
-91.00,334.00,1069.00
 
-91.00,332.00,1068.00
 
-94.00,330.00,1071.00
 
-93.00,333.00,1069.00
 
-93.00,333.00,1066.00
 
-94.00,339.00,1069.00
 
-94.00,331.00,1067.00
 
-93.00,334.00,1067.00
 
-95.00,328.00,1068.00
 
-96.00,331.00,1067.00
 
-96.00,328.00,1068.00
 
-94.00,330.00,1071.00
 
-97.00,326.00,1068.00
 
-93.00,330.00,1070.00
 
-99.00,330.00,1065.00
 
-99.00,327.00,1066.00
 
-97.00,331.00,1069.00
 
-99.00,326.00,1073.00
 
-101.00,327.00,1067.00
 
-100.00,327.00,1068.00
 
-99.00,327.00,1066.00
 
-99.00,325.00,1068.00
 
-101.00,324.00,1069.00
 
-100.00,323.00,1071.00
 
-104.00,325.00,1069.00
 
-104.00,321.00,1070.00
 
-105.00,322.00,1067.00
 
-104.00,324.00,1070.00
 
-104.00,323.00,1070.00
 
-103.00,321.00,1067.00
 
-104.00,319.00,1067.00
 
-107.00,323.00,1070.00
 
-105.00,323.00,1065.00
 
-107.00,318.00,1066.00
 
-107.00,320.00,1067.00
 
-107.00,319.00,1069.00
 
-105.00,317.00,1068.00
 
-110.00,321.00,1070.00
 
-107.00,320.00,1065.00
 
-109.00,320.00,1069.00
 
-107.00,320.00,1070.00
 
-111.00,326.00,1063.00
 
-108.00,320.00,1066.00
 
-105.00,318.00,1068.00
 
-106.00,320.00,1066.00
 
-106.00,321.00,1067.00
 
-107.00,320.00,1066.00
 
-106.00,321.00,1067.00
 
-106.00,319.00,1065.00
 
-107.00,321.00,1069.00
 
-106.00,318.00,1069.00
 
-109.00,318.00,1070.00
 
-107.00,320.00,1069.00
 
-107.00,319.00,1070.00
 
-108.00,318.00,1070.00
 
-105.00,320.00,1068.00
 
-107.00,318.00,1067.00
 
-107.00,318.00,1070.00
 
-108.00,321.00,1066.00
 
-110.00,319.00,1071.00
 
-107.00,318.00,1070.00
 
-107.00,314.00,1072.00
 
-108.00,318.00,1065.00
 
-110.00,319.00,1066.00
 
-107.00,318.00,1071.00
 
-109.00,318.00,1067.00
 
-109.00,317.00,1067.00
 
-111.00,319.00,1066.00
 
-110.00,318.00,1064.00
 
-112.00,316.00,1065.00
 
-109.00,315.00,1066.00
 
-111.00,316.00,1068.00
 
-110.00,313.00,1065.00
 
-110.00,314.00,1065.00
 
-114.00,314.00,1070.00
 
-117.00,314.00,1066.00
 
-116.00,310.00,1067.00
 
-114.00,313.00,1065.00
 
-116.00,312.00,1066.00
 
-117.00,312.00,1066.00
 
-116.00,313.00,1065.00
 
-118.00,310.00,1067.00
 
-117.00,310.00,1069.00
 
-119.00,310.00,1069.00
 
-118.00,310.00,1068.00
 
-116.00,311.00,1067.00
 
-118.00,308.00,1070.00
 
-119.00,307.00,1070.00
 
-119.00,306.00,1067.00
 
-123.00,304.00,1068.00
 
-120.00,305.00,1067.00
 
-121.00,306.00,1067.00
 
-123.00,301.00,1066.00
 
-120.00,305.00,1072.00
 
-119.00,304.00,1066.00
 
-122.00,304.00,1067.00
 
-121.00,303.00,1069.00
 
-123.00,304.00,1061.00
 
-124.00,305.00,1069.00
 
-120.00,303.00,1065.00
 
-121.00,301.00,1066.00
 
-123.00,305.00,1068.00
 
-122.00,305.00,1068.00
 
-119.00,304.00,1067.00
 
-119.00,304.00,1066.00
 
-120.00,303.00,1069.00
 
-120.00,303.00,1064.00
 
-122.00,301.00,1058.00
 
-119.00,304.00,1070.00
 
-122.00,303.00,1068.00
 
-123.00,307.00,1065.00
 
-119.00,302.00,1071.00
 
-123.00,307.00,1069.00
 
-121.00,302.00,1065.00
 
-122.00,307.00,1065.00
 
-122.00,305.00,1066.00
 
-121.00,301.00,1067.00
 
-122.00,308.00,1067.00
 
-117.00,304.00,1069.00
 
-120.00,305.00,1067.00
 
-120.00,302.00,1068.00
 
-125.00,302.00,1067.00
 
-123.00,301.00,1067.00
 
-124.00,300.00,1066.00
 
-123.00,300.00,1070.00
 
-122.00,302.00,1065.00
 
-123.00,303.00,1062.00
 
-122.00,301.00,1069.00
 
-124.00,299.00,1065.00
 
-123.00,300.00,1066.00
 
-124.00,295.00,1065.00
 
-125.00,292.00,1066.00
 
-125.00,295.00,1068.00
 
-125.00,296.00,1064.00
 
-124.00,295.00,1067.00
 
-126.00,294.00,1061.00
 
-128.00,292.00,1062.00
 
-126.00,292.00,1063.00
 
-131.00,296.00,1064.00
 
-120.00,288.00,1068.00
 
-129.00,285.00,1070.00
 
-130.00,286.00,1065.00
 
-127.00,286.00,1064.00
 
-127.00,286.00,1067.00
 
-130.00,284.00,1068.00
 
-131.00,283.00,1065.00
 
-128.00,281.00,1067.00
 
-131.00,285.00,1066.00
 
-127.00,280.00,1065.00
 
-126.00,279.00,1067.00
 
-130.00,280.00,1069.00
 
-131.00,282.00,1066.00
 
-130.00,278.00,1068.00
 
-131.00,284.00,1066.00
 
-130.00,282.00,1068.00
 
-129.00,280.00,1065.00
 
-126.00,279.00,1063.00
 
-133.00,281.00,1065.00
 
-130.00,282.00,1068.00
 
-131.00,282.00,1063.00
 
-132.00,280.00,1063.00
 
-131.00,282.00,1065.00
 
-128.00,284.00,1068.00
 
-127.00,278.00,1061.00
 
-128.00,279.00,1065.00
 
-128.00,278.00,1065.00
 
-130.00,281.00,1069.00
 
-129.00,279.00,1066.00
 
-127.00,278.00,1061.00
 
-128.00,279.00,1063.00
 
-129.00,281.00,1062.00
 
-126.00,282.00,1067.00
 
-129.00,280.00,1063.00
 
-131.00,278.00,1066.00
 
-130.00,281.00,1067.00
 
-132.00,280.00,1063.00
 
-130.00,281.00,1063.00
 
-130.00,282.00,1064.00
 
-129.00,279.00,1066.00
 
-129.00,279.00,1064.00
 
-131.00,279.00,1062.00
 
-129.00,274.00,1068.00
 
-130.00,274.00,1061.00
 
-128.00,278.00,1061.00
 
-130.00,278.00,1068.00
 
-131.00,272.00,1062.00
 
-132.00,273.00,1066.00
 
-132.00,272.00,1063.00
 
-134.00,272.00,1063.00
 
-132.00,270.00,1064.00
 
-132.00,270.00,1066.00
 
-132.00,269.00,1065.00
 
-131.00,269.00,1060.00
 
-133.00,270.00,1065.00
 
-130.00,269.00,1063.00
 
-135.00,266.00,1067.00
 
-132.00,259.00,1059.00
 
-125.00,261.00,1059.00
 
-132.00,261.00,1063.00
 
-134.00,260.00,1065.00
 
-132.00,261.00,1065.00
 
-131.00,257.00,1065.00
 
-132.00,263.00,1061.00
 
-132.00,260.00,1065.00
 
-133.00,256.00,1069.00
 
-134.00,258.00,1062.00
 
-133.00,258.00,1064.00
 
-132.00,259.00,1066.00
 
-133.00,258.00,1067.00
 
-132.00,257.00,1062.00
 
-131.00,256.00,1059.00
 
-135.00,264.00,1062.00
 
-133.00,260.00,1062.00
 
-133.00,256.00,1061.00
 
-133.00,257.00,1065.00
 
-132.00,258.00,1063.00
 
-132.00,261.00,1062.00
 
-132.00,256.00,1066.00
 
-133.00,255.00,1064.00
 
-131.00,259.00,1068.00
 
-129.00,254.00,1061.00
 
-132.00,260.00,1065.00
 
-133.00,257.00,1059.00
 
-130.00,258.00,1068.00
 
-132.00,257.00,1064.00
 
-133.00,261.00,1065.00
 
-133.00,258.00,1065.00
 
-133.00,257.00,1065.00
 
-134.00,260.00,1063.00
 
-136.00,258.00,1057.00
 
-133.00,257.00,1065.00
 
-132.00,260.00,1066.00
 
-135.00,259.00,1067.00
 
-133.00,258.00,1063.00
 
-133.00,259.00,1065.00
 
-134.00,255.00,1062.00
 
-133.00,257.00,1066.00
 
-132.00,258.00,1063.00
 
-133.00,255.00,1064.00
 
-132.00,255.00,1064.00
 
-128.00,252.00,1063.00
 
-131.00,252.00,1064.00
 
-131.00,250.00,1063.00
 
-131.00,250.00,1063.00
 
-130.00,250.00,1062.00
 
-125.00,251.00,1066.00
 
-128.00,246.00,1068.00
 
-125.00,245.00,1069.00
 
-132.00,242.00,1065.00
 
-130.00,243.00,1064.00
 
-131.00,243.00,1059.00
 
-132.00,245.00,1063.00
 
-128.00,244.00,1066.00
 
-130.00,246.00,1061.00
 
-128.00,244.00,1062.00
 
-128.00,242.00,1062.00
 
-130.00,244.00,1060.00
 
-125.00,242.00,1061.00
 
-126.00,239.00,1058.00
 
-130.00,240.00,1059.00
 
-129.00,239.00,1060.00
 
-127.00,238.00,1061.00
 
-129.00,239.00,1061.00
 
-128.00,241.00,1064.00
 
-127.00,240.00,1061.00
 
-127.00,237.00,1063.00
 
-130.00,236.00,1065.00
 
-129.00,238.00,1061.00
 
-128.00,238.00,1062.00
 
-128.00,239.00,1065.00
 
-128.00,237.00,1065.00
 
-127.00,240.00,1063.00
 
-132.00,237.00,1067.00
 
-128.00,239.00,1061.00
 
-127.00,240.00,1061.00
 
-129.00,240.00,1058.00
 
-127.00,239.00,1061.00
 
-128.00,241.00,1061.00
 
-126.00,236.00,1059.00
 
-129.00,239.00,1061.00
 
-128.00,239.00,1063.00
 
-129.00,241.00,1061.00
 
-128.00,239.00,1065.00
 
-129.00,239.00,1061.00
 
-130.00,237.00,1062.00
 
-126.00,237.00,1063.00
 
-129.00,239.00,1061.00
 
-128.00,238.00,1061.00
 
-129.00,240.00,1063.00
 
-126.00,237.00,1060.00
 
-128.00,239.00,1062.00
 
-131.00,239.00,1062.00
 
-126.00,236.00,1063.00
 
-127.00,235.00,1060.00
 
-127.00,231.00,1059.00
 
-126.00,233.00,1063.00
 
-124.00,233.00,1064.00
 
-129.00,230.00,1064.00
 
-129.00,233.00,1061.00
 
-125.00,228.00,1064.00
 
-125.00,227.00,1060.00
 
-124.00,226.00,1061.00
 
-122.00,233.00,1062.00
 
-125.00,229.00,1063.00
 
-124.00,226.00,1064.00
 
-123.00,228.00,1061.00
 
-123.00,226.00,1064.00
 
-120.00,226.00,1062.00
 
-120.00,225.00,1062.00
 
-123.00,221.00,1061.00
 
-123.00,224.00,1059.00
 
-119.00,223.00,1064.00
 
-119.00,224.00,1061.00
 
-120.00,223.00,1060.00
 
-122.00,221.00,1060.00
 
-121.00,221.00,1060.00
 
-118.00,222.00,1064.00
 
-122.00,226.00,1058.00
 
-122.00,223.00,1062.00
 
-122.00,223.00,1059.00
 
-121.00,223.00,1064.00
 
-121.00,224.00,1061.00
 
-119.00,222.00,1061.00
 
-120.00,223.00,1061.00
 
-122.00,221.00,1061.00
 
-120.00,219.00,1066.00
 
-118.00,222.00,1061.00
 
-122.00,225.00,1060.00
 
-122.00,223.00,1063.00
 
-121.00,227.00,1063.00
 
-115.00,221.00,1061.00
 
-118.00,225.00,1062.00
 
-119.00,224.00,1059.00
 
-120.00,224.00,1061.00
 
-121.00,223.00,1064.00
 
-119.00,222.00,1063.00
 
-117.00,223.00,1063.00
 
-120.00,222.00,1063.00
 
-126.00,225.00,1067.00
 
-115.00,224.00,1068.00
 
-122.00,222.00,1060.00
 
-120.00,224.00,1061.00
 
-122.00,221.00,1062.00
 
-121.00,224.00,1065.00
 
-118.00,224.00,1066.00
 
-119.00,221.00,1059.00
 
-117.00,221.00,1061.00
 
-118.00,221.00,1062.00
 
-124.00,219.00,1060.00
 
-118.00,220.00,1062.00
 
-118.00,216.00,1059.00
 
-117.00,218.00,1063.00
 
-114.00,222.00,1064.00
 
-113.00,222.00,1053.00
 
-114.00,215.00,1064.00
 
-118.00,216.00,1063.00
 
-118.00,216.00,1064.00
 
-115.00,213.00,1062.00
 
-118.00,214.00,1065.00
 
-115.00,212.00,1063.00
 
-115.00,210.00,1060.00
 
-114.00,211.00,1059.00
 
-113.00,208.00,1063.00
 
-110.00,212.00,1061.00
 
-110.00,210.00,1064.00
 
-111.00,210.00,1061.00
 
-108.00,208.00,1060.00
 
-111.00,210.00,1065.00
 
-110.00,210.00,1061.00
 
-107.00,211.00,1060.00
 
-107.00,208.00,1062.00
 
-110.00,210.00,1062.00
 
-106.00,210.00,1064.00
 
-104.00,207.00,1060.00
 
-109.00,208.00,1062.00
 
-108.00,207.00,1060.00
 
-107.00,208.00,1064.00
 
-107.00,210.00,1061.00
 
-108.00,206.00,1061.00
 
-108.00,209.00,1064.00
 
-107.00,208.00,1059.00
 
-107.00,211.00,1063.00
 
-105.00,208.00,1057.00
 
-111.00,208.00,1068.00
 
-111.00,206.00,1062.00
 
-110.00,207.00,1057.00
 
-107.00,207.00,1061.00
 
-108.00,206.00,1060.00
 
-108.00,209.00,1064.00
 
-113.00,206.00,1060.00
 
-107.00,210.00,1064.00
 
-107.00,208.00,1059.00
 
-107.00,207.00,1062.00
 
-109.00,207.00,1064.00
 
-108.00,210.00,1062.00
 
-107.00,207.00,1060.00
 
-105.00,210.00,1065.00
 
-105.00,202.00,1057.00
 
-108.00,208.00,1061.00
 
-108.00,210.00,1060.00
 
-106.00,211.00,1059.00
 
-107.00,208.00,1059.00
 
-105.00,209.00,1060.00
 
-106.00,209.00,1058.00
 
-106.00,207.00,1062.00
 
-107.00,204.00,1063.00
 
-107.00,208.00,1066.00
 
-106.00,207.00,1057.00
 
-102.00,202.00,1064.00
 
-103.00,205.00,1059.00
 
-100.00,205.00,1064.00
 
-102.00,205.00,1059.00
 
-101.00,204.00,1065.00
 
-103.00,200.00,1060.00
 
-101.00,202.00,1065.00
 
-96.00,202.00,1065.00
 
-98.00,201.00,1054.00
 
-96.00,200.00,1059.00
 
-95.00,198.00,1061.00
 
-98.00,200.00,1061.00
 
-97.00,199.00,1058.00
 
-92.00,197.00,1060.00
 
-94.00,198.00,1059.00
 
-92.00,197.00,1059.00
 
-95.00,196.00,1057.00
 
-90.00,200.00,1063.00
 
-93.00,196.00,1062.00
 
-92.00,195.00,1060.00
 
-91.00,199.00,1062.00
 
-94.00,199.00,1059.00
 
-87.00,198.00,1061.00
 
-93.00,197.00,1062.00
 
-93.00,196.00,1061.00
 
-90.00,198.00,1062.00
 
-92.00,198.00,1058.00
 
-94.00,199.00,1060.00
 
-89.00,197.00,1063.00
 
-92.00,195.00,1065.00
 
-93.00,198.00,1061.00
 
-93.00,198.00,1061.00
 
-92.00,202.00,1062.00
 
-93.00,197.00,1067.00
 
-88.00,198.00,1058.00
 
-92.00,195.00,1059.00
 
-91.00,197.00,1061.00
 
-92.00,196.00,1062.00
 
-92.00,197.00,1063.00
 
-90.00,198.00,1062.00
 
-91.00,199.00,1059.00
 
-94.00,197.00,1062.00
 
-91.00,197.00,1064.00
 
-93.00,195.00,1055.00
 
-93.00,195.00,1061.00
 
-91.00,198.00,1062.00
 
-92.00,198.00,1061.00
 
-93.00,200.00,1061.00
 
-91.00,199.00,1062.00
 
-94.00,197.00,1061.00
 
-91.00,195.00,1062.00
 
-91.00,198.00,1061.00
 
-90.00,194.00,1061.00
 
-88.00,195.00,1060.00
 
-86.00,192.00,1063.00
 
-87.00,195.00,1061.00
 
-90.00,193.00,1064.00
 
-88.00,196.00,1062.00
 
-86.00,194.00,1063.00
 
-85.00,193.00,1064.00
 
-86.00,194.00,1064.00
 
-82.00,192.00,1063.00
 
-84.00,191.00,1063.00
 
-80.00,191.00,1059.00
 
-83.00,195.00,1062.00
 
-83.00,191.00,1062.00
 
-78.00,190.00,1064.00
 
-80.00,191.00,1062.00
 
-78.00,194.00,1064.00
 
-78.00,186.00,1062.00
 
-79.00,188.00,1062.00
 
-78.00,188.00,1061.00
 
-77.00,189.00,1059.00
 
-77.00,190.00,1060.00
 
-76.00,188.00,1065.00
 
-78.00,189.00,1061.00
 
-75.00,187.00,1065.00
 
-79.00,191.00,1062.00
 
-77.00,193.00,1060.00
 
-69.00,183.00,1067.00
 
-76.00,188.00,1064.00
 
-78.00,189.00,1061.00
 
-77.00,193.00,1065.00
 
-75.00,188.00,1061.00
 
-76.00,186.00,1064.00
 
-77.00,188.00,1062.00
 
-78.00,191.00,1063.00
 
-77.00,188.00,1067.00
 
-76.00,188.00,1065.00
 
-74.00,187.00,1061.00
 
-74.00,187.00,1061.00
 
-74.00,188.00,1063.00
 
-77.00,187.00,1059.00
 
-73.00,189.00,1066.00
 
-75.00,187.00,1059.00
 
-75.00,191.00,1066.00
 
-75.00,187.00,1062.00
 
-73.00,187.00,1063.00
 
-75.00,190.00,1059.00
 
-75.00,189.00,1054.00
 
-74.00,187.00,1061.00
 
-73.00,191.00,1067.00
 
-76.00,190.00,1063.00
 
-75.00,186.00,1064.00
 
-74.00,190.00,1066.00
 
-73.00,186.00,1061.00
 
-71.00,188.00,1060.00
 
-70.00,191.00,1065.00
 
-70.00,192.00,1061.00
 
-69.00,186.00,1062.00
 
-70.00,188.00,1063.00
 
-68.00,186.00,1063.00
 
-67.00,186.00,1065.00
 
-68.00,185.00,1064.00
 
-67.00,186.00,1064.00
 
-65.00,184.00,1061.00
 
-64.00,185.00,1061.00
 
-64.00,186.00,1066.00
 
-60.00,186.00,1064.00
 
-63.00,184.00,1065.00
 
-62.00,187.00,1064.00
 
-60.00,183.00,1064.00
 
-58.00,184.00,1059.00
 
-59.00,183.00,1062.00
 
-57.00,183.00,1060.00
 
-59.00,185.00,1064.00
 
-57.00,186.00,1066.00
 
-58.00,184.00,1060.00
 
-55.00,186.00,1065.00
 
-56.00,185.00,1061.00
 
-57.00,181.00,1063.00
 
-57.00,186.00,1063.00
 
-57.00,185.00,1060.00
 
-59.00,185.00,1065.00
 
-55.00,185.00,1066.00
 
-56.00,183.00,1061.00
 
-55.00,186.00,1063.00
 
-57.00,183.00,1064.00
 
-60.00,184.00,1065.00
 
-58.00,185.00,1061.00
 
-55.00,183.00,1063.00
 
-58.00,184.00,1065.00
 
-57.00,185.00,1065.00
 
-61.00,182.00,1062.00
 
-56.00,185.00,1063.00
 
-57.00,183.00,1059.00
 
-56.00,187.00,1063.00
 
-55.00,185.00,1063.00
 
-55.00,186.00,1057.00
 
-58.00,185.00,1061.00
 
-57.00,185.00,1062.00
 
-59.00,180.00,1060.00
 
-59.00,185.00,1064.00
 
-55.00,184.00,1062.00
 
-56.00,185.00,1061.00
 
-55.00,183.00,1064.00
 
-57.00,182.00,1062.00
 
-55.00,182.00,1066.00
 
-54.00,183.00,1064.00
 
-54.00,186.00,1063.00
 
-51.00,185.00,1062.00
 
-52.00,185.00,1063.00
 
-52.00,186.00,1064.00
 
-50.00,184.00,1064.00
 
-51.00,185.00,1064.00
 
-47.00,183.00,1062.00
 
-49.00,188.00,1063.00
 
-47.00,186.00,1064.00
 
-47.00,186.00,1065.00
 
-46.00,187.00,1063.00
 
-47.00,189.00,1066.00
 
-45.00,188.00,1063.00
 
-42.00,186.00,1063.00
 
-44.00,187.00,1064.00
 
-42.00,186.00,1065.00
 
-41.00,187.00,1062.00
 
-45.00,184.00,1069.00
 
-42.00,186.00,1064.00
 
-42.00,188.00,1063.00
 
-38.00,188.00,1065.00
 
-40.00,187.00,1063.00
 
-41.00,186.00,1063.00
 
-40.00,187.00,1062.00
 
-43.00,187.00,1063.00
 
-41.00,187.00,1063.00
 
-40.00,189.00,1065.00
 
-41.00,187.00,1063.00
 
-41.00,189.00,1064.00
 
-43.00,186.00,1064.00
 
-41.00,185.00,1065.00
 
-41.00,189.00,1066.00
 
-43.00,190.00,1063.00
 
-43.00,193.00,1060.00
 
-39.00,185.00,1056.00
 
-40.00,188.00,1064.00
 
-40.00,190.00,1064.00
 
-40.00,186.00,1063.00
 
-37.00,188.00,1064.00
 
-40.00,187.00,1065.00
 
-43.00,189.00,1065.00
 
-42.00,187.00,1061.00
 
-40.00,187.00,1063.00
 
-41.00,188.00,1068.00
 
-37.00,186.00,1067.00
 
-41.00,188.00,1065.00
 
-38.00,189.00,1065.00
 
-40.00,188.00,1063.00
 
-38.00,191.00,1063.00
 
-42.00,188.00,1066.00
 
-40.00,189.00,1063.00
 
-39.00,187.00,1066.00
 
-35.00,189.00,1064.00
 
-34.00,193.00,1065.00
 
-35.00,190.00,1064.00
 
-38.00,189.00,1065.00
 
-34.00,189.00,1065.00
 
-33.00,192.00,1061.00
 
-25.00,192.00,1065.00
 
-33.00,191.00,1064.00
 
-29.00,195.00,1061.00
 
-26.00,193.00,1064.00
 
-26.00,195.00,1064.00
 
-25.00,194.00,1064.00
 
-24.00,193.00,1063.00
 
-25.00,194.00,1067.00
 
-24.00,197.00,1063.00
 
-26.00,193.00,1067.00
 
-25.00,197.00,1064.00
 
-22.00,193.00,1063.00
 
-19.00,196.00,1064.00
 
-21.00,194.00,1066.00
 
-22.00,194.00,1062.00
 
-20.00,195.00,1063.00
 
-23.00,195.00,1065.00
 
-22.00,195.00,1070.00
 
-19.00,192.00,1070.00
 
-25.00,194.00,1063.00
 
-22.00,197.00,1068.00
 
-19.00,195.00,1061.00
 
-24.00,194.00,1062.00
 
-21.00,197.00,1063.00
 
-21.00,192.00,1065.00
 
-22.00,196.00,1063.00
 
-20.00,198.00,1062.00
 
-21.00,196.00,1065.00
 
-20.00,194.00,1066.00
 
-22.00,195.00,1074.00
 
-19.00,196.00,1068.00
 
-22.00,192.00,1064.00
 
-22.00,195.00,1063.00
 
-21.00,194.00,1068.00
 
-22.00,196.00,1067.00
 
-21.00,196.00,1064.00
 
-23.00,195.00,1064.00
 
-21.00,195.00,1065.00
 
-22.00,196.00,1062.00
 
-21.00,198.00,1062.00
 
-21.00,197.00,1065.00
 
-20.00,196.00,1066.00
 
-20.00,197.00,1062.00
 
-19.00,198.00,1065.00
 
-21.00,198.00,1067.00
 
-13.00,198.00,1062.00
 
-17.00,196.00,1062.00
 
-10.00,197.00,1064.00
 
-16.00,199.00,1068.00
 
-11.00,197.00,1063.00
 
-10.00,196.00,1065.00
 
-10.00,201.00,1065.00
 
-9.00,197.00,1063.00
 
-8.00,202.00,1065.00
 
-8.00,201.00,1069.00
 
-7.00,198.00,1066.00
 
-5.00,201.00,1065.00
 
-7.00,199.00,1069.00
 
-6.00,199.00,1064.00
 
-7.00,205.00,1067.00
 
-3.00,202.00,1067.00
 
-3.00,202.00,1066.00
 
-4.00,203.00,1066.00
 
-2.00,202.00,1067.00
 
0.00,204.00,1070.00
 
-2.00,202.00,1067.00
 
0.00,202.00,1067.00
 
-1.00,203.00,1065.00
 
-4.00,201.00,1068.00
 
1.00,203.00,1069.00
 
3.00,205.00,1065.00
 
3.00,204.00,1068.00
 
-3.00,206.00,1066.00
 
0.00,205.00,1067.00
 
-1.00,206.00,1065.00
 
2.00,204.00,1065.00
 
-2.00,205.00,1063.00
 
1.00,204.00,1066.00
 
-2.00,204.00,1066.00
 
1.00,204.00,1064.00
 
1.00,206.00,1063.00
 
1.00,206.00,1063.00
 
-1.00,203.00,1066.00
 
0.00,203.00,1068.00
 
3.00,204.00,1071.00
 
2.00,204.00,1067.00
 
0.00,205.00,1065.00
 
2.00,208.00,1065.00
 
2.00,204.00,1066.00
 
2.00,204.00,1061.00
 
2.00,205.00,1067.00
 
2.00,203.00,1065.00
 
4.00,205.00,1066.00
 
3.00,205.00,1067.00
 
1.00,203.00,1067.00
 
5.00,206.00,1065.00
 
1.00,208.00,1066.00
 
3.00,208.00,1066.00
 
1.00,205.00,1068.00
 
3.00,205.00,1068.00
 
1.00,206.00,1066.00
 
3.00,206.00,1065.00
 
0.00,205.00,1065.00
 
1.00,208.00,1067.00
 
2.00,204.00,1070.00
 
0.00,203.00,1064.00
 
0.00,204.00,1069.00
 
4.00,205.00,1069.00
 
4.00,206.00,1068.00
 
2.00,205.00,1064.00
 
1.00,206.00,1065.00
 
2.00,206.00,1065.00
 
1.00,206.00,1065.00
 
0.00,206.00,1064.00
 
-1.00,206.00,1065.00
 
3.00,206.00,1063.00
 
0.00,205.00,1070.00
 
2.00,205.00,1069.00
 
3.00,206.00,1065.00
 
3.00,206.00,1065.00
 
6.00,205.00,1068.00
 
7.00,206.00,1068.00
 
5.00,207.00,1069.00
 
5.00,207.00,1069.00
 
7.00,209.00,1069.00
 
6.00,209.00,1067.00
 
10.00,210.00,1064.00
 
10.00,208.00,1067.00
 
6.00,213.00,1072.00
 
9.00,211.00,1065.00
 
11.00,209.00,1069.00
 
15.00,205.00,1066.00
 
13.00,205.00,1063.00
 
13.00,217.00,1066.00
 
11.00,215.00,1068.00
 
12.00,216.00,1066.00
 
13.00,216.00,1067.00
 
15.00,218.00,1066.00
 
13.00,216.00,1069.00
 
14.00,220.00,1068.00
 
13.00,216.00,1063.00
 
14.00,217.00,1068.00
 
15.00,219.00,1064.00
 
15.00,218.00,1068.00
 
14.00,219.00,1069.00
 
13.00,219.00,1067.00
 
14.00,220.00,1063.00
 
14.00,219.00,1070.00
 
13.00,217.00,1066.00
 
14.00,218.00,1067.00
 
13.00,220.00,1069.00
 
13.00,219.00,1069.00
 
12.00,220.00,1069.00
 
17.00,219.00,1061.00
 
17.00,219.00,1068.00
 
13.00,220.00,1065.00
 
15.00,220.00,1068.00
 
17.00,220.00,1069.00
 
13.00,220.00,1068.00
 
10.00,221.00,1066.00
 
15.00,219.00,1069.00
 
16.00,222.00,1066.00
 
17.00,220.00,1071.00
 
16.00,218.00,1070.00
 
10.00,217.00,1066.00
 
20.00,222.00,1069.00
 
16.00,220.00,1070.00
 
14.00,222.00,1071.00
 
13.00,224.00,1071.00
 
17.00,220.00,1068.00
 
16.00,224.00,1072.00
 
15.00,225.00,1067.00
 
15.00,224.00,1070.00
 
16.00,225.00,1071.00
 
15.00,227.00,1067.00
 
19.00,229.00,1068.00
 
17.00,230.00,1068.00
 
20.00,228.00,1071.00
 
20.00,229.00,1072.00
 
20.00,231.00,1067.00
 
22.00,231.00,1068.00
 
20.00,231.00,1070.00
 
21.00,233.00,1070.00
 
21.00,235.00,1069.00
 
20.00,233.00,1070.00
 
20.00,235.00,1072.00
 
18.00,234.00,1069.00
 
18.00,243.00,1069.00
 
23.00,236.00,1066.00
 
25.00,238.00,1074.00
 
25.00,238.00,1071.00
 
22.00,239.00,1068.00
 
23.00,237.00,1069.00
 
23.00,241.00,1070.00
 
23.00,238.00,1070.00
 
22.00,240.00,1070.00
 
25.00,237.00,1065.00
 
30.00,231.00,1071.00
 
24.00,236.00,1072.00
 
25.00,236.00,1067.00
 
22.00,240.00,1068.00
 
21.00,239.00,1070.00
 
23.00,241.00,1070.00
 
24.00,240.00,1067.00
 
25.00,239.00,1070.00
 
20.00,236.00,1069.00
 
30.00,244.00,1062.00
 
21.00,240.00,1069.00
 
22.00,237.00,1068.00
 
25.00,237.00,1070.00
 
25.00,239.00,1070.00
 
24.00,238.00,1068.00
 
23.00,238.00,1071.00
 
23.00,240.00,1072.00
 
23.00,238.00,1069.00
 
24.00,238.00,1069.00
 
25.00,239.00,1069.00
 
24.00,241.00,1067.00
 
27.00,238.00,1070.00
 
22.00,243.00,1070.00
 
26.00,245.00,1069.00
 
23.00,244.00,1068.00
 
28.00,247.00,1068.00
 
24.00,246.00,1071.00
 
24.00,247.00,1069.00
 
27.00,248.00,1070.00
 
26.00,247.00,1069.00
 
26.00,252.00,1072.00
 
25.00,253.00,1070.00
 
27.00,253.00,1068.00
 
27.00,253.00,1068.00
 
26.00,255.00,1071.00
 
25.00,255.00,1071.00
 
24.00,257.00,1070.00
 
27.00,256.00,1068.00
 
31.00,256.00,1070.00
 
26.00,258.00,1070.00
 
28.00,259.00,1071.00
 
29.00,260.00,1070.00
 
28.00,257.00,1066.00
 
28.00,256.00,1074.00
 
29.00,258.00,1069.00
 
30.00,259.00,1071.00
 
27.00,258.00,1060.00
 
29.00,258.00,1068.00
 
23.00,257.00,1072.00
 
28.00,259.00,1074.00
 
27.00,258.00,1071.00
 
27.00,257.00,1067.00
 
31.00,257.00,1072.00
 
29.00,258.00,1070.00
 
29.00,259.00,1070.00
 
26.00,256.00,1068.00
 
25.00,258.00,1067.00
 
29.00,255.00,1071.00
 
27.00,259.00,1071.00
 
29.00,256.00,1069.00
 
29.00,259.00,1072.00
 
26.00,256.00,1067.00
 
28.00,255.00,1068.00
 
27.00,259.00,1070.00
 
26.00,257.00,1070.00
 
27.00,260.00,1070.00
 
29.00,257.00,1071.00
 
28.00,256.00,1071.00
 
26.00,259.00,1070.00
 
26.00,260.00,1072.00
 
27.00,259.00,1067.00
 
26.00,259.00,1070.00
 
30.00,260.00,1069.00
 
27.00,262.00,1070.00
 
29.00,261.00,1071.00
 
26.00,266.00,1075.00
 
24.00,265.00,1070.00
 
28.00,265.00,1066.00
 
26.00,266.00,1068.00
 
26.00,268.00,1067.00
 
31.00,265.00,1066.00
 
24.00,266.00,1069.00
 
25.00,270.00,1074.00
 
30.00,267.00,1071.00
 
32.00,267.00,1064.00
 
27.00,274.00,1069.00
 
27.00,274.00,1070.00
 
25.00,275.00,1068.00
 
22.00,276.00,1071.00
 
26.00,278.00,1075.00
 
24.00,274.00,1068.00
 
23.00,279.00,1068.00
 
23.00,278.00,1073.00
 
27.00,279.00,1071.00
 
27.00,279.00,1073.00
 
24.00,284.00,1071.00
 
25.00,277.00,1068.00
 
26.00,279.00,1075.00
 
25.00,279.00,1069.00
 
24.00,280.00,1070.00
 
25.00,276.00,1071.00
 
26.00,278.00,1075.00
 
26.00,276.00,1076.00
 
23.00,277.00,1072.00
 
27.00,277.00,1071.00
 
25.00,280.00,1071.00
 
27.00,278.00,1071.00
 
28.00,275.00,1070.00
 
28.00,278.00,1071.00
 
24.00,282.00,1069.00
 
25.00,275.00,1070.00
 
25.00,277.00,1071.00
 
27.00,280.00,1071.00
 
26.00,279.00,1071.00
 
22.00,286.00,1070.00
 
24.00,277.00,1068.00
 
25.00,277.00,1071.00
 
26.00,279.00,1074.00
 
23.00,280.00,1068.00
 
27.00,282.00,1073.00
 
23.00,279.00,1067.00
 
23.00,279.00,1071.00
 
25.00,281.00,1070.00
 
23.00,282.00,1070.00
 
22.00,283.00,1072.00
 
22.00,279.00,1070.00
 
20.00,289.00,1072.00
 
23.00,288.00,1063.00
 
32.00,286.00,1074.00
 
26.00,291.00,1076.00
 
22.00,288.00,1071.00
 
22.00,289.00,1073.00
 
19.00,287.00,1071.00
 
18.00,295.00,1071.00
 
20.00,290.00,1073.00
 
20.00,292.00,1072.00
 
16.00,293.00,1073.00
 
21.00,292.00,1069.00
 
18.00,294.00,1070.00
 
17.00,295.00,1073.00
 
19.00,295.00,1070.00
 
18.00,295.00,1071.00
 
17.00,296.00,1070.00
 
12.00,297.00,1067.00
 
22.00,298.00,1072.00
 
17.00,297.00,1074.00
 
18.00,298.00,1071.00
 
19.00,295.00,1069.00
 
18.00,295.00,1072.00
 
19.00,296.00,1067.00
 
17.00,296.00,1074.00
 
16.00,296.00,1076.00
 
18.00,297.00,1071.00
 
22.00,297.00,1076.00
 
18.00,295.00,1070.00
 
16.00,297.00,1072.00
 
18.00,296.00,1070.00
 
17.00,297.00,1074.00
 
17.00,297.00,1071.00
 
18.00,295.00,1069.00
 
18.00,297.00,1068.00
 
17.00,298.00,1070.00
 
18.00,298.00,1073.00
 
14.00,299.00,1068.00
 
19.00,300.00,1072.00
 
14.00,298.00,1070.00
 
18.00,298.00,1071.00
 
18.00,295.00,1070.00
 
17.00,297.00,1072.00
 
20.00,298.00,1071.00
 
18.00,295.00,1071.00
 
21.00,299.00,1076.00
 
16.00,298.00,1073.00
 
15.00,307.00,1072.00
 
17.00,299.00,1069.00
 
17.00,301.00,1072.00
 
14.00,302.00,1074.00
 
13.00,303.00,1071.00
 
17.00,301.00,1074.00
 
15.00,302.00,1073.00
 
13.00,305.00,1072.00
 
14.00,307.00,1076.00
 
11.00,306.00,1078.00
 
10.00,307.00,1074.00
 
10.00,306.00,1071.00
 
7.00,307.00,1070.00
 
11.00,308.00,1075.00
 
6.00,309.00,1072.00
 
8.00,309.00,1074.00
 
6.00,310.00,1070.00
 
5.00,308.00,1071.00
 
5.00,313.00,1072.00
 
6.00,315.00,1072.00
 
3.00,312.00,1069.00
 
11.00,309.00,1065.00
 
3.00,312.00,1074.00
 
2.00,312.00,1070.00
 
0.00,312.00,1069.00
 
1.00,316.00,1073.00
 
0.00,314.00,1073.00
 
5.00,314.00,1074.00
 
4.00,314.00,1069.00
 
4.00,315.00,1074.00
 
4.00,312.00,1075.00
 
2.00,311.00,1074.00
 
3.00,310.00,1075.00
 
5.00,317.00,1071.00
 
4.00,313.00,1076.00
 
2.00,314.00,1070.00
 
1.00,316.00,1074.00
 
4.00,314.00,1070.00
 
2.00,314.00,1071.00
 
3.00,315.00,1072.00
 
1.00,313.00,1070.00
 
4.00,314.00,1071.00
 
4.00,315.00,1071.00
 
0.00,312.00,1071.00
 
4.00,310.00,1069.00
 
6.00,312.00,1071.00
 
6.00,310.00,1074.00
 
0.00,311.00,1074.00
 
2.00,312.00,1068.00
 
3.00,313.00,1076.00
 
3.00,314.00,1073.00
 
0.00,316.00,1073.00
 
0.00,316.00,1072.00
 
0.00,317.00,1071.00
 
-2.00,316.00,1071.00
 
-1.00,317.00,1073.00
 
-5.00,318.00,1074.00
 
-2.00,319.00,1073.00
 
-6.00,320.00,1073.00
 
-6.00,320.00,1074.00
 
-10.00,325.00,1072.00
 
-9.00,319.00,1073.00
 
-9.00,319.00,1076.00
 
-8.00,321.00,1072.00
 
-13.00,325.00,1071.00
 
-13.00,323.00,1070.00
 
-9.00,325.00,1075.00
 
-11.00,322.00,1072.00
 
-13.00,323.00,1075.00
 
-12.00,325.00,1072.00
 
-14.00,327.00,1072.00
 
-15.00,327.00,1072.00
 
-16.00,324.00,1072.00
 
-14.00,324.00,1068.00
 
-19.00,328.00,1071.00
 
-20.00,326.00,1073.00
 
-21.00,325.00,1071.00
 
-22.00,324.00,1073.00
 
-19.00,327.00,1073.00
 
-24.00,330.00,1072.00
 
-19.00,327.00,1074.00
 
-19.00,328.00,1073.00
 
-20.00,325.00,1073.00
 
-22.00,325.00,1071.00
 
-24.00,327.00,1072.00
 
-22.00,326.00,1074.00
 
-22.00,327.00,1071.00
 
-25.00,324.00,1074.00
 
-24.00,327.00,1074.00
 
-22.00,331.00,1073.00
 
-20.00,328.00,1074.00
 
-23.00,329.00,1072.00
 
-26.00,327.00,1074.00
 
-22.00,331.00,1072.00
 
-24.00,326.00,1074.00
 
-24.00,328.00,1073.00
 
-22.00,328.00,1070.00
 
-22.00,326.00,1074.00
 
-21.00,324.00,1074.00
 
-23.00,324.00,1074.00
 
-25.00,328.00,1072.00
 
-23.00,328.00,1074.00
 
-26.00,327.00,1070.00
 
-24.00,327.00,1071.00
 
-24.00,328.00,1074.00
 
-25.00,331.00,1072.00
 
-23.00,330.00,1076.00
 
-25.00,327.00,1074.00
 
-25.00,328.00,1074.00
 
-23.00,328.00,1076.00
 
-26.00,334.00,1076.00
 
-24.00,327.00,1075.00
 
-27.00,326.00,1074.00
 
-23.00,331.00,1071.00
 
-22.00,329.00,1073.00
 
-22.00,326.00,1072.00
 
-22.00,328.00,1074.00
 
-20.00,326.00,1072.00
 
-25.00,331.00,1069.00
 
-21.00,327.00,1076.00
 
-21.00,328.00,1071.00
 
-20.00,328.00,1078.00
 
-17.00,324.00,1075.00
 
-17.00,328.00,1072.00
 
-18.00,325.00,1076.00
 
-16.00,326.00,1074.00
 
-14.00,326.00,1075.00
 
-15.00,326.00,1070.00
 
