331.00,31.00,703.00
 
328.00,35.00,700.00
 
330.00,32.00,704.00
 
335.00,34.00,704.00
 
328.00,32.00,703.00
 
332.00,32.00,703.00
 
338.00,29.00,705.00
 
333.00,34.00,703.00
 
331.00,32.00,702.00
 
333.00,34.00,703.00
 
337.00,33.00,701.00
 
332.00,33.00,701.00
 
335.00,33.00,703.00
 
332.00,36.00,702.00
 
331.00,33.00,702.00
 
333.00,37.00,702.00
 
333.00,34.00,702.00
 
332.00,35.00,701.00
 
334.00,34.00,706.00
 
332.00,36.00,702.00
 
335.00,37.00,702.00
 
334.00,35.00,702.00
 
331.00,33.00,701.00
 
332.00,36.00,701.00
 
334.00,35.00,704.00
 
332.00,35.00,703.00
 
334.00,34.00,700.00
 
336.00,38.00,696.00
 
333.00,36.00,702.00
 
332.00,36.00,700.00
 
330.00,34.00,700.00
 
331.00,33.00,703.00
 
335.00,35.00,703.00
 
334.00,35.00,704.00
 
332.00,36.00,702.00
 
333.00,37.00,701.00
 
332.00,32.00,699.00
 
332.00,36.00,701.00
 
333.00,37.00,703.00
 
331.00,38.00,702.00
 
335.00,41.00,692.00
 
334.00,39.00,708.00
 
335.00,35.00,705.00
 
331.00,33.00,705.00
 
331.00,31.00,701.00
 
333.00,36.00,703.00
 
334.00,35.00,703.00
 
329.00,36.00,705.00
 
330.00,35.00,704.00
 
331.00,35.00,702.00
 
330.00,35.00,705.00
 
333.00,35.00,703.00
 
332.00,36.00,705.00
 
332.00,33.00,704.00
 
331.00,39.00,702.00
 
333.00,38.00,705.00
 
331.00,39.00,703.00
 
328.00,39.00,705.00
 
329.00,35.00,702.00
 
329.00,36.00,703.00
 
329.00,34.00,704.00
 
333.00,36.00,703.00
 
334.00,35.00,703.00
 
330.00,36.00,703.00
 
324.00,31.00,703.00
 
332.00,37.00,705.00
 
328.00,35.00,704.00
 
332.00,36.00,705.00
 
327.00,33.00,707.00
 
332.00,36.00,702.00
 
331.00,36.00,703.00
 
329.00,41.00,706.00
 
331.00,37.00,703.00
 
331.00,39.00,702.00
 
332.00,37.00,705.00
 
333.00,34.00,702.00
 
330.00,38.00,707.00
 
333.00,41.00,700.00
 
330.00,35.00,702.00
 
331.00,37.00,704.00
 
331.00,35.00,706.00
 
331.00,36.00,705.00
 
329.00,35.00,704.00
 
332.00,35.00,703.00
 
329.00,36.00,704.00
 
332.00,38.00,705.00
 
330.00,36.00,702.00
 
331.00,37.00,703.00
 
333.00,35.00,700.00
 
328.00,44.00,704.00
 
337.00,32.00,692.00
 
339.00,36.00,703.00
 
331.00,35.00,704.00
 
331.00,36.00,707.00
 
330.00,39.00,701.00
 
333.00,38.00,703.00
 
332.00,37.00,707.00
 
332.00,36.00,705.00
 
331.00,37.00,706.00
 
333.00,35.00,704.00
 
332.00,40.00,704.00
 
333.00,36.00,703.00
 
330.00,38.00,704.00
 
333.00,34.00,703.00
 
329.00,38.00,705.00
 
328.00,43.00,703.00
 
329.00,37.00,703.00
 
329.00,38.00,702.00
 
331.00,38.00,707.00
 
333.00,36.00,703.00
 
329.00,41.00,703.00
 
335.00,36.00,706.00
 
328.00,39.00,704.00
 
328.00,36.00,702.00
 
334.00,41.00,707.00
 
335.00,33.00,701.00
 
331.00,39.00,702.00
 
331.00,40.00,704.00
 
329.00,38.00,703.00
 
329.00,41.00,704.00
 
329.00,38.00,704.00
 
331.00,38.00,703.00
 
329.00,36.00,704.00
 
331.00,40.00,706.00
 
332.00,41.00,704.00
 
333.00,36.00,705.00
 
331.00,39.00,704.00
 
331.00,36.00,702.00
 
331.00,38.00,702.00
 
330.00,36.00,702.00
 
334.00,38.00,703.00
 
334.00,37.00,705.00
 
333.00,37.00,702.00
 
332.00,36.00,707.00
 
329.00,36.00,702.00
 
330.00,34.00,707.00
 
331.00,39.00,703.00
 
333.00,37.00,705.00
 
327.00,36.00,704.00
 
333.00,40.00,702.00
 
330.00,39.00,705.00
 
329.00,40.00,707.00
 
330.00,40.00,707.00
 
332.00,38.00,705.00
 
333.00,40.00,706.00
 
331.00,40.00,705.00
 
329.00,39.00,703.00
 
334.00,41.00,704.00
 
333.00,38.00,705.00
 
335.00,38.00,703.00
 
331.00,40.00,704.00
 
331.00,40.00,702.00
 
331.00,40.00,705.00
 
331.00,40.00,703.00
 
330.00,37.00,703.00
 
332.00,35.00,705.00
 
329.00,38.00,703.00
 
330.00,37.00,703.00
 
330.00,36.00,704.00
 
327.00,38.00,702.00
 
329.00,38.00,704.00
 
330.00,38.00,705.00
 
331.00,39.00,703.00
 
327.00,42.00,701.00
 
330.00,38.00,701.00
 
329.00,38.00,703.00
 
328.00,41.00,703.00
 
331.00,42.00,705.00
 
328.00,39.00,705.00
 
330.00,38.00,705.00
 
332.00,39.00,703.00
 
329.00,38.00,704.00
 
329.00,40.00,704.00
 
328.00,38.00,705.00
 
329.00,38.00,705.00
 
327.00,42.00,705.00
 
330.00,39.00,703.00
 
330.00,38.00,703.00
 
328.00,37.00,707.00
 
330.00,36.00,704.00
 
329.00,38.00,708.00
 
329.00,38.00,706.00
 
332.00,40.00,704.00
 
330.00,38.00,707.00
 
328.00,37.00,702.00
 
330.00,38.00,703.00
 
329.00,35.00,703.00
 
328.00,37.00,705.00
 
331.00,35.00,703.00
 
330.00,37.00,703.00
 
325.00,36.00,705.00
 
325.00,43.00,701.00
 
327.00,37.00,708.00
 
330.00,37.00,706.00
 
327.00,39.00,708.00
 
328.00,38.00,707.00
 
328.00,39.00,711.00
 
329.00,39.00,704.00
 
327.00,35.00,704.00
 
332.00,39.00,706.00
 
329.00,38.00,703.00
 
330.00,37.00,707.00
 
329.00,37.00,703.00
 
332.00,36.00,704.00
 
331.00,41.00,705.00
 
328.00,35.00,706.00
 
330.00,35.00,704.00
 
328.00,37.00,704.00
 
329.00,35.00,703.00
 
329.00,35.00,703.00
 
326.00,37.00,705.00
 
332.00,37.00,705.00
 
329.00,37.00,703.00
 
326.00,36.00,703.00
 
324.00,35.00,704.00
 
326.00,34.00,701.00
 
330.00,39.00,704.00
 
328.00,38.00,707.00
 
326.00,39.00,705.00
 
323.00,41.00,707.00
 
328.00,42.00,704.00
 
327.00,41.00,707.00
 
329.00,41.00,705.00
 
329.00,42.00,707.00
 
328.00,41.00,704.00
 
327.00,42.00,705.00
 
335.00,41.00,704.00
 
334.00,44.00,703.00
 
332.00,41.00,705.00
 
330.00,40.00,703.00
 
331.00,43.00,702.00
 
332.00,41.00,705.00
 
336.00,45.00,704.00
 
338.00,43.00,702.00
 
335.00,47.00,701.00
 
338.00,46.00,704.00
 
337.00,49.00,704.00
 
341.00,52.00,701.00
 
342.00,51.00,705.00
 
342.00,55.00,703.00
 
343.00,58.00,703.00
 
345.00,57.00,705.00
 
347.00,59.00,702.00
 
346.00,61.00,700.00
 
347.00,65.00,701.00
 
352.00,66.00,702.00
 
350.00,65.00,700.00
 
356.00,64.00,694.00
 
355.00,67.00,699.00
 
355.00,69.00,695.00
 
359.00,67.00,697.00
 
359.00,69.00,694.00
 
364.00,63.00,691.00
 
364.00,65.00,692.00
 
369.00,68.00,695.00
 
370.00,64.00,691.00
 
374.00,68.00,693.00
 
381.00,74.00,689.00
 
383.00,76.00,686.00
 
389.00,81.00,690.00
 
389.00,88.00,685.00
 
395.00,89.00,686.00
 
402.00,94.00,682.00
 
406.00,97.00,681.00
 
408.00,102.00,682.00
 
412.00,102.00,680.00
 
412.00,102.00,680.00
 
416.00,103.00,680.00
 
417.00,99.00,677.00
 
427.00,93.00,668.00
 
432.00,90.00,671.00
 
433.00,84.00,669.00
 
442.00,80.00,661.00
 
449.00,74.00,657.00
 
456.00,74.00,654.00
 
462.00,70.00,647.00
 
468.00,66.00,642.00
 
479.00,63.00,636.00
 
486.00,61.00,630.00
 
495.00,56.00,627.00
 
504.00,50.00,616.00
 
514.00,50.00,608.00
 
525.00,42.00,594.00
 
546.00,37.00,582.00
 
550.00,33.00,572.00
 
558.00,31.00,566.00
 
566.00,28.00,557.00
 
574.00,29.00,552.00
 
587.00,27.00,544.00
 
599.00,29.00,532.00
 
608.00,30.00,518.00
 
624.00,31.00,504.00
 
656.00,34.00,472.00
 
668.00,35.00,459.00
 
682.00,35.00,441.00
 
689.00,36.00,428.00
 
702.00,33.00,412.00
 
712.00,35.00,401.00
 
715.00,36.00,389.00
 
726.00,40.00,378.00
 
734.00,47.00,369.00
 
740.00,51.00,359.00
 
751.00,55.00,347.00
 
757.00,60.00,334.00
 
771.00,62.00,319.00
 
776.00,67.00,305.00
 
784.00,73.00,293.00
 
794.00,82.00,280.00
 
803.00,82.00,262.00
 
807.00,87.00,239.00
 
817.00,93.00,229.00
 
821.00,98.00,219.00
 
825.00,101.00,204.00
 
832.00,104.00,187.00
 
834.00,108.00,170.00
 
844.00,116.00,150.00
 
847.00,112.00,134.00
 
852.00,114.00,115.00
 
855.00,118.00,94.00
 
859.00,122.00,73.00
 
858.00,121.00,54.00
 
865.00,130.00,34.00
 
863.00,130.00,2.00
 
865.00,134.00,-14.00
 
868.00,133.00,-32.00
 
865.00,134.00,-50.00
 
865.00,137.00,-66.00
 
864.00,138.00,-79.00
 
863.00,138.00,-92.00
 
861.00,142.00,-107.00
 
859.00,140.00,-128.00
 
859.00,143.00,-141.00
 
855.00,145.00,-152.00
 
853.00,146.00,-167.00
 
849.00,146.00,-186.00
 
843.00,144.00,-204.00
 
836.00,145.00,-221.00
 
833.00,144.00,-237.00
 
828.00,142.00,-258.00
 
824.00,143.00,-273.00
 
816.00,139.00,-305.00
 
804.00,137.00,-318.00
 
802.00,139.00,-330.00
 
797.00,139.00,-344.00
 
791.00,134.00,-354.00
 
788.00,132.00,-368.00
 
780.00,132.00,-376.00
 
774.00,131.00,-385.00
 
770.00,128.00,-393.00
 
771.00,131.00,-399.00
 
769.00,131.00,-402.00
 
766.00,126.00,-406.00
 
765.00,128.00,-409.00
 
763.00,127.00,-408.00
 
764.00,126.00,-417.00
 
761.00,128.00,-414.00
 
763.00,126.00,-418.00
 
759.00,126.00,-422.00
 
759.00,124.00,-422.00
 
759.00,126.00,-423.00
 
752.00,115.00,-426.00
 
752.00,118.00,-432.00
 
752.00,119.00,-433.00
 
752.00,119.00,-436.00
 
751.00,118.00,-435.00
 
752.00,116.00,-437.00
 
745.00,114.00,-438.00
 
746.00,114.00,-439.00
 
746.00,112.00,-438.00
 
747.00,107.00,-444.00
 
743.00,108.00,-443.00
 
740.00,106.00,-444.00
 
737.00,103.00,-445.00
 
738.00,98.00,-448.00
 
735.00,99.00,-452.00
 
735.00,98.00,-456.00
 
733.00,94.00,-457.00
 
735.00,92.00,-457.00
 
735.00,91.00,-457.00
 
732.00,92.00,-460.00
 
729.00,90.00,-460.00
 
728.00,89.00,-456.00
 
734.00,87.00,-459.00
 
733.00,88.00,-455.00
 
732.00,83.00,-457.00
 
733.00,77.00,-459.00
 
732.00,83.00,-455.00
 
733.00,81.00,-456.00
 
734.00,78.00,-454.00
 
729.00,80.00,-453.00
 
731.00,80.00,-452.00
 
734.00,80.00,-454.00
 
733.00,79.00,-456.00
 
728.00,86.00,-457.00
 
734.00,78.00,-451.00
 
734.00,76.00,-451.00
 
735.00,77.00,-451.00
 
735.00,76.00,-448.00
 
734.00,75.00,-448.00
 
737.00,73.00,-448.00
 
738.00,72.00,-449.00
 
739.00,74.00,-446.00
 
737.00,74.00,-444.00
 
736.00,70.00,-445.00
 
740.00,72.00,-444.00
 
743.00,68.00,-441.00
 
746.00,68.00,-435.00
 
744.00,64.00,-432.00
 
746.00,63.00,-427.00
 
751.00,63.00,-422.00
 
760.00,58.00,-405.00
 
769.00,56.00,-396.00
 
771.00,56.00,-385.00
 
783.00,56.00,-372.00
 
787.00,51.00,-356.00
 
795.00,48.00,-338.00
 
801.00,49.00,-322.00
 
808.00,47.00,-307.00
 
817.00,46.00,-286.00
 
822.00,45.00,-265.00
 
834.00,48.00,-224.00
 
835.00,41.00,-203.00
 
839.00,41.00,-187.00
 
840.00,37.00,-171.00
 
844.00,39.00,-155.00
 
851.00,33.00,-137.00
 
850.00,34.00,-112.00
 
852.00,35.00,-91.00
 
853.00,38.00,-65.00
 
853.00,36.00,-13.00
 
851.00,36.00,11.00
 
853.00,35.00,30.00
 
846.00,34.00,52.00
 
844.00,31.00,69.00
 
839.00,30.00,92.00
 
834.00,28.00,108.00
 
833.00,19.00,127.00
 
821.00,25.00,141.00
 
818.00,9.00,165.00
 
811.00,2.00,177.00
 
803.00,-1.00,186.00
 
802.00,0.00,201.00
 
797.00,-1.00,222.00
 
784.00,-3.00,241.00
 
777.00,-4.00,261.00
 
763.00,-5.00,280.00
 
749.00,-8.00,309.00
 
734.00,-10.00,330.00
 
704.00,-9.00,380.00
 
692.00,-9.00,397.00
 
674.00,-11.00,416.00
 
659.00,-15.00,431.00
 
645.00,-22.00,444.00
 
634.00,-25.00,455.00
 
620.00,-30.00,464.00
 
608.00,-33.00,473.00
 
599.00,-38.00,489.00
 
578.00,-41.00,504.00
 
565.00,-42.00,515.00
 
555.00,-40.00,522.00
 
543.00,-40.00,534.00
 
526.00,-40.00,549.00
 
515.00,-32.00,555.00
 
500.00,-30.00,567.00
 
488.00,-23.00,575.00
 
464.00,-19.00,596.00
 
450.00,-12.00,606.00
 
436.00,-5.00,614.00
 
423.00,-2.00,624.00
 
412.00,1.00,628.00
 
410.00,5.00,636.00
 
405.00,8.00,643.00
 
384.00,14.00,648.00
 
382.00,13.00,651.00
 
378.00,13.00,653.00
 
373.00,14.00,653.00
 
368.00,9.00,657.00
 
359.00,9.00,658.00
 
358.00,8.00,656.00
 
350.00,13.00,662.00
 
339.00,8.00,663.00
 
338.00,7.00,666.00
 
337.00,11.00,668.00
 
334.00,9.00,668.00
 
330.00,9.00,668.00
 
336.00,11.00,666.00
 
334.00,16.00,666.00
 
330.00,17.00,669.00
 
330.00,17.00,669.00
 
326.00,24.00,671.00
 
327.00,24.00,675.00
 
330.00,25.00,674.00
 
332.00,28.00,678.00
 
332.00,28.00,673.00
 
334.00,34.00,678.00
 
333.00,34.00,677.00
 
333.00,37.00,677.00
 
331.00,40.00,675.00
 
333.00,41.00,678.00
 
332.00,43.00,679.00
 
331.00,46.00,682.00
 
330.00,46.00,680.00
 
329.00,50.00,682.00
 
331.00,51.00,682.00
 
325.00,56.00,685.00
 
326.00,60.00,684.00
 
327.00,64.00,687.00
 
321.00,69.00,687.00
 
322.00,73.00,692.00
 
323.00,80.00,690.00
 
317.00,87.00,693.00
 
315.00,96.00,692.00
 
317.00,102.00,699.00
 
318.00,105.00,697.00
 
316.00,112.00,704.00
 
321.00,112.00,699.00
 
328.00,113.00,701.00
 
331.00,114.00,699.00
 
338.00,118.00,696.00
 
338.00,122.00,696.00
 
343.00,124.00,698.00
 
343.00,124.00,692.00
 
340.00,125.00,698.00
 
351.00,131.00,696.00
 
349.00,132.00,695.00
 
349.00,132.00,697.00
 
350.00,136.00,701.00
 
348.00,136.00,693.00
 
346.00,138.00,697.00
 
345.00,139.00,697.00
 
346.00,146.00,703.00
 
344.00,146.00,702.00
 
339.00,149.00,700.00
 
342.00,156.00,701.00
 
336.00,163.00,703.00
 
338.00,176.00,705.00
 
338.00,183.00,710.00
 
343.00,193.00,708.00
 
344.00,209.00,709.00
 
344.00,214.00,711.00
 
344.00,224.00,711.00
 
347.00,241.00,711.00
 
350.00,247.00,711.00
 
355.00,253.00,708.00
 
362.00,278.00,708.00
 
366.00,303.00,705.00
 
374.00,324.00,707.00
 
378.00,343.00,705.00
 
382.00,368.00,700.00
 
385.00,391.00,697.00
 
390.00,415.00,697.00
 
392.00,438.00,686.00
 
392.00,458.00,684.00
 
392.00,482.00,676.00
 
401.00,526.00,670.00
 
403.00,545.00,661.00
 
409.00,566.00,653.00
 
408.00,583.00,645.00
 
411.00,597.00,639.00
 
412.00,619.00,633.00
 
414.00,638.00,624.00
 
414.00,659.00,618.00
 
410.00,677.00,606.00
 
413.00,696.00,599.00
 
408.00,713.00,589.00
 
404.00,731.00,580.00
 
400.00,751.00,570.00
 
400.00,764.00,563.00
 
398.00,793.00,543.00
 
400.00,812.00,536.00
 
383.00,837.00,515.00
 
379.00,851.00,508.00
 
373.00,866.00,496.00
 
372.00,882.00,485.00
 
368.00,893.00,474.00
 
367.00,908.00,456.00
 
363.00,924.00,446.00
 
366.00,936.00,431.00
 
363.00,949.00,417.00
 
366.00,954.00,404.00
 
361.00,960.00,398.00
 
363.00,966.00,384.00
 
368.00,971.00,380.00
 
375.00,974.00,363.00
 
386.00,982.00,348.00
 
390.00,983.00,340.00
 
398.00,991.00,329.00
 
403.00,993.00,319.00
 
411.00,996.00,308.00
 
414.00,997.00,295.00
 
419.00,1003.00,286.00
 
425.00,1007.00,274.00
 
429.00,1005.00,261.00
 
425.00,1014.00,251.00
 
439.00,1018.00,235.00
 
443.00,1016.00,218.00
 
448.00,1020.00,211.00
 
451.00,1021.00,202.00
 
450.00,1024.00,193.00
 
454.00,1023.00,183.00
 
457.00,1023.00,178.00
 
461.00,1026.00,169.00
 
463.00,1029.00,167.00
 
462.00,1028.00,161.00
 
465.00,1029.00,159.00
 
463.00,1028.00,153.00
 
468.00,1028.00,146.00
 
469.00,1026.00,144.00
 
467.00,1027.00,142.00
 
467.00,1029.00,142.00
 
465.00,1031.00,140.00
 
462.00,1030.00,138.00
 
462.00,1034.00,136.00
 
462.00,1028.00,136.00
 
460.00,1034.00,133.00
 
460.00,1045.00,132.00
 
458.00,1036.00,131.00
 
458.00,1034.00,132.00
 
459.00,1036.00,129.00
 
453.00,1041.00,129.00
 
456.00,1037.00,130.00
 
456.00,1037.00,128.00
 
454.00,1039.00,129.00
 
454.00,1038.00,128.00
 
456.00,1034.00,130.00
 
459.00,1036.00,131.00
 
456.00,1034.00,129.00
 
459.00,1036.00,132.00
 
456.00,1037.00,132.00
 
464.00,1034.00,135.00
 
461.00,1032.00,138.00
 
463.00,1031.00,138.00
 
462.00,1033.00,143.00
 
464.00,1030.00,142.00
 
462.00,1029.00,145.00
 
464.00,1027.00,149.00
 
464.00,1028.00,151.00
 
459.00,1026.00,156.00
 
462.00,1028.00,160.00
 
464.00,1022.00,163.00
 
464.00,1026.00,168.00
 
461.00,1020.00,168.00
 
459.00,1023.00,183.00
 
459.00,1015.00,186.00
 
459.00,1016.00,192.00
 
456.00,1019.00,198.00
 
453.00,1014.00,204.00
 
452.00,1010.00,210.00
 
452.00,1014.00,218.00
 
450.00,1008.00,225.00
 
442.00,1011.00,232.00
 
447.00,1003.00,248.00
 
445.00,997.00,258.00
 
441.00,997.00,268.00
 
437.00,992.00,275.00
 
431.00,987.00,285.00
 
435.00,985.00,293.00
 
429.00,984.00,302.00
 
424.00,978.00,311.00
 
422.00,977.00,324.00
 
420.00,970.00,330.00
 
419.00,967.00,337.00
 
421.00,961.00,346.00
 
410.00,955.00,363.00
 
404.00,950.00,373.00
 
404.00,948.00,382.00
 
403.00,942.00,391.00
 
403.00,934.00,395.00
 
403.00,928.00,405.00
 
403.00,920.00,415.00
 
401.00,911.00,425.00
 
400.00,901.00,437.00
 
402.00,892.00,445.00
 
400.00,884.00,458.00
 
398.00,872.00,464.00
 
404.00,861.00,479.00
 
399.00,830.00,508.00
 
396.00,816.00,519.00
 
391.00,799.00,531.00
 
392.00,778.00,546.00
 
389.00,760.00,560.00
 
389.00,739.00,576.00
 
386.00,716.00,590.00
 
387.00,694.00,603.00
 
383.00,676.00,614.00
 
383.00,653.00,621.00
 
376.00,603.00,643.00
 
377.00,578.00,660.00
 
370.00,553.00,665.00
 
367.00,528.00,677.00
 
364.00,503.00,681.00
 
360.00,478.00,685.00
 
359.00,458.00,696.00
 
354.00,433.00,700.00
 
353.00,407.00,703.00
 
353.00,385.00,708.00
 
356.00,364.00,710.00
 
359.00,345.00,708.00
 
358.00,293.00,705.00
 
361.00,279.00,711.00
 
360.00,258.00,711.00
 
359.00,238.00,711.00
 
359.00,220.00,704.00
 
362.00,203.00,705.00
 
362.00,186.00,705.00
 
365.00,174.00,702.00
 
364.00,163.00,699.00
 
363.00,147.00,696.00
 
363.00,139.00,699.00
 
362.00,126.00,697.00
 
360.00,117.00,694.00
 
353.00,109.00,690.00
 
353.00,101.00,690.00
 
351.00,82.00,681.00
 
342.00,67.00,685.00
 
337.00,54.00,680.00
 
334.00,42.00,683.00
 
327.00,36.00,683.00
 
322.00,29.00,679.00
 
318.00,18.00,678.00
 
315.00,8.00,675.00
 
311.00,2.00,677.00
 
301.00,-4.00,676.00
 
302.00,-6.00,676.00
 
297.00,-7.00,677.00
 
292.00,-4.00,678.00
 
289.00,-2.00,681.00
 
292.00,9.00,683.00
 
298.00,12.00,682.00
 
299.00,15.00,683.00
 
303.00,25.00,681.00
 
312.00,31.00,685.00
 
315.00,35.00,686.00
 
323.00,36.00,684.00
 
332.00,39.00,681.00
 
336.00,34.00,680.00
 
343.00,36.00,674.00
 
348.00,30.00,676.00
 
347.00,22.00,672.00
 
350.00,18.00,670.00
 
348.00,16.00,669.00
 
352.00,11.00,663.00
 
350.00,13.00,666.00
 
350.00,11.00,668.00
 
346.00,9.00,667.00
 
341.00,9.00,670.00
 
337.00,8.00,665.00
 
329.00,3.00,670.00
 
331.00,1.00,668.00
 
333.00,-6.00,669.00
 
335.00,-8.00,663.00
 
343.00,-12.00,661.00
 
349.00,-18.00,658.00
 
355.00,-26.00,648.00
 
361.00,-27.00,645.00
 
362.00,-36.00,637.00
 
360.00,-37.00,639.00
 
363.00,-42.00,639.00
 
357.00,-36.00,642.00
 
356.00,-33.00,645.00
 
353.00,-30.00,646.00
 
348.00,-34.00,647.00
 
347.00,-36.00,646.00
 
347.00,-46.00,646.00
 
333.00,-39.00,650.00
 
334.00,-42.00,649.00
 
329.00,-42.00,646.00
 
326.00,-44.00,651.00
 
324.00,-41.00,651.00
 
319.00,-45.00,650.00
 
322.00,-45.00,650.00
 
327.00,-51.00,651.00
 
326.00,-50.00,647.00
 
337.00,-50.00,650.00
 
340.00,-54.00,644.00
 
347.00,-58.00,641.00
 
350.00,-55.00,638.00
 
352.00,-60.00,637.00
 
353.00,-61.00,634.00
 
356.00,-63.00,635.00
 
354.00,-66.00,634.00
 
353.00,-66.00,630.00
 
351.00,-70.00,631.00
 
350.00,-69.00,627.00
 
350.00,-71.00,632.00
 
349.00,-74.00,629.00
 
347.00,-73.00,628.00
 
344.00,-70.00,636.00
 
347.00,-70.00,632.00
 
347.00,-66.00,635.00
 
346.00,-63.00,635.00
 
347.00,-62.00,635.00
 
348.00,-62.00,636.00
 
348.00,-61.00,638.00
 
349.00,-66.00,637.00
 
349.00,-63.00,633.00
 
349.00,-71.00,631.00
 
347.00,-72.00,630.00
 
346.00,-75.00,634.00
 
347.00,-76.00,633.00
 
351.00,-79.00,629.00
 
350.00,-77.00,630.00
 
353.00,-85.00,627.00
 
355.00,-86.00,623.00
 
351.00,-91.00,620.00
 
350.00,-109.00,619.00
 
344.00,-112.00,613.00
 
343.00,-121.00,613.00
 
335.00,-132.00,605.00
 
329.00,-140.00,601.00
 
330.00,-154.00,597.00
 
323.00,-163.00,592.00
 
330.00,-172.00,585.00
 
325.00,-180.00,584.00
 
326.00,-191.00,578.00
 
323.00,-213.00,559.00
 
318.00,-225.00,552.00
 
316.00,-236.00,545.00
 
312.00,-252.00,536.00
 
313.00,-267.00,527.00
 
310.00,-278.00,514.00
 
313.00,-295.00,502.00
 
308.00,-309.00,490.00
 
302.00,-325.00,475.00
 
297.00,-352.00,448.00
 
292.00,-363.00,434.00
 
286.00,-378.00,424.00
 
281.00,-384.00,411.00
 
276.00,-397.00,406.00
 
268.00,-403.00,394.00
 
262.00,-411.00,386.00
 
255.00,-417.00,378.00
 
246.00,-434.00,361.00
 
241.00,-440.00,352.00
 
240.00,-449.00,343.00
 
235.00,-453.00,333.00
 
240.00,-465.00,321.00
 
236.00,-467.00,302.00
 
235.00,-482.00,288.00
 
237.00,-491.00,270.00
 
234.00,-494.00,253.00
 
241.00,-512.00,213.00
 
235.00,-521.00,188.00
 
239.00,-525.00,171.00
 
239.00,-528.00,148.00
 
239.00,-534.00,128.00
 
236.00,-538.00,112.00
 
237.00,-539.00,96.00
 
236.00,-543.00,79.00
 
238.00,-547.00,67.00
 
235.00,-550.00,40.00
 
236.00,-547.00,23.00
 
240.00,-550.00,13.00
 
237.00,-551.00,-3.00
 
238.00,-553.00,-14.00
 
240.00,-551.00,-31.00
 
236.00,-549.00,-47.00
 
234.00,-546.00,-79.00
 
238.00,-545.00,-99.00
 
236.00,-545.00,-119.00
 
237.00,-542.00,-142.00
 
241.00,-534.00,-162.00
 
242.00,-531.00,-182.00
 
246.00,-526.00,-202.00
 
249.00,-518.00,-239.00
 
249.00,-515.00,-249.00
 
249.00,-507.00,-264.00
 
254.00,-502.00,-275.00
 
253.00,-498.00,-284.00
 
256.00,-497.00,-299.00
 
250.00,-494.00,-305.00
 
247.00,-486.00,-326.00
 
245.00,-484.00,-332.00
 
247.00,-481.00,-342.00
 
243.00,-481.00,-347.00
 
242.00,-479.00,-351.00
 
237.00,-475.00,-354.00
 
235.00,-475.00,-357.00
 
233.00,-478.00,-360.00
 
237.00,-480.00,-359.00
 
231.00,-480.00,-353.00
 
227.00,-484.00,-349.00
 
226.00,-487.00,-346.00
 
232.00,-487.00,-341.00
 
227.00,-487.00,-339.00
 
228.00,-488.00,-334.00
 
232.00,-492.00,-330.00
 
233.00,-493.00,-332.00
 
232.00,-494.00,-323.00
 
235.00,-495.00,-319.00
 
240.00,-491.00,-315.00
 
242.00,-495.00,-307.00
 
243.00,-500.00,-306.00
 
243.00,-497.00,-302.00
 
247.00,-506.00,-292.00
 
248.00,-507.00,-278.00
 
250.00,-510.00,-270.00
 
254.00,-517.00,-258.00
 
254.00,-518.00,-248.00
 
255.00,-520.00,-233.00
 
255.00,-520.00,-222.00
 
258.00,-524.00,-209.00
 
259.00,-526.00,-192.00
 
266.00,-533.00,-161.00
 
268.00,-535.00,-152.00
 
273.00,-534.00,-130.00
 
272.00,-538.00,-115.00
 
275.00,-538.00,-96.00
 
278.00,-538.00,-80.00
 
283.00,-536.00,-63.00
 
287.00,-536.00,-43.00
 
287.00,-533.00,-24.00
 
290.00,-533.00,-8.00
 
294.00,-532.00,35.00
 
298.00,-524.00,57.00
 
300.00,-521.00,83.00
 
304.00,-516.00,103.00
 
304.00,-505.00,133.00
 
303.00,-501.00,156.00
 
306.00,-489.00,184.00
 
308.00,-482.00,204.00
 
310.00,-472.00,234.00
 
311.00,-462.00,256.00
 
314.00,-448.00,281.00
 
309.00,-437.00,304.00
 
318.00,-403.00,358.00
 
315.00,-392.00,374.00
 
318.00,-376.00,401.00
 
317.00,-359.00,417.00
 
318.00,-341.00,442.00
 
317.00,-323.00,460.00
 
321.00,-302.00,481.00
 
320.00,-287.00,494.00
 
319.00,-249.00,525.00
 
318.00,-237.00,543.00
 
317.00,-215.00,559.00
 
315.00,-198.00,569.00
 
311.00,-185.00,584.00
 
310.00,-165.00,595.00
 
304.00,-152.00,606.00
 
306.00,-135.00,614.00
 
306.00,-124.00,624.00
 
309.00,-89.00,639.00
 
305.00,-77.00,648.00
 
304.00,-58.00,657.00
 
306.00,-41.00,662.00
 
307.00,-21.00,669.00
 
311.00,-6.00,676.00
 
312.00,9.00,681.00
 
315.00,27.00,685.00
 
318.00,43.00,691.00
 
319.00,60.00,693.00
 
322.00,74.00,697.00
 
326.00,87.00,699.00
 
332.00,102.00,702.00
 
334.00,112.00,703.00
 
337.00,119.00,705.00
 
344.00,125.00,703.00
 
349.00,127.00,705.00
 
352.00,133.00,704.00
 
358.00,130.00,703.00
 
361.00,130.00,699.00
 
362.00,127.00,700.00
 
363.00,125.00,699.00
 
370.00,134.00,699.00
 
371.00,123.00,690.00
 
374.00,122.00,692.00
 
372.00,118.00,694.00
 
372.00,120.00,696.00
 
370.00,116.00,694.00
 
368.00,116.00,696.00
 
370.00,112.00,692.00
 
372.00,113.00,699.00
 
366.00,110.00,693.00
 
365.00,114.00,694.00
 
362.00,112.00,698.00
 
360.00,109.00,696.00
 
361.00,106.00,696.00
 
353.00,107.00,700.00
 
351.00,104.00,701.00
 
347.00,108.00,703.00
 
339.00,106.00,704.00
 
336.00,105.00,704.00
 
327.00,104.00,707.00
 
321.00,104.00,711.00
 
314.00,103.00,716.00
 
300.00,106.00,715.00
 
272.00,106.00,720.00
 
255.00,109.00,732.00
 
232.00,113.00,735.00
 
207.00,116.00,744.00
 
181.00,119.00,748.00
 
155.00,123.00,753.00
 
125.00,129.00,758.00
 
95.00,136.00,762.00
 
65.00,142.00,763.00
 
32.00,146.00,768.00
 
4.00,157.00,770.00
 
-25.00,161.00,770.00
 
-53.00,169.00,768.00
 
-101.00,173.00,770.00
 
-125.00,171.00,765.00
 
-142.00,177.00,761.00
 
-157.00,174.00,764.00
 
-168.00,173.00,761.00
 
-180.00,175.00,761.00
 
-185.00,171.00,760.00
 
-196.00,168.00,758.00
 
-200.00,162.00,756.00
 
-205.00,156.00,756.00
 
-211.00,153.00,756.00
 
-214.00,149.00,753.00
 
-226.00,147.00,749.00
 
-237.00,142.00,752.00
 
-248.00,139.00,748.00
 
-260.00,138.00,745.00
 
-275.00,136.00,741.00
 
-299.00,139.00,736.00
 
-330.00,130.00,728.00
 
-347.00,130.00,722.00
 
-362.00,129.00,716.00
 
-384.00,130.00,708.00
 
-401.00,131.00,702.00
 
-420.00,133.00,690.00
 
-437.00,135.00,685.00
 
-452.00,136.00,679.00
 
-466.00,133.00,670.00
 
-492.00,128.00,655.00
 
-505.00,130.00,652.00
 
-516.00,129.00,647.00
 
-522.00,130.00,640.00
 
-539.00,128.00,632.00
 
-545.00,130.00,630.00
 
-557.00,131.00,623.00
 
-563.00,130.00,619.00
 
-579.00,134.00,611.00
 
-597.00,136.00,598.00
 
-614.00,135.00,587.00
 
-623.00,137.00,577.00
 
-634.00,140.00,566.00
 
-645.00,138.00,564.00
 
-657.00,143.00,555.00
 
-668.00,142.00,543.00
 
-680.00,144.00,532.00
 
-688.00,147.00,526.00
 
-695.00,147.00,522.00
 
-709.00,148.00,507.00
 
-717.00,152.00,498.00
 
-726.00,154.00,492.00
 
-728.00,157.00,486.00
 
-739.00,157.00,483.00
 
-743.00,158.00,480.00
 
-747.00,159.00,476.00
 
-751.00,159.00,465.00
 
-756.00,161.00,462.00
 
-768.00,162.00,445.00
 
-778.00,159.00,439.00
 
-783.00,158.00,435.00
 
-789.00,162.00,429.00
 
-800.00,160.00,416.00
 
-804.00,163.00,404.00
 
-811.00,160.00,398.00
 
-817.00,160.00,387.00
 
-823.00,161.00,379.00
 
-833.00,166.00,378.00
 
-836.00,156.00,359.00
 
-838.00,161.00,355.00
 
-843.00,156.00,350.00
 
-848.00,157.00,343.00
 
-851.00,160.00,338.00
 
-856.00,161.00,332.00
 
-857.00,161.00,329.00
 
-859.00,164.00,323.00
 
-861.00,158.00,318.00
 
-869.00,162.00,310.00
 
-872.00,163.00,303.00
 
-871.00,164.00,302.00
 
-872.00,164.00,296.00
 
-880.00,165.00,289.00
 
-882.00,165.00,286.00
 
-882.00,165.00,281.00
 
-885.00,168.00,278.00
 
-886.00,171.00,281.00
 
-886.00,172.00,274.00
 
-885.00,172.00,275.00
 
-889.00,172.00,270.00
 
-891.00,176.00,269.00
 
-888.00,182.00,266.00
 
-894.00,178.00,265.00
 
-896.00,180.00,261.00
 
-894.00,179.00,258.00
 
-892.00,179.00,253.00
 
-903.00,188.00,248.00
 
-903.00,190.00,247.00
 
-907.00,184.00,242.00
 
-903.00,188.00,241.00
 
-907.00,186.00,233.00
 
-908.00,187.00,235.00
 
-907.00,190.00,233.00
 
-910.00,190.00,233.00
 
-912.00,193.00,230.00
 
-909.00,194.00,230.00
 
-912.00,192.00,225.00
 
-914.00,190.00,224.00
 
-914.00,191.00,220.00
 
-914.00,192.00,218.00
 
-917.00,191.00,216.00
 
-917.00,192.00,210.00
 
-918.00,194.00,210.00
 
-914.00,194.00,210.00
 
-914.00,191.00,206.00
 
-918.00,193.00,211.00
 
-915.00,191.00,210.00
 
-923.00,195.00,208.00
 
-916.00,191.00,213.00
 
-913.00,192.00,217.00
 
-911.00,191.00,217.00
 
-909.00,195.00,216.00
 
-913.00,190.00,218.00
 
-913.00,193.00,220.00
 
-913.00,191.00,223.00
 
-913.00,188.00,218.00
 
-909.00,193.00,220.00
 
-912.00,192.00,225.00
 
-913.00,192.00,223.00
 
-918.00,193.00,224.00
 
-908.00,192.00,225.00
 
-910.00,194.00,228.00
 
-908.00,194.00,229.00
 
-907.00,193.00,235.00
 
-903.00,192.00,239.00
 
-902.00,193.00,242.00
 
-899.00,192.00,247.00
 
-895.00,192.00,257.00
 
-892.00,193.00,265.00
 
-888.00,194.00,274.00
 
-874.00,194.00,301.00
 
-873.00,199.00,308.00
 
-866.00,198.00,325.00
 
-857.00,200.00,338.00
 
-844.00,202.00,352.00
 
-839.00,198.00,365.00
 
-829.00,202.00,379.00
 
-818.00,201.00,396.00
 
-813.00,204.00,408.00
 
-786.00,198.00,435.00
 
-774.00,202.00,451.00
 
-759.00,202.00,468.00
 
-745.00,201.00,483.00
 
-729.00,198.00,499.00
 
-711.00,204.00,520.00
 
-693.00,203.00,535.00
 
-672.00,204.00,554.00
 
-646.00,202.00,574.00
 
-627.00,201.00,588.00
 
-571.00,200.00,631.00
 
-542.00,202.00,648.00
 
-519.00,199.00,662.00
 
-490.00,201.00,679.00
 
-464.00,199.00,695.00
 
-435.00,196.00,709.00
 
-402.00,193.00,723.00
 
-374.00,196.00,735.00
 
-345.00,193.00,747.00
 
-311.00,191.00,755.00
 
-281.00,190.00,765.00
 
-250.00,182.00,769.00
 
-220.00,185.00,780.00
 
-161.00,176.00,792.00
 
-131.00,174.00,796.00
 
-103.00,170.00,794.00
 
-78.00,165.00,800.00
 
-53.00,162.00,803.00
 
-30.00,152.00,800.00
 
-6.00,150.00,798.00
 
19.00,143.00,798.00
 
57.00,137.00,796.00
 
76.00,134.00,793.00
 
93.00,129.00,788.00
 
113.00,127.00,788.00
 
133.00,125.00,787.00
 
148.00,124.00,787.00
 
166.00,116.00,776.00
 
182.00,111.00,773.00
 
200.00,108.00,772.00
 
215.00,103.00,767.00
 
229.00,101.00,759.00
 
246.00,96.00,756.00
 
263.00,88.00,749.00
 
279.00,90.00,735.00
 
309.00,79.00,729.00
 
327.00,77.00,726.00
 
340.00,72.00,719.00
 
354.00,70.00,710.00
 
368.00,67.00,706.00
 
377.00,66.00,698.00
 
391.00,64.00,693.00
 
401.00,64.00,685.00
 
406.00,63.00,685.00
 
420.00,70.00,675.00
 
420.00,71.00,676.00
 
419.00,71.00,672.00
 
419.00,79.00,675.00
 
418.00,76.00,676.00
 
415.00,83.00,682.00
 
410.00,86.00,678.00
 
406.00,87.00,683.00
 
402.00,88.00,679.00
 
394.00,90.00,683.00
 
394.00,90.00,690.00
 
388.00,91.00,686.00
 
389.00,93.00,687.00
 
389.00,90.00,686.00
 
391.00,88.00,684.00
 
392.00,88.00,687.00
 
395.00,83.00,686.00
 
392.00,84.00,685.00
 
390.00,88.00,686.00
 
394.00,81.00,686.00
 
396.00,85.00,682.00
 
392.00,84.00,681.00
 
391.00,82.00,683.00
 
392.00,85.00,680.00
 
393.00,83.00,682.00
 
388.00,84.00,686.00
 
390.00,84.00,686.00
 
386.00,82.00,684.00
 
385.00,83.00,689.00
 
384.00,83.00,689.00
 
384.00,85.00,687.00
 
384.00,84.00,687.00
 
390.00,82.00,686.00
 
393.00,83.00,685.00
 
398.00,84.00,683.00
 
401.00,85.00,681.00
 
403.00,83.00,678.00
 
408.00,84.00,676.00
 
410.00,82.00,676.00
 
415.00,83.00,678.00
 
413.00,88.00,672.00
 
412.00,85.00,676.00
 
409.00,86.00,675.00
 
409.00,86.00,676.00
 
401.00,88.00,679.00
 
401.00,84.00,680.00
 
399.00,86.00,680.00
 
396.00,87.00,681.00
 
395.00,87.00,681.00
 
393.00,91.00,683.00
 
396.00,88.00,685.00
 
387.00,90.00,681.00
 
395.00,84.00,683.00
 
394.00,81.00,683.00
 
396.00,84.00,682.00
 
393.00,82.00,681.00
 
394.00,82.00,684.00
 
397.00,76.00,684.00
 
395.00,78.00,679.00
 
395.00,75.00,683.00
 
396.00,75.00,680.00
 
398.00,74.00,683.00
 
399.00,72.00,683.00
 
396.00,70.00,678.00
 
396.00,69.00,679.00
 
393.00,70.00,678.00
 
392.00,68.00,679.00
 
395.00,65.00,679.00
 
396.00,66.00,678.00
 
393.00,61.00,677.00
 
392.00,61.00,676.00
 
392.00,50.00,675.00
 
393.00,45.00,677.00
 
388.00,45.00,674.00
 
387.00,34.00,673.00
 
384.00,24.00,670.00
 
384.00,18.00,666.00
 
384.00,9.00,665.00
 
382.00,-1.00,665.00
 
380.00,-12.00,660.00
 
381.00,-18.00,653.00
 
381.00,-30.00,653.00
 
380.00,-38.00,645.00
 
382.00,-64.00,638.00
 
383.00,-75.00,631.00
 
381.00,-87.00,625.00
 
379.00,-100.00,619.00
 
382.00,-115.00,615.00
 
380.00,-126.00,608.00
 
381.00,-140.00,601.00
 
378.00,-154.00,587.00
 
379.00,-186.00,577.00
 
375.00,-196.00,561.00
 
373.00,-209.00,553.00
 
374.00,-222.00,545.00
 
372.00,-232.00,534.00
 
376.00,-245.00,529.00
 
373.00,-257.00,521.00
 
371.00,-266.00,513.00
 
366.00,-276.00,504.00
 
361.00,-283.00,498.00
 
352.00,-306.00,483.00
 
346.00,-313.00,479.00
 
345.00,-321.00,472.00
 
343.00,-333.00,464.00
 
341.00,-338.00,457.00
 
340.00,-350.00,447.00
 
337.00,-363.00,434.00
 
340.00,-373.00,426.00
 
337.00,-377.00,410.00
 
338.00,-392.00,400.00
 
330.00,-399.00,382.00
 
333.00,-419.00,361.00
 
335.00,-432.00,344.00
 
333.00,-439.00,329.00
 
336.00,-448.00,310.00
 
334.00,-461.00,292.00
 
330.00,-469.00,276.00
 
332.00,-477.00,252.00
 
327.00,-488.00,234.00
 
324.00,-495.00,217.00
 
322.00,-505.00,197.00
 
315.00,-510.00,179.00
 
313.00,-514.00,164.00
 
304.00,-524.00,144.00
 
305.00,-527.00,112.00
 
292.00,-536.00,97.00
 
287.00,-539.00,80.00
 
286.00,-546.00,64.00
 
281.00,-544.00,49.00
 
278.00,-549.00,30.00
 
277.00,-552.00,13.00
 
272.00,-553.00,-5.00
 
268.00,-554.00,-23.00
 
266.00,-554.00,-39.00
 
262.00,-553.00,-76.00
 
259.00,-551.00,-95.00
 
261.00,-548.00,-111.00
 
257.00,-545.00,-130.00
 
262.00,-541.00,-149.00
 
260.00,-538.00,-163.00
 
259.00,-535.00,-186.00
 
262.00,-517.00,-224.00
 
265.00,-519.00,-241.00
 
266.00,-510.00,-261.00
 
268.00,-501.00,-278.00
 
274.00,-493.00,-298.00
 
276.00,-481.00,-321.00
 
275.00,-471.00,-339.00
 
282.00,-460.00,-359.00
 
282.00,-451.00,-378.00
 
288.00,-427.00,-415.00
 
285.00,-414.00,-434.00
 
289.00,-405.00,-456.00
 
288.00,-389.00,-471.00
 
286.00,-374.00,-489.00
 
287.00,-362.00,-504.00
 
288.00,-331.00,-544.00
 
291.00,-318.00,-552.00
 
291.00,-295.00,-566.00
 
295.00,-278.00,-587.00
 
294.00,-257.00,-600.00
 
302.00,-237.00,-611.00
 
305.00,-217.00,-625.00
 
308.00,-196.00,-640.00
 
312.00,-171.00,-653.00
 
323.00,-133.00,-675.00
 
328.00,-110.00,-685.00
 
330.00,-88.00,-694.00
 
332.00,-69.00,-702.00
 
336.00,-50.00,-713.00
 
337.00,-33.00,-717.00
 
338.00,-14.00,-726.00
 
343.00,1.00,-730.00
 
333.00,34.00,-742.00
 
335.00,46.00,-748.00
 
336.00,63.00,-750.00
 
335.00,77.00,-752.00
 
340.00,92.00,-756.00
 
342.00,106.00,-760.00
 
344.00,122.00,-764.00
 
350.00,142.00,-766.00
 
351.00,153.00,-765.00
 
357.00,170.00,-766.00
 
362.00,187.00,-764.00
 
361.00,199.00,-771.00
 
371.00,217.00,-768.00
 
377.00,232.00,-767.00
 
379.00,242.00,-761.00
 
381.00,249.00,-767.00
 
387.00,265.00,-765.00
 
393.00,270.00,-767.00
 
397.00,286.00,-764.00
 
399.00,298.00,-762.00
 
401.00,321.00,-762.00
 
403.00,334.00,-760.00
 
403.00,350.00,-761.00
 
398.00,368.00,-758.00
 
395.00,383.00,-758.00
 
391.00,400.00,-761.00
 
388.00,418.00,-760.00
 
385.00,441.00,-758.00
 
383.00,455.00,-762.00
 
383.00,482.00,-752.00
 
384.00,495.00,-752.00
 
384.00,501.00,-748.00
 
387.00,500.00,-746.00
 
389.00,501.00,-747.00
 
387.00,500.00,-744.00
 
387.00,492.00,-745.00
 
388.00,484.00,-748.00
 
390.00,472.00,-749.00
 
396.00,465.00,-749.00
 
402.00,457.00,-749.00
 
410.00,446.00,-747.00
 
416.00,444.00,-746.00
 
414.00,442.00,-748.00
 
412.00,448.00,-743.00
 
412.00,450.00,-746.00
 
411.00,459.00,-746.00
 
410.00,459.00,-748.00
 
413.00,462.00,-745.00
 
423.00,470.00,-740.00
 
425.00,470.00,-737.00
 
430.00,473.00,-740.00
 
432.00,475.00,-734.00
 
434.00,476.00,-734.00
 
435.00,475.00,-730.00
 
437.00,474.00,-728.00
 
442.00,474.00,-729.00
 
440.00,470.00,-725.00
 
447.00,467.00,-726.00
 
448.00,470.00,-725.00
 
447.00,470.00,-724.00
 
447.00,470.00,-725.00
 
447.00,472.00,-726.00
 
448.00,470.00,-727.00
 
448.00,473.00,-723.00
 
448.00,476.00,-724.00
 
448.00,484.00,-728.00
 
451.00,475.00,-728.00
 
452.00,476.00,-721.00
 
451.00,480.00,-723.00
 
457.00,482.00,-723.00
 
452.00,486.00,-721.00
 
453.00,483.00,-722.00
 
455.00,487.00,-720.00
 
455.00,488.00,-718.00
 
460.00,491.00,-716.00
 
460.00,495.00,-713.00
 
461.00,496.00,-713.00
 
460.00,503.00,-714.00
 
463.00,504.00,-710.00
 
464.00,505.00,-711.00
 
460.00,512.00,-709.00
 
464.00,514.00,-709.00
 
466.00,515.00,-710.00
 
463.00,520.00,-704.00
 
466.00,526.00,-705.00
 
472.00,525.00,-701.00
 
473.00,531.00,-695.00
 
474.00,535.00,-694.00
 
474.00,536.00,-695.00
 
479.00,541.00,-693.00
 
477.00,546.00,-689.00
 
482.00,549.00,-685.00
 
488.00,550.00,-689.00
 
491.00,549.00,-678.00
 
497.00,551.00,-673.00
 
507.00,549.00,-667.00
 
511.00,555.00,-663.00
 
518.00,552.00,-659.00
 
526.00,557.00,-651.00
 
531.00,553.00,-647.00
 
534.00,561.00,-643.00
 
537.00,567.00,-634.00
 
548.00,574.00,-626.00
 
549.00,576.00,-624.00
 
552.00,585.00,-621.00
 
549.00,592.00,-618.00
 
547.00,598.00,-614.00
 
546.00,602.00,-615.00
 
547.00,600.00,-614.00
 
553.00,591.00,-613.00
 
552.00,596.00,-612.00
 
556.00,594.00,-614.00
 
552.00,590.00,-611.00
 
556.00,587.00,-610.00
 
559.00,586.00,-612.00
 
558.00,578.00,-610.00
 
563.00,576.00,-614.00
 
567.00,572.00,-612.00
 
562.00,568.00,-618.00
 
570.00,571.00,-608.00
 
576.00,570.00,-602.00
 
583.00,569.00,-600.00
 
591.00,562.00,-594.00
 
598.00,565.00,-586.00
 
613.00,559.00,-575.00
 
622.00,554.00,-570.00
 
633.00,549.00,-561.00
 
659.00,533.00,-540.00
 
669.00,526.00,-524.00
 
683.00,518.00,-514.00
 
698.00,509.00,-498.00
 
715.00,501.00,-483.00
 
726.00,489.00,-463.00
 
741.00,482.00,-451.00
 
745.00,476.00,-435.00
 
758.00,467.00,-427.00
 
758.00,473.00,-412.00
 
778.00,462.00,-389.00
 
790.00,457.00,-371.00
 
797.00,454.00,-353.00
 
808.00,454.00,-331.00
 
817.00,447.00,-311.00
 
828.00,445.00,-286.00
 
831.00,438.00,-266.00
 
842.00,440.00,-248.00
 
846.00,434.00,-228.00
 
852.00,429.00,-208.00
 
857.00,424.00,-187.00
 
863.00,416.00,-166.00
 
865.00,414.00,-148.00
 
872.00,401.00,-104.00
 
875.00,392.00,-87.00
 
877.00,389.00,-70.00
 
879.00,381.00,-53.00
 
881.00,378.00,-42.00
 
878.00,374.00,-31.00
 
884.00,366.00,-19.00
 
883.00,363.00,-14.00
 
883.00,353.00,-5.00
 
891.00,353.00,-2.00
 
882.00,351.00,-3.00
 
889.00,348.00,-3.00
 
885.00,351.00,-1.00
 
889.00,346.00,-4.00
 
886.00,345.00,-2.00
 
888.00,345.00,-2.00
 
889.00,345.00,-3.00
 
888.00,345.00,-4.00
 
888.00,341.00,2.00
 
888.00,341.00,1.00
 
890.00,338.00,1.00
 
890.00,341.00,1.00
 
890.00,336.00,3.00
 
889.00,338.00,1.00
 
890.00,335.00,1.00
 
887.00,335.00,1.00
 
892.00,334.00,1.00
 
891.00,332.00,1.00
 
890.00,328.00,-4.00
 
887.00,326.00,-6.00
 
888.00,326.00,-7.00
 
895.00,326.00,-16.00
 
890.00,325.00,-19.00
 
891.00,326.00,-23.00
 
894.00,326.00,-32.00
 
892.00,325.00,-51.00
 
890.00,330.00,-66.00
 
890.00,333.00,-77.00
 
889.00,332.00,-90.00
 
887.00,335.00,-107.00
 
884.00,338.00,-115.00
 
880.00,346.00,-127.00
 
873.00,351.00,-143.00
 
877.00,353.00,-164.00
 
874.00,357.00,-180.00
 
873.00,358.00,-194.00
 
867.00,362.00,-207.00
 
860.00,369.00,-224.00
 
855.00,370.00,-239.00
 
851.00,373.00,-252.00
 
844.00,378.00,-265.00
 
840.00,384.00,-282.00
 
835.00,390.00,-294.00
 
831.00,393.00,-306.00
 
831.00,412.00,-322.00
 
832.00,413.00,-342.00
 
810.00,422.00,-347.00
 
800.00,430.00,-360.00
 
795.00,434.00,-372.00
 
787.00,442.00,-383.00
 
778.00,446.00,-396.00
 
768.00,451.00,-417.00
 
755.00,456.00,-434.00
 
740.00,461.00,-455.00
 
722.00,468.00,-477.00
 
709.00,472.00,-494.00
 
676.00,474.00,-537.00
 
664.00,476.00,-551.00
 
646.00,476.00,-569.00
 
628.00,477.00,-587.00
 
608.00,472.00,-609.00
 
586.00,472.00,-624.00
 
564.00,472.00,-644.00
 
548.00,475.00,-663.00
 
526.00,481.00,-680.00
 
516.00,484.00,-686.00
 
514.00,491.00,-691.00
 
502.00,492.00,-691.00
 
501.00,501.00,-689.00
 
493.00,509.00,-696.00
 
481.00,513.00,-698.00
 
475.00,511.00,-706.00
 
463.00,516.00,-707.00
 
447.00,519.00,-712.00
 
441.00,519.00,-722.00
 
432.00,522.00,-727.00
 
416.00,517.00,-732.00
 
408.00,522.00,-739.00
 
398.00,523.00,-742.00
 
387.00,522.00,-749.00
 
373.00,521.00,-752.00
 
362.00,523.00,-757.00
 
349.00,529.00,-774.00
 
331.00,538.00,-765.00
 
319.00,546.00,-770.00
 
305.00,553.00,-770.00
 
293.00,565.00,-775.00
 
282.00,574.00,-777.00
 
274.00,579.00,-777.00
 
273.00,583.00,-778.00
 
264.00,585.00,-776.00
 
255.00,581.00,-782.00
 
252.00,577.00,-781.00
 
250.00,569.00,-784.00
 
251.00,562.00,-785.00
 
248.00,554.00,-789.00
 
244.00,546.00,-793.00
 
241.00,538.00,-798.00
 
232.00,534.00,-800.00
 
223.00,526.00,-803.00
 
209.00,530.00,-811.00
 
196.00,527.00,-810.00
 
181.00,526.00,-815.00
 
170.00,529.00,-817.00
 
156.00,526.00,-822.00
 
151.00,525.00,-823.00
 
143.00,528.00,-825.00
 
138.00,532.00,-826.00
 
130.00,531.00,-827.00
 
116.00,529.00,-830.00
 
96.00,523.00,-833.00
 
87.00,514.00,-841.00
 
78.00,512.00,-842.00
 
62.00,504.00,-842.00
 
50.00,501.00,-845.00
 
32.00,499.00,-846.00
 
9.00,493.00,-852.00
 
-15.00,495.00,-853.00
 
-43.00,495.00,-853.00
 
-68.00,501.00,-859.00
 
-106.00,499.00,-848.00
 
-128.00,499.00,-848.00
 
-143.00,491.00,-846.00
 
-172.00,494.00,-844.00
 
-192.00,491.00,-844.00
 
-217.00,491.00,-840.00
 
-237.00,488.00,-839.00
 
-278.00,496.00,-829.00
 
-298.00,503.00,-820.00
 
-321.00,501.00,-809.00
 
-344.00,502.00,-805.00
 
-370.00,499.00,-799.00
 
-391.00,496.00,-794.00
 
-413.00,496.00,-784.00
 
-438.00,484.00,-774.00
 
-478.00,482.00,-758.00
 
-496.00,472.00,-750.00
 
-515.00,472.00,-740.00
 
-535.00,466.00,-727.00
 
-555.00,464.00,-715.00
 
-577.00,460.00,-702.00
 
-599.00,460.00,-692.00
 
-615.00,468.00,-678.00
 
-646.00,458.00,-650.00
 
-662.00,458.00,-630.00
 
-682.00,456.00,-616.00
 
-691.00,457.00,-603.00
 
-705.00,457.00,-588.00
 
-718.00,458.00,-577.00
 
-726.00,458.00,-562.00
 
-747.00,458.00,-545.00
 
-763.00,465.00,-513.00
 
-775.00,461.00,-495.00
 
-784.00,468.00,-477.00
 
-790.00,468.00,-465.00
 
-802.00,469.00,-448.00
 
-805.00,476.00,-430.00
 
-814.00,482.00,-410.00
 
-826.00,485.00,-378.00
 
-830.00,492.00,-358.00
 
-838.00,494.00,-343.00
 
-843.00,494.00,-324.00
 
-844.00,497.00,-306.00
 
-847.00,498.00,-292.00
 
-851.00,503.00,-276.00
 
-858.00,509.00,-260.00
 
-862.00,503.00,-231.00
 
-861.00,505.00,-214.00
 
-868.00,504.00,-206.00
 
-866.00,502.00,-192.00
 
-868.00,501.00,-181.00
 
-870.00,503.00,-170.00
 
-868.00,504.00,-164.00
 
-868.00,503.00,-154.00
 
-871.00,505.00,-143.00
 
-872.00,506.00,-136.00
 
-870.00,509.00,-135.00
 
-869.00,504.00,-133.00
 
-867.00,508.00,-130.00
 
-867.00,509.00,-127.00
 
-867.00,511.00,-129.00
 
-871.00,508.00,-126.00
 
-867.00,505.00,-128.00
 
-868.00,506.00,-128.00
 
-864.00,505.00,-133.00
 
-871.00,492.00,-136.00
 
-874.00,490.00,-140.00
 
-869.00,481.00,-143.00
 
-876.00,471.00,-145.00
 
-878.00,466.00,-147.00
 
-877.00,457.00,-152.00
 
-881.00,446.00,-152.00
 
-881.00,435.00,-159.00
 
-884.00,409.00,-159.00
 
-885.00,395.00,-163.00
 
-886.00,378.00,-166.00
 
-884.00,364.00,-169.00
 
-890.00,347.00,-168.00
 
-890.00,330.00,-170.00
 
-885.00,314.00,-175.00
 
-889.00,294.00,-176.00
 
-885.00,255.00,-180.00
 
-884.00,236.00,-181.00
 
-883.00,215.00,-181.00
 
-880.00,200.00,-183.00
 
-874.00,182.00,-181.00
 
-869.00,164.00,-176.00
 
-867.00,148.00,-177.00
 
-869.00,128.00,-175.00
 
-859.00,94.00,-168.00
 
-854.00,73.00,-163.00
 
-848.00,58.00,-162.00
 
-843.00,41.00,-160.00
 
-836.00,24.00,-154.00
 
-834.00,4.00,-148.00
 
-822.00,-16.00,-146.00
 
-819.00,-32.00,-143.00
 
-800.00,-66.00,-138.00
 
-797.00,-89.00,-132.00
 
-786.00,-104.00,-129.00
 
-779.00,-123.00,-126.00
 
-766.00,-142.00,-117.00
 
-756.00,-161.00,-113.00
 
-745.00,-175.00,-106.00
 
-717.00,-218.00,-94.00
 
-707.00,-232.00,-87.00
 
-697.00,-248.00,-80.00
 
-682.00,-266.00,-71.00
 
-668.00,-282.00,-65.00
 
-650.00,-300.00,-57.00
 
-622.00,-332.00,-40.00
 
-603.00,-348.00,-27.00
 
-584.00,-364.00,-17.00
 
-566.00,-380.00,-8.00
 
-546.00,-395.00,5.00
 
-526.00,-408.00,18.00
 
-483.00,-435.00,44.00
 
-462.00,-448.00,58.00
 
-437.00,-457.00,72.00
 
-412.00,-467.00,87.00
 
-390.00,-473.00,98.00
 
-366.00,-482.00,117.00
 
-345.00,-487.00,130.00
 
-321.00,-493.00,148.00
 
-298.00,-497.00,158.00
 
-281.00,-501.00,174.00
 
-250.00,-500.00,189.00
 
-213.00,-504.00,218.00
 
-196.00,-505.00,227.00
 
-171.00,-503.00,243.00
 
-153.00,-502.00,253.00
 
-134.00,-498.00,267.00
 
-117.00,-495.00,275.00
 
-99.00,-495.00,290.00
 
-84.00,-487.00,303.00
 
-65.00,-485.00,311.00
 
-42.00,-486.00,328.00
 
-8.00,-466.00,350.00
 
9.00,-461.00,366.00
 
29.00,-453.00,373.00
 
47.00,-441.00,387.00
 
70.00,-432.00,397.00
 
88.00,-424.00,407.00
 
114.00,-414.00,417.00
 
138.00,-403.00,430.00
 
156.00,-393.00,439.00
 
183.00,-376.00,452.00
 
228.00,-348.00,462.00
 
248.00,-333.00,479.00
 
268.00,-312.00,488.00
 
292.00,-299.00,501.00
 
312.00,-276.00,508.00
 
331.00,-257.00,515.00
 
352.00,-236.00,528.00
 
367.00,-218.00,533.00
 
383.00,-196.00,541.00
 
418.00,-149.00,552.00
 
431.00,-130.00,562.00
 
443.00,-108.00,573.00
 
455.00,-86.00,572.00
 
468.00,-70.00,579.00
 
481.00,-43.00,585.00
 
488.00,-28.00,586.00
 
502.00,-8.00,590.00
 
517.00,21.00,594.00
 
522.00,35.00,593.00
 
528.00,48.00,594.00
 
531.00,57.00,593.00
 
532.00,68.00,598.00
 
534.00,75.00,601.00
 
537.00,84.00,602.00
 
538.00,91.00,602.00
 
540.00,95.00,605.00
 
541.00,98.00,608.00
 
543.00,100.00,605.00
 
545.00,101.00,605.00
 
548.00,103.00,601.00
 
546.00,100.00,599.00
 
546.00,104.00,599.00
 
542.00,115.00,601.00
 
541.00,119.00,607.00
 
539.00,123.00,612.00
 
536.00,125.00,614.00
 
538.00,128.00,611.00
 
541.00,131.00,611.00
 
541.00,126.00,609.00
 
546.00,122.00,607.00
 
545.00,114.00,607.00
 
541.00,111.00,606.00
 
539.00,102.00,604.00
 
534.00,94.00,599.00
 
529.00,85.00,607.00
 
524.00,69.00,606.00
 
513.00,45.00,602.00
 
504.00,33.00,601.00
 
501.00,23.00,603.00
 
492.00,14.00,604.00
 
480.00,3.00,607.00
 
469.00,-5.00,606.00
 
455.00,-23.00,609.00
 
438.00,-33.00,612.00
 
420.00,-49.00,617.00
 
405.00,-54.00,617.00
 
385.00,-73.00,619.00
 
342.00,-96.00,631.00
 
323.00,-102.00,634.00
 
296.00,-107.00,640.00
 
274.00,-110.00,644.00
 
244.00,-111.00,650.00
 
223.00,-112.00,656.00
 
191.00,-111.00,661.00
 
166.00,-118.00,664.00
 
145.00,-115.00,673.00
 
121.00,-119.00,673.00
 
83.00,-116.00,679.00
 
63.00,-121.00,680.00
 
46.00,-126.00,679.00
 
28.00,-133.00,675.00
 
13.00,-138.00,675.00
 
-3.00,-146.00,673.00
 
-15.00,-148.00,670.00
 
-33.00,-152.00,665.00
 
-42.00,-166.00,670.00
 
-66.00,-162.00,660.00
 
-76.00,-163.00,660.00
 
-87.00,-162.00,662.00
 
-99.00,-166.00,658.00
 
-106.00,-164.00,659.00
 
-112.00,-163.00,658.00
 
-127.00,-165.00,657.00
 
-143.00,-166.00,658.00
 
-149.00,-169.00,656.00
 
-158.00,-166.00,655.00
 
-168.00,-168.00,653.00
 
-172.00,-171.00,655.00
 
-179.00,-168.00,652.00
 
-188.00,-168.00,649.00
 
-201.00,-166.00,652.00
 
-212.00,-165.00,651.00
 
-224.00,-162.00,645.00
 
-230.00,-160.00,649.00
 
-238.00,-155.00,649.00
 
-248.00,-146.00,650.00
 
-259.00,-133.00,649.00
 
-281.00,-129.00,647.00
 
-289.00,-127.00,647.00
 
-296.00,-126.00,647.00
 
-301.00,-127.00,645.00
 
-306.00,-127.00,642.00
 
-305.00,-131.00,640.00
 
-306.00,-143.00,640.00
 
-304.00,-151.00,637.00
 
-301.00,-159.00,633.00
 
-299.00,-165.00,632.00
 
-286.00,-179.00,633.00
 
-282.00,-184.00,632.00
 
-285.00,-187.00,629.00
 
-284.00,-189.00,634.00
 
-285.00,-188.00,635.00
 
-282.00,-188.00,631.00
 
-280.00,-192.00,632.00
 
-273.00,-195.00,634.00
 
-272.00,-191.00,635.00
 
-256.00,-197.00,633.00
 
-245.00,-196.00,637.00
 
-233.00,-202.00,640.00
 
-221.00,-207.00,641.00
 
-207.00,-208.00,646.00
 
-192.00,-211.00,648.00
 
-171.00,-218.00,649.00
 
-155.00,-221.00,649.00
 
-133.00,-223.00,649.00
 
-116.00,-224.00,651.00
 
-97.00,-229.00,649.00
 
-58.00,-235.00,648.00
 
-41.00,-239.00,643.00
 
-12.00,-246.00,646.00
 
20.00,-247.00,646.00
 
45.00,-243.00,643.00
 
67.00,-238.00,642.00
 
80.00,-232.00,642.00
 
92.00,-215.00,645.00
 
114.00,-205.00,653.00
 
126.00,-197.00,653.00
 
134.00,-188.00,660.00
 
147.00,-178.00,658.00
 
162.00,-173.00,664.00
 
164.00,-164.00,661.00
 
169.00,-157.00,665.00
 
172.00,-149.00,671.00
 
167.00,-143.00,673.00
 
159.00,-132.00,680.00
 
159.00,-127.00,681.00
 
156.00,-121.00,684.00
 
156.00,-119.00,682.00
 
154.00,-115.00,687.00
 
156.00,-113.00,685.00
 
157.00,-112.00,687.00
 
161.00,-109.00,694.00
 
171.00,-103.00,694.00
 
177.00,-95.00,696.00
 
175.00,-86.00,700.00
 
174.00,-74.00,703.00
 
170.00,-59.00,711.00
 
159.00,-40.00,718.00
 
151.00,-24.00,724.00
 
139.00,-10.00,730.00
 
128.00,12.00,738.00
 
122.00,43.00,743.00
 
118.00,53.00,745.00
 
121.00,64.00,749.00
 
130.00,70.00,744.00
 
144.00,72.00,744.00
 
161.00,72.00,748.00
 
178.00,70.00,741.00
 
193.00,70.00,733.00
 
213.00,68.00,730.00
 
232.00,62.00,727.00
 
249.00,58.00,720.00
 
278.00,57.00,712.00
 
279.00,59.00,713.00
 
276.00,65.00,711.00
 
272.00,71.00,715.00
 
263.00,83.00,718.00
 
251.00,95.00,727.00
 
238.00,110.00,730.00
 
235.00,128.00,736.00
 
235.00,140.00,739.00
 
243.00,156.00,742.00
 
255.00,168.00,739.00
 
264.00,177.00,739.00
 
271.00,187.00,735.00
 
280.00,197.00,735.00
 
286.00,203.00,736.00
 
299.00,207.00,734.00
 
311.00,212.00,730.00
 
325.00,229.00,728.00
 
350.00,221.00,723.00
 
363.00,248.00,722.00
 
386.00,256.00,710.00
 
399.00,272.00,708.00
 
409.00,286.00,702.00
 
409.00,297.00,698.00
 
408.00,310.00,697.00
 
396.00,325.00,699.00
 
390.00,336.00,703.00
 
381.00,354.00,708.00
 
378.00,366.00,709.00
 
378.00,380.00,707.00
 
375.00,394.00,705.00
 
393.00,410.00,697.00
 
407.00,412.00,692.00
 
421.00,419.00,686.00
 
432.00,429.00,679.00
 
439.00,432.00,672.00
 
446.00,441.00,666.00
 
447.00,459.00,666.00
 
443.00,471.00,663.00
 
437.00,492.00,660.00
 
422.00,507.00,665.00
 
406.00,524.00,665.00
 
369.00,555.00,674.00
 
344.00,574.00,678.00
 
325.00,591.00,685.00
 
303.00,603.00,685.00
 
282.00,623.00,687.00
 
264.00,641.00,687.00
 
244.00,654.00,685.00
 
227.00,670.00,687.00
 
203.00,688.00,686.00
 
180.00,703.00,686.00
 
157.00,712.00,680.00
 
147.00,718.00,686.00
 
146.00,719.00,684.00
 
144.00,718.00,684.00
 
149.00,719.00,683.00
 
147.00,719.00,682.00
 
143.00,718.00,680.00
 
136.00,724.00,682.00
 
131.00,727.00,683.00
 
124.00,733.00,680.00
 
121.00,744.00,679.00
 
118.00,758.00,674.00
 
110.00,775.00,659.00
 
109.00,790.00,654.00
 
103.00,809.00,650.00
 
96.00,823.00,636.00
 
88.00,832.00,630.00
 
73.00,844.00,623.00
 
58.00,851.00,621.00
 
41.00,850.00,618.00
 
27.00,848.00,613.00
 
0.00,846.00,619.00
 
-39.00,825.00,628.00
 
-61.00,808.00,639.00
 
-83.00,793.00,649.00
 
-107.00,781.00,648.00
 
-123.00,766.00,657.00
 
-134.00,753.00,663.00
 
-147.00,740.00,668.00
 
-159.00,724.00,673.00
 
-178.00,701.00,673.00
 
-201.00,685.00,681.00
 
-211.00,673.00,685.00
 
-223.00,657.00,687.00
 
-232.00,645.00,688.00
 
-241.00,630.00,692.00
 
-251.00,619.00,696.00
 
-263.00,605.00,698.00
 
-274.00,593.00,695.00
 
-289.00,579.00,694.00
 
-300.00,581.00,695.00
 
-302.00,579.00,692.00
 
-309.00,582.00,694.00
 
-313.00,588.00,686.00
 
-319.00,593.00,684.00
 
-318.00,598.00,680.00
 
-320.00,610.00,680.00
 
-317.00,621.00,678.00
 
-306.00,640.00,672.00
 
-300.00,654.00,669.00
 
-296.00,663.00,667.00
 
-287.00,674.00,665.00
 
-281.00,681.00,663.00
 
-276.00,688.00,663.00
 
-266.00,693.00,664.00
 
-258.00,699.00,663.00
 
-252.00,702.00,659.00
 
-235.00,713.00,668.00
 
-225.00,709.00,667.00
 
-213.00,719.00,665.00
 
-203.00,722.00,670.00
 
-195.00,725.00,671.00
 
-182.00,729.00,669.00
 
-172.00,734.00,672.00
 
-163.00,735.00,672.00
 
-144.00,741.00,675.00
 
-114.00,739.00,676.00
 
-99.00,740.00,680.00
 
-75.00,737.00,682.00
 
-54.00,733.00,685.00
 
-32.00,728.00,687.00
 
-10.00,725.00,692.00
 
12.00,723.00,690.00
 
32.00,718.00,694.00
 
49.00,718.00,693.00
 
86.00,713.00,695.00
 
100.00,714.00,694.00
 
118.00,714.00,694.00
 
132.00,708.00,689.00
 
151.00,706.00,690.00
 
165.00,701.00,687.00
 
175.00,698.00,686.00
 
184.00,689.00,691.00
 
197.00,684.00,688.00
 
206.00,670.00,690.00
 
211.00,656.00,693.00
 
222.00,641.00,696.00
 
228.00,630.00,700.00
 
235.00,616.00,701.00
 
245.00,599.00,704.00
 
257.00,583.00,707.00
 
261.00,572.00,709.00
 
272.00,562.00,713.00
 
282.00,555.00,711.00
 
289.00,551.00,709.00
 
308.00,547.00,704.00
 
326.00,544.00,699.00
 
338.00,544.00,698.00
 
360.00,541.00,693.00
 
386.00,539.00,681.00
 
413.00,544.00,672.00
 
435.00,543.00,660.00
 
457.00,546.00,649.00
 
473.00,544.00,640.00
 
489.00,546.00,630.00
 
502.00,540.00,627.00
 
505.00,532.00,625.00
 
505.00,518.00,629.00
 
499.00,504.00,632.00
 
493.00,487.00,643.00
 
485.00,467.00,652.00
 
469.00,432.00,667.00
 
460.00,408.00,679.00
 
452.00,388.00,688.00
 
446.00,369.00,696.00
 
439.00,354.00,702.00
 
428.00,341.00,708.00
 
425.00,324.00,711.00
 
418.00,311.00,719.00
 
416.00,300.00,719.00
 
410.00,290.00,721.00
 
405.00,278.00,727.00
 
405.00,267.00,734.00
 
398.00,258.00,736.00
 
391.00,243.00,740.00
 
375.00,214.00,742.00
 
377.00,204.00,743.00
 
379.00,201.00,744.00
 
381.00,199.00,739.00
 
392.00,198.00,735.00
 
396.00,193.00,736.00
 
408.00,190.00,732.00
 
415.00,176.00,720.00
 
425.00,163.00,718.00
 
421.00,136.00,701.00
 
434.00,122.00,704.00
 
434.00,105.00,700.00
 
429.00,91.00,699.00
 
418.00,82.00,699.00
 
410.00,75.00,700.00
 
400.00,69.00,703.00
 
387.00,65.00,701.00
 
371.00,65.00,706.00
 
363.00,65.00,708.00
 
347.00,70.00,717.00
 
338.00,71.00,719.00
 
339.00,62.00,720.00
 
339.00,58.00,717.00
 
335.00,54.00,717.00
 
330.00,46.00,715.00
 
327.00,38.00,716.00
 
323.00,33.00,711.00
 
319.00,26.00,710.00
 
310.00,17.00,710.00
 
299.00,15.00,713.00
 
292.00,19.00,721.00
 
290.00,21.00,719.00
 
284.00,22.00,718.00
 
280.00,23.00,720.00
 
271.00,16.00,720.00
 
264.00,12.00,721.00
 
261.00,6.00,719.00
 
257.00,-6.00,716.00
 
248.00,-24.00,711.00
 
247.00,-39.00,708.00
 
244.00,-58.00,704.00
 
244.00,-79.00,694.00
 
243.00,-100.00,684.00
 
241.00,-118.00,676.00
 
245.00,-136.00,665.00
 
237.00,-170.00,649.00
 
228.00,-184.00,639.00
 
213.00,-197.00,634.00
 
194.00,-212.00,628.00
 
174.00,-217.00,630.00
 
145.00,-222.00,628.00
 
118.00,-223.00,631.00
 
87.00,-221.00,632.00
 
60.00,-214.00,642.00
 
5.00,-194.00,649.00
 
-24.00,-183.00,662.00
 
-51.00,-164.00,663.00
 
-69.00,-150.00,672.00
 
-91.00,-133.00,677.00
 
-103.00,-121.00,683.00
 
-121.00,-103.00,691.00
 
-128.00,-87.00,697.00
 
-144.00,-60.00,706.00
 
-145.00,-53.00,707.00
 
-148.00,-50.00,715.00
 
-146.00,-42.00,713.00
 
-143.00,-37.00,711.00
 
-138.00,-42.00,717.00
 
-128.00,-49.00,719.00
 
-107.00,-55.00,722.00
 
-92.00,-57.00,716.00
 
-69.00,-63.00,720.00
 
-46.00,-73.00,716.00
 
-22.00,-81.00,718.00
 
6.00,-93.00,713.00
 
32.00,-103.00,709.00
 
64.00,-114.00,702.00
 
93.00,-134.00,685.00
 
155.00,-143.00,683.00
 
186.00,-147.00,678.00
 
216.00,-150.00,670.00
 
243.00,-148.00,660.00
 
270.00,-148.00,658.00
 
295.00,-140.00,651.00
 
321.00,-130.00,647.00
 
347.00,-116.00,652.00
 
383.00,-85.00,648.00
 
400.00,-60.00,653.00
 
419.00,-41.00,656.00
 
428.00,-14.00,657.00
 
444.00,13.00,665.00
 
456.00,42.00,668.00
 
468.00,69.00,665.00
 
477.00,100.00,667.00
 
490.00,126.00,670.00
 
495.00,158.00,672.00
 
511.00,202.00,670.00
 
513.00,232.00,670.00
 
518.00,256.00,667.00
 
518.00,282.00,669.00
 
512.00,308.00,668.00
 
514.00,332.00,669.00
 
508.00,359.00,670.00
 
501.00,382.00,669.00
 
496.00,408.00,669.00
 
493.00,426.00,662.00
 
479.00,448.00,669.00
 
470.00,461.00,669.00
 
460.00,476.00,673.00
 
453.00,483.00,677.00
 
439.00,495.00,681.00
 
424.00,505.00,683.00
 
403.00,515.00,685.00
 
382.00,524.00,693.00
 
362.00,535.00,696.00
 
336.00,543.00,705.00
 
305.00,568.00,712.00
 
247.00,572.00,719.00
 
215.00,572.00,727.00
 
178.00,577.00,730.00
 
144.00,579.00,737.00
 
110.00,577.00,741.00
 
76.00,571.00,740.00
 
34.00,565.00,744.00
 
-5.00,558.00,747.00
 
-78.00,550.00,747.00
 
-113.00,544.00,743.00
 
-145.00,537.00,742.00
 
-177.00,534.00,737.00
 
-206.00,525.00,733.00
 
-244.00,525.00,726.00
 
-278.00,516.00,713.00
 
-310.00,514.00,704.00
 
-349.00,513.00,691.00
 
-386.00,515.00,676.00
 
-451.00,514.00,641.00
 
-482.00,514.00,621.00
 
-520.00,517.00,597.00
 
-544.00,521.00,578.00
 
-571.00,517.00,554.00
 
-600.00,523.00,533.00
 
-622.00,524.00,509.00
 
-646.00,529.00,487.00
 
-665.00,537.00,461.00
 
-708.00,543.00,409.00
 
-724.00,544.00,384.00
 
-738.00,549.00,358.00
 
-752.00,550.00,329.00
 
-764.00,556.00,307.00
 
-773.00,562.00,285.00
 
-782.00,564.00,265.00
 
-787.00,563.00,245.00
 
-798.00,567.00,219.00
 
-798.00,566.00,204.00
 
-807.00,567.00,194.00
 
-809.00,567.00,183.00
 
-814.00,563.00,171.00
 
-816.00,565.00,157.00
 
-818.00,566.00,145.00
 
-823.00,568.00,136.00
 
-825.00,571.00,122.00
 
-831.00,571.00,92.00
 
-830.00,571.00,82.00
 
-836.00,575.00,69.00
 
-832.00,575.00,62.00
 
-834.00,574.00,58.00
 
-833.00,577.00,62.00
 
-831.00,577.00,68.00
 
-826.00,575.00,75.00
 
-822.00,570.00,90.00
 
-820.00,568.00,109.00
 
-815.00,565.00,133.00
 
-809.00,559.00,153.00
 
-798.00,561.00,180.00
 
-790.00,555.00,205.00
 
-771.00,552.00,257.00
 
-756.00,548.00,283.00
 
-744.00,542.00,311.00
 
-726.00,542.00,343.00
 
-708.00,538.00,370.00
 
-692.00,528.00,398.00
 
-673.00,527.00,425.00
 
-652.00,526.00,452.00
 
-627.00,518.00,478.00
 
-600.00,515.00,506.00
 
-571.00,512.00,534.00
 
-540.00,511.00,559.00
 
-469.00,500.00,609.00
 
-426.00,500.00,641.00
 
-382.00,492.00,666.00
 
-334.00,487.00,686.00
 
-281.00,478.00,712.00
 
-222.00,470.00,728.00
 
-164.00,457.00,748.00
 
-99.00,448.00,762.00
 
-230.00,429.00,780.00
 
91.00,427.00,779.00
 
151.00,418.00,777.00
 
202.00,415.00,767.00
 
252.00,411.00,757.00
 
292.00,409.00,751.00
 
332.00,411.00,739.00
 
368.00,408.00,728.00
 
403.00,412.00,715.00
 
438.00,411.00,698.00
 
474.00,414.00,684.00
 
510.00,407.00,663.00
 
552.00,410.00,610.00
 
609.00,406.00,591.00
 
637.00,404.00,567.00
 
668.00,407.00,545.00
 
686.00,406.00,524.00
 
708.00,409.00,504.00
 
728.00,409.00,476.00
 
752.00,409.00,449.00
 
768.00,414.00,426.00
 
785.00,416.00,397.00
 
802.00,415.00,369.00
 
813.00,430.00,341.00
 
838.00,422.00,300.00
 
843.00,428.00,276.00
 
848.00,429.00,253.00
 
860.00,437.00,237.00
 
