000755026,000000000,000000000,0114.689,0010.007,-009.091,0167
 
000755045,000000000,000000000,0114.812,0009.548,-008.269,0170
 
000755065,000000000,000000000,0114.772,0009.156,-007.513,0006
 
000755085,000000000,000000000,0114.744,0008.766,-006.782,0173
 
000755105,000000000,000000000,0114.709,0008.409,-006.161,0006
 
000755125,000000000,000000000,0114.680,0008.125,-005.617,0166
 
000755145,000000000,000000000,0114.647,0007.836,-005.113,0006
 
000755165,000000000,000000000,0114.626,0007.585,-004.644,0167
 
000755185,000000000,000000000,0114.608,0007.335,-004.195,0006
 
000755205,000000000,000000000,0114.604,0007.085,-003.763,0006
 
000755225,000000000,000000000,0114.576,0006.861,-003.390,0167
 
000755245,000000000,000000000,0114.544,0006.676,-003.051,0006
 
000755265,000000000,000000000,0114.498,0006.523,-002.759,0006
 
000755285,000000000,000000000,0114.454,0006.378,-002.464,0006
 
000755305,000000000,000000000,0114.424,0006.203,-002.194,0006
 
000755325,000000000,000000000,0114.407,0006.046,-001.950,0006
 
000755345,000000000,000000000,0114.381,0005.923,-001.724,0006
 
000755365,000000000,000000000,0114.354,0005.836,-001.546,0006
 
000755385,000000000,000000000,0114.326,0005.727,-001.373,0006
 
000755405,000000000,000000000,0114.315,0005.630,-001.197,0006
 
000755425,000000000,000000000,0114.301,0005.538,-001.014,0006
 
000755445,000000000,000000000,0114.293,0005.455,-000.867,0166
 
000755465,000000000,000000000,0114.280,0005.381,-000.756,0167
 
000755485,000000000,000000000,0114.253,0005.354,-000.612,0007
 
000755505,000000000,000000000,0114.239,0005.290,-000.502,0167
 
000755525,000000000,000000000,0114.222,0005.253,-000.402,0167
 
000755545,000000000,000000000,0114.210,0005.196,-000.288,0006
 
000755565,000000000,000000000,0114.195,0005.124,-000.226,0167
 
000755585,000000000,000000000,0114.184,0005.058,-000.167,0170
 
000755605,000000000,000000000,0114.146,0005.020,-000.112,0006
 
000755625,000000000,000000000,0114.140,0005.005,-000.044,0167
 
000755645,000000000,000000000,0114.108,0004.970,-000.002,0167
 
000755665,000000000,000000000,0114.093,0004.918,0000.016,0166
 
000755685,000000000,000000000,0114.097,0004.892,0000.096,0179
 
000755705,000000000,000000000,0114.078,0004.861,0000.149,0006
 
000755725,000000000,000000000,0114.049,0004.835,0000.179,0169
 
000755745,000000000,000000000,0114.039,0004.789,0000.226,0173
 
000755765,000000000,000000000,0114.022,0004.772,0000.287,0006
 
000755785,000000000,000000000,0114.009,0004.757,0000.343,0166
 
000755805,000000000,000000000,0114.005,0004.763,0000.394,0173
 
000755825,000000000,000000000,0113.986,0004.724,0000.422,0006
 
000755845,000000000,000000000,0113.963,0004.711,0000.425,0006
 
000755865,000000000,000000000,0113.942,0004.702,0000.451,0169
 
000755885,000000000,000000000,0113.957,0004.669,0000.474,0006
 
000755905,000000000,000000000,0113.951,0004.660,0000.536,0169
 
000755925,000000000,000000000,0113.962,0004.650,0000.592,0006
 
000755945,000000000,000000000,0113.945,0004.682,0000.584,0006
 
000755965,000000000,000000000,0113.927,0004.653,0000.597,0006
 
000755985,000000000,000000000,0113.919,0004.666,0000.628,0006
 
000756005,000000000,000000000,0113.904,0004.656,0000.639,0006
 
000756025,000000000,000000000,0113.876,0004.626,0000.648,0006
 
000756045,000000000,000000000,0113.854,0004.621,0000.674,0006
 
000756065,000000000,000000000,0113.833,0004.592,0000.677,0170
 
000756085,000000000,000000000,0113.809,0004.591,0000.681,0006
 
000756105,000000000,000000000,0113.794,0004.586,0000.683,0168
 
000756125,000000000,000000000,0113.780,0004.581,0000.686,0006
 
000756145,000000000,000000000,0113.781,0004.558,0000.667,0006
 
000756165,000000000,000000000,0113.769,0004.514,0000.673,0006
 
000756185,000000000,000000000,0113.761,0004.521,0000.637,0006
 
000756205,000000000,000000000,0113.740,0004.506,0000.644,0006
 
000756225,000000000,000000000,0113.738,0004.531,0000.632,0166
 
000756245,000000000,000000000,0113.743,0004.510,0000.637,0167
 
000756265,000000000,000000000,0113.751,0004.472,0000.643,0006
 
000756285,000000000,000000000,0113.748,0004.437,0000.649,0167
 
000756305,000000000,000000000,0113.727,0004.405,0000.636,0167
 
000756325,000000000,000000000,0113.717,0004.421,0000.622,0006
 
000756345,000000000,000000000,0113.731,0004.450,0000.630,0167
 
000756365,000000000,000000000,0113.730,0004.419,0000.619,0170
 
000756385,000000000,000000000,0113.735,0004.412,0000.625,0006
 
000756405,000000000,000000000,0113.736,0004.381,0000.631,0167
 
000756425,000000000,000000000,0113.746,0004.399,0000.638,0006
 
000756445,000000000,000000000,0113.743,0004.391,0000.645,0166
 
000756465,000000000,000000000,0113.734,0004.380,0000.629,0173
 
000756485,000000000,000000000,0113.738,0004.376,0000.638,0006
 
000756505,000000000,000000000,0113.742,0004.371,0000.647,0006
 
000756525,000000000,000000000,0113.755,0004.362,0000.694,0169
 
000756545,000000000,000000000,0113.747,0004.380,0000.696,0006
 
000756565,000000000,000000000,0113.742,0004.397,0000.698,0169
 
000756585,000000000,000000000,0113.745,0004.391,0000.681,0006
 
000756605,000000000,000000000,0113.729,0004.385,0000.665,0006
 
000756625,000000000,000000000,0113.732,0004.355,0000.671,0006
 
000756645,000000000,000000000,0113.731,0004.369,0000.694,0006
 
000756665,000000000,000000000,0113.736,0004.363,0000.695,0006
 
000756685,000000000,000000000,0113.739,0004.355,0000.697,0006
 
000756705,000000000,000000000,0113.731,0004.370,0000.699,0006
 
000756725,000000000,000000000,0113.727,0004.387,0000.701,0006
 
000756745,000000000,000000000,0113.731,0004.400,0000.702,0169
 
000756765,000000000,000000000,0113.723,0004.388,0000.723,0006
 
000756785,000000000,000000000,0113.724,0004.403,0000.723,0006
 
000756805,000000000,000000000,0113.716,0004.439,0000.724,0006
 
000756825,000000000,000000000,0113.719,0004.429,0000.705,0006
 
000756845,000000000,000000000,0113.718,0004.441,0000.705,0006
 
000756865,000000000,000000000,0113.727,0004.432,0000.686,0006
 
000756885,000000000,000000000,0113.718,0004.422,0000.688,0006
 
000756905,000000000,000000000,0113.729,0004.433,0000.670,0006
 
000756925,000000000,000000000,0113.738,0004.419,0000.673,0006
 
000756945,000000000,000000000,0113.732,0004.451,0000.677,0166
 
000756965,000000000,000000000,0113.723,0004.460,0000.659,0167
 
000756985,000000000,000000000,0113.714,0004.465,0000.663,0006
 
000757005,000000000,000000000,0113.724,0004.494,0000.668,0167
 
000757025,000000000,000000000,0113.735,0004.500,0000.671,0167
 
000757045,000000000,000000000,0113.743,0004.506,0000.695,0006
 
000757065,000000000,000000000,0113.724,0004.487,0000.696,0167
 
000757085,000000000,000000000,0113.713,0004.512,0000.697,0174
 
000757105,000000000,000000000,0113.711,0004.492,0000.700,0006
 
000757125,000000000,000000000,0113.713,0004.499,0000.701,0167
 
000757145,000000000,000000000,0113.726,0004.524,0000.682,0174
 
000757165,000000000,000000000,0113.727,0004.482,0000.684,0006
 
000757185,000000000,000000000,0113.722,0004.468,0000.687,0167
 
000757205,000000000,000000000,0113.698,0004.453,0000.689,0006
 
000757225,000000000,000000000,0113.698,0004.483,0000.692,0166
 
000757245,000000000,000000000,0113.695,0004.489,0000.695,0173
 
000757265,000000000,000000000,0113.707,0004.452,0000.697,0006
 
000757285,000000000,000000000,0113.711,0004.419,0000.697,0169
 
000757305,000000000,000000000,0113.721,0004.448,0000.738,0173
 
000757325,000000000,000000000,0113.695,0004.412,0000.736,0006
 
000757345,000000000,000000000,0113.679,0004.427,0000.735,0166
 
000757365,000000000,000000000,0113.672,0004.415,0000.712,0173
 
000757385,000000000,000000000,0113.682,0004.383,0000.733,0006
 
000757405,000000000,000000000,0113.672,0004.398,0000.710,0006
 
000757425,000000000,000000000,0113.675,0004.368,0000.689,0173
 
000757445,000000000,000000000,0113.663,0004.382,0000.712,0006
 
000757465,000000000,000000000,0113.683,0004.399,0000.691,0006
 
000757485,000000000,000000000,0113.683,0004.431,0000.714,0006
 
000757505,000000000,000000000,0113.677,0004.440,0000.714,0166
 
000757525,000000000,000000000,0113.695,0004.412,0000.694,0006
 
000757545,000000000,000000000,0113.691,0004.380,0000.693,0179
 
000757565,000000000,000000000,0113.697,0004.374,0000.654,0166
 
000757585,000000000,000000000,0113.702,0004.412,0000.638,0169
 
000757605,000000000,000000000,0113.701,0004.424,0000.644,0006
 
000757625,000000000,000000000,0113.697,0004.436,0000.629,0006
 
000757645,000000000,000000000,0113.700,0004.427,0000.656,0006
 
000757665,000000000,000000000,0113.705,0004.392,0000.660,0006
 
000757685,000000000,000000000,0113.714,0004.406,0000.664,0006
 
000757705,000000000,000000000,0113.712,0004.442,0000.648,0006
 
000757725,000000000,000000000,0113.713,0004.427,0000.654,0006
 
000757745,000000000,000000000,0113.722,0004.459,0000.660,0166
 
000757765,000000000,000000000,0113.729,0004.465,0000.684,0006
 
000757785,000000000,000000000,0113.726,0004.449,0000.708,0167
 
000757805,000000000,000000000,0113.714,0004.435,0000.709,0167
 
000757825,000000000,000000000,0113.720,0004.465,0000.689,0006
 
000757845,000000000,000000000,0113.710,0004.450,0000.671,0167
 
000757865,000000000,000000000,0113.690,0004.483,0000.674,0166
 
000757885,000000000,000000000,0113.689,0004.465,0000.655,0006
 
000757905,000000000,000000000,0113.704,0004.450,0000.661,0167
 
000757925,000000000,000000000,0113.694,0004.439,0000.644,0006
 
000757945,000000000,000000000,0113.697,0004.450,0000.651,0006
 
000757965,000000000,000000000,0113.698,0004.455,0000.635,0167
 
000757985,000000000,000000000,0113.686,0004.485,0000.661,0006
 
000758005,000000000,000000000,0113.695,0004.470,0000.665,0166
 
000758025,000000000,000000000,0113.694,0004.476,0000.668,0006
 
000758045,000000000,000000000,0113.709,0004.502,0000.669,0166
 
000758065,000000000,000000000,0113.710,0004.527,0000.651,0006
 
000758085,000000000,000000000,0113.706,0004.529,0000.637,0173
 
000758105,000000000,000000000,0113.696,0004.530,0000.643,0006
 
000758125,000000000,000000000,0113.700,0004.555,0000.649,0006
 
000758145,000000000,000000000,0113.692,0004.532,0000.652,0169
 
000758165,000000000,000000000,0113.687,0004.535,0000.657,0006
 
000758185,000000000,000000000,0113.681,0004.538,0000.643,0169
 
000758205,000000000,000000000,0113.659,0004.538,0000.648,0006
 
000758225,000000000,000000000,0113.647,0004.537,0000.649,0166
 
000758245,000000000,000000000,0113.655,0004.554,0000.651,0006
 
000758265,000000000,000000000,0113.666,0004.536,0000.676,0006
 
000758285,000000000,000000000,0113.654,0004.518,0000.696,0006
 
000758305,000000000,000000000,0113.645,0004.502,0000.676,0006
 
000758325,000000000,000000000,0113.639,0004.488,0000.677,0006
 
000758345,000000000,000000000,0113.649,0004.495,0000.679,0006
 
000758365,000000000,000000000,0113.652,0004.521,0000.681,0006
 
000758385,000000000,000000000,0113.650,0004.504,0000.702,0006
 
000758405,000000000,000000000,0113.649,0004.508,0000.682,0006
 
000758425,000000000,000000000,0113.638,0004.513,0000.687,0006
 
000758445,000000000,000000000,0113.644,0004.495,0000.688,0006
 
000758465,000000000,000000000,0113.637,0004.519,0000.689,0006
 
000758485,000000000,000000000,0113.634,0004.521,0000.710,0006
 
000758505,000000000,000000000,0113.619,0004.480,0000.728,0166
 
000758525,000000000,000000000,0113.604,0004.484,0000.705,0166
 
000758545,000000000,000000000,0113.612,0004.491,0000.684,0006
 
000758565,000000000,000000000,0113.610,0004.500,0000.686,0167
 
000758585,000000000,000000000,0113.599,0004.502,0000.687,0167
 
000758605,000000000,000000000,0113.591,0004.504,0000.668,0006
 
000758625,000000000,000000000,0113.591,0004.485,0000.651,0167
 
000758645,000000000,000000000,0113.582,0004.464,0000.635,0006
 
000758665,000000000,000000000,0113.598,0004.490,0000.662,0166
 
000758685,000000000,000000000,0113.600,0004.537,0000.646,0179
 
000758705,000000000,000000000,0113.600,0004.539,0000.651,0174
 
000758725,000000000,000000000,0113.582,0004.521,0000.653,0006
 
000758745,000000000,000000000,0113.572,0004.439,0000.636,0169
 
000758765,000000000,000000000,0113.576,0004.409,0000.641,0006
 
000758785,000000000,000000000,0113.587,0004.397,0000.644,0169
 
000758805,000000000,000000000,0113.607,0004.409,0000.647,0173
 
000758825,000000000,000000000,0113.605,0004.378,0000.629,0006
 
000758845,000000000,000000000,0113.586,0004.395,0000.634,0169
 
000758865,000000000,000000000,0113.577,0004.406,0000.661,0173
 
000758885,000000000,000000000,0113.589,0004.412,0000.684,0006
 
000758905,000000000,000000000,0113.571,0004.404,0000.706,0169
 
000758925,000000000,000000000,0113.583,0004.416,0000.686,0173
 
000758945,000000000,000000000,0113.580,0004.387,0000.668,0006
 
000758965,000000000,000000000,0113.584,0004.362,0000.649,0006
 
000758985,000000000,000000000,0113.584,0004.377,0000.653,0169
 
000759005,000000000,000000000,0113.591,0004.413,0000.677,0006
 
000759025,000000000,000000000,0113.602,0004.402,0000.697,0169
 
000759045,000000000,000000000,0113.621,0004.395,0000.678,0006
 
000759065,000000000,000000000,0113.629,0004.407,0000.660,0006
 
000759085,000000000,000000000,0113.643,0004.372,0000.662,0006
 
000759105,000000000,000000000,0113.647,0004.362,0000.622,0169
 
000759125,000000000,000000000,0113.650,0004.377,0000.627,0006
 
000759145,000000000,000000000,0113.658,0004.388,0000.674,0006
 
000759165,000000000,000000000,0113.653,0004.420,0000.656,0006
 
000759185,000000000,000000000,0113.649,0004.433,0000.641,0006
 
000759205,000000000,000000000,0113.648,0004.422,0000.627,0006
 
000759225,000000000,000000000,0113.648,0004.409,0000.632,0006
 
000759245,000000000,000000000,0113.647,0004.418,0000.635,0174
 
000759265,000000000,000000000,0113.656,0004.405,0000.659,0169
 
000759285,000000000,000000000,0113.679,0004.396,0000.642,0173
 
000759305,000000000,000000000,0113.680,0004.428,0000.646,0006
 
000759325,000000000,000000000,0113.663,0004.437,0000.649,0006
 
000759345,000000000,000000000,0113.672,0004.465,0000.654,0167
 
000759365,000000000,000000000,0113.691,0004.426,0000.634,0167
 
000759385,000000000,000000000,0113.701,0004.409,0000.638,0006
 
000759405,000000000,000000000,0113.718,0004.400,0000.623,0167
 
000759425,000000000,000000000,0113.700,0004.432,0000.607,0166
 
000759445,000000000,000000000,0113.686,0004.419,0000.595,0006
 
000759465,000000000,000000000,0113.691,0004.429,0000.582,0167
 
000759485,000000000,000000000,0113.691,0004.436,0000.612,0174
 
000759505,000000000,000000000,0113.696,0004.399,0000.640,0006
 
000759525,000000000,000000000,0113.702,0004.410,0000.626,0167
 
000759545,000000000,000000000,0113.715,0004.402,0000.653,0006
 
000759565,000000000,000000000,0113.704,0004.390,0000.657,0166
 
000759585,000000000,000000000,0113.699,0004.386,0000.639,0173
 
000759605,000000000,000000000,0113.698,0004.397,0000.643,0006
 
000759625,000000000,000000000,0113.702,0004.403,0000.646,0169
 
000759645,000000000,000000000,0113.695,0004.411,0000.629,0173
 
000759665,000000000,000000000,0113.702,0004.445,0000.635,0006
 
000759685,000000000,000000000,0113.702,0004.454,0000.619,0169
 
000759705,000000000,000000000,0113.698,0004.462,0000.604,0006
 
000759725,000000000,000000000,0113.709,0004.443,0000.610,0166
 
000759745,000000000,000000000,0113.715,0004.426,0000.638,0006
 
000759765,000000000,000000000,0113.714,0004.437,0000.643,0173
 
000759785,000000000,000000000,0113.719,0004.425,0000.624,0006
 
000759805,000000000,000000000,0113.717,0004.412,0000.628,0006
 
000759825,000000000,000000000,0113.724,0004.444,0000.631,0006
 
000759845,000000000,000000000,0113.734,0004.452,0000.614,0006
 
000759865,000000000,000000000,0113.733,0004.440,0000.598,0169
 
000759885,000000000,000000000,0113.729,0004.426,0000.606,0006
 
000759905,000000000,000000000,0113.750,0004.458,0000.634,0006
 
000759925,000000000,000000000,0113.742,0004.443,0000.617,0006
 
000759945,000000000,000000000,0113.733,0004.447,0000.624,0169
 
000759965,000000000,000000000,0113.729,0004.432,0000.630,0006
 
000759985,000000000,000000000,0113.746,0004.420,0000.612,0006
 
000760005,000000000,000000000,0113.747,0004.426,0000.618,0166
 
000760025,000000000,000000000,0113.779,0004.393,0000.601,0006
 
000760045,000000000,000000000,0113.795,0004.424,0000.606,0006
 
000760065,000000000,000000000,0113.781,0004.452,0000.611,0166
 
000760085,000000000,000000000,0113.765,0004.460,0000.598,0167
 
000760105,000000000,000000000,0113.757,0004.441,0000.583,0005
 
000760125,000000000,000000000,0113.762,0004.449,0000.592,0166
 
000760145,000000000,000000000,0113.779,0004.412,0000.558,0167
 
000760165,000000000,000000000,0113.782,0004.399,0000.590,0006
 
000760185,000000000,000000000,0113.773,0004.408,0000.576,0167
 
000760205,000000000,000000000,0113.767,0004.353,0000.566,0166
 
000760225,000000000,000000000,0113.774,0004.346,0000.595,0006
 
000760245,000000000,000000000,0113.797,0004.317,0000.602,0167
 
000760265,000000000,000000000,0113.811,0004.334,0000.607,0170
 
000760285,000000000,000000000,0113.829,0004.307,0000.611,0006
 
000760305,000000000,000000000,0113.835,0004.329,0000.598,0167
 
000760325,000000000,000000000,0113.838,0004.369,0000.605,0006
 
000760345,000000000,000000000,0113.844,0004.365,0000.591,0166
 
000760365,000000000,000000000,0113.849,0004.376,0000.578,0173
 
000760385,000000000,000000000,0113.867,0004.389,0000.567,0006
 
000760405,000000000,000000000,0113.867,0004.426,0000.596,0166
 
000760425,000000000,000000000,0113.859,0004.455,0000.625,0173
 
000760445,000000000,000000000,0113.854,0004.461,0000.610,0006
 
000760465,000000000,000000000,0113.845,0004.462,0000.615,0006
 
000760485,000000000,000000000,0113.855,0004.429,0000.621,0006
 
000760505,000000000,000000000,0113.843,0004.438,0000.604,0166
 
000760525,000000000,000000000,0113.845,0004.441,0000.629,0006
 
000760545,000000000,000000000,0113.817,0004.448,0000.653,0173
 
000760565,000000000,000000000,0113.812,0004.436,0000.634,0006
 
000760585,000000000,000000000,0113.830,0004.405,0000.617,0006
 
000760605,000000000,000000000,0113.857,0004.395,0000.623,0006
 
000760625,000000000,000000000,0113.852,0004.388,0000.609,0006
 
000760645,000000000,000000000,0113.857,0004.377,0000.637,0006
 
000760665,000000000,000000000,0113.859,0004.390,0000.640,0006
 
000760685,000000000,000000000,0113.866,0004.422,0000.623,0006
 
000760705,000000000,000000000,0113.868,0004.430,0000.627,0006
 
000760725,000000000,000000000,0113.861,0004.439,0000.632,0006
 
000760745,000000000,000000000,0113.857,0004.447,0000.637,0006
 
000760765,000000000,000000000,0113.849,0004.452,0000.640,0006
 
000760785,000000000,000000000,0113.831,0004.459,0000.621,0006
 
000760805,000000000,000000000,0113.812,0004.466,0000.606,0006
 
000760825,000000000,000000000,0113.808,0004.475,0000.633,0006
 
000760845,000000000,000000000,0113.813,0004.480,0000.636,0006
 
000760865,000000000,000000000,0113.818,0004.461,0000.639,0166
 
000760885,000000000,000000000,0113.820,0004.448,0000.642,0006
 
000760905,000000000,000000000,0113.804,0004.459,0000.647,0167
 
000760925,000000000,000000000,0113.799,0004.465,0000.650,0166
 
000760945,000000000,000000000,0113.800,0004.468,0000.652,0006
 
000760965,000000000,000000000,0113.814,0004.454,0000.673,0167
 
000760985,000000000,000000000,0113.804,0004.459,0000.673,0170
 
000761005,000000000,000000000,0113.784,0004.444,0000.674,0006
 
000761025,000000000,000000000,0113.772,0004.430,0000.673,0167
 
