000182619,000000000,000000000,0114.536,0004.398,0000.979,0167
 
000182645,000000000,000000000,0114.390,0004.417,0000.738,0007
 
000182671,000000000,000000000,0114.480,0004.662,0000.492,0007
 
000182697,000000000,000000000,0115.233,0004.173,0000.492,0179
 
000182723,000000000,000000000,0114.227,0004.662,0000.492,0006
 
000182749,000000000,000000000,0113.969,0004.399,0000.490,0179
 
000182775,000000000,000000000,0115.246,0004.155,0000.490,0007
 
000182801,000000000,000000000,0115.155,0004.380,0000.731,0166
 
000182827,000000000,000000000,0115.054,0004.155,0000.735,0169
 
000182853,000000000,000000000,0115.462,0004.138,0000.244,0167
 
000182879,000000000,000000000,0114.890,0003.911,0000.735,0166
 
000182905,000000000,000000000,0114.855,0004.379,0000.975,0006
 
000182931,000000000,000000000,0114.085,0004.417,0000.246,0167
 
000182957,000000000,000000000,0114.836,0004.417,0000.492,0166
 
000182983,000000000,000000000,0114.371,0004.380,0000.488,0179
 
000183009,000000000,000000000,0115.115,0004.380,0000.731,0167
 
000183035,000000000,000000000,0114.916,0004.155,0000.735,0166
 
000183061,000000000,000000000,0114.319,0004.642,0000.490,0179
 
000183087,000000000,000000000,0114.230,0004.398,0000.735,0167
 
000183113,000000000,000000000,0114.706,0004.137,0000.488,0007
 
000183139,000000000,000000000,0114.108,0004.417,0000.738,0179
 
000183165,000000000,000000000,0114.847,0004.380,0000.488,0167
 
000183191,000000000,000000000,0115.606,0004.137,0000.488,0006
 
000183217,000000000,000000000,0115.449,0004.173,0000.492,0172
 
000183243,000000000,000000000,0114.469,0004.642,0000.735,0007
 
000183269,000000000,000000000,0115.234,0004.399,0000.245,0007
 
000183295,000000000,000000000,0114.988,0004.173,0000.492,0006
 
000183321,000000000,000000000,0115.134,0003.878,0000.728,0176
 
000183347,000000000,000000000,0114.084,0004.662,0000.492,0007
 
000183373,000000000,000000000,0114.320,0004.361,0000.728,0007
 
000183399,000000000,000000000,0115.320,0003.862,0000.483,0166
 
000183425,000000000,000000000,0115.245,0004.173,0000.738,0006
 
000183451,000000000,000000000,0114.408,0004.417,0000.492,0172
 
000183477,000000000,000000000,0113.947,0004.661,0000.738,0167
 
000183503,000000000,000000000,0115.803,0003.911,0000.490,0007
 
000183529,000000000,000000000,0114.310,0004.380,0000.488,0179
 
000183555,000000000,000000000,0114.855,0004.399,0000.490,0167
 
000183581,000000000,000000000,0115.177,0003.911,0000.490,0166
 
000183607,000000000,000000000,0114.532,0003.878,0000.728,0169
 
000183633,000000000,000000000,0114.279,0004.417,0000.492,0179
 
000183659,000000000,000000000,0114.907,0004.380,0000.731,0007
 
000183685,000000000,000000000,0114.963,0004.155,0000.245,0169
 
000183711,000000000,000000000,0115.096,0004.398,0000.735,0167
 
000183737,000000000,000000000,0114.902,0004.155,0000.490,0166
 
000183763,000000000,000000000,0115.372,0003.912,0000.245,0179
 
000183789,000000000,000000000,0114.336,0004.361,0000.728,0167
 
000183815,000000000,000000000,0114.246,0004.380,0000.488,0007
 
000183841,000000000,000000000,0115.230,0004.417,0000.492,0179
 
000183867,000000000,000000000,0114.418,0004.399,0000.490,0006
 
000183893,000000000,000000000,0114.458,0004.662,0000.492,0007
 
000183919,000000000,000000000,0115.160,0004.399,0000.490,0179
 
000183945,000000000,000000000,0114.944,0004.173,0000.492,0007
 
000183971,000000000,000000000,0114.256,0004.155,0000.735,0006
 
000183997,000000000,000000000,0114.646,0004.137,0000.488,0180
 
000184023,000000000,000000000,0115.008,0004.661,0000.738,0006
 
000184049,000000000,000000000,0114.183,0004.399,0000.490,0007
 
000184075,000000000,000000000,0114.829,0004.155,0000.735,0007
 
000184101,000000000,000000000,0115.327,0004.137,0000.488,0179
 
000184127,000000000,000000000,0114.795,0004.155,0000.490,0007
 
000184153,000000000,000000000,0114.531,0004.662,0000.492,0007
 
000184179,000000000,000000000,0115.126,0004.155,0000.490,0179
 
000184205,000000000,000000000,0114.472,0004.191,0000.741,0007
 
000184231,000000000,000000000,0114.326,0004.380,0000.488,0179
 
000184257,000000000,000000000,0114.514,0004.137,0000.731,0167
 
000184283,000000000,000000000,0114.857,0004.137,0000.488,0166
 
000184309,000000000,000000000,0115.207,0003.895,0000.488,0167
 
000184335,000000000,000000000,0115.325,0004.173,0000.492,0167
 
000184361,000000000,000000000,0114.615,0004.155,0000.490,0166
 
000184387,000000000,000000000,0115.535,0004.137,0000.731,0169
 
000184413,000000000,000000000,0115.028,0004.137,0000.731,0167
 
000184439,000000000,000000000,0115.340,0004.155,0000.735,0166
 
000184465,000000000,000000000,0115.099,0004.155,0000.490,0173
 
000184491,000000000,000000000,0116.027,0003.895,0000.488,0167
 
000184517,000000000,000000000,0116.348,0003.652,0000.731,0007
 
000184543,000000000,000000000,0114.625,0004.682,0000.494,0173
 
000184569,000000000,000000000,0114.747,0004.173,0000.738,0166
 
000184595,000000000,000000000,0114.407,0004.398,0000.735,0007
 
000184621,000000000,000000000,0115.590,0003.911,0000.735,0179
 
000184647,000000000,000000000,0114.858,0004.662,0000.492,0006
 
000184673,000000000,000000000,0114.914,0004.417,0000.492,0007
 
000184699,000000000,000000000,0115.160,0004.155,0000.735,0172
 
000184725,000000000,000000000,0115.745,0003.911,0000.490,0007
 
000184751,000000000,000000000,0114.368,0004.399,0000.490,0007
 
000184777,000000000,000000000,0114.380,0004.380,0000.244,0179
 
000184803,000000000,000000000,0114.373,0004.173,0000.738,0006
 
000184829,000000000,000000000,0115.664,0004.155,0000.490,0007
 
000184855,000000000,000000000,0114.815,0004.380,0000.488,0007
 
000184881,000000000,000000000,0114.285,0004.417,0000.492,0179
 
000184907,000000000,000000000,0115.803,0003.651,0001.219,0007
 
000184933,000000000,000000000,0114.740,0004.417,0000.492,0179
 
000184959,000000000,000000000,0114.947,0004.642,0000.490,0167
 
000184985,000000000,000000000,0114.719,0004.155,0000.490,0007
 
000185011,000000000,000000000,0114.654,0004.417,0000.492,0007
 
000185037,000000000,000000000,0115.328,0004.155,0000.490,0167
 
000185063,000000000,000000000,0115.413,0003.928,0000.492,0166
 
000185089,000000000,000000000,0115.379,0004.120,0000.486,0167
 
000185115,000000000,000000000,0114.919,0004.155,0000.735,0167
 
000185141,000000000,000000000,0114.617,0004.380,0000.488,0007
 
000185167,000000000,000000000,0114.188,0004.380,0000.488,0169
 
000185193,000000000,000000000,0115.367,0004.137,0000.731,0167
 
000185219,000000000,000000000,0115.253,0004.399,0000.490,0166
 
000185245,000000000,000000000,0114.817,0004.417,0000.246,0169
 
000185271,000000000,000000000,0115.727,0004.155,0000.490,0007
 
000185297,000000000,000000000,0114.169,0004.398,0000.735,0173
 
000185323,000000000,000000000,0114.463,0004.662,0000.492,0169
 
000185349,000000000,000000000,0115.694,0004.399,0000.490,0167
 
000185375,000000000,000000000,0114.106,0004.380,0000.731,0166
 
000185401,000000000,000000000,0115.199,0004.155,0000.490,0173
 
000185427,000000000,000000000,0114.763,0004.173,0000.492,0007
 
000185453,000000000,000000000,0115.207,0004.155,0000.490,0007
 
000185479,000000000,000000000,0114.981,0004.380,0000.488,0172
 
000185505,000000000,000000000,0115.062,0004.417,0000.738,0007
 
000185531,000000000,000000000,0113.484,0004.436,0000.741,0007
 
000185557,000000000,000000000,0114.747,0004.399,0000.490,0007
 
000185583,000000000,000000000,0115.811,0003.911,0000.490,0179
 
000185609,000000000,000000000,0114.574,0004.380,0000.488,0007
 
000185635,000000000,000000000,0115.218,0004.399,0000.245,0006
 
000185661,000000000,000000000,0115.474,0003.911,0000.490,0179
 
000185687,000000000,000000000,0115.591,0004.138,0000.244,0007
 
000185713,000000000,000000000,0115.185,0004.417,0000.246,0179
 
000185739,000000000,000000000,0114.027,0004.642,0000.490,0167
 
000185765,000000000,000000000,0114.738,0004.380,0000.488,0007
 
000185791,000000000,000000000,0114.481,0004.361,0000.971,0179
 
000185817,000000000,000000000,0115.267,0004.120,0000.486,0167
 
000185843,000000000,000000000,0114.304,0004.380,0000.731,0167
 
000185869,000000000,000000000,0114.957,0004.417,0000.492,0169
 
000185895,000000000,000000000,0114.641,0004.173,0000.492,0167
 
000185921,000000000,000000000,0115.533,0003.895,0000.731,0166
 
000185947,000000000,000000000,0114.336,0004.399,0000.490,0169
 
000185973,000000000,000000000,0114.689,0004.399,0000.490,0167
 
000185999,000000000,000000000,0114.961,0004.417,0000.738,0173
 
000186025,000000000,000000000,0115.304,0004.417,0000.246,0179
 
000186051,000000000,000000000,0114.957,0004.417,0000.492,0007
 
000186077,000000000,000000000,0113.190,0004.399,0000.490,0173
 
000186103,000000000,000000000,0114.533,0004.436,0000.741,0173
 
000186129,000000000,000000000,0114.359,0004.379,0000.975,0167
 
000186155,000000000,000000000,0114.980,0004.155,0000.490,0006
 
000186181,000000000,000000000,0115.662,0004.155,0000.245,0180
 
000186207,000000000,000000000,0115.845,0004.155,0000.490,0006
 
000186233,000000000,000000000,0115.584,0004.138,0000.244,0007
 
000186259,000000000,000000000,0114.983,0004.398,0000.735,0179
 
000186285,000000000,000000000,0114.929,0004.173,0000.492,0006
 
000186311,000000000,000000000,0114.329,0004.380,0000.488,0007
 
000186337,000000000,000000000,0114.455,0004.191,0000.494,0007
 
000186363,000000000,000000000,0114.990,0004.173,0000.492,0179
 
000186389,000000000,000000000,0114.595,0004.173,0000.492,0006
 
000186415,000000000,000000000,0115.011,0003.911,0000.735,0006
 
000186441,000000000,000000000,0115.011,0003.862,0000.725,0179
 
000186467,000000000,000000000,0114.340,0004.475,0000.747,0006
 
000186493,000000000,000000000,0114.861,0004.380,0000.488,0169
 
000186519,000000000,000000000,0115.071,0003.911,0000.490,0167
 
000186545,000000000,000000000,0114.977,0004.155,0000.490,0166
 
000186571,000000000,000000000,0114.639,0004.436,0000.741,0167
 
000186597,000000000,000000000,0114.828,0004.137,0000.488,0167
 
000186623,000000000,000000000,0114.542,0004.380,0000.488,0007
 
000186649,000000000,000000000,0115.531,0003.667,0000.979,0169
 
000186675,000000000,000000000,0114.276,0004.417,0000.492,0167
 
000186701,000000000,000000000,0114.428,0004.361,0000.971,0166
 
000186727,000000000,000000000,0114.290,0004.622,0000.731,0173
 
000186753,000000000,000000000,0116.154,0003.667,0000.735,0166
 
000186779,000000000,000000000,0115.237,0004.399,0000.490,0166
 
000186805,000000000,000000000,0114.285,0004.417,0000.492,0007
 
000186831,000000000,000000000,0115.551,0004.137,0000.731,0167
 
000186857,000000000,000000000,0115.435,0003.928,0000.246,0166
 
000186883,000000000,000000000,0114.534,0004.155,0000.245,0179
 
000186909,000000000,000000000,0115.576,0003.945,0000.247,0167
 
000186935,000000000,000000000,0114.426,0004.642,0000.490,0179
 
000186961,000000000,000000000,0114.994,0004.155,0000.490,0173
 
000186987,000000000,000000000,0115.029,0004.380,0000.488,0167
 
000187013,000000000,000000000,0114.787,0004.417,0000.246,0007
 
000187039,000000000,000000000,0116.008,0003.652,0000.731,0007
 
000187065,000000000,000000000,0113.642,0004.885,0000.735,0179
 
000187091,000000000,000000000,0115.502,0003.928,0000.738,0007
 
000187117,000000000,000000000,0114.467,0004.455,0000.992,0007
 
000187143,000000000,000000000,0114.687,0004.173,0000.492,0179
 
000187169,000000000,000000000,0115.945,0003.911,0000.490,0007
 
000187195,000000000,000000000,0114.485,0004.622,0000.731,0179
 
000187221,000000000,000000000,0115.100,0004.622,0000.488,0007
 
000187247,000000000,000000000,0114.987,0003.878,0000.728,0007
 
000187273,000000000,000000000,0114.615,0004.155,0000.490,0173
 
000187299,000000000,000000000,0115.294,0004.155,0000.735,0006
 
000187325,000000000,000000000,0114.741,0004.137,0000.731,0006
 
000187351,000000000,000000000,0115.160,0004.399,0000.490,0173
 
000187377,000000000,000000000,0114.600,0004.380,0000.488,0006
 
000187403,000000000,000000000,0114.873,0003.928,0000.492,0007
 
000187429,000000000,000000000,0114.769,0004.662,0000.492,0006
 
000187455,000000000,000000000,0115.084,0004.398,0000.735,0007
 
000187481,000000000,000000000,0115.535,0004.137,0000.731,0007
 
000187507,000000000,000000000,0114.090,0004.398,0000.735,0006
 
000187533,000000000,000000000,0115.252,0004.155,0000.735,0006
 
000187559,000000000,000000000,0115.140,0004.173,0000.492,0007
 
000187585,000000000,000000000,0115.513,0003.911,0000.735,0007
 
000187611,000000000,000000000,0115.242,0003.862,0000.725,0007
 
000187637,000000000,000000000,0114.797,0004.380,0000.488,0007
 
000187663,000000000,000000000,0114.496,0004.662,0000.492,0169
 
000187689,000000000,000000000,0114.928,0004.399,0000.490,0167
 
000187715,000000000,000000000,0115.160,0004.399,0000.490,0006
 
000187741,000000000,000000000,0115.143,0004.155,0000.490,0167
 
000187767,000000000,000000000,0113.905,0004.399,0000.490,0167
 
000187793,000000000,000000000,0115.550,0003.911,0000.490,0006
 
000187819,000000000,000000000,0114.486,0004.361,0000.486,0169
 
000187845,000000000,000000000,0115.504,0004.173,0000.492,0167
 
000187871,000000000,000000000,0115.039,0004.120,0000.486,0166
 
000187897,000000000,000000000,0114.220,0004.380,0000.488,0169
 
000187923,000000000,000000000,0113.553,0004.661,0000.984,0167
 
000187949,000000000,000000000,0114.229,0004.209,0000.744,0166
 
000187975,000000000,000000000,0115.069,0004.155,0000.490,0169
 
000188001,000000000,000000000,0114.711,0004.380,0000.731,0167
 
000188027,000000000,000000000,0114.334,0004.380,0000.731,0166
 
000188053,000000000,000000000,0115.495,0004.085,0000.481,0179
 
000188079,000000000,000000000,0114.813,0004.380,0000.488,0007
 
000188105,000000000,000000000,0114.357,0004.137,0000.488,0173
 
000188132,000000000,000000000,0114.765,0004.173,0000.738,1023
 
000188158,000000000,000000000,0114.513,0004.155,0000.735,1023
 
000188184,000000000,000000000,0115.810,0003.912,0000.245,1023
 
000188210,000000000,000000000,0114.330,0004.642,0000.490,1023
 
000188235,000000000,000000000,0113.662,0004.622,0000.244,0007
 
000188261,000000000,000000000,0111.644,0006.098,0000.490,0007
 
000188287,000000000,000000000,0109.938,0006.823,0000.490,0172
 
000188313,000000000,000000000,0113.181,0004.545,0000.240,0170
 
000188339,000000000,000000000,0109.472,0006.150,0000.741,0007
 
000188365,000000000,000000000,0109.581,0005.519,0000.722,0007
 
000188391,000000000,000000000,0113.070,0003.235,0000.747,0179
 
000188417,000000000,000000000,0108.385,0005.262,0000.754,0006
 
000188443,000000000,000000000,0109.569,0003.606,0000.722,0179
 
000188469,000000000,000000000,0109.677,0002.680,0000.731,0167
 
000188495,000000000,000000000,0107.009,0004.085,0000.722,0007
 
000188521,000000000,000000000,0107.618,0002.691,0000.490,0006
 
000188547,000000000,000000000,0104.230,0004.137,0000.731,0007
 
000188573,000000000,000000000,0106.113,0002.680,0000.731,0006
 
000188599,000000000,000000000,0103.340,0003.453,0000.741,0006
 
000188625,000000000,000000000,0102.050,0004.343,0000.483,0006
 
000188651,000000000,000000000,0099.678,0005.194,0000.496,0006
 
000188677,000000000,000000000,0103.245,0002.680,0000.731,0006
 
000188703,000000000,000000000,0100.605,0004.137,0000.731,0006
 
000188729,000000000,000000000,0099.724,0004.361,0000.728,0007
 
000188755,000000000,000000000,0095.921,0005.417,0000.494,0006
 
000188781,000000000,000000000,0097.554,0004.661,0000.984,0006
 
000188807,000000000,000000000,0097.651,0004.051,0000.955,0007
 
000188833,000000000,000000000,0097.118,0003.945,0000.741,0167
 
000188859,000000000,000000000,0095.473,0004.622,0000.731,0166
 
000188885,000000000,000000000,0096.190,0004.085,0000.963,0006
 
000188911,000000000,000000000,0095.249,0004.191,0000.494,0167
 
000188937,000000000,000000000,0095.446,0004.173,0000.738,0167
 
000188963,000000000,000000000,0094.846,0003.846,0000.722,0007
 
000188989,000000000,000000000,0095.199,0003.668,0000.490,0167
 
000189015,000000000,000000000,0094.459,0003.453,0000.988,0167
 
000189041,000000000,000000000,0094.453,0003.667,0000.735,0006
 
000189067,000000000,000000000,0095.027,0003.424,0000.245,0167
 
000189093,000000000,000000000,0093.199,0004.455,0000.744,0179
 
000189119,000000000,000000000,0093.442,0003.911,0000.490,0007
 
000189145,000000000,000000000,0092.369,0004.137,0000.731,0169
 
000189171,000000000,000000000,0093.185,0003.668,0000.490,0179
 
000189197,000000000,000000000,0092.418,0004.417,0000.492,0007
 
000189223,000000000,000000000,0092.900,0004.191,0000.494,0169
 
000189249,000000000,000000000,0092.571,0004.102,0000.725,0007
 
000189275,000000000,000000000,0091.775,0004.399,0000.490,0166
 
000189301,000000000,000000000,0091.281,0004.681,0000.741,0006
 
000189327,000000000,000000000,0092.398,0004.137,0000.731,0170
 
000189353,000000000,000000000,0091.294,0004.906,0000.738,0007
 
000189379,000000000,000000000,0091.697,0004.622,0000.731,0007
 
000189405,000000000,000000000,0092.226,0004.380,0000.731,0167
 
000189431,000000000,000000000,0092.030,0004.155,0000.735,0006
 
000189457,000000000,000000000,0091.635,0004.379,0000.975,0006
 
000189483,000000000,000000000,0091.647,0004.380,0000.731,0007
 
000189509,000000000,000000000,0091.811,0003.945,0000.741,0007
 
000189535,000000000,000000000,0091.668,0003.878,0000.728,0179
 
000189561,000000000,000000000,0091.016,0004.681,0000.741,0167
 
000189587,000000000,000000000,0090.717,0004.642,0000.735,0006
 
000189613,000000000,000000000,0091.365,0004.417,0000.492,0179
 
000189639,000000000,000000000,0091.075,0004.661,0000.738,0166
 
000189665,000000000,000000000,0091.580,0004.137,0000.975,0007
 
000189691,000000000,000000000,0092.728,0004.155,0000.490,0167
 
000189717,000000000,000000000,0092.495,0004.120,0000.728,0166
 
000189743,000000000,000000000,0092.120,0004.120,0000.728,0007
 
000189769,000000000,000000000,0091.337,0004.398,0000.735,0167
 
000189795,000000000,000000000,0091.349,0004.417,0000.984,0179
 
000189821,000000000,000000000,0091.782,0004.399,0000.490,0007
 
000189847,000000000,000000000,0091.585,0004.417,0000.738,0169
 
000189873,000000000,000000000,0091.600,0004.398,0000.735,0179
 
000189899,000000000,000000000,0092.247,0003.895,0000.488,0007
 
000189925,000000000,000000000,0092.481,0003.928,0000.738,0169
 
000189951,000000000,000000000,0091.582,0004.379,0000.975,0179
 
000189977,000000000,000000000,0091.481,0004.436,0000.494,0007
 
000190003,000000000,000000000,0091.851,0004.137,0000.731,0172
 
000190029,000000000,000000000,0092.081,0004.120,0000.486,0007
 
000190055,000000000,000000000,0092.244,0004.155,0000.245,0007
 
000190081,000000000,000000000,0091.947,0004.209,0000.744,0173
 
000190107,000000000,000000000,0091.713,0004.137,0000.731,0007
 
000190133,000000000,000000000,0090.878,0004.417,0000.738,0173
 
000190159,000000000,000000000,0092.794,0003.895,0000.244,0006
 
000190185,000000000,000000000,0091.168,0004.399,0000.490,0007
 
000190211,000000000,000000000,0091.204,0004.399,0000.490,0007
 
000190237,000000000,000000000,0092.080,0004.137,0000.975,0179
 
000190263,000000000,000000000,0091.871,0004.191,0000.494,0007
 
000190289,000000000,000000000,0091.594,0004.155,0000.490,0007
 
000190315,000000000,000000000,0091.382,0004.155,0000.735,0167
 
000190341,000000000,000000000,0090.881,0004.436,0000.741,0166
 
000190367,000000000,000000000,0091.810,0004.417,0000.738,0007
 
000190393,000000000,000000000,0090.660,0004.417,0000.738,0167
 
000190419,000000000,000000000,0091.581,0004.137,0000.488,0166
 
000190445,000000000,000000000,0092.687,0003.911,0000.490,0007
 
000190471,000000000,000000000,0091.591,0004.173,0000.492,0169
 
000190497,000000000,000000000,0092.016,0004.137,0000.731,0167
 
000190523,000000000,000000000,0091.325,0004.417,0000.492,0007
 
000190549,000000000,000000000,0091.636,0004.380,0000.488,0169
 
000190575,000000000,000000000,0091.753,0004.436,0000.741,0179
 
000190601,000000000,000000000,0091.592,0004.380,0000.731,0007
 
000190627,000000000,000000000,0091.161,0004.137,0001.219,0168
 
000190653,000000000,000000000,0091.351,0004.173,0000.492,0179
 
000190679,000000000,000000000,0091.618,0004.155,0000.490,0167
 
000190705,000000000,000000000,0092.321,0004.343,0000.725,0179
 
000190731,000000000,000000000,0091.437,0004.602,0001.214,0007
 
000190757,000000000,000000000,0091.851,0004.137,0000.731,0167
 
000190783,000000000,000000000,0091.260,0004.361,0000.728,0006
 
000190809,000000000,000000000,0092.300,0004.137,0000.731,0007
 
000190835,000000000,000000000,0090.772,0004.380,0000.488,0173
 
000190861,000000000,000000000,0090.436,0004.662,0000.246,0006
 
000190887,000000000,000000000,0092.318,0004.138,0000.244,0171
 
000190913,000000000,000000000,0091.882,0004.155,0000.979,0007
 
000190939,000000000,000000000,0091.785,0004.399,0000.490,0007
 
000190965,000000000,000000000,0091.075,0004.642,0000.735,0006
 
000190991,000000000,000000000,0091.228,0004.399,0000.490,0007
 
000191017,000000000,000000000,0091.817,0004.398,0000.979,0179
 
000191043,000000000,000000000,0092.202,0004.417,0000.492,0170
 
000191069,000000000,000000000,0090.468,0004.662,0000.492,0007
 
000191095,000000000,000000000,0092.364,0003.862,0000.967,0179
 
000191121,000000000,000000000,0091.418,0004.155,0000.735,0167
 
000191147,000000000,000000000,0091.073,0004.436,0000.494,0007
 
000191173,000000000,000000000,0091.862,0004.120,0000.728,0167
 
000191199,000000000,000000000,0091.527,0004.209,0000.496,0170
 
000191225,000000000,000000000,0091.211,0004.137,0000.731,0007
 
000191251,000000000,000000000,0091.114,0004.417,0000.492,0167
 
000191277,000000000,000000000,0092.716,0004.137,0000.731,0179
 
000191303,000000000,000000000,0091.889,0004.120,0000.971,0007
 
000191329,000000000,000000000,0092.239,0004.173,0000.492,0169
 
000191355,000000000,000000000,0092.377,0004.155,0000.490,0167
 
000191381,000000000,000000000,0091.649,0004.361,0000.486,0007
 
000191407,000000000,000000000,0091.846,0004.155,0000.735,0169
 
000191433,000000000,000000000,0091.436,0004.137,0000.731,0179
 
000191459,000000000,000000000,0091.556,0004.642,0000.490,0007
 
000191485,000000000,000000000,0092.106,0004.155,0000.490,0173
 
000191511,000000000,000000000,0090.705,0004.380,0000.731,0007
 
000191537,000000000,000000000,0090.587,0004.436,0000.741,0173
 
000191563,000000000,000000000,0092.086,0004.137,0000.488,0006
 
000191589,000000000,000000000,0091.565,0004.137,0000.731,0177
 
000191615,000000000,000000000,0091.152,0004.398,0000.735,0007
 
000191641,000000000,000000000,0091.631,0004.380,0000.731,0007
 
000191667,000000000,000000000,0091.574,0004.417,0000.492,0177
 
000191693,000000000,000000000,0091.796,0004.398,0000.735,0006
 
000191719,000000000,000000000,0092.773,0003.895,0000.731,0007
 
000191745,000000000,000000000,0091.302,0004.173,0000.492,0006
 
000191771,000000000,000000000,0092.059,0004.155,0000.490,0007
 
000191797,000000000,000000000,0091.814,0004.138,0000.244,0179
 
000191823,000000000,000000000,0091.054,0004.398,0000.735,0167
 
000191849,000000000,000000000,0090.908,0004.661,0000.738,0007
 
000191875,000000000,000000000,0091.758,0004.155,0000.490,0167
 
000191901,000000000,000000000,0091.894,0003.878,0000.486,0166
 
000191927,000000000,000000000,0091.854,0004.380,0000.488,0007
 
000191953,000000000,000000000,0090.665,0004.642,0000.490,0167
 
000191979,000000000,000000000,0090.986,0004.417,0000.492,0167
 
000192005,000000000,000000000,0092.054,0004.380,0000.731,0007
 
000192031,000000000,000000000,0092.075,0004.155,0000.490,0169
 
000192057,000000000,000000000,0092.046,0004.155,0000.735,0179
 
000192083,000000000,000000000,0092.956,0003.683,0000.246,0006
 
000192109,000000000,000000000,0092.984,0003.895,0000.488,0167
 
000192135,000000000,000000000,0090.627,0004.662,0000.492,0166
 
000192161,000000000,000000000,0092.035,0004.398,0000.735,0006
 
000192187,000000000,000000000,0092.110,0003.911,0000.490,0169
 
000192213,000000000,000000000,0092.128,0004.120,0000.728,0167
 
000192239,000000000,000000000,0092.102,0004.137,0000.731,0006
 
000192265,000000000,000000000,0091.106,0004.155,0000.735,0169
 
000192291,000000000,000000000,0090.518,0004.641,0000.979,0179
 
000192317,000000000,000000000,0091.876,0004.137,0000.975,0007
 
000192343,000000000,000000000,0091.187,0004.137,0000.731,0169
 
000192369,000000000,000000000,0091.596,0004.380,0000.488,0007
 
000192395,000000000,000000000,0092.824,0003.636,0000.728,0007
 
000192421,000000000,000000000,0092.445,0004.155,0000.490,0007
 
000192447,000000000,000000000,0091.622,0004.361,0000.728,0007
 
000192473,000000000,000000000,0091.931,0004.173,0000.738,0007
 
000192499,000000000,000000000,0091.852,0004.173,0000.738,0006
 
000192525,000000000,000000000,0092.194,0004.417,0000.492,0166
 
000192551,000000000,000000000,0091.845,0004.155,0000.490,0006
 
000192577,000000000,000000000,0090.404,0005.128,0000.735,0166
 
000192603,000000000,000000000,0091.578,0004.398,0000.979,0166
 
