000074503,000000000,000000000,0113.379,0004.383,0000.579,0179
 
000074523,000000000,000000000,0113.371,0004.365,0000.559,0166
 
000074543,000000000,000000000,0113.377,0004.371,0000.560,0006
 
000074563,000000000,000000000,0113.374,0004.373,0000.562,0179
 
000074583,000000000,000000000,0113.378,0004.398,0000.542,0006
 
000074603,000000000,000000000,0113.382,0004.377,0000.568,0173
 
000074623,000000000,000000000,0113.377,0004.360,0000.571,0006
 
000074643,000000000,000000000,0113.362,0004.347,0000.531,0171
 
000074663,000000000,000000000,0113.360,0004.335,0000.535,0007
 
000074683,000000000,000000000,0113.357,0004.320,0000.520,0007
 
000074703,000000000,000000000,0113.357,0004.307,0000.528,0007
 
000074723,000000000,000000000,0113.355,0004.318,0000.535,0006
 
000074743,000000000,000000000,0113.359,0004.305,0000.519,0173
 
000074763,000000000,000000000,0113.354,0004.275,0000.524,0166
 
000074783,000000000,000000000,0113.347,0004.268,0000.508,0007
 
000074803,000000000,000000000,0113.341,0004.279,0000.495,0167
 
000074823,000000000,000000000,0113.347,0004.291,0000.544,0007
 
000074843,000000000,000000000,0113.328,0004.300,0000.545,0006
 
000074863,000000000,000000000,0113.330,0004.309,0000.528,0167
 
000074883,000000000,000000000,0113.335,0004.319,0000.533,0166
 
000074903,000000000,000000000,0113.336,0004.328,0000.517,0166
 
000074923,000000000,000000000,0113.339,0004.336,0000.505,0173
 
000074943,000000000,000000000,0113.337,0004.343,0000.532,0166
 
000074963,000000000,000000000,0113.337,0004.350,0000.536,0006
 
000074983,000000000,000000000,0113.342,0004.356,0000.521,0169
 
000075003,000000000,000000000,0113.345,0004.342,0000.525,0167
 
000075023,000000000,000000000,0113.353,0004.304,0000.528,0007
 
000075043,000000000,000000000,0113.347,0004.292,0000.534,0169
 
000075063,000000000,000000000,0113.360,0004.305,0000.540,0179
 
000075083,000000000,000000000,0113.366,0004.293,0000.520,0006
 
000075103,000000000,000000000,0113.367,0004.323,0000.547,0169
 
000075123,000000000,000000000,0113.363,0004.350,0000.571,0006
 
000075143,000000000,000000000,0113.368,0004.351,0000.571,0166
 
000075163,000000000,000000000,0113.376,0004.355,0000.575,0179
 
000075183,000000000,000000000,0113.378,0004.321,0000.575,0006
 
000075203,000000000,000000000,0113.378,0004.412,0000.577,0166
 
000075223,000000000,000000000,0113.364,0004.392,0000.557,0007
 
000075243,000000000,000000000,0113.365,0004.394,0000.578,0007
 
000075263,000000000,000000000,0113.370,0004.395,0000.620,0006
 
000075283,000000000,000000000,0113.368,0004.401,0000.618,0179
 
000075303,000000000,000000000,0113.370,0004.384,0000.636,0006
 
000075323,000000000,000000000,0113.358,0004.387,0000.610,0007
 
000075343,000000000,000000000,0113.361,0004.346,0000.586,0177
 
000075363,000000000,000000000,0113.341,0004.306,0000.585,0006
 
000075383,000000000,000000000,0113.346,0004.315,0000.586,0167
 
000075403,000000000,000000000,0113.346,0004.327,0000.544,0007
 
000075423,000000000,000000000,0113.355,0004.337,0000.568,0171
 
000075443,000000000,000000000,0113.364,0004.363,0000.572,0006
 
000075463,000000000,000000000,0113.369,0004.342,0000.572,0006
 
000075483,000000000,000000000,0113.357,0004.352,0000.572,0171
 
000075503,000000000,000000000,0113.354,0004.338,0000.491,0006
 
000075523,000000000,000000000,0113.354,0004.325,0000.476,0179
 
000075543,000000000,000000000,0113.359,0004.334,0000.484,0006
 
000075563,000000000,000000000,0113.360,0004.317,0000.513,0006
 
000075583,000000000,000000000,0113.353,0004.330,0000.519,0167
 
000075603,000000000,000000000,0113.356,0004.357,0000.524,0166
 
000075623,000000000,000000000,0113.369,0004.363,0000.508,0006
 
000075643,000000000,000000000,0113.383,0004.344,0000.534,0167
 
000075663,000000000,000000000,0113.375,0004.326,0000.558,0173
 
000075683,000000000,000000000,0113.363,0004.337,0000.539,0006
 
000075703,000000000,000000000,0113.360,0004.328,0000.542,0167
 
000075723,000000000,000000000,0113.349,0004.312,0000.546,0179
 
000075743,000000000,000000000,0113.351,0004.302,0000.548,0006
 
000075763,000000000,000000000,0113.368,0004.288,0000.573,0169
 
000075783,000000000,000000000,0113.361,0004.256,0000.594,0167
 
000075803,000000000,000000000,0113.358,0004.252,0000.593,0007
 
000075823,000000000,000000000,0113.351,0004.249,0000.592,0169
 
000075843,000000000,000000000,0113.354,0004.242,0000.591,0006
 
000075863,000000000,000000000,0113.358,0004.235,0000.608,0167
 
000075883,000000000,000000000,0113.360,0004.252,0000.585,0179
 
000075903,000000000,000000000,0113.366,0004.267,0000.584,0006
 
000075923,000000000,000000000,0113.370,0004.240,0000.563,0173
 
000075943,000000000,000000000,0113.376,0004.255,0000.546,0179
 
000075963,000000000,000000000,0113.396,0004.248,0000.549,0007
 
000075983,000000000,000000000,0113.419,0004.237,0000.575,0173
 
000076003,000000000,000000000,0113.430,0004.273,0000.555,0007
 
000076023,000000000,000000000,0113.441,0004.310,0000.578,0167
 
000076043,000000000,000000000,0113.441,0004.321,0000.578,0007
 
000076063,000000000,000000000,0113.443,0004.327,0000.554,0172
 
000076083,000000000,000000000,0113.431,0004.337,0000.555,0007
 
000076103,000000000,000000000,0113.436,0004.320,0000.578,0007
 
000076123,000000000,000000000,0113.432,0004.329,0000.556,0177
 
000076143,000000000,000000000,0113.415,0004.338,0000.537,0166
 
000076163,000000000,000000000,0113.409,0004.324,0000.542,0006
 
000076183,000000000,000000000,0113.405,0004.287,0000.524,0006
 
000076203,000000000,000000000,0113.392,0004.279,0000.508,0007
 
000076223,000000000,000000000,0113.387,0004.294,0000.475,0007
 
000076243,000000000,000000000,0113.383,0004.304,0000.463,0007
 
000076263,000000000,000000000,0113.393,0004.294,0000.472,0166
 
000076283,000000000,000000000,0113.379,0004.305,0000.481,0007
 
000076303,000000000,000000000,0113.391,0004.317,0000.469,0167
 
000076323,000000000,000000000,0113.395,0004.327,0000.478,0007
 
000076343,000000000,000000000,0113.397,0004.378,0000.467,0166
 
000076363,000000000,000000000,0113.397,0004.363,0000.495,0167
 
000076383,000000000,000000000,0113.406,0004.347,0000.543,0171
 
000076403,000000000,000000000,0113.402,0004.355,0000.526,0006
 
000076423,000000000,000000000,0113.392,0004.405,0000.532,0169
 
000076443,000000000,000000000,0113.385,0004.404,0000.558,0166
 
000076463,000000000,000000000,0113.387,0004.401,0000.560,0006
 
000076483,000000000,000000000,0113.404,0004.402,0000.563,0167
 
000076503,000000000,000000000,0113.387,0004.403,0000.564,0167
 
000076523,000000000,000000000,0113.386,0004.425,0000.564,0006
 
000076543,000000000,000000000,0113.380,0004.404,0000.544,0169
 
000076563,000000000,000000000,0113.368,0004.405,0000.567,0167
 
000076583,000000000,000000000,0113.358,0004.409,0000.569,0006
 
000076603,000000000,000000000,0113.372,0004.429,0000.589,0177
 
000076623,000000000,000000000,0113.367,0004.449,0000.610,0006
 
000076643,000000000,000000000,0113.363,0004.446,0000.607,0173
 
000076663,000000000,000000000,0113.350,0004.423,0000.604,0179
 
000076683,000000000,000000000,0113.339,0004.418,0000.625,0006
 
000076703,000000000,000000000,0113.339,0004.439,0000.602,0173
 
000076723,000000000,000000000,0113.345,0004.439,0000.619,0007
 
000076743,000000000,000000000,0113.332,0004.436,0000.635,0167
 
000076763,000000000,000000000,0113.339,0004.414,0000.629,0006
 
000076783,000000000,000000000,0113.338,0004.371,0000.623,0179
 
000076803,000000000,000000000,0113.324,0004.369,0000.616,0007
 
000076823,000000000,000000000,0113.320,0004.352,0000.571,0007
 
000076843,000000000,000000000,0113.323,0004.342,0000.571,0006
 
000076863,000000000,000000000,0113.324,0004.347,0000.573,0167
 
000076883,000000000,000000000,0113.335,0004.348,0000.551,0006
 
000076903,000000000,000000000,0113.334,0004.351,0000.554,0007
 
000076923,000000000,000000000,0113.347,0004.376,0000.578,0178
 
000076943,000000000,000000000,0113.342,0004.378,0000.579,0006
 
000076964,000000000,000000000,0113.341,0004.360,0000.580,1023
 
000076984,000000000,000000000,0113.332,0004.365,0000.578,1023
 
000077004,000000000,000000000,0113.318,0004.370,0000.619,1023
 
000077024,000000000,000000000,0113.308,0004.334,0000.616,1023
 
000077044,000000000,000000000,0113.309,0004.360,0000.591,1023
 
000077064,000000000,000000000,0113.315,0004.364,0000.611,1023
 
000077084,000000000,000000000,0113.311,0004.367,0000.606,1023
 
000077104,000000000,000000000,0113.296,0004.393,0000.583,1023
 
000077123,000000000,000000000,0113.249,0004.378,0000.581,0007
 
000077143,000000000,000000000,0113.111,0004.472,0000.568,0176
 
000077163,000000000,000000000,0112.934,0004.605,0000.535,0167
 
000077183,000000000,000000000,0112.589,0004.713,0000.506,0166
 
000077203,000000000,000000000,0112.024,0004.893,0000.479,0169
 
000077223,000000000,000000000,0111.412,0005.131,0000.465,0167
 
000077243,000000000,000000000,0110.771,0005.085,0000.454,0166
 
000077263,000000000,000000000,0110.150,0004.954,0000.424,0169
 
000077283,000000000,000000000,0109.494,0004.917,0000.390,0166
 
000077303,000000000,000000000,0108.867,0004.759,0000.391,0167
 
000077323,000000000,000000000,0108.143,0004.856,0000.388,0172
 
000077343,000000000,000000000,0107.335,0004.813,0000.350,0167
 
000077363,000000000,000000000,0106.489,0004.925,0000.316,0167
 
000077383,000000000,000000000,0105.654,0004.992,0000.288,0177
 
000077403,000000000,000000000,0104.794,0004.861,0000.281,0167
 
000077423,000000000,000000000,0103.972,0004.761,0000.278,0166
 
000077443,000000000,000000000,0103.161,0004.833,0000.254,0177
 
000077463,000000000,000000000,0102.366,0004.815,0000.255,0167
 
000077483,000000000,000000000,0101.649,0004.554,0000.237,0006
 
000077503,000000000,000000000,0100.933,0004.503,0000.230,0007
 
000077523,000000000,000000000,0100.317,0004.378,0000.245,0166
 
000077543,000000000,000000000,0099.738,0004.350,0000.269,0173
 
000077563,000000000,000000000,0099.228,0004.250,0000.280,0173
 
000077583,000000000,000000000,0098.736,0004.230,0000.309,0167
 
000077603,000000000,000000000,0098.306,0004.139,0000.322,0006
 
000077623,000000000,000000000,0097.876,0004.114,0000.320,0166
 
000077643,000000000,000000000,0097.487,0004.136,0000.325,0178
 
000077663,000000000,000000000,0097.177,0004.066,0000.327,0006
 
000077683,000000000,000000000,0096.872,0004.105,0000.355,0167
 
000077703,000000000,000000000,0096.540,0004.125,0000.397,0178
 
000077723,000000000,000000000,0096.249,0004.095,0000.419,0007
 
000077743,000000000,000000000,0095.951,0004.094,0000.458,0169
 
000077763,000000000,000000000,0095.619,0004.156,0000.473,0178
 
000077783,000000000,000000000,0095.286,0004.209,0000.464,0006
 
000077803,000000000,000000000,0095.011,0004.135,0000.463,0169
 
000077823,000000000,000000000,0094.747,0004.109,0000.457,0179
 
000077843,000000000,000000000,0094.507,0004.164,0000.479,0006
 
000077863,000000000,000000000,0094.251,0004.187,0000.475,0179
 
000077883,000000000,000000000,0094.012,0004.205,0000.475,0179
 
000077903,000000000,000000000,0093.805,0004.205,0000.473,0006
 
000077923,000000000,000000000,0093.616,0004.179,0000.474,0179
 
000077943,000000000,000000000,0093.474,0004.164,0000.495,0007
 
000077963,000000000,000000000,0093.351,0004.103,0000.474,0007
 
000077983,000000000,000000000,0093.238,0004.090,0000.519,0006
 
000078003,000000000,000000000,0093.152,0004.161,0000.540,0006
 
000078023,000000000,000000000,0093.060,0004.182,0000.559,0006
 
000078043,000000000,000000000,0092.984,0004.161,0000.577,0007
 
000078063,000000000,000000000,0092.910,0004.208,0000.595,0006
 
000078083,000000000,000000000,0092.846,0004.224,0000.613,0006
 
000078103,000000000,000000000,0092.804,0004.239,0000.607,0006
 
000078123,000000000,000000000,0092.764,0004.216,0000.583,0006
 
000078143,000000000,000000000,0092.737,0004.172,0000.559,0006
 
000078163,000000000,000000000,0092.720,0004.169,0000.580,0006
 
000078183,000000000,000000000,0092.705,0004.169,0000.559,0166
 
000078203,000000000,000000000,0092.677,0004.192,0000.539,0006
 
000078223,000000000,000000000,0092.669,0004.210,0000.561,0006
 
000078243,000000000,000000000,0092.655,0004.226,0000.562,0166
 
000078263,000000000,000000000,0092.643,0004.224,0000.582,0006
 
000078283,000000000,000000000,0092.628,0004.238,0000.621,0166
 
000078303,000000000,000000000,0092.592,0004.276,0000.637,0166
 
000078323,000000000,000000000,0092.573,0004.273,0000.650,0006
 
000078343,000000000,000000000,0092.539,0004.263,0000.664,0166
 
000078363,000000000,000000000,0092.503,0004.234,0000.655,0166
 
000078383,000000000,000000000,0092.500,0004.247,0000.668,0166
 
000078403,000000000,000000000,0092.492,0004.265,0000.660,0167
 
000078423,000000000,000000000,0092.475,0004.262,0000.651,0166
 
000078443,000000000,000000000,0092.440,0004.233,0000.623,0166
 
000078463,000000000,000000000,0092.433,0004.251,0000.618,0169
 
000078483,000000000,000000000,0092.399,0004.242,0000.634,0167
 
000078503,000000000,000000000,0092.378,0004.258,0000.628,0166
 
000078523,000000000,000000000,0092.344,0004.275,0000.602,0169
 
000078543,000000000,000000000,0092.328,0004.287,0000.596,0166
 
000078563,000000000,000000000,0092.306,0004.294,0000.614,0167
 
000078583,000000000,000000000,0092.291,0004.307,0000.632,0169
 
000078603,000000000,000000000,0092.262,0004.342,0000.625,0167
 
000078623,000000000,000000000,0092.264,0004.349,0000.602,0166
 
000078643,000000000,000000000,0092.245,0004.358,0000.599,0179
 
000078663,000000000,000000000,0092.216,0004.345,0000.596,0167
 
000078683,000000000,000000000,0092.202,0004.311,0000.614,0173
 
000078703,000000000,000000000,0092.190,0004.319,0000.612,0172
 
000078723,000000000,000000000,0092.189,0004.332,0000.586,0167
 
000078743,000000000,000000000,0092.175,0004.322,0000.585,0173
 
000078763,000000000,000000000,0092.137,0004.352,0000.584,0179
 
000078783,000000000,000000000,0092.124,0004.358,0000.582,0167
 
000078803,000000000,000000000,0092.104,0004.366,0000.581,0006
 
000078823,000000000,000000000,0092.092,0004.351,0000.599,0173
 
000078843,000000000,000000000,0092.085,0004.336,0000.596,0171
 
000078863,000000000,000000000,0092.072,0004.299,0000.594,0006
 
000078883,000000000,000000000,0092.071,0004.288,0000.570,0172
 
000078903,000000000,000000000,0092.060,0004.279,0000.571,0178
 
000078923,000000000,000000000,0092.037,0004.295,0000.552,0006
 
000078943,000000000,000000000,0092.049,0004.285,0000.532,0176
 
000078963,000000000,000000000,0092.043,0004.277,0000.533,0178
 
000078983,000000000,000000000,0092.038,0004.289,0000.535,0006
 
000079003,000000000,000000000,0092.031,0004.300,0000.579,0177
 
000079023,000000000,000000000,0092.021,0004.289,0000.579,0179
 
000079043,000000000,000000000,0092.016,0004.281,0000.577,0006
 
000079063,000000000,000000000,0092.005,0004.278,0000.576,0179
 
000079083,000000000,000000000,0091.984,0004.267,0000.576,0179
 
000079103,000000000,000000000,0091.966,0004.261,0000.576,0006
 
000079123,000000000,000000000,0091.941,0004.277,0000.556,0179
 
000079143,000000000,000000000,0091.929,0004.266,0000.558,0006
 
000079163,000000000,000000000,0091.931,0004.262,0000.560,0006
 
000079183,000000000,000000000,0091.919,0004.297,0000.581,0006
 
000079203,000000000,000000000,0091.911,0004.330,0000.601,0006
 
000079223,000000000,000000000,0091.896,0004.319,0000.578,0006
 
000079243,000000000,000000000,0091.885,0004.308,0000.558,0006
 
000079263,000000000,000000000,0091.861,0004.317,0000.559,0166
 
000079283,000000000,000000000,0091.845,0004.326,0000.561,0167
 
000079303,000000000,000000000,0091.835,0004.292,0000.561,0169
 
000079323,000000000,000000000,0091.816,0004.305,0000.561,0167
 
000079343,000000000,000000000,0091.805,0004.314,0000.623,0167
 
000079363,000000000,000000000,0091.782,0004.300,0000.618,0177
 
000079383,000000000,000000000,0091.759,0004.266,0000.612,0167
 
000079403,000000000,000000000,0091.747,0004.259,0000.630,0173
 
000079423,000000000,000000000,0091.743,0004.336,0000.625,0174
 
000079443,000000000,000000000,0091.747,0004.325,0000.600,0167
 
000079463,000000000,000000000,0091.730,0004.334,0000.597,0173
 
000079483,000000000,000000000,0091.743,0004.321,0000.595,0179
 
000079503,000000000,000000000,0091.733,0004.308,0000.611,0167
 
000079523,000000000,000000000,0091.745,0004.318,0000.606,0006
 
000079543,000000000,000000000,0091.747,0004.348,0000.642,0006
 
000079563,000000000,000000000,0091.730,0004.309,0000.613,0166
 
000079583,000000000,000000000,0091.734,0004.341,0000.587,0006
 
000079603,000000000,000000000,0091.720,0004.324,0000.607,0169
 
000079623,000000000,000000000,0091.723,0004.309,0000.603,0171
 
000079643,000000000,000000000,0091.708,0004.321,0000.599,0006
 
000079663,000000000,000000000,0091.691,0004.325,0000.573,0167
 
000079683,000000000,000000000,0091.682,0004.335,0000.572,0171
 
000079703,000000000,000000000,0091.673,0004.365,0000.572,0006
 
000079723,000000000,000000000,0091.677,0004.348,0000.591,0167
 
000079743,000000000,000000000,0091.674,0004.376,0000.569,0166
 
000079763,000000000,000000000,0091.672,0004.379,0000.587,0006
 
000079783,000000000,000000000,0091.663,0004.359,0000.565,0179
 
000079803,000000000,000000000,0091.661,0004.344,0000.544,0179
 
000079823,000000000,000000000,0091.664,0004.372,0000.545,0006
 
000079843,000000000,000000000,0091.647,0004.354,0000.527,0179
 
000079863,000000000,000000000,0091.636,0004.337,0000.510,0178
 
000079883,000000000,000000000,0091.633,0004.321,0000.536,0006
 
000079903,000000000,000000000,0091.620,0004.308,0000.536,0179
 
000079923,000000000,000000000,0091.625,0004.276,0000.538,0167
 
000079943,000000000,000000000,0091.619,0004.288,0000.539,0166
 
000079963,000000000,000000000,0091.614,0004.319,0000.522,0169
 
000079983,000000000,000000000,0091.613,0004.327,0000.544,0166
 
000080003,000000000,000000000,0091.604,0004.310,0000.588,0006
 
000080023,000000000,000000000,0091.613,0004.320,0000.568,0006
 
000080043,000000000,000000000,0091.623,0004.329,0000.608,0006
 
000080063,000000000,000000000,0091.612,0004.337,0000.606,0006
 
000080083,000000000,000000000,0091.609,0004.343,0000.600,0006
 
000080103,000000000,000000000,0091.611,0004.351,0000.597,0006
 
000080123,000000000,000000000,0091.598,0004.335,0000.595,0006
 
000080143,000000000,000000000,0091.592,0004.303,0000.594,0006
 
000080163,000000000,000000000,0091.606,0004.295,0000.590,0166
 
000080183,000000000,000000000,0091.612,0004.287,0000.588,0179
 
000080203,000000000,000000000,0091.594,0004.278,0000.586,0179
 
000080223,000000000,000000000,0091.591,0004.270,0000.583,0167
 
000080243,000000000,000000000,0091.608,0004.285,0000.581,0006
 
000080263,000000000,000000000,0091.602,0004.295,0000.599,0166
 
000080283,000000000,000000000,0091.607,0004.284,0000.596,0171
 
000080303,000000000,000000000,0091.606,0004.296,0000.591,0006
 
000080323,000000000,000000000,0091.626,0004.309,0000.629,0167
 
000080343,000000000,000000000,0091.633,0004.319,0000.644,0178
 
000080363,000000000,000000000,0091.616,0004.309,0000.638,0006
 
000080383,000000000,000000000,0091.628,0004.300,0000.671,0167
 
000080403,000000000,000000000,0091.629,0004.287,0000.682,0178
 
000080423,000000000,000000000,0091.624,0004.302,0000.674,0006
 
000080443,000000000,000000000,0091.621,0004.315,0000.685,0167
 
000080463,000000000,000000000,0091.619,0004.304,0000.671,0178
 
000080483,000000000,000000000,0091.617,0004.294,0000.662,0006
 
000080503,000000000,000000000,0091.606,0004.307,0000.674,0176
 
000080523,000000000,000000000,0091.593,0004.320,0000.685,0179
 
000080543,000000000,000000000,0091.581,0004.327,0000.674,0006
 
000080563,000000000,000000000,0091.586,0004.337,0000.667,0179
 
000080583,000000000,000000000,0091.575,0004.303,0000.659,0178
 
000080603,000000000,000000000,0091.576,0004.312,0000.671,0006
 
000080623,000000000,000000000,0091.582,0004.318,0000.683,0179
 
000080643,000000000,000000000,0091.588,0004.305,0000.674,0166
 
000080663,000000000,000000000,0091.568,0004.314,0000.664,0006
 
000080683,000000000,000000000,0091.579,0004.306,0000.676,0179
 
000080703,000000000,000000000,0091.589,0004.319,0000.670,0167
 
000080723,000000000,000000000,0091.581,0004.307,0000.659,0166
 
000080743,000000000,000000000,0091.585,0004.274,0000.712,0179
 
000080763,000000000,000000000,0091.586,0004.308,0000.722,0167
 
000080783,000000000,000000000,0091.568,0004.298,0000.708,0166
 
000080803,000000000,000000000,0091.562,0004.273,0000.698,0179
 
000080823,000000000,000000000,0091.560,0004.264,0000.707,0167
 
000080843,000000000,000000000,0091.574,0004.238,0000.695,0166
 
000080863,000000000,000000000,0091.591,0004.235,0000.705,0169
 
000080883,000000000,000000000,0091.565,0004.252,0000.691,0167
 
000080903,000000000,000000000,0091.578,0004.269,0000.679,0173
 
000080923,000000000,000000000,0091.591,0004.262,0000.667,0177
 
000080943,000000000,000000000,0091.597,0004.257,0000.656,0178
 
000080963,000000000,000000000,0091.604,0004.293,0000.648,0173
 
000080983,000000000,000000000,0091.600,0004.327,0000.663,0179
 
000081003,000000000,000000000,0091.608,0004.335,0000.654,0167
 
000081023,000000000,000000000,0091.604,0004.364,0000.646,0006
 
000081043,000000000,000000000,0091.596,0004.371,0000.639,0169
 
000081063,000000000,000000000,0091.594,0004.335,0000.633,0171
 
000081083,000000000,000000000,0091.578,0004.344,0000.626,0006
 
000081103,000000000,000000000,0091.577,0004.351,0000.620,0006
 
000081123,000000000,000000000,0091.595,0004.359,0000.637,0166
 
000081143,000000000,000000000,0091.597,0004.302,0000.651,0006
 
000081163,000000000,000000000,0091.594,0004.312,0000.643,0167
 
000081183,000000000,000000000,0091.600,0004.325,0000.657,0178
 
000081203,000000000,000000000,0091.596,0004.351,0000.668,0006
 
000081223,000000000,000000000,0091.602,0004.356,0000.638,0176
 
000081243,000000000,000000000,0091.631,0004.340,0000.632,0178
 
000081263,000000000,000000000,0091.626,0004.343,0000.667,0006
 
000081283,000000000,000000000,0091.615,0004.329,0000.637,0179
 
000081303,000000000,000000000,0091.621,0004.320,0000.612,0166
 
000081323,000000000,000000000,0091.609,0004.312,0000.609,0006
 
000081343,000000000,000000000,0091.604,0004.320,0000.624,0179
 
000081363,000000000,000000000,0091.604,0004.307,0000.618,0178
 
000081383,000000000,000000000,0091.603,0004.298,0000.615,0006
 
000081403,000000000,000000000,0091.601,0004.309,0000.611,0006
 
000081423,000000000,000000000,0091.603,0004.272,0000.605,0006
 
000081443,000000000,000000000,0091.600,0004.307,0000.602,0006
 
000081463,000000000,000000000,0091.601,0004.295,0000.597,0179
 
000081483,000000000,000000000,0091.595,0004.284,0000.595,0166
 
000081503,000000000,000000000,0091.602,0004.318,0000.591,0167
 
000081523,000000000,000000000,0091.607,0004.307,0000.609,0169
 
000081543,000000000,000000000,0091.596,0004.276,0000.603,0006
 
000081563,000000000,000000000,0091.593,0004.291,0000.599,0006
 
000081583,000000000,000000000,0091.613,0004.322,0000.597,0006
 
000081603,000000000,000000000,0091.621,0004.310,0000.593,0006
 
000081623,000000000,000000000,0091.623,0004.301,0000.570,0006
 
000081643,000000000,000000000,0091.616,0004.313,0000.567,0169
 
000081663,000000000,000000000,0091.627,0004.279,0000.565,0167
 
000081683,000000000,000000000,0091.626,0004.273,0000.565,0173
 
000081703,000000000,000000000,0091.626,0004.265,0000.543,0179
 
000081723,000000000,000000000,0091.633,0004.239,0000.544,0167
 
000081743,000000000,000000000,0091.646,0004.212,0000.545,0173
 
000081763,000000000,000000000,0091.636,0004.209,0000.567,0179
 
000081783,000000000,000000000,0091.619,0004.211,0000.545,0167
 
000081803,000000000,000000000,0091.612,0004.210,0000.566,0006
 
000081823,000000000,000000000,0091.619,0004.211,0000.585,0166
 
000081843,000000000,000000000,0091.616,0004.207,0000.582,0171
 
000081863,000000000,000000000,0091.621,0004.224,0000.579,0006
 
000081883,000000000,000000000,0091.620,0004.239,0000.578,0166
 
000081903,000000000,000000000,0091.618,0004.257,0000.575,0178
 
000081923,000000000,000000000,0091.593,0004.272,0000.573,0006
 
000081943,000000000,000000000,0091.599,0004.262,0000.613,0176
 
000081963,000000000,000000000,0091.610,0004.257,0000.610,0171
 
000081983,000000000,000000000,0091.606,0004.270,0000.603,0006
 
000082003,000000000,000000000,0091.602,0004.279,0000.600,0179
 
000082023,000000000,000000000,0091.608,0004.266,0000.619,0006
 
000082043,000000000,000000000,0091.600,0004.257,0000.612,0006
 
000082063,000000000,000000000,0091.589,0004.246,0000.606,0179
 
000082083,000000000,000000000,0091.579,0004.241,0000.600,0167
 
000082103,000000000,000000000,0091.599,0004.280,0000.616,0006
 
000082123,000000000,000000000,0091.606,0004.274,0000.592,0179
 
000082143,000000000,000000000,0091.615,0004.204,0000.570,0179
 
000082163,000000000,000000000,0091.611,0004.204,0000.588,0006
 
000082183,000000000,000000000,0091.621,0004.200,0000.586,0179
 
000082203,000000000,000000000,0091.625,0004.178,0000.583,0006
 
000082223,000000000,000000000,0091.617,0004.155,0000.581,0006
 
000082243,000000000,000000000,0091.622,0004.193,0000.598,0167
 
000082263,000000000,000000000,0091.644,0004.197,0000.595,0166
 
000082283,000000000,000000000,0091.638,0004.197,0000.572,0167
 
000082303,000000000,000000000,0091.628,0004.238,0000.592,0169
 
000082323,000000000,000000000,0091.619,0004.216,0000.569,0167
 
000082343,000000000,000000000,0091.622,0004.235,0000.569,0166
 
000082363,000000000,000000000,0091.627,0004.210,0000.588,0177
 
000082383,000000000,000000000,0091.623,0004.183,0000.606,0167
 
000082403,000000000,000000000,0091.620,0004.205,0000.600,0173
 
000082423,000000000,000000000,0091.634,0004.223,0000.597,0179
 
000082443,000000000,000000000,0091.645,0004.221,0000.595,0167
 
000082463,000000000,000000000,0091.649,0004.216,0000.593,0173
 
000082483,000000000,000000000,0091.641,0004.237,0000.610,0179
 
000082503,000000000,000000000,0091.635,0004.251,0000.604,0171
 
000082523,000000000,000000000,0091.647,0004.242,0000.620,0006
 
000082543,000000000,000000000,0091.635,0004.238,0000.594,0166
 
000082563,000000000,000000000,0091.633,0004.252,0000.612,0171
 
000082583,000000000,000000000,0091.621,0004.207,0000.629,0006
 
000082603,000000000,000000000,0091.625,0004.247,0000.645,0173
 
000082623,000000000,000000000,0091.637,0004.263,0000.638,0171
 
000082643,000000000,000000000,0091.631,0004.255,0000.631,0006
 
000082663,000000000,000000000,0091.626,0004.268,0000.624,0167
 
000082683,000000000,000000000,0091.628,0004.265,0000.619,0178
 
000082703,000000000,000000000,0091.629,0004.258,0000.615,0007
 
000082723,000000000,000000000,0091.639,0004.273,0000.608,0176
 
000082743,000000000,000000000,0091.644,0004.288,0000.605,0178
 
000082763,000000000,000000000,0091.662,0004.299,0000.621,0006
 
000082783,000000000,000000000,0091.673,0004.248,0000.615,0179
 
000082803,000000000,000000000,0091.664,0004.241,0000.609,0178
 
000082823,000000000,000000000,0091.667,0004.277,0000.586,0006
 
000082843,000000000,000000000,0091.669,0004.289,0000.603,0179
 
000082863,000000000,000000000,0091.675,0004.302,0000.599,0178
 
000082883,000000000,000000000,0091.668,0004.292,0000.595,0006
 
000082903,000000000,000000000,0091.657,0004.258,0000.634,0179
 
000082923,000000000,000000000,0091.641,0004.269,0000.628,0166
 
000082943,000000000,000000000,0091.635,0004.282,0000.602,0166
 
000082963,000000000,000000000,0091.630,0004.272,0000.618,0167
 
000082983,000000000,000000000,0091.624,0004.284,0000.635,0166
 
000083003,000000000,000000000,0091.618,0004.277,0000.628,0166
 
000083023,000000000,000000000,0091.620,0004.288,0000.639,0169
 
000083043,000000000,000000000,0091.632,0004.277,0000.630,0167
 
000083063,000000000,000000000,0091.628,0004.294,0000.624,0167
 
000083083,000000000,000000000,0091.629,0004.303,0000.638,0169
 
000083103,000000000,000000000,0091.638,0004.310,0000.653,0167
 
000083123,000000000,000000000,0091.641,0004.343,0000.664,0167
 
000083143,000000000,000000000,0091.632,0004.372,0000.675,0172
 
000083163,000000000,000000000,0091.629,0004.375,0000.687,0167
 
000083183,000000000,000000000,0091.602,0004.339,0000.677,0173
 
000083203,000000000,000000000,0091.609,0004.346,0000.647,0177
 
000083223,000000000,000000000,0091.604,0004.334,0000.640,0167
 
000083243,000000000,000000000,0091.600,0004.341,0000.632,0173
 
000083263,000000000,000000000,0091.603,0004.369,0000.627,0179
 
000083283,000000000,000000000,0091.605,0004.334,0000.620,0167
 
000083303,000000000,000000000,0091.600,0004.342,0000.635,0006
 
000083323,000000000,000000000,0091.597,0004.327,0000.628,0006
 
000083343,000000000,000000000,0091.581,0004.313,0000.620,0171
 
000083363,000000000,000000000,0091.591,0004.322,0000.636,0006
 
000083383,000000000,000000000,0091.587,0004.328,0000.649,0173
 
000083403,000000000,000000000,0091.582,0004.333,0000.661,0171
 
000083423,000000000,000000000,0091.564,0004.339,0000.650,0006
 
000083443,000000000,000000000,0091.551,0004.367,0000.642,0176
 
000083463,000000000,000000000,0091.549,0004.350,0000.633,0006
 
000083483,000000000,000000000,0091.549,0004.319,0000.625,0006
 
000083503,000000000,000000000,0091.539,0004.283,0000.641,0176
 
000083523,000000000,000000000,0091.540,0004.317,0000.655,0179
 
000083543,000000000,000000000,0091.525,0004.326,0000.625,0006
 
000083563,000000000,000000000,0091.529,0004.331,0000.641,0179
 
000083583,000000000,000000000,0091.524,0004.298,0000.633,0179
 
000083603,000000000,000000000,0091.514,0004.329,0000.645,0006
 
000083623,000000000,000000000,0091.505,0004.336,0000.636,0179
 
000083643,000000000,000000000,0091.496,0004.347,0000.630,0166
 
000083663,000000000,000000000,0091.497,0004.373,0000.622,0006
 
000083683,000000000,000000000,0091.503,0004.336,0000.617,0006
 
000083703,000000000,000000000,0091.502,0004.363,0000.634,0006
 
000083723,000000000,000000000,0091.492,0004.349,0000.627,0006
 
000083743,000000000,000000000,0091.491,0004.354,0000.620,0006
 
000083763,000000000,000000000,0091.486,0004.361,0000.633,0006
 
000083783,000000000,000000000,0091.481,0004.365,0000.646,0006
 
000083803,000000000,000000000,0091.479,0004.346,0000.639,0006
 
000083823,000000000,000000000,0091.370,0004.356,0000.652,0006
 
000083843,000000000,000000000,0091.363,0004.381,0000.664,0006
 
000083863,000000000,000000000,0091.371,0004.362,0000.654,0006
 
000083883,000000000,000000000,0091.368,0004.346,0000.686,0006
 
000083903,000000000,000000000,0091.365,0004.331,0000.677,0006
 
000083923,000000000,000000000,0091.370,0004.340,0000.687,0006
 
000083943,000000000,000000000,0091.362,0004.365,0000.676,0166
 
000083963,000000000,000000000,0091.365,0004.369,0000.645,0173
 
000083983,000000000,000000000,0091.355,0004.378,0000.639,0179
 
000084003,000000000,000000000,0091.361,0004.382,0000.652,0167
 
000084023,000000000,000000000,0091.353,0004.363,0000.667,0006
 
000084043,000000000,000000000,0091.348,0004.373,0000.657,0166
 
000084063,000000000,000000000,0091.351,0004.377,0000.648,0171
 
000084083,000000000,000000000,0091.356,0004.360,0000.661,0006
 
000084103,000000000,000000000,0091.353,0004.324,0000.652,0166
 
000084123,000000000,000000000,0091.352,0004.334,0000.643,0171
 
000084143,000000000,000000000,0091.355,0004.343,0000.638,0006
 
000084163,000000000,000000000,0091.351,0004.329,0000.631,0173
 
000084183,000000000,000000000,0091.356,0004.318,0000.624,0178
 
000084203,000000000,000000000,0091.346,0004.306,0000.619,0006
 
000084223,000000000,000000000,0091.354,0004.317,0000.652,0166
 
000084243,000000000,000000000,0091.358,0004.349,0000.644,0166
 
000084263,000000000,000000000,0091.351,0004.335,0000.637,0006
 
000084283,000000000,000000000,0091.362,0004.344,0000.631,0176
 
000084303,000000000,000000000,0091.348,0004.329,0000.625,0171
 
000084323,000000000,000000000,0091.361,0004.316,0000.598,0006
 
000084343,000000000,000000000,0091.362,0004.324,0000.614,0179
 
000084363,000000000,000000000,0091.354,0004.329,0000.610,0179
 
000084383,000000000,000000000,0091.364,0004.339,0000.603,0006
 
000084403,000000000,000000000,0091.270,0004.324,0000.619,0169
 
000084423,000000000,000000000,0091.276,0004.293,0000.614,0006
 
000084443,000000000,000000000,0091.260,0004.304,0000.608,0006
 
000084463,000000000,000000000,0091.261,0004.334,0000.625,0179
 
000084483,000000000,000000000,0091.270,0004.319,0000.618,0179
 
000084503,000000000,000000000,0091.264,0004.287,0000.612,0166
 
000084523,000000000,000000000,0091.291,0004.320,0000.608,0174
 
000084543,000000000,000000000,0091.295,0004.327,0000.624,0166
 
000084563,000000000,000000000,0091.314,0004.332,0000.618,0167
 
000084583,000000000,000000000,0091.331,0004.321,0000.612,0169
 
000084603,000000000,000000000,0091.334,0004.308,0000.607,0167
 
000084623,000000000,000000000,0091.326,0004.294,0000.643,0167
 
000084643,000000000,000000000,0091.331,0004.306,0000.616,0177
 
000084663,000000000,000000000,0091.325,0004.319,0000.611,0167
 
000084683,000000000,000000000,0091.315,0004.305,0000.605,0173
 
000084703,000000000,000000000,0091.325,0004.293,0000.601,0172
 
000084723,000000000,000000000,0091.326,0004.304,0000.596,0167
 
000084743,000000000,000000000,0091.345,0004.292,0000.613,0173
 
000084763,000000000,000000000,0091.342,0004.282,0000.630,0173
 
000084783,000000000,000000000,0091.360,0004.272,0000.626,0167
 
000084803,000000000,000000000,0091.364,0004.286,0000.640,0006
 
000084823,000000000,000000000,0091.362,0004.294,0000.632,0166
 
000084843,000000000,000000000,0091.372,0004.283,0000.666,0167
 
000084863,000000000,000000000,0091.355,0004.313,0000.656,0006
 
000084883,000000000,000000000,0091.371,0004.344,0000.648,0173
 
000084903,000000000,000000000,0091.360,0004.304,0000.638,0178
 
000084923,000000000,000000000,0091.348,0004.269,0000.631,0006
 
000084943,000000000,000000000,0091.363,0004.324,0000.625,0177
 
000084963,000000000,000000000,0091.381,0004.315,0000.619,0171
 
000084983,000000000,000000000,0091.390,0004.285,0000.633,0006
 
000085003,000000000,000000000,0091.408,0004.319,0000.626,0166
 
000085023,000000000,000000000,0091.417,0004.309,0000.618,0179
 
000085043,000000000,000000000,0091.427,0004.314,0000.632,0006
 
