000013560,000000000,000000000,0121.937,0002.521,-001.336,0179
 
000013580,000000000,000000000,0121.860,0002.522,-001.340,0006
 
000013600,000000000,000000000,0121.861,0002.548,-001.347,0177
 
000013620,000000000,000000000,0121.899,0002.550,-001.333,0166
 
000013640,000000000,000000000,0121.765,0002.545,-001.339,0007
 
000013660,000000000,000000000,0121.819,0002.547,-001.342,0177
 
000013680,000000000,000000000,0121.831,0002.569,-001.307,0166
 
000013700,000000000,000000000,0121.914,0002.590,-001.314,0007
 
000013720,000000000,000000000,0121.824,0002.606,-001.323,0006
 
000013740,000000000,000000000,0121.764,0002.618,-001.308,0179
 
000013760,000000000,000000000,0121.602,0002.629,-001.315,0006
 
000013780,000000000,000000000,0121.670,0002.622,-001.323,0177
 
000013800,000000000,000000000,0121.638,0002.586,-001.310,0166
 
000013820,000000000,000000000,0121.612,0002.613,-001.296,0006
 
000013840,000000000,000000000,0121.665,0002.568,-001.314,0006
 
000013860,000000000,000000000,0121.734,0002.545,-001.299,0166
 
000013880,000000000,000000000,0121.655,0002.538,-001.291,0006
 
000013900,000000000,000000000,0121.733,0002.532,-001.313,0006
 
000013920,000000000,000000000,0121.736,0002.524,-001.302,0167
 
000013940,000000000,000000000,0121.742,0002.526,-001.302,0167
 
000013960,000000000,000000000,0121.882,0002.526,-001.279,0171
 
000013980,000000000,000000000,0121.767,0002.542,-001.289,0166
 
000014000,000000000,000000000,0121.778,0002.523,-001.309,0166
 
000014020,000000000,000000000,0121.798,0002.548,-001.290,0171
 
000014040,000000000,000000000,0121.659,0002.539,-001.318,0166
 
000014060,000000000,000000000,0121.645,0002.514,-001.350,0167
 
000014080,000000000,000000000,0121.692,0002.513,-001.306,0167
 
000014100,000000000,000000000,0121.791,0002.492,-001.314,0167
 
000014120,000000000,000000000,0121.786,0002.516,-001.326,0168
 
000014140,000000000,000000000,0121.692,0002.540,-001.308,0008
 
000014160,000000000,000000000,0121.620,0002.582,-001.315,0167
 
000014180,000000000,000000000,0121.645,0002.575,-001.321,0009
 
000014200,000000000,000000000,0121.627,0002.570,-001.304,0011
 
000014220,000000000,000000000,0121.629,0002.560,-001.312,0169
 
000014240,000000000,000000000,0121.568,0002.556,-001.318,0010
 
000014260,000000000,000000000,0121.569,0002.547,-001.323,0182
 
000014280,000000000,000000000,0121.631,0002.545,-001.306,0167
 
000014300,000000000,000000000,0121.671,0002.534,-001.311,0007
 
000014320,000000000,000000000,0121.637,0002.556,-001.341,0177
 
000014340,000000000,000000000,0121.692,0002.553,-001.344,0166
 
000014360,000000000,000000000,0121.749,0002.541,-001.346,0007
 
000014380,000000000,000000000,0121.780,0002.542,-001.372,0177
 
000014400,000000000,000000000,0121.652,0002.557,-001.370,0166
 
000014420,000000000,000000000,0121.650,0002.568,-001.369,0007
 
000014440,000000000,000000000,0121.678,0002.608,-001.392,0178
 
000014460,000000000,000000000,0121.600,0002.573,-001.391,0166
 
000014480,000000000,000000000,0121.595,0002.562,-001.388,0007
 
000014500,000000000,000000000,0121.537,0002.560,-001.387,0010
 
000014520,000000000,000000000,0121.531,0002.553,-001.344,0169
 
000014540,000000000,000000000,0121.413,0002.548,-001.325,0013
 
000014560,000000000,000000000,0121.556,0002.562,-001.305,0170
 
000014580,000000000,000000000,0121.578,0002.574,-001.289,0169
 
000014600,000000000,000000000,0121.744,0002.553,-001.299,0012
 
000014620,000000000,000000000,0121.663,0002.539,-001.306,0171
 
000014640,000000000,000000000,0121.692,0002.539,-001.338,0172
 
000014660,000000000,000000000,0121.653,0002.553,-001.338,0170
 
000014680,000000000,000000000,0121.681,0002.541,-001.298,0172
 
000014700,000000000,000000000,0121.732,0002.491,-001.327,0171
 
000014720,000000000,000000000,0121.745,0002.439,-001.330,0014
 
000014740,000000000,000000000,0121.940,0002.487,-001.289,0173
 
000014760,000000000,000000000,0121.819,0002.482,-001.295,0166
 
000014780,000000000,000000000,0122.018,0002.499,-001.325,0168
 
000014800,000000000,000000000,0121.912,0002.473,-001.351,0172
 
000014820,000000000,000000000,0121.917,0002.452,-001.331,0166
 
000014840,000000000,000000000,0121.844,0002.430,-001.335,0167
 
000014860,000000000,000000000,0121.807,0002.459,-001.292,0172
 
000014880,000000000,000000000,0121.852,0002.458,-001.299,0166
 
000014900,000000000,000000000,0121.908,0002.457,-001.303,0007
 
000014920,000000000,000000000,0121.975,0002.457,-001.307,0007
 
000014940,000000000,000000000,0121.893,0002.477,-001.293,0167
 
000014960,000000000,000000000,0121.690,0002.477,-001.302,0007
 
000014980,000000000,000000000,0121.758,0002.456,-001.330,0007
 
000015000,000000000,000000000,0121.755,0002.435,-001.313,0167
 
000015020,000000000,000000000,0121.758,0002.436,-001.316,0007
 
000015040,000000000,000000000,0121.723,0002.416,-001.317,0007
 
000015060,000000000,000000000,0121.739,0002.444,-001.304,0176
 
000015080,000000000,000000000,0121.861,0002.446,-001.313,0007
 
000015100,000000000,000000000,0121.702,0002.471,-001.320,0177
 
000015120,000000000,000000000,0121.760,0002.488,-001.324,0166
 
000015140,000000000,000000000,0121.709,0002.483,-001.327,0007
 
000015160,000000000,000000000,0121.705,0002.523,-001.309,0007
 
000015180,000000000,000000000,0121.680,0002.541,-001.295,0179
 
000015200,000000000,000000000,0121.824,0002.554,-001.319,0007
 
000015220,000000000,000000000,0121.837,0002.544,-001.326,0007
 
000015240,000000000,000000000,0121.813,0002.535,-001.353,0179
 
000015260,000000000,000000000,0121.695,0002.505,-001.351,0007
 
000015280,000000000,000000000,0121.691,0002.526,-001.355,0177
 
000015300,000000000,000000000,0121.810,0002.517,-001.379,0166
 
000015320,000000000,000000000,0121.734,0002.510,-001.376,0166
 
000015340,000000000,000000000,0121.684,0002.502,-001.354,0168
 
000015360,000000000,000000000,0121.782,0002.473,-001.354,0166
 
000015380,000000000,000000000,0121.818,0002.470,-001.353,0006
 
000015400,000000000,000000000,0121.787,0002.493,-001.337,0007
 
000015420,000000000,000000000,0121.683,0002.491,-001.318,0166
 
000015440,000000000,000000000,0121.760,0002.486,-001.343,0167
 
000015460,000000000,000000000,0121.704,0002.482,-001.346,0166
 
000015480,000000000,000000000,0121.819,0002.525,-001.391,0166
 
000015500,000000000,000000000,0121.693,0002.538,-001.385,0007
 
000015520,000000000,000000000,0121.674,0002.528,-001.384,0172
 
000015540,000000000,000000000,0121.766,0002.516,-001.380,0167
 
000015560,000000000,000000000,0121.824,0002.482,-001.354,0167
 
000015580,000000000,000000000,0121.740,0002.498,-001.332,0007
 
000015600,000000000,000000000,0121.754,0002.538,-001.336,0167
 
000015620,000000000,000000000,0121.812,0002.527,-001.314,0166
 
000015640,000000000,000000000,0121.780,0002.540,-001.320,0007
 
000015660,000000000,000000000,0121.754,0002.554,-001.321,0167
 
000015680,000000000,000000000,0121.701,0002.585,-001.328,0168
 
000015700,000000000,000000000,0121.788,0002.570,-001.331,0007
 
000015720,000000000,000000000,0121.821,0002.554,-001.333,0167
 
000015740,000000000,000000000,0121.754,0002.540,-001.314,0167
 
000015760,000000000,000000000,0121.788,0002.530,-001.297,0007
 
000015780,000000000,000000000,0121.667,0002.545,-001.306,0176
 
000015800,000000000,000000000,0121.675,0002.557,-001.312,0007
 
000015820,000000000,000000000,0121.676,0002.550,-001.315,0177
 
000015840,000000000,000000000,0121.690,0002.561,-001.295,0166
 
000015860,000000000,000000000,0121.664,0002.546,-001.302,0007
 
000015880,000000000,000000000,0121.709,0002.578,-001.285,0177
 
000015900,000000000,000000000,0121.642,0002.560,-001.269,0166
 
000015920,000000000,000000000,0121.555,0002.593,-001.278,0007
 
000015940,000000000,000000000,0121.581,0002.550,-001.260,0007
 
000015960,000000000,000000000,0121.522,0002.510,-001.220,0179
 
000015980,000000000,000000000,0121.596,0002.511,-001.264,0007
 
000016000,000000000,000000000,0121.560,0002.501,-001.291,0007
 
000016020,000000000,000000000,0121.609,0002.512,-001.299,0179
 
000016040,000000000,000000000,0121.700,0002.503,-001.282,0007
 
000016060,000000000,000000000,0121.770,0002.474,-001.333,0007
 
000016080,000000000,000000000,0121.821,0002.468,-001.336,0166
 
000016100,000000000,000000000,0121.853,0002.462,-001.338,0007
 
000016120,000000000,000000000,0121.836,0002.429,-001.336,0167
 
000016140,000000000,000000000,0121.849,0002.409,-001.362,0179
 
000016160,000000000,000000000,0121.818,0002.386,-001.339,0167
 
000016180,000000000,000000000,0121.898,0002.361,-001.359,0168
 
000016200,000000000,000000000,0121.850,0002.387,-001.358,0166
 
000016220,000000000,000000000,0121.851,0002.412,-001.359,0167
 
000016240,000000000,000000000,0121.954,0002.439,-001.381,0167
 
000016260,000000000,000000000,0121.872,0002.432,-001.380,0166
 
000016280,000000000,000000000,0121.958,0002.432,-001.378,0168
 
000016300,000000000,000000000,0121.988,0002.430,-001.372,0007
 
000016320,000000000,000000000,0121.897,0002.427,-001.372,0167
 
000016340,000000000,000000000,0121.957,0002.423,-001.391,0007
 
000016360,000000000,000000000,0121.923,0002.444,-001.367,0179
 
000016380,000000000,000000000,0121.883,0002.436,-001.341,0167
 
000016400,000000000,000000000,0121.871,0002.431,-001.340,0170
 
000016420,000000000,000000000,0121.844,0002.451,-001.386,0179
 
000016440,000000000,000000000,0122.022,0002.442,-001.384,0007
 
000016460,000000000,000000000,0121.992,0002.438,-001.381,0007
 
000016480,000000000,000000000,0121.989,0002.477,-001.336,0179
 
000016500,000000000,000000000,0121.967,0002.492,-001.337,0007
 
000016520,000000000,000000000,0122.032,0002.483,-001.338,0007
 
000016540,000000000,000000000,0121.978,0002.498,-001.318,0007
 
000016560,000000000,000000000,0121.950,0002.486,-001.297,0176
 
000016580,000000000,000000000,0122.082,0002.454,-001.301,0007
 
000016600,000000000,000000000,0121.947,0002.468,-001.286,0177
 
000016620,000000000,000000000,0121.963,0002.486,-001.313,0167
 
000016640,000000000,000000000,0121.918,0002.478,-001.316,0007
 
000016660,000000000,000000000,0121.719,0002.468,-001.321,0007
 
000016680,000000000,000000000,0121.693,0002.481,-001.320,0179
 
000016700,000000000,000000000,0121.634,0002.495,-001.323,0007
 
000016720,000000000,000000000,0121.731,0002.481,-001.304,0177
 
000016740,000000000,000000000,0121.731,0002.476,-001.308,0166
 
000016760,000000000,000000000,0121.699,0002.466,-001.331,0166
 
000016780,000000000,000000000,0121.827,0002.459,-001.335,0167
 
000016800,000000000,000000000,0121.842,0002.471,-001.333,0166
 
000016820,000000000,000000000,0121.930,0002.487,-001.313,0007
 
000016840,000000000,000000000,0122.020,0002.474,-001.314,0007
 
000016860,000000000,000000000,0121.914,0002.469,-001.339,0007
 
000016880,000000000,000000000,0121.988,0002.460,-001.341,0006
 
000016900,000000000,000000000,0121.865,0002.447,-001.340,0168
 
000016920,000000000,000000000,0121.792,0002.464,-001.340,0166
 
000016940,000000000,000000000,0121.717,0002.456,-001.344,0007
 
000016960,000000000,000000000,0121.812,0002.447,-001.320,0172
 
000016980,000000000,000000000,0121.856,0002.439,-001.298,0166
 
000017000,000000000,000000000,0121.805,0002.404,-001.279,0167
 
000017020,000000000,000000000,0121.809,0002.402,-001.286,0167
 
000017040,000000000,000000000,0121.794,0002.399,-001.290,0167
 
000017060,000000000,000000000,0121.897,0002.394,-001.298,0167
 
000017080,000000000,000000000,0121.901,0002.435,-001.277,0172
 
000017100,000000000,000000000,0121.804,0002.429,-001.284,0167
 
000017120,000000000,000000000,0121.843,0002.425,-001.294,0167
 
000017140,000000000,000000000,0121.901,0002.419,-001.317,0007
 
000017160,000000000,000000000,0121.848,0002.415,-001.322,0167
 
000017180,000000000,000000000,0121.920,0002.407,-001.322,0007
 
000017200,000000000,000000000,0121.876,0002.399,-001.275,0007
 
000017220,000000000,000000000,0121.966,0002.419,-001.260,0167
 
000017240,000000000,000000000,0121.947,0002.437,-001.246,0007
 
000017260,000000000,000000000,0121.837,0002.427,-001.251,0177
 
000017280,000000000,000000000,0121.922,0002.417,-001.281,0166
 
000017300,000000000,000000000,0121.945,0002.389,-001.286,0007
 
000017320,000000000,000000000,0121.906,0002.362,-001.268,0177
 
000017340,000000000,000000000,0121.916,0002.362,-001.274,0007
 
000017360,000000000,000000000,0121.941,0002.357,-001.322,0006
 
000017380,000000000,000000000,0121.891,0002.358,-001.300,0007
 
000017400,000000000,000000000,0122.059,0002.330,-001.304,0179
 
000017420,000000000,000000000,0122.030,0002.307,-001.304,0007
 
000017440,000000000,000000000,0122.009,0002.334,-001.310,0007
 
000017460,000000000,000000000,0121.950,0002.339,-001.317,0180
 
000017480,000000000,000000000,0121.892,0002.343,-001.252,0007
 
000017500,000000000,000000000,0121.863,0002.370,-001.241,0178
 
000017520,000000000,000000000,0121.861,0002.369,-001.230,0167
 
000017540,000000000,000000000,0121.838,0002.364,-001.235,0007
 
000017560,000000000,000000000,0121.830,0002.346,-001.228,0007
 
000017580,000000000,000000000,0121.874,0002.345,-001.241,0180
 
000017600,000000000,000000000,0121.900,0002.368,-001.226,0007
 
000017620,000000000,000000000,0121.840,0002.386,-001.237,0007
 
000017640,000000000,000000000,0121.802,0002.333,-001.267,0007
 
000017660,000000000,000000000,0121.782,0002.355,-001.248,0007
 
000017680,000000000,000000000,0121.842,0002.376,-001.257,0179
 
000017700,000000000,000000000,0121.713,0002.349,-001.307,0166
 
000017720,000000000,000000000,0121.796,0002.344,-001.308,0007
 
000017740,000000000,000000000,0121.880,0002.318,-001.287,0171
 
000017760,000000000,000000000,0122.010,0002.297,-001.292,0167
 
000017780,000000000,000000000,0121.984,0002.323,-001.296,0167
 
000017800,000000000,000000000,0121.842,0002.321,-001.275,0179
 
000017820,000000000,000000000,0121.946,0002.367,-001.279,0167
 
000017840,000000000,000000000,0121.977,0002.340,-001.259,0007
 
000017860,000000000,000000000,0121.877,0002.334,-001.198,0180
 
000017880,000000000,000000000,0121.883,0002.356,-001.208,0166
 
000017900,000000000,000000000,0121.970,0002.375,-001.218,0007
 
000017920,000000000,000000000,0121.946,0002.321,-001.230,0007
 
000017940,000000000,000000000,0121.877,0002.317,-001.214,0167
 
000017960,000000000,000000000,0121.822,0002.321,-001.226,0167
 
000017980,000000000,000000000,0121.875,0002.339,-001.214,0007
 
000018000,000000000,000000000,0121.953,0002.340,-001.222,0176
 
000018020,000000000,000000000,0121.878,0002.339,-001.233,0007
 
000018040,000000000,000000000,0121.886,0002.316,-001.244,0177
 
000018060,000000000,000000000,0121.877,0002.319,-001.231,0166
 
000018080,000000000,000000000,0121.915,0002.297,-001.243,0007
 
000018100,000000000,000000000,0121.927,0002.323,-001.273,0177
 
000018120,000000000,000000000,0121.876,0002.323,-001.277,0166
 
000018140,000000000,000000000,0121.899,0002.321,-001.260,0007
 
000018160,000000000,000000000,0121.940,0002.341,-001.267,0007
 
000018180,000000000,000000000,0121.978,0002.362,-001.293,0179
 
000018200,000000000,000000000,0121.899,0002.354,-001.274,0007
 
000018220,000000000,000000000,0121.932,0002.371,-001.277,0007
 
000018240,000000000,000000000,0121.915,0002.364,-001.282,0179
 
000018260,000000000,000000000,0121.930,0002.358,-001.288,0166
 
000018280,000000000,000000000,0122.016,0002.351,-001.312,0167
 
000018300,000000000,000000000,0121.954,0002.349,-001.291,0167
 
000018320,000000000,000000000,0121.923,0002.363,-001.317,0007
 
000018340,000000000,000000000,0121.966,0002.333,-001.315,0007
 
000018360,000000000,000000000,0122.002,0002.329,-001.318,0167
 
000018380,000000000,000000000,0121.891,0002.326,-001.318,0006
 
000018400,000000000,000000000,0121.973,0002.344,-001.316,0007
 
000018420,000000000,000000000,0121.914,0002.339,-001.316,0166
 
000018440,000000000,000000000,0121.999,0002.311,-001.316,0007
 
000018460,000000000,000000000,0122.024,0002.330,-001.311,0172
 
000018480,000000000,000000000,0122.046,0002.328,-001.292,0167
 
000018500,000000000,000000000,0122.070,0002.326,-001.318,0167
 
000018520,000000000,000000000,0122.077,0002.322,-001.337,0172
 
000018540,000000000,000000000,0121.997,0002.317,-001.337,0167
 
000018560,000000000,000000000,0121.999,0002.338,-001.314,0007
 
000018580,000000000,000000000,0121.989,0002.309,-001.290,0179
 
000018600,000000000,000000000,0121.953,0002.308,-001.272,0167
 
000018620,000000000,000000000,0121.928,0002.352,-001.299,0167
 
000018640,000000000,000000000,0122.045,0002.322,-001.276,0179
 
000018660,000000000,000000000,0122.097,0002.317,-001.282,0007
 
000018680,000000000,000000000,0122.127,0002.313,-001.281,0007
 
000018700,000000000,000000000,0122.180,0002.308,-001.282,0007
 
000018720,000000000,000000000,0122.233,0002.325,-001.286,0176
 
000018740,000000000,000000000,0122.237,0002.344,-001.289,0007
 
000018760,000000000,000000000,0122.152,0002.360,-001.291,0177
 
000018780,000000000,000000000,0122.031,0002.328,-001.317,0167
 
000018800,000000000,000000000,0121.916,0002.323,-001.313,0007
 
000018820,000000000,000000000,0121.900,0002.320,-001.314,0177
 
000018840,000000000,000000000,0122.047,0002.336,-001.292,0167
 
000018860,000000000,000000000,0122.060,0002.308,-001.269,0007
 
000018880,000000000,000000000,0122.015,0002.345,-001.319,0007
 
000018900,000000000,000000000,0121.969,0002.340,-001.319,0179
 
000018920,000000000,000000000,0121.955,0002.311,-001.317,0007
 
000018940,000000000,000000000,0122.036,0002.306,-001.297,0177
 
000018960,000000000,000000000,0121.932,0002.326,-001.300,0166
 
000018980,000000000,000000000,0121.916,0002.301,-001.277,0007
 
000019000,000000000,000000000,0122.032,0002.274,-001.260,0007
 
000019020,000000000,000000000,0122.099,0002.248,-001.263,0179
 
000019040,000000000,000000000,0122.156,0002.248,-001.290,0007
 
000019060,000000000,000000000,0122.087,0002.247,-001.269,0007
 
000019080,000000000,000000000,0122.049,0002.248,-001.271,0007
 
000019100,000000000,000000000,0122.037,0002.297,-001.295,0007
 
000019120,000000000,000000000,0122.114,0002.292,-001.276,0168
 
000019140,000000000,000000000,0122.111,0002.333,-001.300,0166
 
000019160,000000000,000000000,0122.182,0002.348,-001.300,0167
 
000019180,000000000,000000000,0122.118,0002.316,-001.304,0172
 
000019200,000000000,000000000,0122.135,0002.285,-001.301,0166
 
000019220,000000000,000000000,0122.043,0002.257,-001.277,0167
 
000019240,000000000,000000000,0122.230,0002.257,-001.281,0007
 
000019260,000000000,000000000,0122.227,0002.300,-001.280,0167
 
000019280,000000000,000000000,0122.108,0002.294,-001.262,0007
 
000019300,000000000,000000000,0122.119,0002.291,-001.268,0179
 
000019320,000000000,000000000,0122.056,0002.289,-001.292,0167
 
000019340,000000000,000000000,0121.994,0002.285,-001.296,0167
 
000019360,000000000,000000000,0122.004,0002.350,-001.295,0007
 
000019380,000000000,000000000,0121.982,0002.338,-001.294,0166
 
000019400,000000000,000000000,0122.026,0002.328,-001.293,0007
 
000019420,000000000,000000000,0122.098,0002.293,-001.270,0007
 
000019440,000000000,000000000,0121.943,0002.312,-001.270,0167
 
000019460,000000000,000000000,0121.961,0002.309,-001.278,0007
 
000019480,000000000,000000000,0122.077,0002.303,-001.299,0007
 
000019500,000000000,000000000,0122.015,0002.276,-001.299,0176
 
000019520,000000000,000000000,0121.930,0002.273,-001.281,0007
 
000019540,000000000,000000000,0121.801,0002.268,-001.282,0177
 
000019560,000000000,000000000,0121.849,0002.266,-001.284,0166
 
000019580,000000000,000000000,0121.999,0002.286,-001.242,0008
 
000019600,000000000,000000000,0122.083,0002.281,-001.244,0177
 
000019620,000000000,000000000,0122.090,0002.271,-001.228,0166
 
000019640,000000000,000000000,0121.997,0002.288,-001.235,0007
 
000019660,000000000,000000000,0122.056,0002.327,-001.262,0007
 
000019680,000000000,000000000,0122.055,0002.317,-001.266,0180
 
000019700,000000000,000000000,0122.010,0002.311,-001.294,0007
 
000019721,000000000,000000000,0122.073,0002.307,-001.293,1023
 
000019741,000000000,000000000,0122.173,0002.316,-001.254,1023
 
000019761,000000000,000000000,0122.257,0002.321,-001.282,1023
 
000019781,000000000,000000000,0122.227,0002.365,-001.298,1023
 
000019801,000000000,000000000,0122.124,0002.356,-001.304,1023
 
000019821,000000000,000000000,0122.013,0002.338,-001.278,1023
 
000019841,000000000,000000000,0122.084,0002.307,-001.279,1023
 
000019861,000000000,000000000,0122.136,0002.342,-001.283,1023
 
000019881,000000000,000000000,0122.004,0002.374,-001.283,1023
 
000019900,000000000,000000000,0121.928,0002.381,-001.260,0007
 
000019920,000000000,000000000,0121.765,0002.383,-001.246,0166
 
000019940,000000000,000000000,0121.697,0002.369,-001.227,0007
 
000019960,000000000,000000000,0121.563,0002.375,-001.215,0171
 
000019980,000000000,000000000,0121.552,0002.429,-001.227,0166
 
000020000,000000000,000000000,0121.605,0002.412,-001.235,0166
 
000020020,000000000,000000000,0121.447,0002.456,-001.246,0172
 
000020040,000000000,000000000,0121.354,0002.542,-001.259,0006
 
000020060,000000000,000000000,0121.013,0002.665,-001.270,0167
 
000020080,000000000,000000000,0120.699,0002.773,-001.284,0179
 
000020100,000000000,000000000,0120.179,0002.806,-001.299,0167
 
000020120,000000000,000000000,0119.729,0002.920,-001.290,0167
 
000020140,000000000,000000000,0119.141,0002.790,-001.305,0172
 
000020160,000000000,000000000,0118.437,0002.874,-001.323,0166
 
000020180,000000000,000000000,0117.855,0002.744,-001.336,0006
 
000020200,000000000,000000000,0117.234,0002.800,-001.326,0007
 
000020220,000000000,000000000,0116.706,0002.652,-001.338,0176
 
000020240,000000000,000000000,0116.125,0002.531,-001.350,0007
 
000020260,000000000,000000000,0115.702,0002.511,-001.354,0177
 
000020280,000000000,000000000,0115.303,0002.417,-001.335,0167
 
000020300,000000000,000000000,0114.845,0002.496,-001.344,0007
 
000020320,000000000,000000000,0114.363,0002.367,-001.349,0177
 
000020340,000000000,000000000,0113.774,0002.391,-001.307,0166
 
000020360,000000000,000000000,0113.368,0002.272,-001.269,0007
 
000020380,000000000,000000000,0112.979,0002.336,-001.279,0006
 
000020400,000000000,000000000,0112.432,0002.167,-001.332,0179
 
000020420,000000000,000000000,0111.916,0002.265,-001.314,0007
 
000020440,000000000,000000000,0111.475,0002.203,-001.323,0007
 
000020460,000000000,000000000,0110.934,0002.272,-001.302,0179
 
000020480,000000000,000000000,0110.642,0002.226,-001.290,0007
 
000020500,000000000,000000000,0110.118,0002.322,-001.272,0006
 
000020520,000000000,000000000,0109.431,0002.369,-001.286,0179
 
000020540,000000000,000000000,0109.074,0002.445,-001.296,0166
 
000020560,000000000,000000000,0108.405,0002.316,-001.303,0167
 
000020580,000000000,000000000,0107.820,0002.389,-001.308,0179
 
000020600,000000000,000000000,0107.361,0002.299,-001.318,0167
 
000020620,000000000,000000000,0106.954,0002.313,-001.298,0007
 
000020640,000000000,000000000,0106.668,0002.173,-001.284,0166
 
000020660,000000000,000000000,0106.442,0002.114,-001.264,0167
 
000020680,000000000,000000000,0106.261,0002.031,-001.267,0171
 
000020700,000000000,000000000,0106.139,0001.966,-001.277,0166
 
000020720,000000000,000000000,0105.790,0002.037,-001.301,0007
 
000020740,000000000,000000000,0105.613,0002.124,-001.321,0007
 
000020760,000000000,000000000,0105.342,0002.109,-001.300,0166
 
000020780,000000000,000000000,0105.041,0002.027,-001.273,0167
 
000020800,000000000,000000000,0104.828,0001.960,-001.272,0179
 
000020820,000000000,000000000,0104.666,0001.937,-001.270,0167
 
000020840,000000000,000000000,0104.473,0001.924,-001.244,0007
 
000020860,000000000,000000000,0104.546,0001.905,-001.248,0007
 
000020880,000000000,000000000,0104.682,0001.924,-001.205,0166
 
000020900,000000000,000000000,0104.699,0001.970,-001.213,0007
 
000020920,000000000,000000000,0104.565,0002.058,-001.220,0167
 
000020940,000000000,000000000,0104.332,0002.064,-001.247,0167
 
000020960,000000000,000000000,0104.248,0002.048,-001.248,0007
 
000020980,000000000,000000000,0104.130,0002.037,-001.227,0167
 
000021000,000000000,000000000,0104.037,0002.000,-001.207,0173
 
000021020,000000000,000000000,0103.929,0001.996,-001.189,0006
 
000021040,000000000,000000000,0103.904,0002.014,-001.196,0167
 
000021060,000000000,000000000,0103.826,0002.025,-001.179,0175
 
000021080,000000000,000000000,0103.642,0002.079,-001.162,0006
 
000021100,000000000,000000000,0103.511,0002.079,-001.148,0171
 
000021120,000000000,000000000,0103.543,0002.106,-001.134,0179
 
000021140,000000000,000000000,0103.321,0002.103,-001.145,0006
 
000021160,000000000,000000000,0103.496,0002.108,-001.154,0167
 
000021180,000000000,000000000,0103.574,0002.090,-001.140,0179
 
000021200,000000000,000000000,0103.371,0002.069,-001.126,0007
 
000021220,000000000,000000000,0103.390,0002.056,-001.139,0167
 
000021240,000000000,000000000,0103.402,0002.067,-001.127,0166
 
000021260,000000000,000000000,0103.259,0002.074,-001.116,0007
 
000021280,000000000,000000000,0103.246,0002.080,-001.106,0171
 
000021300,000000000,000000000,0103.241,0002.043,-001.097,0007
 
000021320,000000000,000000000,0103.334,0002.076,-001.088,0167
 
000021340,000000000,000000000,0103.189,0002.104,-001.081,0006
 
000021360,000000000,000000000,0103.089,0002.136,-001.075,0173
 
000021380,000000000,000000000,0103.080,0002.134,-001.069,0007
 
000021400,000000000,000000000,0103.177,0002.134,-001.087,0179
 
000021420,000000000,000000000,0103.163,0002.159,-001.080,0179
 
000021440,000000000,000000000,0103.224,0002.156,-001.074,0006
 
000021460,000000000,000000000,0103.136,0002.158,-001.093,0006
 
000021480,000000000,000000000,0103.184,0002.177,-001.108,0166
 
000021500,000000000,000000000,0103.276,0002.175,-001.120,0007
 
000021520,000000000,000000000,0103.303,0002.149,-001.109,0179
 
000021540,000000000,000000000,0103.193,0002.148,-001.098,0166
 
000021560,000000000,000000000,0103.368,0002.148,-001.113,0167
 
000021580,000000000,000000000,0103.312,0002.174,-001.103,0179
 
000021600,000000000,000000000,0103.391,0002.169,-001.092,0167
 
000021620,000000000,000000000,0103.354,0002.165,-001.085,0006
 
000021640,000000000,000000000,0103.291,0002.166,-001.100,0167
 
000021660,000000000,000000000,0103.292,0002.165,-001.116,0167
 
000021680,000000000,000000000,0103.122,0002.208,-001.129,0006
 
000021700,000000000,000000000,0103.234,0002.202,-001.140,0167
 
000021720,000000000,000000000,0103.257,0002.219,-001.128,0176
 
000021740,000000000,000000000,0103.148,0002.233,-001.116,0007
 
000021760,000000000,000000000,0103.131,0002.204,-001.085,0171
 
000021780,000000000,000000000,0103.039,0002.198,-001.100,0166
 
000021800,000000000,000000000,0103.004,0002.190,-001.092,0006
 
000021820,000000000,000000000,0103.014,0002.204,-001.083,0167
 
000021840,000000000,000000000,0103.096,0002.219,-001.096,0179
 
000021860,000000000,000000000,0103.081,0002.252,-001.110,0006
 
000021880,000000000,000000000,0103.174,0002.240,-001.099,0171
 
000021900,000000000,000000000,0103.299,0002.230,-001.134,0179
 
000021920,000000000,000000000,0103.349,0002.244,-001.123,0006
 
000021940,000000000,000000000,0103.217,0002.230,-001.135,0171
 
000021960,000000000,000000000,0103.155,0002.175,-001.146,0179
 
000021980,000000000,000000000,0103.213,0002.193,-001.135,0006
 
000022000,000000000,000000000,0103.174,0002.186,-001.123,0006
 
000022020,000000000,000000000,0103.189,0002.202,-001.111,0166
 
000022040,000000000,000000000,0103.101,0002.219,-001.147,0006
 
000022060,000000000,000000000,0103.049,0002.233,-001.133,0171
 
000022080,000000000,000000000,0103.030,0002.224,-001.101,0179
 
000022100,000000000,000000000,0102.971,0002.240,-001.114,0006
 
000022120,000000000,000000000,0102.981,0002.252,-001.106,0006
 
000022140,000000000,000000000,0103.048,0002.240,-001.099,0166
 
000022160,000000000,000000000,0102.894,0002.228,-001.090,0006
 
000022180,000000000,000000000,0102.998,0002.241,-001.083,0006
 
000022200,000000000,000000000,0103.040,0002.228,-001.051,0166
 
000022220,000000000,000000000,0102.752,0002.240,-001.049,0006
 
000022240,000000000,000000000,0102.900,0002.276,-001.067,0006
 
000022260,000000000,000000000,0103.003,0002.263,-001.062,0166
 
000022280,000000000,000000000,0103.072,0002.268,-001.010,0006
 
000022300,000000000,000000000,0102.983,0002.278,-001.034,0006
 
000022320,000000000,000000000,0102.899,0002.290,-001.055,0166
 
000022340,000000000,000000000,0102.839,0002.270,-001.072,0006
 
000022360,000000000,000000000,0102.842,0002.279,-001.068,0006
 
000022380,000000000,000000000,0102.914,0002.260,-001.063,0166
 
000022400,000000000,000000000,0102.864,0002.246,-001.056,0006
 
000022420,000000000,000000000,0102.938,0002.211,-001.073,0167
 
000022440,000000000,000000000,0102.986,0002.229,-001.090,0166
 
000022460,000000000,000000000,0103.015,0002.240,-001.104,0006
 
000022480,000000000,000000000,0103.014,0002.249,-001.094,0167
 
000022500,000000000,000000000,0103.003,0002.213,-001.083,0166
 
000022520,000000000,000000000,0102.955,0002.201,-001.054,0006
 
000022540,000000000,000000000,0102.964,0002.214,-001.071,0167
 
000022560,000000000,000000000,0103.080,0002.225,-001.087,0166
 
000022580,000000000,000000000,0103.073,0002.236,-001.100,0006
 
000022600,000000000,000000000,0103.150,0002.219,-001.089,0171
 
000022620,000000000,000000000,0103.153,0002.212,-001.105,0006
 
000022640,000000000,000000000,0103.258,0002.203,-001.120,0007
 
000022660,000000000,000000000,0103.142,0002.216,-001.129,0179
 
000022680,000000000,000000000,0103.162,0002.208,-001.138,0166
 
000022700,000000000,000000000,0103.113,0002.200,-001.124,0166
 
000022720,000000000,000000000,0103.096,0002.144,-001.110,0171
 
000022740,000000000,000000000,0103.110,0002.162,-001.121,0166
 
000022760,000000000,000000000,0102.992,0002.202,-001.087,0167
 
000022780,000000000,000000000,0102.896,0002.214,-001.080,0172
 
000022800,000000000,000000000,0103.098,0002.223,-001.072,0167
 
000022820,000000000,000000000,0103.187,0002.190,-001.089,0167
 
000022840,000000000,000000000,0103.148,0002.183,-001.060,0179
 
000022860,000000000,000000000,0103.067,0002.196,-001.055,0167
 
000022880,000000000,000000000,0103.064,0002.211,-001.072,0006
 
000022900,000000000,000000000,0103.096,0002.201,-001.088,0179
 
000022920,000000000,000000000,0103.145,0002.190,-001.077,0167
 
000022940,000000000,000000000,0103.095,0002.205,-001.070,0006
 
000022960,000000000,000000000,0103.107,0002.220,-001.085,0006
 
000022980,000000000,000000000,0103.143,0002.229,-001.099,0167
 
000023000,000000000,000000000,0103.066,0002.214,-001.112,0006
 
000023020,000000000,000000000,0102.981,0002.180,-001.101,0006
 
000023040,000000000,000000000,0102.885,0002.171,-001.112,0176
 
000023060,000000000,000000000,0103.008,0002.164,-001.124,0006
 
000023080,000000000,000000000,0102.850,0002.201,-001.112,0177
 
000023100,000000000,000000000,0103.064,0002.213,-001.123,0179
 
000023120,000000000,000000000,0103.153,0002.220,-001.130,0006
 
000023140,000000000,000000000,0103.143,0002.211,-001.139,0178
 
000023160,000000000,000000000,0103.054,0002.243,-001.103,0179
 
000023180,000000000,000000000,0103.047,0002.230,-001.094,0006
 
000023200,000000000,000000000,0103.054,0002.218,-001.109,0178
 
000023220,000000000,000000000,0103.123,0002.209,-001.121,0179
 
000023240,000000000,000000000,0103.161,0002.194,-001.108,0006
 
000023260,000000000,000000000,0103.099,0002.136,-001.120,0006
 
000023280,000000000,000000000,0103.113,0002.128,-001.129,0179
 
000023300,000000000,000000000,0103.070,0002.147,-001.115,0006
 
000023320,000000000,000000000,0103.039,0002.140,-001.104,0006
 
000023340,000000000,000000000,0103.227,0002.158,-001.139,0006
 
000023360,000000000,000000000,0103.238,0002.148,-001.148,0006
 
000023380,000000000,000000000,0103.313,0002.139,-001.156,0006
 
000023400,000000000,000000000,0103.158,0002.202,-001.142,0006
 
000023420,000000000,000000000,0103.285,0002.190,-001.153,0006
 
000023440,000000000,000000000,0103.147,0002.177,-001.161,0006
 
000023460,000000000,000000000,0103.251,0002.169,-001.147,0166
 
000023480,000000000,000000000,0103.161,0002.164,-001.133,0006
 
000023500,000000000,000000000,0103.270,0002.154,-001.119,0006
 
000023520,000000000,000000000,0103.244,0002.189,-001.104,0166
 
000023540,000000000,000000000,0103.401,0002.203,-001.096,0006
 
000023560,000000000,000000000,0103.262,0002.212,-001.087,0006
 
000023580,000000000,000000000,0103.091,0002.223,-001.101,0166
 
000023600,000000000,000000000,0103.096,0002.252,-001.090,0007
 
000023620,000000000,000000000,0103.152,0002.235,-001.104,0007
 
000023640,000000000,000000000,0103.141,0002.244,-001.137,0166
 
000023660,000000000,000000000,0103.038,0002.250,-001.123,0006
 
000023680,000000000,000000000,0102.972,0002.252,-001.112,0167
 
000023700,000000000,000000000,0102.992,0002.232,-001.099,0167
 
000023720,000000000,000000000,0103.075,0002.239,-001.070,0006
 
000023740,000000000,000000000,0102.996,0002.221,-001.060,0167
 
000023760,000000000,000000000,0102.967,0002.230,-001.076,0176
 
000023780,000000000,000000000,0103.154,0002.235,-001.094,0006
 
000023800,000000000,000000000,0103.060,0002.222,-001.110,0167
 
000023820,000000000,000000000,0102.998,0002.227,-001.121,0175
 
000023840,000000000,000000000,0102.894,0002.210,-001.111,0006
 
000023860,000000000,000000000,0102.953,0002.218,-001.124,0167
 
000023880,000000000,000000000,0103.036,0002.204,-001.109,0179
 
000023900,000000000,000000000,0103.037,0002.213,-001.122,0006
 
000023920,000000000,000000000,0103.043,0002.196,-001.130,0172
 
000023940,000000000,000000000,0103.012,0002.181,-001.117,0166
 
000023960,000000000,000000000,0103.099,0002.140,-001.079,0006
 
000023980,000000000,000000000,0103.159,0002.179,-001.074,0171
 
000024000,000000000,000000000,0103.122,0002.192,-001.067,0179
 
000024020,000000000,000000000,0103.078,0002.201,-001.059,0006
 
000024040,000000000,000000000,0103.120,0002.186,-001.053,0174
 
000024060,000000000,000000000,0103.198,0002.174,-001.025,0006
 
000024080,000000000,000000000,0103.115,0002.165,-001.024,0166
 
000024100,000000000,000000000,0103.091,0002.156,-001.043,0006
 
000024120,000000000,000000000,0103.109,0002.149,-001.081,0006
 
000024140,000000000,000000000,0103.178,0002.138,-001.094,0006
 
000024160,000000000,000000000,0103.043,0002.108,-001.128,0006
 
000024180,000000000,000000000,0103.067,0002.124,-001.137,0166
 
000024200,000000000,000000000,0103.114,0002.140,-001.102,0006
 
000024220,000000000,000000000,0103.057,0002.111,-001.113,0006
 
000024240,000000000,000000000,0103.144,0002.125,-001.102,0166
 
000024260,000000000,000000000,0103.135,0002.114,-001.090,0167
 
000024280,000000000,000000000,0103.119,0002.086,-001.080,0006
 
000024300,000000000,000000000,0103.196,0002.081,-001.092,0166
 
000024320,000000000,000000000,0103.264,0002.058,-001.105,0167
 
000024340,000000000,000000000,0103.263,0002.076,-001.092,0006
 
000024360,000000000,000000000,0103.186,0002.095,-001.105,0166
 
000024380,000000000,000000000,0103.190,0002.089,-001.118,0006
 
000024400,000000000,000000000,0103.217,0002.083,-001.081,0006
 
000024420,000000000,000000000,0103.240,0002.103,-001.095,0166
 
000024440,000000000,000000000,0103.181,0002.122,-001.085,0006
 
000024460,000000000,000000000,0103.078,0002.139,-001.098,0167
 
000024480,000000000,000000000,0103.219,0002.152,-001.111,0175
 
000024500,000000000,000000000,0103.101,0002.165,-001.123,0006
 
000024520,000000000,000000000,0103.179,0002.151,-001.110,0167
 
000024540,000000000,000000000,0103.189,0002.091,-001.098,0166
 
000024560,000000000,000000000,0103.199,0002.134,-001.088,0006
 
000024580,000000000,000000000,0103.083,0002.148,-001.057,0171
 
000024600,000000000,000000000,0102.980,0002.137,-001.052,0179
 
000024620,000000000,000000000,0102.963,0002.177,-001.004,0006
 
000024640,000000000,000000000,0103.013,0002.184,-001.026,0171
 
000024660,000000000,000000000,0102.946,0002.167,-001.002,0179
 
000024680,000000000,000000000,0102.860,0002.158,-001.044,0006
 
000024700,000000000,000000000,0102.850,0002.125,-001.061,0171
 
000024720,000000000,000000000,0102.858,0002.090,-001.053,0179
 
000024740,000000000,000000000,0102.875,0002.062,-001.068,0006
 
000024760,000000000,000000000,0102.963,0002.058,-001.062,0006
 
000024780,000000000,000000000,0102.955,0002.036,-001.056,0167
 
000024800,000000000,000000000,0103.092,0002.034,-001.048,0006
 
000024820,000000000,000000000,0103.142,0002.034,-001.044,0006
 
000024840,000000000,000000000,0103.131,0002.031,-001.039,0006
 
000024860,000000000,000000000,0103.161,0002.006,-001.054,0166
 
000024880,000000000,000000000,0103.211,0002.007,-001.069,0006
 
000024900,000000000,000000000,0103.129,0002.033,-001.061,0167
 
000024920,000000000,000000000,0103.254,0002.053,-001.052,0006
 
000024940,000000000,000000000,0103.303,0002.072,-001.069,0006
 
000024960,000000000,000000000,0103.093,0002.089,-001.059,0167
 
000024980,000000000,000000000,0103.200,0002.038,-001.028,0006
 
000025000,000000000,000000000,0103.200,0002.039,-001.025,0006
 
000025020,000000000,000000000,0103.209,0002.061,-001.042,0166
 
000025040,000000000,000000000,0103.250,0002.080,-001.057,0006
 
000025060,000000000,000000000,0103.220,0002.073,-001.094,0177
 
000025080,000000000,000000000,0103.116,0002.067,-001.105,0166
 
000025100,000000000,000000000,0103.234,0002.084,-001.070,0006
 
000025120,000000000,000000000,0103.252,0002.079,-001.087,0006
 
000025140,000000000,000000000,0103.311,0002.073,-001.097,0166
 
000025160,000000000,000000000,0103.286,0002.064,-001.086,0006
 
000025180,000000000,000000000,0103.379,0002.038,-001.077,0167
 
000025200,000000000,000000000,0103.272,0002.061,-001.089,0167
 
000025220,000000000,000000000,0103.073,0002.058,-001.079,0006
 
000025240,000000000,000000000,0103.171,0002.054,-001.072,0167
 
000025260,000000000,000000000,0103.206,0002.052,-001.087,0166
 
000025280,000000000,000000000,0103.258,0002.026,-001.098,0006
 
000025300,000000000,000000000,0103.236,0002.044,-001.085,0171
 
000025320,000000000,000000000,0103.331,0002.061,-001.074,0166
 
000025340,000000000,000000000,0103.270,0002.102,-001.089,0006
 
000025360,000000000,000000000,0103.217,0002.095,-001.103,0171
 
000025380,000000000,000000000,0103.221,0002.107,-001.112,0179
 
000025400,000000000,000000000,0103.389,0002.122,-001.123,0006
 
000025420,000000000,000000000,0103.348,0002.112,-001.108,0171
 
000025440,000000000,000000000,0103.453,0002.102,-001.118,0179
 
000025460,000000000,000000000,0103.316,0002.116,-001.127,0006
 
000025480,000000000,000000000,0103.228,0002.087,-001.157,0171
 
000025500,000000000,000000000,0103.284,0002.078,-001.138,0176
 
000025520,000000000,000000000,0103.284,0002.071,-001.123,0006
 
000025540,000000000,000000000,0103.320,0002.088,-001.109,0174
 
000025560,000000000,000000000,0103.397,0002.078,-001.118,0006
 
000025580,000000000,000000000,0103.405,0002.073,-001.128,0166
 
000025600,000000000,000000000,0103.458,0002.065,-001.113,0006
 
000025620,000000000,000000000,0103.440,0002.056,-001.099,0006
 
000025640,000000000,000000000,0103.301,0002.051,-001.111,0006
 
000025660,000000000,000000000,0103.393,0002.069,-001.120,0174
 
000025680,000000000,000000000,0103.391,0002.063,-001.107,0166
 
000025700,000000000,000000000,0103.428,0002.079,-001.116,0006
 
000025720,000000000,000000000,0103.381,0002.072,-001.126,0006
 
