000081309,000000000,000000000,0124.145,0001.739,-002.008,0007
 
000081328,000000000,000000000,0123.940,0001.682,-001.889,0006
 
000081348,000000000,000000000,0123.849,0001.656,-001.807,0169
 
000081368,000000000,000000000,0123.856,0001.675,-001.710,0167
 
000081388,000000000,000000000,0123.736,0001.627,-001.644,0166
 
000081408,000000000,000000000,0123.838,0001.606,-001.585,0179
 
000081428,000000000,000000000,0123.687,0001.609,-001.509,0167
 
000081448,000000000,000000000,0123.513,0001.566,-001.441,0007
 
000081468,000000000,000000000,0123.475,0001.573,-001.399,0007
 
000081488,000000000,000000000,0123.534,0001.604,-001.343,0167
 
000081508,000000000,000000000,0123.624,0001.606,-001.311,0166
 
000081528,000000000,000000000,0123.470,0001.586,-001.284,0169
 
000081548,000000000,000000000,0123.390,0001.571,-001.238,0167
 
000081568,000000000,000000000,0123.410,0001.557,-001.218,0179
 
000081588,000000000,000000000,0123.378,0001.544,-001.200,0177
 
000081608,000000000,000000000,0123.225,0001.530,-001.183,0167
 
000081628,000000000,000000000,0123.280,0001.518,-001.168,0166
 
000081648,000000000,000000000,0123.302,0001.505,-001.131,0179
 
000081668,000000000,000000000,0123.269,0001.494,-001.122,0167
 
000081688,000000000,000000000,0123.287,0001.490,-001.111,0179
 
000081708,000000000,000000000,0123.058,0001.481,-001.102,0174
 
000081728,000000000,000000000,0122.919,0001.472,-001.092,0171
 
000081748,000000000,000000000,0123.035,0001.467,-001.084,0007
 
000081768,000000000,000000000,0123.009,0001.439,-001.054,0173
 
000081788,000000000,000000000,0122.917,0001.414,-001.051,0173
 
000081808,000000000,000000000,0123.024,0001.390,-001.047,0007
 
000081828,000000000,000000000,0123.105,0001.391,-001.042,0167
 
000081848,000000000,000000000,0123.080,0001.371,-001.039,0173
 
000081868,000000000,000000000,0123.063,0001.375,-001.013,0006
 
000081888,000000000,000000000,0123.142,0001.335,-000.992,0007
 
000081908,000000000,000000000,0123.253,0001.367,-000.952,0179
 
000081928,000000000,000000000,0123.200,0001.371,-000.936,0007
 
000081948,000000000,000000000,0123.152,0001.351,-000.945,0179
 
000081968,000000000,000000000,0123.200,0001.379,-000.951,0167
 
000081988,000000000,000000000,0123.257,0001.380,-000.933,0166
 
000082008,000000000,000000000,0123.254,0001.364,-000.962,0169
 
000082028,000000000,000000000,0123.301,0001.378,-000.967,0167
 
000082048,000000000,000000000,0123.095,0001.376,-000.970,0166
 
000082068,000000000,000000000,0123.096,0001.362,-000.997,0169
 
000082088,000000000,000000000,0123.032,0001.342,-000.976,0166
 
000082108,000000000,000000000,0123.155,0001.350,-000.957,0166
 
000082128,000000000,000000000,0123.188,0001.337,-000.942,0169
 
000082148,000000000,000000000,0123.240,0001.344,-000.948,0168
 
000082168,000000000,000000000,0123.326,0001.330,-000.933,0173
 
000082188,000000000,000000000,0123.375,0001.335,-000.939,0169
 
000082208,000000000,000000000,0123.426,0001.344,-000.945,0167
 
000082228,000000000,000000000,0123.395,0001.351,-000.931,0173
 
000082248,000000000,000000000,0123.467,0001.356,-000.938,0175
 
000082268,000000000,000000000,0123.369,0001.338,-000.968,0167
 
000082288,000000000,000000000,0123.331,0001.347,-000.974,0167
 
000082308,000000000,000000000,0123.468,0001.331,-000.976,0175
 
000082328,000000000,000000000,0123.387,0001.337,-001.002,0167
 
000082348,000000000,000000000,0123.277,0001.394,-000.982,0180
 
000082368,000000000,000000000,0123.398,0001.396,-000.963,0169
 
000082388,000000000,000000000,0123.314,0001.399,-000.969,0167
 
000082408,000000000,000000000,0123.315,0001.355,-000.972,0007
 
000082428,000000000,000000000,0123.234,0001.357,-000.974,0179
 
000082448,000000000,000000000,0123.144,0001.344,-000.934,0173
 
000082468,000000000,000000000,0123.117,0001.325,-000.939,0180
 
000082488,000000000,000000000,0123.151,0001.360,-000.946,0007
 
000082508,000000000,000000000,0123.106,0001.386,-000.954,0180
 
000082528,000000000,000000000,0123.164,0001.361,-000.959,0007
 
000082548,000000000,000000000,0123.270,0001.390,-000.943,0007
 
000082568,000000000,000000000,0123.360,0001.394,-000.905,0178
 
000082588,000000000,000000000,0123.236,0001.386,-000.910,0007
 
000082608,000000000,000000000,0123.122,0001.388,-000.919,0007
 
000082628,000000000,000000000,0123.213,0001.369,-000.933,0007
 
000082648,000000000,000000000,0123.080,0001.394,-000.916,0007
 
000082668,000000000,000000000,0122.993,0001.418,-000.928,0179
 
000082688,000000000,000000000,0123.131,0001.419,-000.914,0167
 
000082708,000000000,000000000,0123.266,0001.392,-000.944,0167
 
000082728,000000000,000000000,0123.362,0001.394,-000.950,0172
 
000082748,000000000,000000000,0123.211,0001.395,-000.958,0170
 
000082768,000000000,000000000,0123.306,0001.396,-000.959,0170
 
000082788,000000000,000000000,0123.283,0001.440,-000.967,0175
 
000082808,000000000,000000000,0123.333,0001.412,-000.972,0172
 
000082828,000000000,000000000,0123.289,0001.412,-000.975,0169
 
000082848,000000000,000000000,0123.158,0001.433,-001.003,0170
 
000082868,000000000,000000000,0123.080,0001.429,-001.003,0173
 
000082888,000000000,000000000,0123.043,0001.404,-001.003,0015
 
000082908,000000000,000000000,0123.070,0001.427,-001.005,0012
 
000082928,000000000,000000000,0123.030,0001.427,-001.007,0018
 
000082948,000000000,000000000,0123.100,0001.426,-001.006,0170
 
000082968,000000000,000000000,0123.061,0001.424,-001.006,0177
 
000082988,000000000,000000000,0123.130,0001.425,-000.983,0170
 
000083008,000000000,000000000,0123.209,0001.399,-000.985,0183
 
000083028,000000000,000000000,0123.282,0001.424,-000.990,0177
 
000083048,000000000,000000000,0123.249,0001.444,-000.970,0170
 
000083068,000000000,000000000,0123.179,0001.438,-000.975,0169
 
000083088,000000000,000000000,0123.217,0001.461,-000.979,0182
 
000083108,000000000,000000000,0123.297,0001.454,-000.959,0169
 
000083128,000000000,000000000,0123.375,0001.451,-000.900,0010
 
000083148,000000000,000000000,0123.319,0001.445,-000.844,0180
 
000083168,000000000,000000000,0123.157,0001.444,-000.885,0007
 
000083188,000000000,000000000,0123.090,0001.443,-000.921,0007
 
000083208,000000000,000000000,0123.107,0001.437,-000.908,0173
 
000083228,000000000,000000000,0123.154,0001.459,-000.920,0171
 
000083248,000000000,000000000,0123.005,0001.453,-000.907,0007
 
000083268,000000000,000000000,0123.112,0001.402,-000.894,0173
 
000083288,000000000,000000000,0123.239,0001.405,-000.905,0166
 
000083308,000000000,000000000,0123.370,0001.450,-000.915,0007
 
000083328,000000000,000000000,0123.176,0001.449,-000.883,0007
 
000083348,000000000,000000000,0123.078,0001.401,-000.917,0179
 
000083368,000000000,000000000,0123.036,0001.403,-000.924,0007
 
000083388,000000000,000000000,0123.218,0001.453,-000.936,0179
 
000083408,000000000,000000000,0123.184,0001.456,-000.948,0167
 
000083428,000000000,000000000,0123.185,0001.473,-000.933,0007
 
000083448,000000000,000000000,0123.180,0001.470,-000.940,0179
 
000083468,000000000,000000000,0123.198,0001.439,-000.928,0166
 
000083488,000000000,000000000,0123.122,0001.430,-000.955,0167
 
000083508,000000000,000000000,0123.138,0001.430,-000.964,0169
 
000083528,000000000,000000000,0123.112,0001.399,-000.996,0167
 
000083548,000000000,000000000,0123.131,0001.423,-000.993,0166
 
000083568,000000000,000000000,0123.105,0001.442,-001.020,0169
 
000083588,000000000,000000000,0123.186,0001.439,-000.998,0166
 
000083608,000000000,000000000,0123.384,0001.461,-000.976,0167
 
000083628,000000000,000000000,0123.505,0001.452,-001.003,0169
 
000083648,000000000,000000000,0123.280,0001.470,-000.984,0168
 
000083668,000000000,000000000,0123.325,0001.465,-001.005,0166
 
000083688,000000000,000000000,0123.307,0001.479,-000.989,0169
 
000083708,000000000,000000000,0123.237,0001.451,-000.967,0167
 
000083728,000000000,000000000,0123.160,0001.420,-000.992,0007
 
000083748,000000000,000000000,0123.284,0001.418,-000.997,0007
 
000083768,000000000,000000000,0123.210,0001.398,-000.996,0166
 
000083788,000000000,000000000,0123.253,0001.351,-000.997,0180
 
000083808,000000000,000000000,0123.145,0001.360,-000.980,0174
 
000083828,000000000,000000000,0123.317,0001.363,-000.979,0007
 
000083848,000000000,000000000,0123.260,0001.344,-000.983,0180
 
000083868,000000000,000000000,0123.283,0001.350,-000.988,0180
 
000083888,000000000,000000000,0123.305,0001.353,-000.968,0167
 
000083908,000000000,000000000,0123.237,0001.380,-000.974,0179
 
000083928,000000000,000000000,0123.234,0001.384,-000.977,0007
 
000083948,000000000,000000000,0123.279,0001.407,-000.981,0171
 
000083968,000000000,000000000,0123.202,0001.430,-000.961,0007
 
000083988,000000000,000000000,0123.229,0001.453,-000.967,0173
 
000084008,000000000,000000000,0123.353,0001.447,-000.971,0167
 
000084028,000000000,000000000,0123.424,0001.422,-000.930,0007
 
000084048,000000000,000000000,0123.452,0001.419,-000.938,0007
 
000084068,000000000,000000000,0123.395,0001.419,-000.946,0178
 
000084088,000000000,000000000,0123.418,0001.395,-000.952,0007
 
000084108,000000000,000000000,0123.307,0001.394,-000.959,0180
 
000084128,000000000,000000000,0123.359,0001.418,-000.964,0167
 
000084148,000000000,000000000,0123.316,0001.417,-000.969,0007
 
000084168,000000000,000000000,0123.361,0001.438,-000.996,0179
 
000084188,000000000,000000000,0123.260,0001.456,-000.999,0167
 
000084208,000000000,000000000,0123.402,0001.429,-001.000,0166
 
000084228,000000000,000000000,0123.320,0001.427,-001.003,0168
 
000084248,000000000,000000000,0123.372,0001.422,-001.004,0007
 
000084268,000000000,000000000,0123.309,0001.444,-000.983,0007
 
000084288,000000000,000000000,0123.236,0001.441,-000.987,0007
 
000084308,000000000,000000000,0123.111,0001.460,-000.989,0007
 
000084328,000000000,000000000,0123.107,0001.455,-000.970,0007
 
000084348,000000000,000000000,0123.289,0001.451,-000.973,0007
 
000084368,000000000,000000000,0123.279,0001.469,-000.978,0007
 
000084388,000000000,000000000,0123.208,0001.485,-001.006,0007
 
000084408,000000000,000000000,0123.159,0001.477,-001.007,0007
 
000084428,000000000,000000000,0123.186,0001.469,-001.007,0168
 
000084448,000000000,000000000,0123.084,0001.464,-000.986,0167
 
000084468,000000000,000000000,0123.080,0001.459,-000.987,0177
 
000084488,000000000,000000000,0123.085,0001.456,-000.989,0168
 
000084508,000000000,000000000,0123.157,0001.474,-000.991,0180
 
000084528,000000000,000000000,0123.193,0001.469,-000.995,0181
 
000084548,000000000,000000000,0123.166,0001.463,-000.975,0168
 
000084568,000000000,000000000,0123.160,0001.455,-000.957,0010
 
000084588,000000000,000000000,0123.136,0001.449,-000.962,0183
 
000084608,000000000,000000000,0123.127,0001.489,-000.987,0008
 
000084628,000000000,000000000,0123.135,0001.457,-000.990,0011
 
000084648,000000000,000000000,0123.219,0001.428,-001.016,0177
 
000084668,000000000,000000000,0123.378,0001.449,-001.038,0008
 
000084688,000000000,000000000,0123.417,0001.422,-001.014,0011
 
000084708,000000000,000000000,0123.329,0001.397,-000.989,0175
 
000084728,000000000,000000000,0123.181,0001.375,-001.014,0015
 
000084748,000000000,000000000,0123.307,0001.357,-001.017,0011
 
000084768,000000000,000000000,0123.257,0001.340,-001.016,0008
 
000084788,000000000,000000000,0123.344,0001.325,-000.995,0179
 
000084808,000000000,000000000,0123.288,0001.331,-000.976,0007
 
000084828,000000000,000000000,0123.284,0001.316,-000.933,0007
 
000084848,000000000,000000000,0123.267,0001.325,-000.964,0180
 
000084868,000000000,000000000,0123.115,0001.332,-000.969,0007
 
000084888,000000000,000000000,0123.055,0001.316,-000.994,0007
 
000084908,000000000,000000000,0123.125,0001.302,-000.996,0007
 
000084928,000000000,000000000,0123.230,0001.357,-000.998,0007
 
000084948,000000000,000000000,0123.314,0001.361,-000.976,0179
 
000084968,000000000,000000000,0123.320,0001.410,-000.982,0167
 
000084988,000000000,000000000,0123.351,0001.408,-000.984,0166
 
000085008,000000000,000000000,0123.399,0001.407,-000.986,0169
 
000085028,000000000,000000000,0123.211,0001.359,-000.966,0167
 
000085048,000000000,000000000,0123.181,0001.385,-000.972,0167
 
000085068,000000000,000000000,0123.252,0001.389,-000.997,0169
 
000085088,000000000,000000000,0123.183,0001.412,-000.975,0168
 
000085108,000000000,000000000,0123.090,0001.432,-000.977,0166
 
000085128,000000000,000000000,0123.022,0001.451,-000.960,0169
 
000085148,000000000,000000000,0123.072,0001.466,-000.942,0168
 
000085168,000000000,000000000,0123.066,0001.459,-000.970,0167
 
000085188,000000000,000000000,0123.205,0001.475,-000.974,0169
 
000085208,000000000,000000000,0123.200,0001.468,-000.978,0167
 
000085228,000000000,000000000,0123.318,0001.461,-000.957,0167
 
000085248,000000000,000000000,0123.293,0001.457,-000.984,0175
 
000085268,000000000,000000000,0123.190,0001.475,-000.990,0167
 
000085288,000000000,000000000,0123.122,0001.492,-001.015,0180
 
000085308,000000000,000000000,0123.170,0001.485,-001.038,0175
 
000085328,000000000,000000000,0123.245,0001.477,-001.015,0167
 
000085348,000000000,000000000,0123.291,0001.492,-000.991,0180
 
000085368,000000000,000000000,0123.326,0001.507,-000.994,0180
 
000085388,000000000,000000000,0123.269,0001.540,-000.973,0167
 
000085408,000000000,000000000,0123.274,0001.506,-000.955,0008
 
000085428,000000000,000000000,0123.129,0001.497,-000.959,0173
 
000085448,000000000,000000000,0123.121,0001.510,-000.964,0007
 
000085468,000000000,000000000,0123.192,0001.480,-000.947,0007
 
000085488,000000000,000000000,0123.152,0001.494,-000.955,0173
 
000085508,000000000,000000000,0123.186,0001.507,-000.938,0173
 
000085528,000000000,000000000,0123.265,0001.497,-000.922,0007
 
000085548,000000000,000000000,0123.104,0001.509,-000.866,0180
 
000085568,000000000,000000000,0123.024,0001.524,-000.880,0179
 
000085588,000000000,000000000,0122.989,0001.512,-000.892,0007
 
000085608,000000000,000000000,0123.038,0001.545,-000.881,0007
 
000085628,000000000,000000000,0122.976,0001.531,-000.893,0007
 
000085648,000000000,000000000,0122.939,0001.520,-000.884,0007
 
000085668,000000000,000000000,0122.841,0001.506,-000.873,0180
 
000085688,000000000,000000000,0122.849,0001.518,-000.886,0167
 
000085708,000000000,000000000,0122.970,0001.487,-000.922,0166
 
000085728,000000000,000000000,0122.965,0001.502,-000.908,0169
 
000085748,000000000,000000000,0122.884,0001.515,-000.916,0178
 
000085768,000000000,000000000,0122.945,0001.504,-000.925,0167
 
000085788,000000000,000000000,0122.967,0001.494,-000.912,0169
 
000085808,000000000,000000000,0122.976,0001.487,-000.899,0167
 
000085828,000000000,000000000,0122.965,0001.500,-000.932,0167
 
000085848,000000000,000000000,0122.895,0001.470,-000.919,0169
 
000085868,000000000,000000000,0122.971,0001.444,-000.928,0168
 
000085888,000000000,000000000,0123.048,0001.438,-000.935,0167
 
000085908,000000000,000000000,0122.974,0001.456,-000.942,0170
 
000085928,000000000,000000000,0123.031,0001.451,-000.950,0168
 
000085948,000000000,000000000,0123.064,0001.444,-000.980,0167
 
000085968,000000000,000000000,0123.010,0001.438,-001.003,0180
 
000085988,000000000,000000000,0123.047,0001.437,-001.004,0167
 
000086008,000000000,000000000,0123.192,0001.411,-000.961,0180
 
000086028,000000000,000000000,0123.209,0001.433,-000.965,0169
 
000086048,000000000,000000000,0123.279,0001.432,-000.993,0167
 
000086068,000000000,000000000,0123.325,0001.428,-000.930,0173
 
000086088,000000000,000000000,0123.239,0001.425,-000.916,0179
 
000086108,000000000,000000000,0123.336,0001.424,-000.881,0167
 
000086128,000000000,000000000,0123.341,0001.442,-000.872,0180
 
000086148,000000000,000000000,0123.273,0001.440,-000.862,0007
 
000086168,000000000,000000000,0123.121,0001.438,-000.878,0172
 
000086188,000000000,000000000,0123.023,0001.436,-000.892,0180
 
000086208,000000000,000000000,0123.098,0001.432,-000.902,0175
 
000086228,000000000,000000000,0123.065,0001.408,-000.890,0167
 
000086248,000000000,000000000,0122.993,0001.430,-000.878,0007
 
000086268,000000000,000000000,0123.081,0001.450,-000.889,0173
 
000086288,000000000,000000000,0123.075,0001.490,-000.903,0167
 
000086308,000000000,000000000,0123.083,0001.503,-000.872,0007
 
000086328,000000000,000000000,0123.141,0001.493,-000.884,0007
 
000086348,000000000,000000000,0123.145,0001.462,-000.919,0180
 
000086368,000000000,000000000,0123.142,0001.479,-000.908,0007
 
000086388,000000000,000000000,0123.022,0001.449,-000.919,0180
 
000086408,000000000,000000000,0123.071,0001.467,-000.929,0180
 
000086428,000000000,000000000,0123.204,0001.462,-000.937,0166
 
000086448,000000000,000000000,0123.063,0001.479,-000.920,0169
 
000086468,000000000,000000000,0123.092,0001.469,-000.931,0167
 
000086488,000000000,000000000,0123.033,0001.465,-000.962,0166
 
000086508,000000000,000000000,0123.010,0001.436,-000.966,0170
 
000086528,000000000,000000000,0123.070,0001.410,-000.951,0167
 
000086548,000000000,000000000,0122.992,0001.432,-000.959,0167
 
000086568,000000000,000000000,0123.063,0001.452,-000.942,0169
 
000086588,000000000,000000000,0123.038,0001.469,-000.929,0168
 
000086608,000000000,000000000,0123.188,0001.483,-000.934,0167
 
000086628,000000000,000000000,0123.129,0001.475,-000.920,0169
 
000086648,000000000,000000000,0123.016,0001.468,-000.909,0168
 
000086668,000000000,000000000,0122.966,0001.462,-000.919,0167
 
000086688,000000000,000000000,0122.906,0001.479,-000.951,0169
 
000086708,000000000,000000000,0122.890,0001.472,-000.980,0167
 
000086728,000000000,000000000,0123.021,0001.465,-001.006,0167
 
000086748,000000000,000000000,0123.001,0001.457,-000.987,0177
 
000086768,000000000,000000000,0123.097,0001.452,-000.992,0167
 
000086788,000000000,000000000,0123.176,0001.492,-000.993,0180
 
000086808,000000000,000000000,0123.146,0001.503,-000.974,0175
 
000086828,000000000,000000000,0123.141,0001.492,-000.953,0173
 
000086848,000000000,000000000,0123.183,0001.484,-000.960,0007
 
000086868,000000000,000000000,0123.127,0001.474,-000.968,0180
 
000086888,000000000,000000000,0123.036,0001.466,-000.994,0167
 
000086908,000000000,000000000,0123.066,0001.460,-001.016,0007
 
000086928,000000000,000000000,0123.009,0001.455,-001.039,0166
 
000086948,000000000,000000000,0123.139,0001.494,-001.036,0171
 
000086968,000000000,000000000,0123.196,0001.506,-000.987,0180
 
000086988,000000000,000000000,0123.171,0001.473,-000.992,0007
 
000087008,000000000,000000000,0123.006,0001.488,-001.017,0179
 
000087028,000000000,000000000,0123.078,0001.480,-000.993,0007
 
000087048,000000000,000000000,0123.025,0001.471,-000.994,0007
 
000087068,000000000,000000000,0123.087,0001.440,-000.994,0166
 
000087088,000000000,000000000,0122.929,0001.458,-000.976,0007
 
000087108,000000000,000000000,0123.104,0001.521,-000.959,0007
 
000087128,000000000,000000000,0123.186,0001.510,-000.965,0179
 
000087148,000000000,000000000,0123.102,0001.499,-000.948,0007
 
000087168,000000000,000000000,0123.092,0001.490,-000.934,0173
 
000087188,000000000,000000000,0123.023,0001.459,-000.941,0167
 
000087208,000000000,000000000,0122.995,0001.454,-000.949,0167
 
000087228,000000000,000000000,0122.897,0001.449,-000.980,0169
 
000087248,000000000,000000000,0122.878,0001.423,-000.984,0167
 
000087268,000000000,000000000,0123.019,0001.417,-000.988,0167
 
000087288,000000000,000000000,0123.177,0001.415,-000.992,0169
 
000087308,000000000,000000000,0123.218,0001.433,-000.947,0167
 
000087328,000000000,000000000,0123.329,0001.428,-000.954,0167
 
000087348,000000000,000000000,0123.235,0001.426,-000.959,0169
 
000087368,000000000,000000000,0123.291,0001.402,-000.921,0167
 
000087388,000000000,000000000,0123.318,0001.378,-000.886,0007
 
000087408,000000000,000000000,0123.250,0001.357,-000.876,0007
 
000087428,000000000,000000000,0123.182,0001.406,-000.869,0167
 
000087448,000000000,000000000,0123.146,0001.405,-000.861,0167
 
000087468,000000000,000000000,0123.106,0001.382,-000.875,0177
 
000087488,000000000,000000000,0123.032,0001.383,-000.888,0168
 
000087508,000000000,000000000,0123.142,0001.383,-000.878,0007
 
000087528,000000000,000000000,0123.206,0001.385,-000.870,0175
 
000087548,000000000,000000000,0123.156,0001.386,-000.884,0167
 
000087568,000000000,000000000,0123.160,0001.388,-000.921,0167
 
000087588,000000000,000000000,0123.150,0001.367,-000.927,0169
 
000087608,000000000,000000000,0123.108,0001.347,-000.914,0167
 
000087628,000000000,000000000,0123.170,0001.352,-000.901,0180
 
000087648,000000000,000000000,0123.203,0001.401,-000.887,0180
 
000087668,000000000,000000000,0123.231,0001.423,-000.901,0180
 
000087688,000000000,000000000,0123.235,0001.421,-000.912,0007
 
000087708,000000000,000000000,0123.137,0001.397,-000.899,0173
 
000087728,000000000,000000000,0123.172,0001.371,-000.911,0167
 
000087748,000000000,000000000,0123.184,0001.395,-000.941,0007
 
000087768,000000000,000000000,0123.133,0001.375,-000.970,0173
 
000087788,000000000,000000000,0122.993,0001.378,-000.975,0166
 
000087808,000000000,000000000,0123.178,0001.425,-000.979,0007
 
000087828,000000000,000000000,0123.190,0001.447,-000.961,0007
 
000087848,000000000,000000000,0123.238,0001.444,-000.947,0007
 
000087868,000000000,000000000,0123.084,0001.439,-000.953,0007
 
000087888,000000000,000000000,0123.258,0001.459,-000.983,0007
 
000087908,000000000,000000000,0123.278,0001.452,-000.966,0179
 
000087928,000000000,000000000,0123.288,0001.445,-000.922,0166
 
000087948,000000000,000000000,0123.221,0001.439,-000.932,0170
 
000087968,000000000,000000000,0123.266,0001.456,-000.941,0167
 
000087988,000000000,000000000,0123.252,0001.474,-000.925,0166
 
000088008,000000000,000000000,0123.291,0001.469,-000.957,0167
 
000088028,000000000,000000000,0123.189,0001.463,-000.963,0167
 
000088048,000000000,000000000,0123.208,0001.456,-000.943,0167
 
000088068,000000000,000000000,0123.286,0001.430,-000.951,0169
 
000088088,000000000,000000000,0123.230,0001.450,-000.935,0168
 
000088108,000000000,000000000,0123.274,0001.467,-000.919,0166
 
000088128,000000000,000000000,0123.183,0001.483,-000.931,0180
 
000088148,000000000,000000000,0123.155,0001.452,-000.939,0168
 
000088168,000000000,000000000,0123.016,0001.447,-000.923,0167
 
000088188,000000000,000000000,0123.083,0001.443,-000.935,0169
 
000088208,000000000,000000000,0122.974,0001.440,-000.963,0167
 
000088228,000000000,000000000,0123.048,0001.435,-000.969,0167
 
000088248,000000000,000000000,0122.994,0001.430,-000.973,0177
 
000088268,000000000,000000000,0123.053,0001.427,-000.978,0167
 
000088288,000000000,000000000,0123.006,0001.403,-000.980,0180
 
000088308,000000000,000000000,0123.023,0001.401,-001.006,0179
 
000088328,000000000,000000000,0123.076,0001.422,-001.006,0167
 
000088348,000000000,000000000,0122.959,0001.441,-001.006,0007
 
000088368,000000000,000000000,0123.065,0001.437,-001.006,0172
 
000088389,000000000,000000000,0123.159,0001.457,-001.006,1023
 
000088409,000000000,000000000,0123.090,0001.430,-000.986,1023
 
000088429,000000000,000000000,0123.192,0001.405,-000.988,1023
 
000088449,000000000,000000000,0123.104,0001.428,-000.968,1023
 
000088469,000000000,000000000,0123.159,0001.446,-000.950,1023
 
000088489,000000000,000000000,0123.066,0001.439,-000.911,1023
 
000088509,000000000,000000000,0122.965,0001.437,-000.896,1023
 
000088529,000000000,000000000,0123.006,0001.463,-000.910,1023
 
000088549,000000000,000000000,0122.933,0001.500,-000.920,1023
 
000088568,000000000,000000000,0122.919,0001.601,-000.908,0167
 
000088588,000000000,000000000,0122.915,0001.487,-000.902,0166
 
000088608,000000000,000000000,0122.739,0001.466,-000.895,0166
 
000088628,000000000,000000000,0122.696,0001.505,-000.889,0167
 
000088648,000000000,000000000,0122.433,0001.604,-000.909,0006
 
000088668,000000000,000000000,0122.054,0001.694,-000.924,0179
 
000088688,000000000,000000000,0121.720,0001.794,-000.917,0167
 
000088708,000000000,000000000,0121.256,0001.841,-000.934,0166
 
000088728,000000000,000000000,0120.784,0001.907,-000.927,0167
 
000088748,000000000,000000000,0120.250,0001.935,-000.923,0167
 
000088768,000000000,000000000,0119.628,0001.902,-000.939,0166
 
000088788,000000000,000000000,0119.146,0001.904,-000.951,0169
 
000088808,000000000,000000000,0118.664,0001.921,-000.971,0167
 
000088828,000000000,000000000,0118.197,0001.844,-000.965,0166
 
000088848,000000000,000000000,0117.636,0001.870,-000.958,0169
 
000088868,000000000,000000000,0117.037,0001.807,-000.950,0168
 
000088888,000000000,000000000,0116.535,0001.917,-000.943,0166
 
000088908,000000000,000000000,0116.021,0001.867,-000.953,0169
 
000088928,000000000,000000000,0115.111,0001.993,-000.945,0167
 
000088948,000000000,000000000,0114.575,0001.964,-000.939,0173
 
000088968,000000000,000000000,0113.912,0001.815,-000.937,0175
 
000088988,000000000,000000000,0113.333,0001.890,-000.906,0168
 
000089008,000000000,000000000,0112.693,0001.801,-000.901,0166
 
000089028,000000000,000000000,0112.043,0001.694,-000.921,0177
 
000089048,000000000,000000000,0111.605,0001.691,-000.862,0167
 
000089068,000000000,000000000,0111.094,0001.424,-000.877,0180
 
000089088,000000000,000000000,0110.511,0001.453,-000.848,0179
 
000089108,000000000,000000000,0110.246,0001.348,-000.864,0167
 
000089128,000000000,000000000,0109.905,0001.326,-000.836,0007
 
000089148,000000000,000000000,0109.502,0001.218,-000.856,0167
 
000089168,000000000,000000000,0109.199,0001.234,-000.870,0171
 
000089188,000000000,000000000,0108.790,0001.333,-000.854,0007
 
000089208,000000000,000000000,0108.462,0001.312,-000.872,0167
 
000089228,000000000,000000000,0107.958,0001.354,-000.884,0173
 
000089248,000000000,000000000,0107.534,0001.280,-000.874,0007
 
000089268,000000000,000000000,0107.195,0001.234,-000.840,0169
 
000089288,000000000,000000000,0106.915,0001.115,-000.834,0178
 
000089308,000000000,000000000,0106.643,0001.075,-000.850,0007
 
000089328,000000000,000000000,0106.481,0001.076,-000.841,0167
 
000089348,000000000,000000000,0106.483,0001.036,-000.853,0007
 
000089368,000000000,000000000,0106.417,0001.038,-000.841,0007
 
000089388,000000000,000000000,0106.247,0001.048,-000.835,0177
 
000089408,000000000,000000000,0106.221,0001.062,-000.849,0007
 
000089428,000000000,000000000,0106.125,0001.069,-000.862,0173
 
000089448,000000000,000000000,0106.007,0001.094,-000.873,0179
 
000089468,000000000,000000000,0105.990,0001.124,-000.885,0007
 
000089488,000000000,000000000,0106.089,0001.169,-000.850,0007
 
000089508,000000000,000000000,0106.159,0001.170,-000.864,0172
 
000089528,000000000,000000000,0105.932,0001.169,-000.877,0007
 
000089548,000000000,000000000,0105.856,0001.185,-000.841,0007
 
000089568,000000000,000000000,0105.749,0001.198,-000.850,0172
 
000089588,000000000,000000000,0105.671,0001.243,-000.864,0007
 
000089608,000000000,000000000,0105.622,0001.254,-000.873,0173
 
000089628,000000000,000000000,0105.586,0001.264,-000.886,0007
 
000089648,000000000,000000000,0105.590,0001.297,-000.897,0007
 
000089668,000000000,000000000,0105.548,0001.301,-000.883,0173
 
000089688,000000000,000000000,0105.423,0001.307,-000.871,0007
 
000089708,000000000,000000000,0105.260,0001.315,-000.882,0167
 
000089728,000000000,000000000,0105.321,0001.321,-000.870,0007
 
000089748,000000000,000000000,0105.296,0001.325,-000.882,0007
 
000089768,000000000,000000000,0105.294,0001.332,-000.871,0166
 
000089788,000000000,000000000,0105.096,0001.335,-000.861,0007
 
000089808,000000000,000000000,0105.131,0001.317,-000.808,0167
 
000089828,000000000,000000000,0105.077,0001.326,-000.804,0166
 
000089848,000000000,000000000,0104.773,0001.374,-000.824,0007
 
000089868,000000000,000000000,0104.851,0001.351,-000.842,0167
 
000089888,000000000,000000000,0104.853,0001.354,-000.855,0167
 
000089908,000000000,000000000,0104.928,0001.377,-000.868,0007
 
000089928,000000000,000000000,0104.887,0001.379,-000.878,0167
 
000089948,000000000,000000000,0104.970,0001.377,-000.865,0167
 
000089968,000000000,000000000,0104.991,0001.400,-000.876,0166
 
000089988,000000000,000000000,0104.802,0001.377,-000.889,0169
 
000090008,000000000,000000000,0104.808,0001.355,-000.875,0167
 
000090028,000000000,000000000,0104.781,0001.355,-000.908,0166
 
000090048,000000000,000000000,0104.925,0001.362,-000.939,0170
 
000090068,000000000,000000000,0104.882,0001.362,-000.920,0166
 
000090088,000000000,000000000,0104.893,0001.408,-000.882,0166
 
000090108,000000000,000000000,0104.910,0001.427,-000.893,0167
 
000090128,000000000,000000000,0104.805,0001.444,-000.881,0166
 
000090148,000000000,000000000,0104.761,0001.460,-000.893,0166
 
000090168,000000000,000000000,0104.832,0001.497,-000.860,0169
 
000090188,000000000,000000000,0104.830,0001.461,-000.871,0167
 
000090208,000000000,000000000,0104.744,0001.429,-000.883,0166
 
000090228,000000000,000000000,0104.672,0001.405,-000.829,0169
 
000090248,000000000,000000000,0104.638,0001.423,-000.846,0167
 
000090268,000000000,000000000,0104.600,0001.440,-000.860,0167
 
000090288,000000000,000000000,0104.640,0001.435,-000.851,0175
 
000090308,000000000,000000000,0104.602,0001.472,-000.865,0167
 
000090328,000000000,000000000,0104.705,0001.487,-000.879,0180
 
000090348,000000000,000000000,0104.687,0001.477,-000.867,0179
 
000090368,000000000,000000000,0104.534,0001.444,-000.856,0167
 
000090388,000000000,000000000,0104.607,0001.443,-000.892,0007
 
000090408,000000000,000000000,0104.697,0001.392,-000.900,0173
 
000090428,000000000,000000000,0104.721,0001.368,-000.887,0171
 
000090448,000000000,000000000,0104.713,0001.350,-000.899,0007
 
000090468,000000000,000000000,0104.680,0001.375,-000.884,0173
 
000090488,000000000,000000000,0104.787,0001.373,-000.872,0173
 
000090508,000000000,000000000,0104.750,0001.397,-000.884,0007
 
000090528,000000000,000000000,0104.713,0001.393,-000.894,0173
 
000090548,000000000,000000000,0104.679,0001.393,-000.883,0178
 
000090568,000000000,000000000,0104.788,0001.436,-000.894,0007
 
000090588,000000000,000000000,0104.805,0001.454,-000.906,0007
 
000090608,000000000,000000000,0104.769,0001.444,-000.870,0178
 
000090628,000000000,000000000,0104.843,0001.440,-000.882,0007
 
000090648,000000000,000000000,0104.733,0001.455,-000.893,0006
 
000090668,000000000,000000000,0104.770,0001.471,-000.903,0007
 
000090688,000000000,000000000,0104.809,0001.464,-000.912,0007
 
000090708,000000000,000000000,0104.765,0001.454,-000.920,0179
 
000090728,000000000,000000000,0104.766,0001.447,-000.926,0007
 
000090748,000000000,000000000,0104.874,0001.464,-000.953,0006
 
000090768,000000000,000000000,0104.839,0001.456,-000.956,0007
 
000090788,000000000,000000000,0104.866,0001.495,-000.960,0007
 
000090808,000000000,000000000,0104.860,0001.508,-000.940,0007
 
000090828,000000000,000000000,0104.785,0001.516,-000.923,0179
 
000090848,000000000,000000000,0104.871,0001.505,-000.932,0007
 
000090868,000000000,000000000,0104.850,0001.491,-000.893,0007
 
000090888,000000000,000000000,0104.750,0001.478,-000.904,0007
 
000090908,000000000,000000000,0104.669,0001.493,-000.914,0007
 
000090928,000000000,000000000,0104.708,0001.505,-000.878,0007
 
000090948,000000000,000000000,0104.730,0001.491,-000.867,0007
 
000090968,000000000,000000000,0104.662,0001.504,-000.856,0007
 
000090988,000000000,000000000,0104.538,0001.492,-000.848,0007
 
000091008,000000000,000000000,0104.562,0001.525,-000.841,0007
 
000091028,000000000,000000000,0104.574,0001.512,-000.856,0166
 
000091048,000000000,000000000,0104.538,0001.500,-000.871,0179
 
000091068,000000000,000000000,0104.675,0001.488,-000.884,0174
 
000091088,000000000,000000000,0104.645,0001.457,-000.874,0007
 
000091108,000000000,000000000,0104.078,0001.472,-000.888,0006
 
000091128,000000000,000000000,0104.160,0001.487,-000.901,0167
 
000091148,000000000,000000000,0104.208,0001.499,-000.887,0167
 
000091168,000000000,000000000,0104.338,0001.510,-000.855,0007
 
000091188,000000000,000000000,0104.352,0001.519,-000.849,0167
 
000091208,000000000,000000000,0104.381,0001.508,-000.884,0173
 
000091228,000000000,000000000,0104.377,0001.517,-000.873,0006
 
000091248,000000000,000000000,0104.479,0001.507,-000.862,0167
 
000091268,000000000,000000000,0104.527,0001.496,-000.831,0166
 
000091288,000000000,000000000,0104.439,0001.509,-000.827,0007
 
000091308,000000000,000000000,0104.545,0001.519,-000.864,0167
 
000091328,000000000,000000000,0104.666,0001.506,-000.855,0180
 
000091348,000000000,000000000,0104.643,0001.514,-000.892,0007
 
000091368,000000000,000000000,0104.775,0001.500,-000.902,0169
 
000091388,000000000,000000000,0104.824,0001.491,-000.865,0007
 
000091408,000000000,000000000,0104.780,0001.478,-000.879,0167
 
000091428,000000000,000000000,0104.837,0001.492,-000.892,0179
 
000091448,000000000,000000000,0104.756,0001.458,-000.899,0007
 
000091468,000000000,000000000,0104.707,0001.448,-000.908,0166
 
000091488,000000000,000000000,0104.688,0001.419,-000.892,0179
 
000091508,000000000,000000000,0104.540,0001.437,-000.902,0007
 
000091528,000000000,000000000,0104.544,0001.451,-000.911,0173
 
000091548,000000000,000000000,0104.604,0001.465,-000.919,0007
 
000091568,000000000,000000000,0104.746,0001.457,-000.928,0007
 
000091588,000000000,000000000,0104.546,0001.496,-000.913,0167
 
000091608,000000000,000000000,0104.594,0001.486,-000.855,0179
 
000091628,000000000,000000000,0104.638,0001.476,-000.802,0007
 
000091648,000000000,000000000,0104.631,0001.489,-000.799,0007
 
000091668,000000000,000000000,0104.655,0001.502,-000.839,0172
 
000091688,000000000,000000000,0104.725,0001.465,-000.831,0007
 
000091708,000000000,000000000,0104.829,0001.434,-000.802,0007
 
000091728,000000000,000000000,0104.842,0001.390,-000.841,0007
 
000091748,000000000,000000000,0104.851,0001.365,-000.834,0007
 
000091768,000000000,000000000,0104.912,0001.345,-000.827,0007
 
000091788,000000000,000000000,0104.796,0001.349,-000.820,0166
 
000091808,000000000,000000000,0104.853,0001.305,-000.814,0007
 
000091828,000000000,000000000,0104.954,0001.292,-000.766,0007
 
000091848,000000000,000000000,0105.018,0001.322,-000.721,0167
 
000091868,000000000,000000000,0105.054,0001.329,-000.728,0167
 
000091888,000000000,000000000,0105.050,0001.333,-000.707,0007
 
000091908,000000000,000000000,0105.085,0001.338,-000.757,0167
 
000091928,000000000,000000000,0104.974,0001.365,-000.758,0007
 
000091948,000000000,000000000,0104.820,0001.344,-000.779,0166
 
000091968,000000000,000000000,0104.879,0001.349,-000.801,0173
 
000091988,000000000,000000000,0104.930,0001.396,-000.820,0171
 
000092008,000000000,000000000,0104.984,0001.417,-000.770,0007
 
000092028,000000000,000000000,0104.936,0001.369,-000.748,0167
 
000092048,000000000,000000000,0104.917,0001.370,-000.770,0168
 
000092068,000000000,000000000,0104.989,0001.352,-000.836,0007
 
000092088,000000000,000000000,0104.985,0001.332,-000.852,0169
 
000092108,000000000,000000000,0104.731,0001.359,-000.868,0179
 
000092128,000000000,000000000,0104.706,0001.385,-000.880,0007
 
000092148,000000000,000000000,0104.678,0001.364,-000.869,0169
 
000092168,000000000,000000000,0104.653,0001.368,-000.881,0007
 
000092188,000000000,000000000,0104.784,0001.392,-000.870,0179
 
000092208,000000000,000000000,0104.663,0001.389,-000.859,0179
 
000092228,000000000,000000000,0104.746,0001.366,-000.849,0007
 
000092248,000000000,000000000,0104.630,0001.366,-000.864,0006
 
000092268,000000000,000000000,0104.677,0001.367,-000.898,0172
 
000092288,000000000,000000000,0104.751,0001.395,-000.908,0166
 
000092308,000000000,000000000,0105.338,0001.415,-000.915,0007
 
000092328,000000000,000000000,0105.257,0001.391,-000.921,0179
 
000092348,000000000,000000000,0105.079,0001.390,-000.883,0007
 
000092368,000000000,000000000,0105.055,0001.390,-000.872,0007
 
000092388,000000000,000000000,0104.958,0001.412,-000.908,0179
 
000092408,000000000,000000000,0104.900,0001.387,-000.914,0007
 
000092428,000000000,000000000,0104.867,0001.387,-000.900,0006
 
000092448,000000000,000000000,0104.881,0001.407,-000.908,0179
 
000092468,000000000,000000000,0105.034,0001.429,-000.917,0166
 
000092488,000000000,000000000,0105.051,0001.444,-000.902,0007
 
000092508,000000000,000000000,0104.977,0001.417,-000.912,0166
 
000092528,000000000,000000000,0104.907,0001.415,-000.897,0007
 
000092548,000000000,000000000,0104.876,0001.389,-000.908,0006
 
000092568,000000000,000000000,0104.865,0001.388,-000.920,0006
 
000092588,000000000,000000000,0104.761,0001.411,-000.926,0166
 
000092608,000000000,000000000,0104.756,0001.408,-000.910,0006
 
000092628,000000000,000000000,0104.868,0001.407,-000.918,0167
 
000092648,000000000,000000000,0104.815,0001.403,-000.925,0166
 
000092668,000000000,000000000,0104.856,0001.422,-000.935,0007
 
000092688,000000000,000000000,0104.825,0001.418,-000.943,0167
 
000092708,000000000,000000000,0104.756,0001.436,-000.947,0166
 
000092728,000000000,000000000,0104.845,0001.454,-000.954,0007
 
000092748,000000000,000000000,0104.889,0001.424,-000.913,0169
 
000092768,000000000,000000000,0104.795,0001.419,-000.921,0178
 
000092788,000000000,000000000,0104.845,0001.461,-000.928,0006
 
000092808,000000000,000000000,0104.930,0001.453,-000.934,0169
 
000092828,000000000,000000000,0105.033,0001.469,-000.942,0178
 
000092848,000000000,000000000,0104.917,0001.462,-000.949,0006
 
000092868,000000000,000000000,0104.871,0001.476,-000.955,0169
 
000092888,000000000,000000000,0104.915,0001.465,-000.958,0007
 
000092908,000000000,000000000,0104.801,0001.480,-000.962,0166
 
000092928,000000000,000000000,0104.791,0001.472,-000.944,0179
 
000092948,000000000,000000000,0104.746,0001.465,-000.928,0178
 
000092968,000000000,000000000,0104.771,0001.479,-000.937,0006
 
000092988,000000000,000000000,0104.796,0001.471,-000.942,0172
 
000093008,000000000,000000000,0104.713,0001.463,-000.945,0006
 
000093028,000000000,000000000,0104.829,0001.457,-000.951,0173
 
000093048,000000000,000000000,0104.869,0001.448,-000.977,0007
 
000093068,000000000,000000000,0104.874,0001.464,-000.960,0007
 
000093088,000000000,000000000,0104.831,0001.455,-000.897,0007
 
000093108,000000000,000000000,0104.895,0001.449,-000.907,0006
 
000093128,000000000,000000000,0104.748,0001.464,-000.846,0007
 
000093148,000000000,000000000,0104.918,0001.416,-000.863,0007
 
000093168,000000000,000000000,0104.838,0001.365,-000.852,0173
 
000093188,000000000,000000000,0104.789,0001.368,-000.889,0007
 
000093208,000000000,000000000,0104.876,0001.371,-000.899,0007
 
000093228,000000000,000000000,0104.751,0001.372,-000.888,0166
 
000093248,000000000,000000000,0104.788,0001.374,-000.899,0007
 
000093268,000000000,000000000,0104.822,0001.374,-000.909,0007
 
000093288,000000000,000000000,0104.882,0001.332,-000.916,0179
 
000093308,000000000,000000000,0105.018,0001.316,-000.924,0167
 
000093328,000000000,000000000,0104.929,0001.366,-000.910,0007
 
000093348,000000000,000000000,0104.992,0001.367,-000.896,0167
 
000093368,000000000,000000000,0105.034,0001.323,-000.928,0007
 
000093388,000000000,000000000,0105.028,0001.330,-000.914,0007
 
000093408,000000000,000000000,0104.940,0001.356,-000.899,0167
 
000093428,000000000,000000000,0105.088,0001.379,-000.886,0173
 
000093448,000000000,000000000,0105.118,0001.401,-000.895,0007
 
000093468,000000000,000000000,0105.018,0001.377,-000.883,0167
 
000093488,000000000,000000000,0104.877,0001.377,-000.871,0172
 
000093508,000000000,000000000,0104.306,0001.401,-000.863,0007
 
000093528,000000000,000000000,0104.429,0001.399,-000.855,0169
 
000093548,000000000,000000000,0104.512,0001.398,-000.847,0178
 
000093568,000000000,000000000,0104.720,0001.397,-000.841,0007
 
000093588,000000000,000000000,0104.759,0001.395,-000.834,0169
 
000093608,000000000,000000000,0104.976,0001.416,-000.828,0179
 
000093628,000000000,000000000,0104.863,0001.412,-000.822,0007
 
000093648,000000000,000000000,0104.839,0001.411,-000.839,0169
 
000093668,000000000,000000000,0104.836,0001.428,-000.831,0007
 
000093688,000000000,000000000,0104.662,0001.425,-000.826,0173
 
000093708,000000000,000000000,0104.756,0001.466,-000.821,0179
 
000093728,000000000,000000000,0104.858,0001.503,-000.817,0007
 
000093748,000000000,000000000,0104.805,0001.490,-000.812,0173
 
000093768,000000000,000000000,0104.802,0001.482,-000.830,0007
 
000093788,000000000,000000000,0104.782,0001.495,-000.825,0167
 
000093808,000000000,000000000,0104.686,0001.484,-000.820,0006
 
000093828,000000000,000000000,0104.651,0001.499,-000.815,0007
 
000093848,000000000,000000000,0104.583,0001.510,-000.809,0167
 
000093868,000000000,000000000,0104.650,0001.520,-000.828,0007
 
000093888,000000000,000000000,0104.715,0001.506,-000.822,0179
 
000093908,000000000,000000000,0104.730,0001.493,-000.794,0007
 
000093928,000000000,000000000,0104.579,0001.506,-000.814,0007
 
000093948,000000000,000000000,0104.517,0001.494,-000.811,0007
 
000093968,000000000,000000000,0104.533,0001.483,-000.808,0007
 
000093988,000000000,000000000,0104.741,0001.475,-000.829,0007
 
000094008,000000000,000000000,0104.597,0001.465,-000.823,0007
 
000094028,000000000,000000000,0104.625,0001.432,-000.795,0166
 
000094048,000000000,000000000,0104.763,0001.450,-000.816,0179
 
000094068,000000000,000000000,0104.773,0001.510,-000.811,0177
 
000094088,000000000,000000000,0104.731,0001.476,-000.851,0167
 
000094108,000000000,000000000,0104.810,0001.489,-000.864,0179
 
000094128,000000000,000000000,0104.803,0001.500,-000.833,0179
 
000094148,000000000,000000000,0104.885,0001.510,-000.829,0007
 
000094168,000000000,000000000,0104.863,0001.498,-000.846,0006
 
000094188,000000000,000000000,0104.810,0001.463,-000.859,0169
 
000094208,000000000,000000000,0104.671,0001.456,-000.870,0171
 
000094228,000000000,000000000,0104.767,0001.470,-000.881,0007
 
000094248,000000000,000000000,0104.606,0001.460,-000.849,0169
 
000094268,000000000,000000000,0104.576,0001.452,-000.796,0171
 
000094288,000000000,000000000,0104.574,0001.492,-000.794,0006
 
000094308,000000000,000000000,0104.536,0001.480,-000.794,0167
 
000094328,000000000,000000000,0104.529,0001.469,-000.793,0179
 
000094348,000000000,000000000,0104.598,0001.437,-000.769,0007
 
000094368,000000000,000000000,0104.639,0001.431,-000.791,0174
 
000094388,000000000,000000000,0104.667,0001.427,-000.811,0178
 
000094408,000000000,000000000,0104.592,0001.446,-000.809,0007
 
000094428,000000000,000000000,0104.677,0001.485,-000.806,0169
 
000094448,000000000,000000000,0104.707,0001.521,-000.804,0178
 
000094468,000000000,000000000,0104.661,0001.486,-000.799,0006
 
000094488,000000000,000000000,0104.771,0001.498,-000.752,0179
 
000094508,000000000,000000000,0104.698,0001.487,-000.753,0007
 
000094528,000000000,000000000,0104.769,0001.455,-000.777,0006
 
000094548,000000000,000000000,0104.872,0001.426,-000.822,0007
 
