000020890,000000000,000000000,0118.690,0002.518,-001.381,0006
 
000020910,000000000,000000000,0118.694,0002.536,-001.379,0167
 
000020930,000000000,000000000,0118.692,0002.528,-001.380,0166
 
000020950,000000000,000000000,0118.687,0002.517,-001.380,0169
 
000020970,000000000,000000000,0118.677,0002.510,-001.379,0167
 
000020990,000000000,000000000,0118.686,0002.504,-001.375,0166
 
000021010,000000000,000000000,0118.686,0002.497,-001.353,0167
 
000021030,000000000,000000000,0118.687,0002.493,-001.331,0167
 
000021050,000000000,000000000,0118.693,0002.509,-001.336,0166
 
000021070,000000000,000000000,0118.698,0002.498,-001.338,0169
 
000021090,000000000,000000000,0118.697,0002.493,-001.338,0167
 
000021110,000000000,000000000,0118.695,0002.486,-001.340,0166
 
000021130,000000000,000000000,0118.699,0002.499,-001.343,0169
 
000021150,000000000,000000000,0118.695,0002.473,-001.346,0167
 
000021170,000000000,000000000,0118.682,0002.489,-001.371,0166
 
000021190,000000000,000000000,0118.672,0002.484,-001.372,0169
 
000021210,000000000,000000000,0118.690,0002.457,-001.349,0167
 
000021230,000000000,000000000,0118.710,0002.452,-001.351,0166
 
000021250,000000000,000000000,0118.698,0002.448,-001.352,0174
 
000021270,000000000,000000000,0118.708,0002.469,-001.354,0167
 
000021290,000000000,000000000,0118.724,0002.488,-001.357,0166
 
000021310,000000000,000000000,0118.729,0002.504,-001.355,0006
 
000021330,000000000,000000000,0118.726,0002.496,-001.332,0167
 
000021350,000000000,000000000,0118.721,0002.512,-001.314,0006
 
000021370,000000000,000000000,0118.724,0002.505,-001.317,0173
 
000021390,000000000,000000000,0118.726,0002.496,-001.321,0171
 
000021410,000000000,000000000,0118.731,0002.488,-001.325,0006
 
000021430,000000000,000000000,0118.745,0002.480,-001.326,0173
 
000021450,000000000,000000000,0118.745,0002.451,-001.330,0167
 
000021470,000000000,000000000,0118.732,0002.424,-001.333,0006
 
000021490,000000000,000000000,0118.746,0002.447,-001.316,0006
 
000021510,000000000,000000000,0118.743,0002.467,-001.366,0168
 
000021530,000000000,000000000,0118.738,0002.459,-001.409,0006
 
000021550,000000000,000000000,0118.752,0002.476,-001.426,0006
 
000021570,000000000,000000000,0118.748,0002.495,-001.444,0006
 
000021590,000000000,000000000,0118.755,0002.481,-001.413,0006
 
000021610,000000000,000000000,0118.760,0002.493,-001.405,0179
 
000021630,000000000,000000000,0118.766,0002.490,-001.403,0167
 
000021650,000000000,000000000,0118.772,0002.459,-001.399,0166
 
000021670,000000000,000000000,0118.779,0002.455,-001.417,0169
 
000021690,000000000,000000000,0118.776,0002.475,-001.415,0166
 
000021710,000000000,000000000,0118.767,0002.492,-001.411,0166
 
000021730,000000000,000000000,0118.773,0002.486,-001.406,0167
 
000021750,000000000,000000000,0118.775,0002.478,-001.403,0166
 
000021770,000000000,000000000,0118.788,0002.470,-001.352,0166
 
000021790,000000000,000000000,0118.784,0002.461,-001.329,0169
 
000021810,000000000,000000000,0118.785,0002.480,-001.353,0178
 
000021830,000000000,000000000,0118.795,0002.517,-001.353,0006
 
000021850,000000000,000000000,0118.799,0002.507,-001.331,0169
 
000021870,000000000,000000000,0118.810,0002.494,-001.333,0167
 
000021890,000000000,000000000,0118.791,0002.509,-001.335,0166
 
000021910,000000000,000000000,0118.797,0002.521,-001.336,0174
 
000021930,000000000,000000000,0118.802,0002.531,-001.339,0167
 
000021950,000000000,000000000,0118.788,0002.521,-001.340,0179
 
000021970,000000000,000000000,0118.782,0002.513,-001.344,0174
 
000021990,000000000,000000000,0118.782,0002.500,-001.344,0006
 
000022010,000000000,000000000,0118.776,0002.518,-001.367,0006
 
000022030,000000000,000000000,0118.779,0002.523,-001.364,0179
 
000022050,000000000,000000000,0118.768,0002.508,-001.340,0006
 
000022070,000000000,000000000,0118.759,0002.538,-001.338,0006
 
000022090,000000000,000000000,0118.765,0002.523,-001.339,0179
 
000022110,000000000,000000000,0118.766,0002.511,-001.294,0167
 
000022130,000000000,000000000,0118.757,0002.501,-001.297,0179
 
000022150,000000000,000000000,0118.761,0002.492,-001.304,0006
 
000022170,000000000,000000000,0118.757,0002.483,-001.286,0173
 
000022190,000000000,000000000,0118.762,0002.471,-001.292,0007
 
000022210,000000000,000000000,0118.768,0002.484,-001.299,0179
 
000022230,000000000,000000000,0118.761,0002.495,-001.304,0166
 
000022250,000000000,000000000,0118.763,0002.465,-001.308,0007
 
000022270,000000000,000000000,0118.757,0002.475,-001.313,0179
 
000022290,000000000,000000000,0118.775,0002.486,-001.314,0166
 
000022310,000000000,000000000,0118.772,0002.475,-001.297,0006
 
000022330,000000000,000000000,0118.775,0002.490,-001.303,0169
 
000022350,000000000,000000000,0118.769,0002.502,-001.307,0167
 
000022370,000000000,000000000,0118.776,0002.467,-001.311,0166
 
000022390,000000000,000000000,0118.780,0002.480,-001.272,0169
 
000022410,000000000,000000000,0118.778,0002.471,-001.256,0167
 
000022430,000000000,000000000,0118.773,0002.480,-001.243,0166
 
000022450,000000000,000000000,0118.780,0002.441,-001.275,0169
 
000022470,000000000,000000000,0118.773,0002.415,-001.303,0179
 
000022490,000000000,000000000,0118.767,0002.383,-001.309,0166
 
000022510,000000000,000000000,0118.765,0002.387,-001.311,0169
 
000022530,000000000,000000000,0118.768,0002.408,-001.314,0167
 
000022550,000000000,000000000,0118.767,0002.405,-001.341,0166
 
000022570,000000000,000000000,0118.778,0002.378,-001.340,0169
 
000022590,000000000,000000000,0118.789,0002.325,-001.314,0007
 
000022610,000000000,000000000,0118.800,0002.354,-001.297,0166
 
000022630,000000000,000000000,0118.804,0002.397,-001.300,0169
 
000022650,000000000,000000000,0118.803,0002.413,-001.282,0167
 
000022670,000000000,000000000,0118.799,0002.407,-001.307,0167
 
000022690,000000000,000000000,0118.796,0002.400,-001.310,0174
 
000022710,000000000,000000000,0118.806,0002.376,-001.291,0167
 
000022730,000000000,000000000,0118.815,0002.373,-001.296,0179
 
000022750,000000000,000000000,0118.813,0002.393,-001.300,0007
 
000022770,000000000,000000000,0118.816,0002.385,-001.280,0167
 
000022790,000000000,000000000,0118.819,0002.401,-001.284,0007
 
000022810,000000000,000000000,0118.820,0002.441,-001.288,0167
 
000022830,000000000,000000000,0118.811,0002.479,-001.295,0167
 
000022850,000000000,000000000,0118.812,0002.486,-001.298,0007
 
000022870,000000000,000000000,0118.812,0002.470,-001.301,0173
 
000022890,000000000,000000000,0118.809,0002.461,-001.305,0172
 
000022910,000000000,000000000,0118.794,0002.450,-001.330,0007
 
000022930,000000000,000000000,0118.790,0002.417,-001.308,0173
 
000022950,000000000,000000000,0118.798,0002.409,-001.312,0167
 
000022970,000000000,000000000,0118.801,0002.428,-001.314,0006
 
000022990,000000000,000000000,0118.809,0002.421,-001.317,0007
 
000023010,000000000,000000000,0118.802,0002.372,-001.318,0007
 
000023030,000000000,000000000,0118.808,0002.369,-001.300,0007
 
000023050,000000000,000000000,0118.816,0002.337,-001.279,0007
 
000023070,000000000,000000000,0118.829,0002.320,-001.264,0166
 
000023090,000000000,000000000,0118.841,0002.322,-001.293,0007
 
000023110,000000000,000000000,0118.847,0002.321,-001.272,0179
 
000023130,000000000,000000000,0118.847,0002.296,-001.253,0167
 
000023150,000000000,000000000,0118.847,0002.297,-001.280,0007
 
000023170,000000000,000000000,0118.850,0002.327,-001.286,0007
 
000023190,000000000,000000000,0118.857,0002.325,-001.291,0007
 
000023210,000000000,000000000,0118.850,0002.323,-001.295,0007
 
000023230,000000000,000000000,0118.853,0002.320,-001.253,0174
 
000023250,000000000,000000000,0118.850,0002.319,-001.238,0007
 
000023270,000000000,000000000,0118.846,0002.345,-001.225,0007
 
000023290,000000000,000000000,0118.844,0002.344,-001.239,0179
 
000023310,000000000,000000000,0118.850,0002.340,-001.246,0007
 
000023330,000000000,000000000,0118.856,0002.314,-001.252,0006
 
000023350,000000000,000000000,0118.845,0002.315,-001.259,0179
 
000023370,000000000,000000000,0118.848,0002.341,-001.265,0007
 
000023390,000000000,000000000,0118.848,0002.358,-001.267,0007
 
000023410,000000000,000000000,0118.853,0002.354,-001.275,0007
 
000023430,000000000,000000000,0118.865,0002.352,-001.280,0007
 
000023450,000000000,000000000,0118.870,0002.329,-001.284,0007
 
000023470,000000000,000000000,0118.868,0002.326,-001.265,0007
 
000023490,000000000,000000000,0118.869,0002.324,-001.270,0166
 
000023510,000000000,000000000,0118.872,0002.326,-001.275,0006
 
000023530,000000000,000000000,0118.886,0002.323,-001.279,0166
 
000023550,000000000,000000000,0118.885,0002.299,-001.283,0166
 
000023570,000000000,000000000,0118.880,0002.322,-001.285,0007
 
000023590,000000000,000000000,0118.883,0002.322,-001.287,0166
 
000023610,000000000,000000000,0118.881,0002.367,-001.291,0167
 
000023630,000000000,000000000,0118.896,0002.360,-001.274,0006
 
000023650,000000000,000000000,0118.923,0002.376,-001.257,0169
 
000023670,000000000,000000000,0118.929,0002.345,-001.240,0167
 
000023690,000000000,000000000,0118.932,0002.363,-001.248,0166
 
000023710,000000000,000000000,0118.934,0002.382,-001.255,0169
 
000023730,000000000,000000000,0118.940,0002.376,-001.260,0167
 
000023750,000000000,000000000,0118.935,0002.367,-001.266,0167
 
000023770,000000000,000000000,0118.935,0002.384,-001.271,0169
 
000023790,000000000,000000000,0118.943,0002.353,-001.275,0166
 
000023810,000000000,000000000,0118.937,0002.323,-001.279,0166
 
000023830,000000000,000000000,0118.943,0002.345,-001.303,0169
 
000023850,000000000,000000000,0118.939,0002.340,-001.282,0167
 
000023870,000000000,000000000,0118.940,0002.335,-001.262,0167
 
000023890,000000000,000000000,0118.946,0002.355,-001.246,0169
 
000023910,000000000,000000000,0118.941,0002.352,-001.255,0167
 
000023930,000000000,000000000,0118.929,0002.349,-001.285,0166
 
000023950,000000000,000000000,0118.931,0002.366,-001.287,0179
 
000023970,000000000,000000000,0118.942,0002.360,-001.246,0167
 
000023990,000000000,000000000,0118.934,0002.354,-001.254,0006
 
000024010,000000000,000000000,0118.930,0002.370,-001.258,0174
 
000024030,000000000,000000000,0118.941,0002.384,-001.265,0168
 
000024050,000000000,000000000,0118.940,0002.373,-001.246,0006
 
000024070,000000000,000000000,0118.940,0002.390,-001.253,0179
 
000024090,000000000,000000000,0118.933,0002.403,-001.259,0167
 
000024110,000000000,000000000,0118.937,0002.391,-001.241,0007
 
000024130,000000000,000000000,0118.936,0002.356,-001.248,0179
 
000024150,000000000,000000000,0118.941,0002.370,-001.255,0007
 
000024170,000000000,000000000,0118.950,0002.361,-001.237,0007
 
000024190,000000000,000000000,0118.952,0002.351,-001.242,0173
 
000024210,000000000,000000000,0118.965,0002.366,-001.250,0166
 
000024230,000000000,000000000,0118.959,0002.380,-001.255,0007
 
000024250,000000000,000000000,0118.954,0002.417,-001.263,0007
 
000024270,000000000,000000000,0118.954,0002.445,-001.224,0178
 
000024290,000000000,000000000,0118.954,0002.427,-001.253,0007
 
000024310,000000000,000000000,0118.961,0002.410,-001.235,0007
 
000024330,000000000,000000000,0118.954,0002.396,-001.242,0007
 
000024350,000000000,000000000,0118.939,0002.362,-001.246,0007
 
000024370,000000000,000000000,0118.943,0002.355,-001.210,0173
 
000024390,000000000,000000000,0118.954,0002.366,-001.173,0167
 
000024410,000000000,000000000,0118.956,0002.333,-001.164,0166
 
000024430,000000000,000000000,0118.943,0002.331,-001.158,0169
 
000024450,000000000,000000000,0118.946,0002.370,-001.171,0166
 
000024470,000000000,000000000,0118.944,0002.319,-001.183,0166
 
000024490,000000000,000000000,0118.948,0002.338,-001.197,0169
 
000024510,000000000,000000000,0118.941,0002.353,-001.186,0167
 
000024530,000000000,000000000,0118.939,0002.348,-001.179,0166
 
000024550,000000000,000000000,0118.928,0002.320,-001.173,0169
 
000024570,000000000,000000000,0118.924,0002.337,-001.208,0167
 
000024590,000000000,000000000,0118.940,0002.375,-001.217,0166
 
000024610,000000000,000000000,0118.943,0002.340,-001.204,0169
 
000024630,000000000,000000000,0118.936,0002.380,-001.214,0167
 
000024650,000000000,000000000,0118.928,0002.457,-001.203,0007
 
000024670,000000000,000000000,0118.938,0002.434,-001.190,0007
 
000024690,000000000,000000000,0118.945,0002.420,-001.223,0167
 
000024710,000000000,000000000,0118.955,0002.401,-001.232,0180
 
000024730,000000000,000000000,0118.952,0002.385,-001.193,0177
 
000024750,000000000,000000000,0118.952,0002.374,-001.203,0007
 
000024770,000000000,000000000,0118.943,0002.366,-001.215,0007
 
000024790,000000000,000000000,0118.937,0002.333,-001.225,0179
 
000024810,000000000,000000000,0118.934,0002.346,-001.206,0007
 
000024830,000000000,000000000,0118.941,0002.338,-001.219,0007
 
000024850,000000000,000000000,0118.938,0002.332,-001.226,0179
 
000024870,000000000,000000000,0118.943,0002.368,-001.211,0167
 
000024890,000000000,000000000,0118.950,0002.377,-001.223,0007
 
000024910,000000000,000000000,0118.950,0002.387,-001.207,0173
 
000024930,000000000,000000000,0118.961,0002.375,-001.196,0007
 
000024950,000000000,000000000,0118.964,0002.382,-001.208,0007
 
000024970,000000000,000000000,0118.955,0002.388,-001.236,0173
 
000024990,000000000,000000000,0118.945,0002.374,-001.199,0166
 
000025010,000000000,000000000,0118.939,0002.361,-001.211,0007
 
000025030,000000000,000000000,0118.944,0002.391,-001.196,0007
 
000025050,000000000,000000000,0118.951,0002.398,-001.206,0178
 
000025070,000000000,000000000,0118.947,0002.359,-001.216,0006
 
000025090,000000000,000000000,0118.944,0002.374,-001.224,0179
 
000025110,000000000,000000000,0118.954,0002.341,-001.209,0167
 
000025130,000000000,000000000,0118.963,0002.307,-001.218,0166
 
000025150,000000000,000000000,0118.983,0002.300,-001.223,0169
 
000025170,000000000,000000000,0118.976,0002.294,-001.233,0166
 
000025190,000000000,000000000,0118.980,0002.266,-001.215,0166
 
000025210,000000000,000000000,0118.972,0002.241,-001.246,0169
 
000025230,000000000,000000000,0118.976,0002.263,-001.230,0167
 
000025250,000000000,000000000,0118.985,0002.236,-001.237,0166
 
000025270,000000000,000000000,0118.988,0002.236,-001.262,0169
 
000025290,000000000,000000000,0118.986,0002.213,-001.268,0168
 
000025310,000000000,000000000,0118.989,0002.191,-001.270,0166
 
000025330,000000000,000000000,0118.982,0002.190,-001.269,0167
 
000025350,000000000,000000000,0118.985,0002.213,-001.271,0167
 
000025370,000000000,000000000,0118.999,0002.261,-001.275,0007
 
000025390,000000000,000000000,0119.018,0002.233,-001.275,0007
 
000025410,000000000,000000000,0119.022,0002.212,-001.280,0167
 
000025430,000000000,000000000,0119.030,0002.211,-001.279,0166
 
000025450,000000000,000000000,0119.038,0002.212,-001.259,0169
 
000025470,000000000,000000000,0119.052,0002.215,-001.265,0167
 
000025490,000000000,000000000,0119.061,0002.261,-001.266,0179
 
000025510,000000000,000000000,0119.049,0002.255,-001.246,0174
 
000025530,000000000,000000000,0119.041,0002.271,-001.251,0167
 
000025550,000000000,000000000,0119.054,0002.291,-001.254,0179
 
000025570,000000000,000000000,0119.050,0002.283,-001.257,0007
 
000025590,000000000,000000000,0119.050,0002.276,-001.284,0171
 
000025610,000000000,000000000,0119.056,0002.294,-001.283,0007
 
000025630,000000000,000000000,0119.058,0002.286,-001.285,0173
 
000025650,000000000,000000000,0119.063,0002.278,-001.285,0167
 
000025670,000000000,000000000,0119.067,0002.273,-001.284,0180
 
000025690,000000000,000000000,0119.068,0002.268,-001.218,0179
 
000025710,000000000,000000000,0119.070,0002.237,-001.201,0166
 
000025730,000000000,000000000,0119.066,0002.214,-001.210,0007
 
000025750,000000000,000000000,0119.067,0002.236,-001.176,0007
 
000025770,000000000,000000000,0119.078,0002.229,-001.184,0178
 
000025790,000000000,000000000,0119.081,0002.208,-001.193,0006
 
000025810,000000000,000000000,0119.097,0002.162,-001.206,0179
 
000025830,000000000,000000000,0119.095,0002.165,-001.235,0167
 
000025850,000000000,000000000,0119.092,0002.147,-001.218,0006
 
000025870,000000000,000000000,0119.105,0002.152,-001.205,0179
 
000025890,000000000,000000000,0119.105,0002.133,-001.211,0180
 
000025910,000000000,000000000,0119.124,0002.143,-001.287,0166
 
000025930,000000000,000000000,0119.133,0002.191,-001.311,0169
 
000025950,000000000,000000000,0119.153,0002.213,-001.305,0167
 
000025970,000000000,000000000,0119.150,0002.187,-001.302,0166
 
000025990,000000000,000000000,0119.149,0002.190,-001.302,0169
 
000026010,000000000,000000000,0119.147,0002.167,-001.296,0167
 
000026030,000000000,000000000,0119.160,0002.173,-001.296,0166
 
000026050,000000000,000000000,0119.156,0002.193,-001.250,0169
 
000026070,000000000,000000000,0119.148,0002.195,-001.250,0167
 
000026090,000000000,000000000,0119.160,0002.168,-001.186,0166
 
000026110,000000000,000000000,0119.154,0002.172,-001.195,0169
 
000026131,000000000,000000000,0119.155,0002.173,-001.202,1023
 
000026151,000000000,000000000,0119.158,0002.178,-001.212,1023
 
000026171,000000000,000000000,0119.164,0002.201,-001.219,1023
 
000026191,000000000,000000000,0119.167,0002.206,-001.223,1023
 
000026211,000000000,000000000,0119.175,0002.202,-001.164,1023
 
000026231,000000000,000000000,0119.178,0002.202,-001.174,1023
 
000026251,000000000,000000000,0119.135,0002.206,-001.188,1023
 
000026271,000000000,000000000,0119.018,0002.250,-001.203,1023
 
000026291,000000000,000000000,0118.764,0002.542,-001.218,1023
 
000026310,000000000,000000000,0118.059,0003.003,-001.203,0166
 
000026330,000000000,000000000,0116.948,0003.497,-001.239,0179
 
000026350,000000000,000000000,0115.516,0003.955,-001.295,0175
 
000026370,000000000,000000000,0113.935,0004.030,-001.324,0167
 
000026390,000000000,000000000,0112.409,0003.792,-001.333,0006
 
000026410,000000000,000000000,0111.129,0003.467,-001.366,0179
 
000026430,000000000,000000000,0110.032,0003.168,-001.375,0006
 
000026450,000000000,000000000,0109.040,0003.046,-001.399,0006
 
000026470,000000000,000000000,0108.123,0003.032,-001.381,0169
 
000026490,000000000,000000000,0107.315,0002.905,-001.366,0178
 
000026510,000000000,000000000,0106.536,0002.599,-001.373,0006
 
000026530,000000000,000000000,0105.928,0002.438,-001.379,0006
 
000026550,000000000,000000000,0105.368,0002.301,-001.356,0167
 
000026570,000000000,000000000,0104.902,0002.171,-001.356,0006
 
000026590,000000000,000000000,0104.410,0002.204,-001.335,0179
 
000026610,000000000,000000000,0103.937,0002.110,-001.294,0167
 
000026630,000000000,000000000,0103.465,0002.133,-001.299,0006
 
000026650,000000000,000000000,0103.071,0002.183,-001.281,0179
 
000026670,000000000,000000000,0102.690,0002.110,-001.265,0166
 
000026690,000000000,000000000,0102.327,0002.113,-001.220,0006
 
000026710,000000000,000000000,0102.049,0002.014,-001.204,0006
 
000026730,000000000,000000000,0101.774,0002.021,-001.217,0167
 
000026750,000000000,000000000,0101.515,0002.048,-001.226,0006
 
000026770,000000000,000000000,0101.258,0002.056,-001.203,0177
 
000026790,000000000,000000000,0101.054,0002.028,-001.192,0006
 
000026810,000000000,000000000,0100.822,0002.022,-001.176,0006
 
000026830,000000000,000000000,0100.618,0002.022,-001.160,0177
 
000026850,000000000,000000000,0100.451,0001.974,-001.195,0006
 
000026870,000000000,000000000,0100.330,0001.937,-001.200,0006
 
000026890,000000000,000000000,0100.211,0001.950,-001.157,0006
 
000026910,000000000,000000000,0100.118,0001.965,-001.149,0007
 
000026930,000000000,000000000,0100.063,0001.984,-001.182,0006
 
000026950,000000000,000000000,0100.052,0001.974,-001.186,0173
 
000026970,000000000,000000000,0100.034,0001.966,-001.213,0166
 
000026990,000000000,000000000,0100.051,0001.960,-001.193,0006
 
000027010,000000000,000000000,0100.073,0001.956,-001.152,0166
 
000027030,000000000,000000000,0100.105,0001.970,-001.162,0166
 
000027050,000000000,000000000,0100.127,0001.986,-001.170,0006
 
000027070,000000000,000000000,0100.138,0002.004,-001.156,0169
 
000027090,000000000,000000000,0100.163,0002.035,-001.143,0166
 
000027110,000000000,000000000,0100.200,0002.001,-001.151,0006
 
000027130,000000000,000000000,0100.262,0002.011,-001.115,0176
 
000027150,000000000,000000000,0100.329,0002.024,-001.127,0172
 
000027170,000000000,000000000,0100.385,0001.989,-001.161,0006
 
000027190,000000000,000000000,0100.435,0002.001,-001.146,0169
 
000027210,000000000,000000000,0100.489,0002.038,-001.159,0179
 
000027230,000000000,000000000,0100.496,0002.049,-001.165,0006
 
000027250,000000000,000000000,0100.526,0002.056,-001.129,0169
 
000027270,000000000,000000000,0100.538,0002.179,-001.121,0178
 
000027290,000000000,000000000,0100.545,0002.197,-001.133,0006
 
000027310,000000000,000000000,0100.558,0002.210,-001.120,0006
 
000027330,000000000,000000000,0100.575,0002.203,-001.111,0167
 
000027350,000000000,000000000,0100.580,0002.195,-001.101,0006
 
000027370,000000000,000000000,0100.583,0002.188,-001.093,0177
 
000027390,000000000,000000000,0100.581,0002.163,-001.108,0006
 
000027410,000000000,000000000,0100.579,0002.161,-001.145,0173
 
000027430,000000000,000000000,0100.586,0002.157,-001.158,0179
 
000027450,000000000,000000000,0100.590,0002.177,-001.166,0006
 
000027470,000000000,000000000,0100.595,0002.147,-001.174,0166
 
000027490,000000000,000000000,0100.595,0002.165,-001.179,0179
 
000027510,000000000,000000000,0100.612,0002.161,-001.185,0006
 
000027530,000000000,000000000,0100.633,0002.158,-001.168,0173
 
000027550,000000000,000000000,0100.646,0002.154,-001.177,0007
 
000027570,000000000,000000000,0100.649,0002.154,-001.181,0167
 
000027590,000000000,000000000,0100.658,0002.171,-001.165,0006
 
000027610,000000000,000000000,0100.670,0002.167,-001.174,0006
 
000027630,000000000,000000000,0100.681,0002.162,-001.179,0006
 
000027650,000000000,000000000,0100.693,0002.155,-001.186,0006
 
000027670,000000000,000000000,0100.706,0002.150,-001.191,0006
 
000027690,000000000,000000000,0100.720,0002.146,-001.175,0006
 
000027710,000000000,000000000,0100.734,0002.164,-001.140,0006
 
000027730,000000000,000000000,0100.753,0002.160,-001.149,0006
 
000027750,000000000,000000000,0100.771,0002.179,-001.155,0166
 
000027770,000000000,000000000,0100.781,0002.194,-001.139,0166
 
000027790,000000000,000000000,0100.792,0002.187,-001.148,0174
 
000027810,000000000,000000000,0100.807,0002.181,-001.135,0167
 
000027830,000000000,000000000,0100.800,0002.199,-001.166,0006
 
000027850,000000000,000000000,0100.800,0002.213,-001.151,0166
 
000027870,000000000,000000000,0100.800,0002.207,-001.139,0171
 
000027890,000000000,000000000,0100.810,0002.197,-001.125,0006
 
000027910,000000000,000000000,0100.821,0002.213,-001.137,0169
 
000027930,000000000,000000000,0100.816,0002.201,-001.147,0166
 
000027950,000000000,000000000,0100.827,0002.237,-001.178,0166
 
000027970,000000000,000000000,0100.834,0002.248,-001.162,0173
 
000027990,000000000,000000000,0100.816,0002.234,-001.123,0178
 
000028010,000000000,000000000,0100.822,0002.221,-001.112,0006
 
000028030,000000000,000000000,0100.818,0002.233,-001.124,0169
 
000028050,000000000,000000000,0100.827,0002.240,-001.137,0006
 
000028070,000000000,000000000,0100.826,0002.204,-001.167,0167
 
000028090,000000000,000000000,0100.820,0002.169,-001.172,0006
 
000028110,000000000,000000000,0100.833,0002.163,-001.180,0166
 
000028130,000000000,000000000,0100.839,0002.159,-001.207,0006
 
000028150,000000000,000000000,0100.847,0002.176,-001.189,0169
 
000028170,000000000,000000000,0100.845,0002.167,-001.214,0006
 
000028190,000000000,000000000,0100.856,0002.134,-001.215,0167
 
000028210,000000000,000000000,0100.873,0002.105,-001.149,0006
 
000028230,000000000,000000000,0100.899,0002.104,-001.137,0006
 
000028250,000000000,000000000,0100.911,0002.150,-001.125,0173
 
000028270,000000000,000000000,0100.923,0002.142,-001.113,0006
 
000028290,000000000,000000000,0100.921,0002.113,-001.057,0006
 
000028310,000000000,000000000,0100.917,0002.114,-001.073,0179
 
000028330,000000000,000000000,0100.915,0002.113,-001.067,0006
 
000028350,000000000,000000000,0100.914,0002.134,-001.085,0007
 
000028370,000000000,000000000,0100.916,0002.154,-001.099,0006
 
000028390,000000000,000000000,0100.914,0002.169,-001.090,0006
 
000028410,000000000,000000000,0100.936,0002.140,-001.037,0006
 
000028430,000000000,000000000,0100.942,0002.160,-001.013,0006
 
000028450,000000000,000000000,0100.930,0002.177,-000.992,0166
 
000028470,000000000,000000000,0100.943,0002.192,-001.017,0166
 
000028490,000000000,000000000,0100.966,0002.181,-001.013,0007
 
000028510,000000000,000000000,0100.956,0002.146,-000.966,0167
 
000028530,000000000,000000000,0100.958,0002.137,-000.968,0167
 
000028550,000000000,000000000,0100.965,0002.133,-000.970,0179
 
000028570,000000000,000000000,0100.965,0002.131,-001.018,0167
 
000028590,000000000,000000000,0100.971,0002.174,-001.040,0167
 
000028610,000000000,000000000,0100.973,0002.208,-001.058,0007
 
000028630,000000000,000000000,0100.969,0002.171,-001.053,0167
 
000028650,000000000,000000000,0100.979,0002.208,-001.093,0171
 
000028670,000000000,000000000,0100.994,0002.241,-001.106,0006
 
000028690,000000000,000000000,0100.998,0002.247,-001.141,0169
 
000028710,000000000,000000000,0101.006,0002.256,-001.171,0166
 
000028730,000000000,000000000,0100.997,0002.214,-001.176,0006
 
000028750,000000000,000000000,0100.997,0002.177,-001.159,0169
 
000028770,000000000,000000000,0100.993,0002.190,-001.166,0178
 
000028790,000000000,000000000,0101.005,0002.227,-001.174,0006
 
000028810,000000000,000000000,0101.008,0002.211,-001.157,0169
 
000028830,000000000,000000000,0101.015,0002.175,-001.186,0179
 
000028850,000000000,000000000,0101.024,0002.165,-001.169,0006
 
000028870,000000000,000000000,0101.006,0002.180,-001.176,0177
 
000028890,000000000,000000000,0101.020,0002.169,-001.159,0178
 
000028910,000000000,000000000,0101.017,0002.205,-001.168,0006
 
000028930,000000000,000000000,0101.017,0002.172,-001.153,0179
 
000028950,000000000,000000000,0101.038,0002.182,-001.114,0006
 
000028970,000000000,000000000,0101.032,0002.174,-001.126,0006
 
000028990,000000000,000000000,0101.040,0002.163,-001.114,0179
 
000029010,000000000,000000000,0101.032,0002.128,-001.079,0006
 
000029030,000000000,000000000,0101.038,0002.123,-001.072,0006
 
000029050,000000000,000000000,0101.041,0002.096,-001.066,0177
 
000029070,000000000,000000000,0101.050,0002.117,-001.059,0006
 
000029090,000000000,000000000,0101.055,0002.115,-001.077,0006
 
000029110,000000000,000000000,0101.056,0002.135,-001.092,0006
 
000029130,000000000,000000000,0101.053,0002.110,-001.106,0006
 
000029150,000000000,000000000,0101.049,0002.105,-001.117,0006
 
000029170,000000000,000000000,0101.045,0002.101,-001.128,0006
 
000029190,000000000,000000000,0101.035,0002.123,-001.116,0006
 
000029210,000000000,000000000,0101.038,0002.117,-001.127,0006
 
000029230,000000000,000000000,0101.035,0002.108,-001.158,0006
 
000029250,000000000,000000000,0101.029,0002.103,-001.185,0007
 
000029270,000000000,000000000,0101.030,0002.101,-001.147,0006
 
000029290,000000000,000000000,0101.034,0002.099,-001.109,0166
 
000029310,000000000,000000000,0101.049,0002.118,-001.122,0166
 
000029330,000000000,000000000,0101.064,0002.093,-001.134,0179
 
000029350,000000000,000000000,0101.056,0002.091,-001.121,0179
 
000029370,000000000,000000000,0101.062,0002.108,-001.108,0166
 
000029390,000000000,000000000,0101.059,0002.059,-001.120,0006
 
000029410,000000000,000000000,0101.078,0002.080,-001.108,0169
 
000029430,000000000,000000000,0101.091,0002.078,-001.119,0166
 
000029450,000000000,000000000,0101.088,0002.074,-001.128,0006
 
000029470,000000000,000000000,0101.105,0002.050,-001.094,0169
 
000029490,000000000,000000000,0101.111,0002.053,-001.109,0172
 
000029510,000000000,000000000,0101.121,0002.075,-001.141,0006
 
000029530,000000000,000000000,0101.126,0002.051,-001.147,0169
 
000029550,000000000,000000000,0101.137,0002.097,-001.155,0179
 
000029570,000000000,000000000,0101.143,0002.096,-001.162,0006
 
000029590,000000000,000000000,0101.149,0002.092,-001.170,0169
 
000029610,000000000,000000000,0101.142,0002.086,-001.177,0178
 
000029630,000000000,000000000,0101.141,0002.084,-001.183,0006
 
000029650,000000000,000000000,0101.142,0002.057,-001.166,0172
 
000029670,000000000,000000000,0101.144,0002.012,-001.148,0006
 
000029690,000000000,000000000,0101.148,0002.041,-001.154,0006
 
000029710,000000000,000000000,0101.147,0002.066,-001.138,0179
 
000029730,000000000,000000000,0101.145,0002.066,-001.126,0006
 
000029750,000000000,000000000,0101.141,0002.086,-001.112,0173
 
000029770,000000000,000000000,0101.150,0002.059,-001.101,0179
 
000029790,000000000,000000000,0101.155,0002.061,-001.091,0006
 
000029810,000000000,000000000,0101.144,0002.080,-001.103,0173
 
000029830,000000000,000000000,0101.135,0002.077,-001.138,0179
 
000029850,000000000,000000000,0101.149,0002.071,-001.147,0006
 
000029870,000000000,000000000,0101.155,0002.065,-001.154,0006
 
000029890,000000000,000000000,0101.163,0002.085,-001.162,0179
 
000029910,000000000,000000000,0101.166,0002.085,-001.210,0166
 
000029930,000000000,000000000,0101.162,0002.077,-001.189,0166
 
000029950,000000000,000000000,0101.147,0002.097,-001.214,0169
 
000029970,000000000,000000000,0101.162,0002.092,-001.214,0167
 
000029990,000000000,000000000,0101.171,0002.063,-001.192,0006
 
000030010,000000000,000000000,0101.175,0002.037,-001.173,0166
 
000030030,000000000,000000000,0101.180,0002.038,-001.155,0167
 
000030050,000000000,000000000,0101.182,0002.037,-001.138,0166
 
000030070,000000000,000000000,0101.183,0002.060,-001.124,0167
 
000030090,000000000,000000000,0101.187,0002.060,-001.110,0167
 
000030110,000000000,000000000,0101.185,0002.059,-001.099,0006
 
000030130,000000000,000000000,0101.180,0002.079,-001.110,0167
 
000030150,000000000,000000000,0101.182,0002.050,-001.120,0171
 
000030170,000000000,000000000,0101.173,0002.047,-001.129,0006
 
000030190,000000000,000000000,0101.173,0002.021,-001.160,0167
 
000030210,000000000,000000000,0101.170,0002.000,-001.140,0172
 
000030230,000000000,000000000,0101.169,0002.004,-001.126,0006
 
000030250,000000000,000000000,0101.180,0002.009,-001.114,0169
 
000030270,000000000,000000000,0101.188,0001.969,-001.104,0178
 
000030290,000000000,000000000,0101.193,0001.998,-001.095,0006
 
000030310,000000000,000000000,0101.192,0002.000,-001.131,0169
 
000030330,000000000,000000000,0101.185,0002.026,-001.115,0178
 
000030350,000000000,000000000,0101.200,0002.006,-001.147,0006
 
000030370,000000000,000000000,0101.205,0002.052,-001.155,0169
 
000030390,000000000,000000000,0101.190,0002.049,-001.140,0178
 
000030410,000000000,000000000,0101.191,0002.066,-001.147,0006
 
000030430,000000000,000000000,0101.206,0002.064,-001.155,0179
 
000030450,000000000,000000000,0101.215,0002.081,-001.139,0006
 
000030470,000000000,000000000,0101.211,0002.079,-001.126,0006
 
000030490,000000000,000000000,0101.186,0002.097,-001.135,0169
 
000030510,000000000,000000000,0101.191,0002.114,-001.145,0166
 
000030530,000000000,000000000,0101.194,0002.109,-001.133,0006
 
000030550,000000000,000000000,0101.208,0002.122,-001.140,0169
 
000030570,000000000,000000000,0101.211,0002.156,-001.124,0006
 
000030590,000000000,000000000,0101.197,0002.141,-001.111,0166
 
000030610,000000000,000000000,0101.190,0002.128,-001.122,0169
 
000030630,000000000,000000000,0101.192,0002.118,-001.154,0006
 
000030650,000000000,000000000,0101.185,0002.130,-001.156,0006
 
000030670,000000000,000000000,0101.176,0002.136,-001.115,0006
 
000030690,000000000,000000000,0101.176,0002.122,-001.103,0166
 
000030710,000000000,000000000,0101.171,0002.136,-001.113,0006
 
000030730,000000000,000000000,0101.174,0002.144,-001.101,0006
 
000030750,000000000,000000000,0101.175,0002.154,-001.133,0007
 
000030770,000000000,000000000,0101.164,0002.145,-001.120,0006
 
000030790,000000000,000000000,0101.167,0002.153,-001.106,0166
 
000030810,000000000,000000000,0101.161,0002.163,-001.116,0166
 
000030830,000000000,000000000,0101.153,0002.195,-001.126,0179
 
000030850,000000000,000000000,0101.143,0002.176,-001.134,0179
 
000030870,000000000,000000000,0101.136,0002.162,-001.142,0167
 
000030890,000000000,000000000,0101.128,0002.173,-001.108,0006
 
000030910,000000000,000000000,0101.121,0002.181,-001.098,0167
 
000030930,000000000,000000000,0101.123,0002.163,-001.088,0166
 
000030950,000000000,000000000,0101.133,0002.194,-001.100,0006
 
