000022840,000000000,000000000,0118.495,0002.529,-001.268,0166
 
000022860,000000000,000000000,0118.492,0002.547,-001.260,0167
 
000022880,000000000,000000000,0118.483,0002.534,-001.249,0167
 
000022900,000000000,000000000,0118.484,0002.526,-001.262,0166
 
000022920,000000000,000000000,0118.465,0002.532,-001.248,0169
 
000022940,000000000,000000000,0118.454,0002.486,-001.243,0007
 
000022960,000000000,000000000,0118.461,0002.446,-001.228,0007
 
000022980,000000000,000000000,0118.492,0002.487,-001.221,0173
 
000023000,000000000,000000000,0118.491,0002.500,-001.238,0006
 
000023020,000000000,000000000,0118.477,0002.470,-001.274,0179
 
000023040,000000000,000000000,0118.492,0002.416,-001.282,0169
 
000023060,000000000,000000000,0118.529,0002.447,-001.271,0006
 
000023080,000000000,000000000,0118.538,0002.442,-001.282,0007
 
000023100,000000000,000000000,0118.551,0002.460,-001.288,0179
 
000023120,000000000,000000000,0118.566,0002.500,-001.318,0170
 
000023140,000000000,000000000,0118.553,0002.514,-001.321,0006
 
000023160,000000000,000000000,0118.572,0002.484,-001.282,0172
 
000023180,000000000,000000000,0118.595,0002.474,-001.310,0006
 
000023200,000000000,000000000,0118.585,0002.448,-001.317,0006
 
000023220,000000000,000000000,0118.577,0002.465,-001.299,0172
 
000023240,000000000,000000000,0118.601,0002.455,-001.282,0166
 
000023260,000000000,000000000,0118.612,0002.471,-001.289,0007
 
000023280,000000000,000000000,0118.606,0002.489,-001.276,0166
 
000023300,000000000,000000000,0118.595,0002.480,-001.284,0167
 
000023320,000000000,000000000,0118.608,0002.498,-001.315,0007
 
000023340,000000000,000000000,0118.611,0002.513,-001.320,0179
 
000023360,000000000,000000000,0118.595,0002.547,-001.300,0166
 
000023380,000000000,000000000,0118.598,0002.558,-001.306,0166
 
000023400,000000000,000000000,0118.632,0002.564,-001.310,0169
 
000023420,000000000,000000000,0118.635,0002.549,-001.291,0167
 
000023440,000000000,000000000,0118.613,0002.532,-001.296,0167
 
000023460,000000000,000000000,0118.635,0002.542,-001.279,0169
 
000023480,000000000,000000000,0118.646,0002.550,-001.266,0166
 
000023500,000000000,000000000,0118.639,0002.559,-001.254,0166
 
000023520,000000000,000000000,0118.629,0002.541,-001.266,0006
 
000023540,000000000,000000000,0118.619,0002.548,-001.274,0167
 
000023560,000000000,000000000,0118.628,0002.560,-001.263,0006
 
000023580,000000000,000000000,0118.606,0002.566,-001.274,0169
 
000023600,000000000,000000000,0118.576,0002.599,-001.284,0167
 
000023620,000000000,000000000,0118.580,0002.556,-001.292,0166
 
000023640,000000000,000000000,0118.587,0002.522,-001.300,0173
 
000023660,000000000,000000000,0118.547,0002.509,-001.306,0167
 
000023680,000000000,000000000,0118.552,0002.567,-001.312,0173
 
000023700,000000000,000000000,0118.558,0002.548,-001.339,0174
 
000023720,000000000,000000000,0118.552,0002.530,-001.318,0167
 
000023740,000000000,000000000,0118.573,0002.559,-001.321,0173
 
000023760,000000000,000000000,0118.572,0002.589,-001.326,0007
 
000023780,000000000,000000000,0118.560,0002.569,-001.328,0167
 
000023800,000000000,000000000,0118.535,0002.575,-001.312,0007
 
000023820,000000000,000000000,0118.551,0002.578,-001.294,0179
 
000023840,000000000,000000000,0118.554,0002.557,-001.277,0167
 
000023860,000000000,000000000,0118.546,0002.562,-001.262,0007
 
000023880,000000000,000000000,0118.539,0002.592,-001.272,0172
 
000023900,000000000,000000000,0118.532,0002.575,-001.280,0006
 
000023920,000000000,000000000,0118.524,0002.553,-001.286,0007
 
000023940,000000000,000000000,0118.515,0002.538,-001.315,0172
 
000023960,000000000,000000000,0118.514,0002.568,-001.320,0166
 
000023980,000000000,000000000,0118.489,0002.571,-001.301,0006
 
000024000,000000000,000000000,0118.482,0002.547,-001.281,0179
 
000024020,000000000,000000000,0118.501,0002.554,-001.289,0166
 
000024040,000000000,000000000,0118.508,0002.553,-001.293,0007
 
000024060,000000000,000000000,0118.494,0002.579,-001.279,0006
 
000024080,000000000,000000000,0118.476,0002.559,-001.287,0007
 
000024100,000000000,000000000,0118.491,0002.539,-001.293,0007
 
000024120,000000000,000000000,0118.495,0002.523,-001.322,0179
 
000024140,000000000,000000000,0118.482,0002.532,-001.348,0167
 
000024160,000000000,000000000,0118.465,0002.560,-001.303,0166
 
000024180,000000000,000000000,0118.477,0002.564,-001.264,0169
 
000024200,000000000,000000000,0118.488,0002.568,-001.274,0167
 
000024220,000000000,000000000,0118.520,0002.545,-001.237,0166
 
000024240,000000000,000000000,0118.527,0002.526,-001.250,0166
 
000024260,000000000,000000000,0118.517,0002.531,-001.238,0167
 
000024280,000000000,000000000,0118.534,0002.515,-001.271,0166
 
000024300,000000000,000000000,0118.532,0002.502,-001.281,0169
 
000024320,000000000,000000000,0118.527,0002.466,-001.310,0167
 
000024340,000000000,000000000,0118.544,0002.437,-001.337,0167
 
000024360,000000000,000000000,0118.558,0002.453,-001.361,0169
 
000024380,000000000,000000000,0118.565,0002.442,-001.316,0167
 
000024400,000000000,000000000,0118.564,0002.454,-001.320,0007
 
000024420,000000000,000000000,0118.577,0002.421,-001.299,0173
 
000024440,000000000,000000000,0118.599,0002.457,-001.280,0167
 
000024460,000000000,000000000,0118.590,0002.464,-001.308,0007
 
000024480,000000000,000000000,0118.601,0002.429,-001.289,0173
 
000024500,000000000,000000000,0118.599,0002.400,-001.297,0006
 
000024520,000000000,000000000,0118.614,0002.393,-001.303,0007
 
000024540,000000000,000000000,0118.624,0002.411,-001.329,0179
 
000024560,000000000,000000000,0118.628,0002.425,-001.307,0170
 
000024580,000000000,000000000,0118.636,0002.462,-001.290,0007
 
000024600,000000000,000000000,0118.668,0002.472,-001.272,0179
 
000024620,000000000,000000000,0118.655,0002.458,-001.258,0007
 
000024640,000000000,000000000,0118.659,0002.423,-001.266,0006
 
000024660,000000000,000000000,0118.635,0002.440,-001.274,0172
 
000024680,000000000,000000000,0118.637,0002.451,-001.281,0007
 
000024700,000000000,000000000,0118.631,0002.440,-001.331,0007
 
000024720,000000000,000000000,0118.626,0002.434,-001.354,0179
 
000024740,000000000,000000000,0118.616,0002.404,-001.356,0166
 
000024760,000000000,000000000,0118.617,0002.418,-001.355,0007
 
000024780,000000000,000000000,0118.621,0002.413,-001.355,0007
 
000024800,000000000,000000000,0118.625,0002.402,-001.352,0007
 
000024820,000000000,000000000,0118.619,0002.392,-001.325,0007
 
000024840,000000000,000000000,0118.617,0002.408,-001.326,0007
 
000024860,000000000,000000000,0118.610,0002.426,-001.307,0007
 
000024880,000000000,000000000,0118.599,0002.462,-001.334,0007
 
000024900,000000000,000000000,0118.604,0002.473,-001.335,0169
 
000024920,000000000,000000000,0118.604,0002.483,-001.335,0167
 
000024940,000000000,000000000,0118.623,0002.469,-001.314,0007
 
000024960,000000000,000000000,0118.629,0002.456,-001.273,0169
 
000024980,000000000,000000000,0118.620,0002.441,-001.256,0166
 
000025000,000000000,000000000,0118.625,0002.430,-001.242,0166
 
000025020,000000000,000000000,0118.637,0002.418,-001.230,0007
 
000025040,000000000,000000000,0118.639,0002.409,-001.241,0167
 
000025060,000000000,000000000,0118.653,0002.381,-001.252,0007
 
000025080,000000000,000000000,0118.642,0002.421,-001.239,0169
 
000025100,000000000,000000000,0118.647,0002.433,-001.250,0166
 
000025120,000000000,000000000,0118.667,0002.465,-001.282,0173
 
000025140,000000000,000000000,0118.667,0002.430,-001.287,0169
 
000025160,000000000,000000000,0118.665,0002.421,-001.268,0007
 
000025180,000000000,000000000,0118.671,0002.458,-001.252,0007
 
000025200,000000000,000000000,0118.662,0002.488,-001.283,0006
 
000025220,000000000,000000000,0118.663,0002.470,-001.289,0167
 
000025240,000000000,000000000,0118.683,0002.455,-001.297,0007
 
000025260,000000000,000000000,0118.672,0002.484,-001.301,0179
 
000025280,000000000,000000000,0118.654,0002.511,-001.283,0167
 
000025300,000000000,000000000,0118.636,0002.493,-001.286,0006
 
000025320,000000000,000000000,0118.635,0002.477,-001.312,0179
 
000025340,000000000,000000000,0118.628,0002.459,-001.312,0007
 
000025360,000000000,000000000,0118.614,0002.422,-001.290,0007
 
000025380,000000000,000000000,0118.610,0002.430,-001.293,0172
 
000025400,000000000,000000000,0118.622,0002.418,-001.298,0006
 
000025420,000000000,000000000,0118.629,0002.403,-001.277,0007
 
000025440,000000000,000000000,0118.641,0002.387,-001.234,0172
 
000025460,000000000,000000000,0118.676,0002.402,-001.241,0166
 
000025480,000000000,000000000,0118.698,0002.415,-001.249,0007
 
000025500,000000000,000000000,0118.692,0002.452,-001.236,0007
 
000025520,000000000,000000000,0118.690,0002.441,-001.223,0171
 
000025540,000000000,000000000,0118.680,0002.426,-001.212,0007
 
000025560,000000000,000000000,0118.666,0002.435,-001.202,0007
 
000025580,000000000,000000000,0118.634,0002.424,-001.193,0007
 
000025600,000000000,000000000,0118.613,0002.389,-001.205,0007
 
000025620,000000000,000000000,0118.619,0002.380,-001.218,0179
 
000025640,000000000,000000000,0118.611,0002.348,-001.205,0167
 
000025660,000000000,000000000,0118.602,0002.295,-001.216,0007
 
000025680,000000000,000000000,0118.591,0002.317,-001.225,0006
 
000025700,000000000,000000000,0118.575,0002.318,-001.213,0007
 
000025720,000000000,000000000,0118.567,0002.317,-001.202,0167
 
000025740,000000000,000000000,0118.569,0002.316,-001.237,0169
 
000025760,000000000,000000000,0118.581,0002.334,-001.224,0167
 
000025780,000000000,000000000,0118.591,0002.353,-001.191,0167
 
000025800,000000000,000000000,0118.596,0002.322,-001.201,0169
 
000025820,000000000,000000000,0118.596,0002.341,-001.214,0167
 
000025840,000000000,000000000,0118.592,0002.356,-001.199,0173
 
000025860,000000000,000000000,0118.587,0002.370,-001.190,0007
 
000025880,000000000,000000000,0118.582,0002.363,-001.203,0167
 
000025900,000000000,000000000,0118.589,0002.379,-001.216,0166
 
000025920,000000000,000000000,0118.606,0002.371,-001.226,0169
 
000025940,000000000,000000000,0118.613,0002.382,-001.233,0167
 
000025960,000000000,000000000,0118.620,0002.371,-001.241,0166
 
000025980,000000000,000000000,0118.621,0002.410,-001.229,0173
 
000026000,000000000,000000000,0118.646,0002.394,-001.216,0006
 
000026020,000000000,000000000,0118.660,0002.402,-001.227,0179
 
000026040,000000000,000000000,0118.682,0002.392,-001.258,0174
 
000026060,000000000,000000000,0118.684,0002.426,-001.266,0007
 
000026080,000000000,000000000,0118.676,0002.432,-001.248,0007
 
000026100,000000000,000000000,0118.716,0002.417,-001.253,0179
 
000026120,000000000,000000000,0118.741,0002.425,-001.260,0007
 
000026140,000000000,000000000,0118.717,0002.429,-001.242,0007
 
000026160,000000000,000000000,0118.715,0002.414,-001.271,0172
 
000026180,000000000,000000000,0118.694,0002.400,-001.253,0166
 
000026200,000000000,000000000,0118.713,0002.365,-001.259,0179
 
000026220,000000000,000000000,0118.692,0002.377,-001.242,0166
 
000026240,000000000,000000000,0118.730,0002.410,-001.250,0166
 
000026260,000000000,000000000,0118.717,0002.465,-001.235,0007
 
000026280,000000000,000000000,0118.720,0002.468,-001.245,0166
 
000026300,000000000,000000000,0118.682,0002.473,-001.251,0167
 
000026320,000000000,000000000,0118.688,0002.500,-001.258,0007
 
000026340,000000000,000000000,0118.683,0002.454,-001.241,0179
 
000026360,000000000,000000000,0118.675,0002.460,-001.249,0167
 
000026380,000000000,000000000,0118.670,0002.468,-001.256,0166
 
000026400,000000000,000000000,0118.653,0002.425,-001.283,0167
 
000026420,000000000,000000000,0118.660,0002.408,-001.307,0166
 
000026440,000000000,000000000,0118.667,0002.397,-001.286,0166
 
000026460,000000000,000000000,0118.668,0002.406,-001.289,0169
 
000026480,000000000,000000000,0118.665,0002.411,-001.291,0166
 
000026500,000000000,000000000,0118.668,0002.418,-001.295,0166
 
000026520,000000000,000000000,0118.697,0002.379,-001.296,0173
 
000026540,000000000,000000000,0118.707,0002.389,-001.274,0166
 
000026560,000000000,000000000,0118.728,0002.379,-001.258,0166
 
000026580,000000000,000000000,0118.721,0002.392,-001.263,0169
 
000026600,000000000,000000000,0118.666,0002.379,-001.266,0167
 
000026620,000000000,000000000,0118.689,0002.368,-001.272,0166
 
000026640,000000000,000000000,0118.689,0002.379,-001.275,0169
 
000026660,000000000,000000000,0118.680,0002.390,-001.255,0167
 
000026680,000000000,000000000,0118.658,0002.400,-001.262,0166
 
000026700,000000000,000000000,0118.668,0002.405,-001.267,0169
 
000026720,000000000,000000000,0118.660,0002.387,-001.271,0167
 
000026740,000000000,000000000,0118.684,0002.395,-001.250,0006
 
000026760,000000000,000000000,0118.676,0002.404,-001.256,0179
 
000026780,000000000,000000000,0118.674,0002.391,-001.263,0167
 
000026800,000000000,000000000,0118.676,0002.376,-001.268,0007
 
000026820,000000000,000000000,0118.683,0002.407,-001.272,0179
 
000026840,000000000,000000000,0118.695,0002.390,-001.299,0006
 
000026860,000000000,000000000,0118.699,0002.375,-001.324,0007
 
000026880,000000000,000000000,0118.695,0002.359,-001.298,0172
 
000026900,000000000,000000000,0118.698,0002.370,-001.277,0006
 
000026920,000000000,000000000,0118.688,0002.332,-001.280,0007
 
000026940,000000000,000000000,0118.683,0002.318,-001.236,0172
 
000026960,000000000,000000000,0118.694,0002.264,-001.243,0166
 
000026981,000000000,000000000,0118.685,0002.241,-001.206,1023
 
000027001,000000000,000000000,0118.660,0002.308,-001.174,1023
 
000027021,000000000,000000000,0118.650,0002.367,-001.231,1023
 
000027041,000000000,000000000,0118.628,0002.352,-001.239,1023
 
000027061,000000000,000000000,0118.557,0002.339,-001.289,1023
 
000027081,000000000,000000000,0118.500,0002.368,-001.249,1023
 
000027101,000000000,000000000,0118.427,0002.386,-001.249,1023
 
000027120,000000000,000000000,0118.215,0002.420,-001.245,1023
 
000027140,000000000,000000000,0117.873,0002.641,-001.248,0166
 
000027160,000000000,000000000,0117.458,0002.734,-001.214,0166
 
000027180,000000000,000000000,0117.018,0002.829,-001.246,0169
 
000027200,000000000,000000000,0116.467,0002.796,-001.234,0166
 
000027220,000000000,000000000,0115.879,0002.834,-001.203,0166
 
000027240,000000000,000000000,0115.246,0002.848,-001.221,0169
 
000027260,000000000,000000000,0114.644,0002.842,-001.252,0167
 
000027280,000000000,000000000,0114.085,0002.776,-001.256,0166
 
000027300,000000000,000000000,0113.608,0002.676,-001.247,0169
 
000027320,000000000,000000000,0113.169,0002.573,-001.271,0167
 
000027340,000000000,000000000,0112.757,0002.456,-001.252,0179
 
000027360,000000000,000000000,0112.335,0002.446,-001.256,0173
 
000027380,000000000,000000000,0111.908,0002.401,-001.240,0006
 
000027400,000000000,000000000,0111.500,0002.398,-001.234,0006
 
000027420,000000000,000000000,0111.043,0002.371,-001.237,0166
 
000027440,000000000,000000000,0110.548,0002.399,-001.218,0167
 
000027460,000000000,000000000,0110.058,0002.411,-001.226,0173
 
000027480,000000000,000000000,0109.544,0002.380,-001.214,0179
 
000027500,000000000,000000000,0109.058,0002.374,-001.222,0167
 
000027520,000000000,000000000,0108.595,0002.303,-001.213,0007
 
000027540,000000000,000000000,0108.220,0002.235,-001.197,0006
 
000027560,000000000,000000000,0107.853,0002.197,-001.180,0166
 
000027580,000000000,000000000,0107.538,0002.190,-001.195,0007
 
000027600,000000000,000000000,0107.301,0002.171,-001.172,0169
 
000027620,000000000,000000000,0107.050,0002.094,-001.191,0172
 
000027640,000000000,000000000,0106.801,0002.139,-001.204,0006
 
000027660,000000000,000000000,0106.550,0002.192,-001.192,0167
 
000027680,000000000,000000000,0106.297,0002.172,-001.208,0176
 
000027700,000000000,000000000,0106.029,0002.207,-001.224,0007
 
000027720,000000000,000000000,0105.638,0002.295,-001.212,0167
 
000027740,000000000,000000000,0105.246,0002.289,-001.201,0179
 
000027760,000000000,000000000,0104.868,0002.237,-001.216,0007
 
000027780,000000000,000000000,0104.531,0002.238,-001.207,0179
 
000027800,000000000,000000000,0104.177,0002.204,-001.220,0007
 
000027820,000000000,000000000,0103.895,0002.063,-001.209,0166
 
000027840,000000000,000000000,0103.630,0002.041,-001.197,0179
 
000027860,000000000,000000000,0103.336,0002.088,-001.208,0006
 
000027880,000000000,000000000,0103.093,0002.028,-001.220,0179
 
000027900,000000000,000000000,0102.885,0001.989,-001.226,0179
 
000027920,000000000,000000000,0102.709,0002.031,-001.238,0007
 
000027940,000000000,000000000,0102.533,0002.039,-001.220,0006
 
000027960,000000000,000000000,0102.342,0002.071,-001.230,0006
 
000027980,000000000,000000000,0102.150,0002.065,-001.238,0006
 
000028000,000000000,000000000,0101.979,0002.076,-001.226,0006
 
000028020,000000000,000000000,0101.813,0002.066,-001.233,0006
 
000028040,000000000,000000000,0101.688,0002.074,-001.241,0167
 
000028060,000000000,000000000,0101.552,0002.107,-001.207,0006
 
000028080,000000000,000000000,0101.476,0002.089,-001.172,0006
 
000028100,000000000,000000000,0101.365,0002.118,-001.185,0166
 
000028120,000000000,000000000,0101.240,0002.145,-001.174,0166
 
000028140,000000000,000000000,0101.157,0002.142,-001.160,0173
 
000028160,000000000,000000000,0101.061,0002.119,-001.127,0006
 
000028180,000000000,000000000,0101.007,0002.126,-001.146,0006
 
000028200,000000000,000000000,0100.979,0002.110,-001.160,0166
 
000028220,000000000,000000000,0100.948,0002.091,-001.127,0166
 
000028240,000000000,000000000,0100.898,0002.142,-001.121,0179
 
000028260,000000000,000000000,0100.802,0002.188,-001.119,0006
 
000028280,000000000,000000000,0100.721,0002.226,-001.135,0166
 
000028300,000000000,000000000,0100.642,0002.264,-001.104,0007
 
000028320,000000000,000000000,0100.568,0002.271,-001.121,0167
 
000028340,000000000,000000000,0100.499,0002.304,-001.116,0170
 
000028360,000000000,000000000,0100.477,0002.249,-001.154,0006
 
000028380,000000000,000000000,0100.485,0002.239,-001.144,0167
 
000028400,000000000,000000000,0100.449,0002.210,-001.156,0170
 
000028420,000000000,000000000,0100.454,0002.265,-001.141,0007
 
000028440,000000000,000000000,0100.477,0002.237,-001.131,0169
 
000028460,000000000,000000000,0100.479,0002.269,-001.121,0179
 
000028480,000000000,000000000,0100.452,0002.241,-001.115,0006
 
000028500,000000000,000000000,0100.458,0002.208,-001.129,0169
 
000028520,000000000,000000000,0100.471,0002.227,-001.167,0006
 
000028540,000000000,000000000,0100.463,0002.194,-001.179,0006
 
000028560,000000000,000000000,0100.465,0002.160,-001.168,0169
 
000028580,000000000,000000000,0100.474,0002.201,-001.130,0006
 
000028600,000000000,000000000,0100.506,0002.242,-001.144,0166
 
000028620,000000000,000000000,0100.498,0002.231,-001.133,0006
 
000028640,000000000,000000000,0100.495,0002.225,-001.128,0167
 
000028660,000000000,000000000,0100.507,0002.215,-001.141,0006
 
000028680,000000000,000000000,0100.515,0002.237,-001.131,0006
 
000028700,000000000,000000000,0100.542,0002.226,-001.122,0006
 
000028720,000000000,000000000,0100.550,0002.219,-001.113,0006
 
000028740,000000000,000000000,0100.549,0002.257,-001.128,0006
 
000028760,000000000,000000000,0100.561,0002.292,-001.095,0006
 
000028780,000000000,000000000,0100.554,0002.279,-001.114,0006
 
000028800,000000000,000000000,0100.538,0002.288,-001.128,0006
 
000028820,000000000,000000000,0100.519,0002.322,-001.120,0006
 
000028840,000000000,000000000,0100.474,0002.327,-001.087,0006
 
000028860,000000000,000000000,0100.464,0002.337,-001.106,0006
 
000028880,000000000,000000000,0100.488,0002.318,-001.121,0006
 
000028900,000000000,000000000,0100.482,0002.300,-001.135,0006
 
000028920,000000000,000000000,0100.495,0002.285,-001.102,0007
 
000028940,000000000,000000000,0100.497,0002.294,-001.097,0166
 
000028960,000000000,000000000,0100.491,0002.304,-001.094,0006
 
000028980,000000000,000000000,0100.445,0002.313,-001.111,0167
 
000029000,000000000,000000000,0100.445,0002.298,-001.127,0166
 
000029020,000000000,000000000,0100.435,0002.280,-001.140,0006
 
000029040,000000000,000000000,0100.443,0002.268,-001.153,0169
 
000029060,000000000,000000000,0100.434,0002.233,-001.164,0170
 
000029080,000000000,000000000,0100.451,0002.224,-001.175,0007
 
000029100,000000000,000000000,0100.467,0002.236,-001.161,0169
 
000029120,000000000,000000000,0100.470,0002.228,-001.152,0170
 
000029140,000000000,000000000,0100.445,0002.216,-001.118,0007
 
000029160,000000000,000000000,0100.472,0002.254,-001.154,0169
 
000029180,000000000,000000000,0100.494,0002.268,-001.164,0170
 
000029200,000000000,000000000,0100.467,0002.252,-001.152,0006
 
000029220,000000000,000000000,0100.447,0002.218,-001.138,0169
 
000029240,000000000,000000000,0100.450,0002.209,-001.148,0179
 
000029260,000000000,000000000,0100.462,0002.200,-001.158,0006
 
000029280,000000000,000000000,0100.452,0002.215,-001.167,0172
 
000029300,000000000,000000000,0100.447,0002.207,-001.129,0006
 
000029320,000000000,000000000,0100.444,0002.200,-001.120,0167
 
000029340,000000000,000000000,0100.455,0002.215,-001.088,0179
 
000029360,000000000,000000000,0100.481,0002.254,-001.085,0007
 
000029380,000000000,000000000,0100.495,0002.287,-001.103,0179
 
000029400,000000000,000000000,0100.523,0002.294,-001.097,0179
 
000029420,000000000,000000000,0100.532,0002.278,-001.090,0006
 
000029440,000000000,000000000,0100.515,0002.288,-001.108,0166
 
000029460,000000000,000000000,0100.508,0002.270,-001.102,0006
 
000029480,000000000,000000000,0100.490,0002.279,-001.095,0167
 
000029500,000000000,000000000,0100.483,0002.286,-001.111,0006
 
000029520,000000000,000000000,0100.477,0002.316,-001.102,0173
 
000029540,000000000,000000000,0100.497,0002.294,-001.073,0006
 
000029560,000000000,000000000,0100.499,0002.299,-001.091,0006
 
000029580,000000000,000000000,0100.491,0002.283,-001.129,0172
 
000029600,000000000,000000000,0100.498,0002.242,-001.143,0006
 
000029620,000000000,000000000,0100.485,0002.227,-001.110,0006
 
000029640,000000000,000000000,0100.503,0002.217,-001.079,0166
 
000029660,000000000,000000000,0100.490,0002.227,-001.074,0006
 
000029680,000000000,000000000,0100.489,0002.261,-001.071,0006
 
000029700,000000000,000000000,0100.488,0002.271,-001.067,0006
 
000029720,000000000,000000000,0100.477,0002.234,-001.084,0166
 
000029740,000000000,000000000,0100.485,0002.245,-001.123,0168
 
000029760,000000000,000000000,0100.493,0002.279,-001.180,0006
 
000029780,000000000,000000000,0100.499,0002.266,-001.188,0166
 
000029800,000000000,000000000,0100.494,0002.251,-001.194,0006
 
000029820,000000000,000000000,0100.498,0002.217,-001.201,0167
 
000029840,000000000,000000000,0100.503,0002.189,-001.142,0006
 
000029860,000000000,000000000,0100.508,0002.161,-001.152,0166
 
000029880,000000000,000000000,0100.512,0002.182,-001.185,0172
 
000029900,000000000,000000000,0100.495,0002.194,-001.187,0179
 
000029920,000000000,000000000,0100.520,0002.183,-001.191,0007
 
000029940,000000000,000000000,0100.512,0002.200,-001.197,0169
 
000029960,000000000,000000000,0100.516,0002.260,-001.181,0179
 
000029980,000000000,000000000,0100.510,0002.245,-001.190,0006
 
000030000,000000000,000000000,0100.526,0002.252,-001.173,0169
 
000030020,000000000,000000000,0100.540,0002.240,-001.159,0179
 
000030040,000000000,000000000,0100.561,0002.250,-001.148,0006
 
000030060,000000000,000000000,0100.559,0002.258,-001.136,0169
 
000030080,000000000,000000000,0100.576,0002.264,-001.147,0006
 
000030100,000000000,000000000,0100.569,0002.246,-001.156,0173
 
000030120,000000000,000000000,0100.573,0002.234,-001.145,0179
 
000030140,000000000,000000000,0100.568,0002.243,-001.156,0006
 
000030160,000000000,000000000,0100.526,0002.254,-001.144,0173
 
000030180,000000000,000000000,0100.526,0002.237,-001.133,0006
 
000030200,000000000,000000000,0100.533,0002.289,-001.144,0167
 
000030220,000000000,000000000,0100.533,0002.338,-001.133,0006
 
000030240,000000000,000000000,0100.512,0002.313,-001.098,0006
 
000030260,000000000,000000000,0100.523,0002.315,-001.112,0006
 
000030280,000000000,000000000,0100.521,0002.338,-001.125,0006
 
000030300,000000000,000000000,0100.515,0002.316,-001.138,0006
 
000030320,000000000,000000000,0100.492,0002.296,-001.149,0167
 
000030340,000000000,000000000,0100.473,0002.281,-001.161,0006
 
000030360,000000000,000000000,0100.477,0002.286,-001.172,0166
 
000030380,000000000,000000000,0100.490,0002.269,-001.179,0006
 
000030400,000000000,000000000,0100.501,0002.252,-001.186,0006
 
000030420,000000000,000000000,0100.496,0002.258,-001.170,0166
 
000030440,000000000,000000000,0100.493,0002.264,-001.178,0166
 
000030460,000000000,000000000,0100.472,0002.251,-001.165,0006
 
000030480,000000000,000000000,0100.509,0002.282,-001.194,0167
 
000030500,000000000,000000000,0100.524,0002.268,-001.199,0166
 
000030520,000000000,000000000,0100.527,0002.271,-001.181,0006
 
000030540,000000000,000000000,0100.550,0002.272,-001.186,0167
 
000030560,000000000,000000000,0100.505,0002.257,-001.194,0166
 
000030580,000000000,000000000,0100.535,0002.218,-001.199,0006
 
000030600,000000000,000000000,0100.544,0002.182,-001.203,0169
 
000030620,000000000,000000000,0100.527,0002.174,-001.207,0167
 
000030640,000000000,000000000,0100.553,0002.166,-001.189,0006
 
000030660,000000000,000000000,0100.555,0002.182,-001.194,0167
 
000030680,000000000,000000000,0100.578,0002.217,-001.200,0166
 
000030700,000000000,000000000,0100.616,0002.204,-001.182,0006
 
000030720,000000000,000000000,0100.609,0002.211,-001.141,0172
 
000030740,000000000,000000000,0100.614,0002.199,-001.129,0166
 
000030760,000000000,000000000,0100.611,0002.211,-001.143,0166
 
000030780,000000000,000000000,0100.581,0002.218,-001.128,0169
 
000030800,000000000,000000000,0100.580,0002.227,-001.121,0167
 
000030820,000000000,000000000,0100.571,0002.233,-001.132,0166
 
000030840,000000000,000000000,0100.577,0002.238,-001.121,0169
 
000030860,000000000,000000000,0100.579,0002.220,-001.112,0167
 
000030880,000000000,000000000,0100.592,0002.205,-001.125,0166
 
000030900,000000000,000000000,0100.616,0002.192,-001.115,0169
 
000030920,000000000,000000000,0100.617,0002.180,-001.105,0167
 
000030940,000000000,000000000,0100.597,0002.173,-001.118,0007
 
000030960,000000000,000000000,0100.601,0002.189,-001.131,0174
 
000030980,000000000,000000000,0100.619,0002.198,-001.122,0166
 
000031000,000000000,000000000,0100.631,0002.206,-001.132,0179
 
000031020,000000000,000000000,0100.618,0002.214,-001.143,0179
 
000031040,000000000,000000000,0100.633,0002.198,-001.109,0167
 
000031060,000000000,000000000,0100.629,0002.184,-001.101,0007
 
000031080,000000000,000000000,0100.618,0002.151,-001.071,0179
 
000031100,000000000,000000000,0100.635,0002.167,-001.067,0170
 
000031120,000000000,000000000,0100.666,0002.159,-001.084,0007
 
000031140,000000000,000000000,0100.673,0002.151,-001.055,0172
 
000031160,000000000,000000000,0100.652,0002.164,-001.027,0170
 
000031180,000000000,000000000,0100.668,0002.156,-001.048,0007
 
000031200,000000000,000000000,0100.668,0002.148,-001.046,0172
 
000031220,000000000,000000000,0100.660,0002.162,-001.066,0179
 
000031240,000000000,000000000,0100.654,0002.152,-001.083,0007
 
000031260,000000000,000000000,0100.668,0002.144,-001.054,0006
 
000031280,000000000,000000000,0100.642,0002.181,-001.052,0179
 
000031300,000000000,000000000,0100.636,0002.191,-001.071,0006
 
000031320,000000000,000000000,0100.634,0002.202,-001.067,0006
 
000031340,000000000,000000000,0100.644,0002.187,-001.038,0006
 
000031360,000000000,000000000,0100.647,0002.174,-001.057,0006
 
000031380,000000000,000000000,0100.657,0002.185,-001.052,0179
 
000031400,000000000,000000000,0100.689,0002.173,-001.048,0006
 
000031420,000000000,000000000,0100.695,0002.139,-001.090,0006
 
000031440,000000000,000000000,0100.692,0002.110,-001.106,0006
 
000031460,000000000,000000000,0100.680,0002.105,-001.074,0006
 
000031480,000000000,000000000,0100.719,0002.076,-001.091,0006
 
000031500,000000000,000000000,0100.740,0002.096,-001.059,0006
 
000031520,000000000,000000000,0100.746,0002.115,-001.075,0006
 
000031540,000000000,000000000,0100.764,0002.109,-001.068,0006
 
000031560,000000000,000000000,0100.753,0002.125,-001.063,0006
 
000031580,000000000,000000000,0100.765,0002.143,-001.082,0006
 
000031600,000000000,000000000,0100.766,0002.111,-001.076,0006
 
000031620,000000000,000000000,0100.760,0002.127,-001.091,0006
 
000031640,000000000,000000000,0100.763,0002.167,-001.106,0006
 
000031660,000000000,000000000,0100.765,0002.154,-001.096,0006
 
000031680,000000000,000000000,0100.774,0002.188,-001.066,0166
 
000031700,000000000,000000000,0100.755,0002.176,-001.085,0006
 
000031720,000000000,000000000,0100.756,0002.186,-001.121,0006
 
000031740,000000000,000000000,0100.741,0002.172,-001.111,0166
 
000031760,000000000,000000000,0100.718,0002.136,-001.078,0166
 
000031780,000000000,000000000,0100.722,0002.171,-001.048,0006
 
000031800,000000000,000000000,0100.720,0002.203,-001.045,0167
 
000031820,000000000,000000000,0100.736,0002.211,-001.086,0170
 
000031840,000000000,000000000,0100.743,0002.217,-001.100,0006
 
000031860,000000000,000000000,0100.750,0002.198,-001.089,0167
 
000031880,000000000,000000000,0100.731,0002.187,-001.082,0170
 
000031900,000000000,000000000,0100.741,0002.194,-001.052,0007
 
000031920,000000000,000000000,0100.736,0002.182,-001.093,0169
 
