000034299,000000000,000000000,0121.541,0002.968,-001.563,0007
 
000034318,000000000,000000000,0121.496,0002.877,-001.505,0007
 
000034338,000000000,000000000,0121.419,0002.796,-001.475,0180
 
000034358,000000000,000000000,0121.336,0002.752,-001.449,0179
 
000034378,000000000,000000000,0121.280,0002.705,-001.422,0008
 
000034398,000000000,000000000,0121.212,0002.614,-001.399,0173
 
000034418,000000000,000000000,0121.141,0002.557,-001.354,0007
 
000034438,000000000,000000000,0121.102,0002.506,-001.318,0007
 
000034458,000000000,000000000,0121.035,0002.458,-001.282,0173
 
000034478,000000000,000000000,0120.993,0002.440,-001.253,0166
 
000034498,000000000,000000000,0120.947,0002.421,-001.224,0006
 
000034518,000000000,000000000,0120.894,0002.386,-001.242,0007
 
000034538,000000000,000000000,0120.856,0002.325,-001.211,0178
 
000034558,000000000,000000000,0120.822,0002.301,-001.234,0007
 
000034578,000000000,000000000,0120.793,0002.320,-001.228,0173
 
000034598,000000000,000000000,0120.776,0002.295,-001.225,0167
 
000034618,000000000,000000000,0120.772,0002.269,-001.221,0006
 
000034638,000000000,000000000,0120.735,0002.268,-001.194,0179
 
000034658,000000000,000000000,0120.704,0002.244,-001.173,0166
 
000034678,000000000,000000000,0120.693,0002.244,-001.198,0166
 
000034698,000000000,000000000,0120.662,0002.268,-001.197,0168
 
000034718,000000000,000000000,0120.644,0002.221,-001.196,0166
 
000034738,000000000,000000000,0120.604,0002.221,-001.172,0166
 
000034758,000000000,000000000,0120.620,0002.202,-001.173,0167
 
000034778,000000000,000000000,0120.615,0002.231,-001.176,0166
 
000034798,000000000,000000000,0120.599,0002.214,-001.177,0167
 
000034818,000000000,000000000,0120.584,0002.194,-001.176,0167
 
000034838,000000000,000000000,0120.585,0002.200,-001.155,0167
 
000034858,000000000,000000000,0120.552,0002.183,-001.158,0166
 
000034878,000000000,000000000,0120.528,0002.170,-001.182,0169
 
000034898,000000000,000000000,0120.524,0002.177,-001.185,0007
 
000034918,000000000,000000000,0120.525,0002.139,-001.182,0173
 
000034938,000000000,000000000,0120.524,0002.105,-001.181,0169
 
000034958,000000000,000000000,0120.537,0002.121,-001.162,0167
 
000034978,000000000,000000000,0120.549,0002.134,-001.141,0167
 
000034998,000000000,000000000,0120.522,0002.123,-001.125,0179
 
000035018,000000000,000000000,0120.511,0002.136,-001.111,0167
 
000035038,000000000,000000000,0120.521,0002.104,-001.139,0007
 
000035058,000000000,000000000,0120.530,0002.073,-001.124,0169
 
000035078,000000000,000000000,0120.527,0002.024,-001.131,0167
 
000035098,000000000,000000000,0120.533,0002.005,-001.158,0007
 
000035118,000000000,000000000,0120.498,0002.051,-001.117,0006
 
000035138,000000000,000000000,0120.510,0002.092,-001.103,0173
 
000035158,000000000,000000000,0120.515,0002.066,-001.133,0007
 
000035178,000000000,000000000,0120.504,0002.083,-001.137,0173
 
000035198,000000000,000000000,0120.498,0002.029,-001.164,0007
 
000035218,000000000,000000000,0120.510,0002.029,-001.143,0007
 
000035238,000000000,000000000,0120.518,0002.071,-001.151,0173
 
000035258,000000000,000000000,0120.517,0002.062,-001.130,0179
 
000035278,000000000,000000000,0120.522,0002.060,-001.137,0007
 
000035298,000000000,000000000,0120.488,0002.057,-001.165,0007
 
000035318,000000000,000000000,0120.486,0002.049,-001.166,0007
 
000035338,000000000,000000000,0120.475,0002.024,-001.168,0007
 
000035358,000000000,000000000,0120.517,0002.023,-001.148,0179
 
000035378,000000000,000000000,0120.510,0002.023,-001.128,0167
 
000035398,000000000,000000000,0120.480,0002.019,-001.111,0007
 
000035418,000000000,000000000,0120.490,0001.994,-001.096,0179
 
000035438,000000000,000000000,0120.494,0002.020,-001.148,0178
 
000035458,000000000,000000000,0120.507,0002.019,-001.130,0166
 
000035478,000000000,000000000,0120.511,0002.034,-001.157,0169
 
000035498,000000000,000000000,0120.539,0002.053,-001.136,0166
 
000035518,000000000,000000000,0120.560,0002.046,-001.142,0166
 
000035538,000000000,000000000,0120.548,0002.083,-001.146,0169
 
000035558,000000000,000000000,0120.542,0002.077,-001.170,0166
 
000035578,000000000,000000000,0120.534,0002.092,-001.152,0166
 
000035598,000000000,000000000,0120.537,0002.085,-001.153,0169
 
000035618,000000000,000000000,0120.538,0002.076,-001.156,0166
 
000035638,000000000,000000000,0120.569,0002.113,-001.159,0166
 
000035658,000000000,000000000,0120.559,0002.123,-001.139,0169
 
000035678,000000000,000000000,0120.560,0002.133,-001.141,0167
 
000035698,000000000,000000000,0120.567,0002.116,-001.124,0166
 
000035718,000000000,000000000,0120.562,0002.126,-001.105,0179
 
000035738,000000000,000000000,0120.574,0002.115,-001.093,0167
 
000035758,000000000,000000000,0120.571,0002.126,-001.079,0179
 
000035778,000000000,000000000,0120.536,0002.091,-001.109,0177
 
000035798,000000000,000000000,0120.549,0002.083,-001.139,0178
 
000035818,000000000,000000000,0120.546,0002.074,-001.121,0173
 
000035838,000000000,000000000,0120.519,0002.087,-001.125,0177
 
000035858,000000000,000000000,0120.516,0002.099,-001.109,0007
 
000035878,000000000,000000000,0120.524,0002.111,-001.139,0006
 
000035898,000000000,000000000,0120.520,0002.121,-001.140,0173
 
000035918,000000000,000000000,0120.535,0002.108,-001.144,0167
 
000035938,000000000,000000000,0120.515,0002.096,-001.125,0007
 
000035958,000000000,000000000,0120.520,0002.085,-001.129,0173
 
000035978,000000000,000000000,0120.509,0002.053,-001.113,0167
 
000035998,000000000,000000000,0120.516,0002.070,-001.100,0007
 
000036018,000000000,000000000,0120.491,0002.063,-001.086,0173
 
000036038,000000000,000000000,0120.490,0002.036,-001.096,0006
 
000036058,000000000,000000000,0120.505,0002.032,-001.104,0007
 
000036078,000000000,000000000,0120.493,0002.028,-001.130,0007
 
000036098,000000000,000000000,0120.491,0002.025,-001.135,0179
 
000036118,000000000,000000000,0120.499,0002.042,-001.136,0006
 
000036138,000000000,000000000,0120.507,0002.031,-001.159,0007
 
000036158,000000000,000000000,0120.516,0002.050,-001.162,0007
 
000036178,000000000,000000000,0120.544,0002.045,-001.160,0006
 
000036198,000000000,000000000,0120.541,0002.062,-001.141,0179
 
000036218,000000000,000000000,0120.531,0002.033,-001.146,0166
 
000036238,000000000,000000000,0120.540,0002.002,-001.148,0166
 
000036258,000000000,000000000,0120.520,0001.976,-001.151,0169
 
000036278,000000000,000000000,0120.518,0001.976,-001.155,0166
 
000036298,000000000,000000000,0120.546,0001.975,-001.177,0166
 
000036318,000000000,000000000,0120.576,0001.976,-001.176,0167
 
000036338,000000000,000000000,0120.565,0001.998,-001.177,0168
 
000036358,000000000,000000000,0120.577,0001.994,-001.175,0166
 
000036378,000000000,000000000,0120.563,0001.992,-001.174,0169
 
000036398,000000000,000000000,0120.573,0002.008,-001.150,0167
 
000036418,000000000,000000000,0120.566,0002.027,-001.129,0166
 
000036438,000000000,000000000,0120.577,0002.043,-001.136,0169
 
000036458,000000000,000000000,0120.613,0002.037,-001.141,0167
 
000036478,000000000,000000000,0120.602,0002.008,-001.120,0166
 
000036498,000000000,000000000,0120.605,0001.981,-001.126,0174
 
000036518,000000000,000000000,0120.608,0001.911,-001.128,0167
 
000036538,000000000,000000000,0120.630,0001.919,-001.110,0006
 
000036558,000000000,000000000,0120.632,0001.924,-001.118,0174
 
000036578,000000000,000000000,0120.644,0001.927,-001.100,0167
 
000036598,000000000,000000000,0120.646,0001.883,-001.126,0179
 
000036618,000000000,000000000,0120.652,0001.892,-001.132,0007
 
000036638,000000000,000000000,0120.655,0001.922,-001.135,0171
 
000036658,000000000,000000000,0120.657,0001.925,-001.159,0180
 
000036678,000000000,000000000,0120.660,0001.925,-001.160,0006
 
000036698,000000000,000000000,0120.648,0001.925,-001.139,0173
 
000036718,000000000,000000000,0120.670,0001.902,-001.119,0007
 
000036738,000000000,000000000,0120.672,0001.931,-001.125,0173
 
000036758,000000000,000000000,0120.654,0001.980,-001.131,0179
 
000036778,000000000,000000000,0120.655,0001.952,-001.135,0007
 
000036798,000000000,000000000,0120.647,0001.927,-001.115,0007
 
000036818,000000000,000000000,0120.656,0001.973,-001.120,0171
 
000036838,000000000,000000000,0120.643,0001.992,-001.124,0007
 
000036858,000000000,000000000,0120.646,0001.963,-001.126,0007
 
000036878,000000000,000000000,0120.653,0001.937,-001.172,0007
 
000036898,000000000,000000000,0120.671,0001.963,-001.151,0007
 
000036918,000000000,000000000,0120.647,0001.962,-001.108,0179
 
000036938,000000000,000000000,0120.660,0001.962,-001.136,0167
 
000036958,000000000,000000000,0120.647,0002.006,-001.140,0166
 
000036978,000000000,000000000,0120.634,0002.002,-001.144,0169
 
000036998,000000000,000000000,0120.630,0001.993,-001.098,0167
 
000037018,000000000,000000000,0120.639,0001.987,-001.106,0166
 
000037038,000000000,000000000,0120.630,0001.984,-001.114,0169
 
000037058,000000000,000000000,0120.629,0001.978,-001.097,0167
 
000037078,000000000,000000000,0120.631,0002.018,-001.104,0166
 
000037098,000000000,000000000,0120.617,0002.035,-001.131,0177
 
000037118,000000000,000000000,0120.610,0002.024,-001.112,0167
 
000037138,000000000,000000000,0120.610,0002.018,-001.139,0166
 
000037158,000000000,000000000,0120.600,0002.036,-001.142,0169
 
000037178,000000000,000000000,0120.578,0002.047,-001.122,0167
 
000037198,000000000,000000000,0120.583,0002.037,-001.105,0173
 
000037218,000000000,000000000,0120.592,0002.048,-001.109,0177
 
000037238,000000000,000000000,0120.588,0002.062,-001.093,0178
 
000037258,000000000,000000000,0120.568,0002.051,-001.101,0173
 
000037278,000000000,000000000,0120.553,0002.064,-001.131,0179
 
000037298,000000000,000000000,0120.550,0002.029,-001.135,0167
 
000037318,000000000,000000000,0120.578,0002.021,-001.114,0179
 
000037338,000000000,000000000,0120.585,0002.013,-001.118,0173
 
000037358,000000000,000000000,0120.584,0002.004,-001.123,0167
 
000037378,000000000,000000000,0120.574,0002.021,-001.107,0007
 
000037398,000000000,000000000,0120.579,0002.034,-001.112,0173
 
000037418,000000000,000000000,0120.551,0002.026,-001.118,0179
 
000037438,000000000,000000000,0120.543,0002.063,-001.101,0007
 
000037458,000000000,000000000,0120.563,0002.051,-001.086,0173
 
000037478,000000000,000000000,0120.585,0002.062,-001.073,0166
 
000037498,000000000,000000000,0120.571,0002.052,-001.059,0006
 
000037518,000000000,000000000,0120.554,0002.040,-001.044,0007
 
000037538,000000000,000000000,0120.552,0002.030,-001.032,0178
 
000037558,000000000,000000000,0120.535,0002.044,-001.045,0007
 
000037578,000000000,000000000,0120.530,0002.010,-001.056,0007
 
000037598,000000000,000000000,0120.549,0001.980,-001.065,0007
 
000037618,000000000,000000000,0120.539,0001.977,-001.073,0007
 
000037638,000000000,000000000,0120.549,0002.000,-001.084,0179
 
000037658,000000000,000000000,0120.546,0002.015,-001.093,0167
 
000037678,000000000,000000000,0120.543,0002.033,-001.099,0166
 
000037698,000000000,000000000,0120.524,0002.024,-001.085,0169
 
000037718,000000000,000000000,0120.531,0002.012,-001.070,0167
 
000037738,000000000,000000000,0120.543,0002.007,-001.078,0166
 
000037758,000000000,000000000,0120.534,0001.979,-001.087,0169
 
000037778,000000000,000000000,0120.553,0001.952,-001.093,0167
 
000037798,000000000,000000000,0120.549,0001.904,-001.122,0166
 
000037818,000000000,000000000,0120.548,0001.900,-001.144,0169
 
000037838,000000000,000000000,0120.564,0001.902,-001.144,0167
 
000037858,000000000,000000000,0120.571,0001.883,-001.122,0167
 
000037878,000000000,000000000,0120.588,0001.888,-001.125,0169
 
000037898,000000000,000000000,0120.599,0001.874,-001.128,0167
 
000037918,000000000,000000000,0120.601,0001.883,-001.154,0173
 
000037938,000000000,000000000,0120.615,0001.914,-001.153,0174
 
000037958,000000000,000000000,0120.623,0001.870,-001.151,0167
 
000037978,000000000,000000000,0120.618,0001.825,-001.174,0179
 
000037998,000000000,000000000,0120.608,0001.837,-001.171,0175
 
000038018,000000000,000000000,0120.642,0001.823,-001.170,0173
 
000038038,000000000,000000000,0120.678,0001.836,-001.171,0180
 
000038058,000000000,000000000,0120.699,0001.843,-001.145,0012
 
000038079,000000000,000000000,0120.707,0001.848,-001.144,1023
 
000038099,000000000,000000000,0120.693,0001.879,-001.123,1023
 
000038119,000000000,000000000,0120.716,0001.902,-001.147,1023
 
000038139,000000000,000000000,0120.712,0001.902,-001.149,1023
 
000038159,000000000,000000000,0120.697,0001.929,-001.128,1023
 
000038179,000000000,000000000,0120.630,0001.902,-001.107,1023
 
000038199,000000000,000000000,0120.602,0001.948,-001.049,1023
 
000038218,000000000,000000000,0120.517,0001.969,-001.065,0167
 
000038238,000000000,000000000,0120.452,0001.899,-001.076,0006
 
000038258,000000000,000000000,0120.337,0001.906,-001.069,0179
 
000038278,000000000,000000000,0120.179,0001.996,-001.058,0006
 
000038298,000000000,000000000,0119.977,0002.094,-001.071,0006
 
000038318,000000000,000000000,0119.673,0002.216,-001.090,0178
 
000038338,000000000,000000000,0119.262,0002.419,-001.106,0006
 
000038358,000000000,000000000,0118.755,0002.416,-001.124,0006
 
000038378,000000000,000000000,0118.082,0002.506,-001.121,0167
 
000038398,000000000,000000000,0117.316,0002.511,-001.125,0166
 
000038418,000000000,000000000,0116.553,0002.716,-001.104,0169
 
000038438,000000000,000000000,0115.745,0002.647,-001.105,0166
 
000038458,000000000,000000000,0114.947,0002.478,-001.110,0166
 
000038478,000000000,000000000,0114.211,0002.512,-001.113,0169
 
000038498,000000000,000000000,0113.442,0002.423,-001.124,0167
 
000038518,000000000,000000000,0112.736,0002.343,-001.142,0166
 
000038538,000000000,000000000,0112.075,0002.340,-001.137,0169
 
000038558,000000000,000000000,0111.456,0002.174,-001.131,0006
 
000038578,000000000,000000000,0110.843,0002.246,-001.119,0006
 
000038598,000000000,000000000,0110.317,0002.201,-001.106,0179
 
000038618,000000000,000000000,0109.886,0002.054,-001.098,0167
 
000038638,000000000,000000000,0109.451,0001.997,-001.109,0173
 
000038658,000000000,000000000,0109.055,0001.969,-001.115,0179
 
000038678,000000000,000000000,0108.771,0001.830,-001.125,0006
 
000038698,000000000,000000000,0108.404,0001.890,-001.111,0006
 
000038718,000000000,000000000,0108.067,0001.926,-001.094,0006
 
000038738,000000000,000000000,0107.717,0001.840,-001.103,0166
 
000038758,000000000,000000000,0107.369,0001.849,-001.093,0179
 
000038778,000000000,000000000,0107.040,0001.828,-001.075,0179
 
000038798,000000000,000000000,0106.713,0001.839,-001.065,0167
 
000038818,000000000,000000000,0106.381,0001.894,-001.055,0006
 
000038838,000000000,000000000,0106.089,0001.897,-001.040,0167
 
000038858,000000000,000000000,0105.817,0001.814,-001.057,0171
 
000038878,000000000,000000000,0105.546,0001.830,-001.046,0006
 
000038898,000000000,000000000,0105.304,0001.776,-001.006,0169
 
000038918,000000000,000000000,0105.128,0001.696,-000.973,0173
 
000038938,000000000,000000000,0104.908,0001.755,-000.996,0006
 
000038958,000000000,000000000,0104.732,0001.770,-000.991,0173
 
000038978,000000000,000000000,0104.501,0001.779,-001.007,0179
 
000038998,000000000,000000000,0104.321,0001.778,-001.042,0006
 
000039018,000000000,000000000,0104.190,0001.742,-001.030,0006
 
000039038,000000000,000000000,0104.070,0001.666,-001.020,0178
 
000039058,000000000,000000000,0103.941,0001.705,-001.013,0006
 
000039078,000000000,000000000,0103.849,0001.704,-001.027,0169
 
000039098,000000000,000000000,0103.752,0001.721,-001.036,0006
 
000039118,000000000,000000000,0103.675,0001.705,-001.066,0173
 
000039138,000000000,000000000,0103.583,0001.742,-001.092,0179
 
000039158,000000000,000000000,0103.505,0001.751,-001.095,0006
 
000039178,000000000,000000000,0103.403,0001.763,-001.098,0006
 
000039198,000000000,000000000,0103.353,0001.750,-001.079,0179
 
000039218,000000000,000000000,0103.286,0001.741,-001.084,0006
 
000039238,000000000,000000000,0103.213,0001.736,-001.070,0166
 
000039258,000000000,000000000,0103.173,0001.724,-001.007,0006
 
000039278,000000000,000000000,0103.111,0001.718,-001.021,0006
 
000039298,000000000,000000000,0103.057,0001.732,-001.054,0006
 
000039318,000000000,000000000,0102.975,0001.716,-001.056,0179
 
000039338,000000000,000000000,0102.884,0001.681,-001.061,0006
 
000039358,000000000,000000000,0102.807,0001.704,-001.069,0006
 
000039378,000000000,000000000,0102.717,0001.738,-001.050,0173
 
000039398,000000000,000000000,0102.654,0001.773,-001.059,0006
 
000039418,000000000,000000000,0102.593,0001.763,-001.046,0006
 
000039438,000000000,000000000,0102.584,0001.769,-001.009,0006
 
000039458,000000000,000000000,0102.595,0001.732,-000.998,0006
 
000039478,000000000,000000000,0102.601,0001.723,-000.990,0006
 
000039498,000000000,000000000,0102.595,0001.740,-000.982,0006
 
000039518,000000000,000000000,0102.597,0001.751,-000.974,0166
 
000039538,000000000,000000000,0102.603,0001.763,-001.012,0006
 
000039558,000000000,000000000,0102.591,0001.819,-001.024,0167
 
000039578,000000000,000000000,0102.566,0001.822,-001.012,0167
 
000039598,000000000,000000000,0102.531,0001.848,-001.023,0006
 
000039618,000000000,000000000,0102.519,0001.875,-001.032,0167
 
000039638,000000000,000000000,0102.506,0001.851,-000.998,0172
 
000039658,000000000,000000000,0102.488,0001.872,-000.967,0006
 
000039678,000000000,000000000,0102.461,0001.871,-000.960,0169
 
000039698,000000000,000000000,0102.452,0001.938,-000.955,0167
 
000039718,000000000,000000000,0102.438,0001.933,-000.972,0006
 
000039738,000000000,000000000,0102.434,0001.925,-000.964,0169
 
000039758,000000000,000000000,0102.444,0001.920,-000.958,0179
 
000039778,000000000,000000000,0102.454,0001.890,-000.972,0006
 
000039798,000000000,000000000,0102.479,0001.886,-000.984,0006
 
000039818,000000000,000000000,0102.552,0001.888,-000.997,0167
 
000039838,000000000,000000000,0102.553,0001.922,-000.986,0006
 
000039858,000000000,000000000,0102.553,0001.916,-000.999,0173
 
000039878,000000000,000000000,0102.526,0001.895,-001.035,0178
 
000039898,000000000,000000000,0102.515,0001.908,-000.999,0006
 
000039918,000000000,000000000,0102.534,0001.907,-001.012,0179
 
000039938,000000000,000000000,0102.562,0001.927,-001.022,0006
 
000039958,000000000,000000000,0102.575,0001.937,-001.010,0166
 
000039978,000000000,000000000,0102.553,0001.934,-001.000,0179
 
000039998,000000000,000000000,0102.562,0001.944,-000.990,0006
 
000040018,000000000,000000000,0102.554,0001.935,-001.004,0006
 
000040038,000000000,000000000,0102.527,0001.950,-000.995,0006
 
000040058,000000000,000000000,0102.543,0001.939,-001.006,0006
 
000040078,000000000,000000000,0102.495,0001.955,-001.019,0006
 
000040098,000000000,000000000,0102.518,0001.967,-001.004,0172
 
000040118,000000000,000000000,0102.523,0001.979,-001.017,0006
 
000040138,000000000,000000000,0102.505,0001.969,-001.007,0006
 
000040158,000000000,000000000,0102.499,0001.958,-000.997,0179
 
000040178,000000000,000000000,0102.513,0001.925,-000.988,0006
 
000040198,000000000,000000000,0102.511,0001.919,-001.023,0006
 
000040218,000000000,000000000,0102.512,0001.913,-001.031,0006
 
000040238,000000000,000000000,0102.517,0001.906,-001.041,0166
 
000040258,000000000,000000000,0102.509,0001.900,-001.050,0006
 
000040278,000000000,000000000,0102.512,0001.896,-001.056,0167
 
000040298,000000000,000000000,0102.518,0001.868,-001.040,0167
 
000040318,000000000,000000000,0102.533,0001.843,-001.047,0006
 
000040338,000000000,000000000,0102.509,0001.868,-001.030,0167
 
000040358,000000000,000000000,0102.506,0001.867,-001.037,0171
 
000040378,000000000,000000000,0102.503,0001.884,-001.043,0006
 
000040398,000000000,000000000,0102.519,0001.881,-001.031,0167
 
000040418,000000000,000000000,0102.526,0001.875,-001.041,0166
 
000040438,000000000,000000000,0102.542,0001.873,-001.048,0006
 
000040458,000000000,000000000,0102.535,0001.895,-001.057,0167
 
000040478,000000000,000000000,0102.532,0001.889,-001.063,0179
 
000040498,000000000,000000000,0102.523,0001.864,-001.069,0006
 
000040518,000000000,000000000,0102.521,0001.885,-001.076,0169
 
000040538,000000000,000000000,0102.516,0001.903,-001.080,0179
 
000040558,000000000,000000000,0102.545,0001.899,-001.108,0006
 
000040578,000000000,000000000,0102.555,0001.897,-001.131,0169
 
000040598,000000000,000000000,0102.543,0001.892,-001.130,0006
 
000040618,000000000,000000000,0102.524,0001.887,-001.129,0006
 
000040638,000000000,000000000,0102.511,0001.840,-001.106,0169
 
000040658,000000000,000000000,0102.484,0001.800,-001.067,0006
 
000040678,000000000,000000000,0102.492,0001.826,-001.050,0166
 
000040698,000000000,000000000,0102.505,0001.848,-001.011,0006
 
000040718,000000000,000000000,0102.521,0001.826,-001.002,0006
 
000040738,000000000,000000000,0102.508,0001.829,-001.015,0006
 
000040758,000000000,000000000,0102.526,0001.811,-001.024,0179
 
000040778,000000000,000000000,0102.513,0001.833,-001.034,0006
 
000040798,000000000,000000000,0102.543,0001.833,-001.042,0173
 
000040818,000000000,000000000,0102.556,0001.832,-001.025,0006
 
000040838,000000000,000000000,0102.579,0001.810,-001.013,0006
 
000040858,000000000,000000000,0102.557,0001.791,-001.023,0006
 
000040878,000000000,000000000,0102.547,0001.773,-001.055,0006
 
000040898,000000000,000000000,0102.544,0001.800,-001.062,0166
 
000040918,000000000,000000000,0102.562,0001.782,-001.088,0006
 
000040938,000000000,000000000,0102.596,0001.764,-001.091,0166
 
000040958,000000000,000000000,0102.605,0001.769,-001.069,0006
 
000040978,000000000,000000000,0102.594,0001.775,-001.028,0006
 
000040998,000000000,000000000,0102.596,0001.801,-001.060,0166
 
000041018,000000000,000000000,0102.613,0001.806,-001.043,0167
 
000041038,000000000,000000000,0102.624,0001.808,-001.026,0006
 
000041058,000000000,000000000,0102.634,0001.810,-001.012,0167
 
000041078,000000000,000000000,0102.631,0001.856,-000.999,0166
 
000041098,000000000,000000000,0102.646,0001.876,-000.967,0006
 
000041118,000000000,000000000,0102.650,0001.871,-000.980,0169
 
000041138,000000000,000000000,0102.629,0001.867,-000.971,0171
 
000041158,000000000,000000000,0102.620,0001.840,-000.963,0166
 
000041178,000000000,000000000,0102.619,0001.837,-000.934,0173
 
000041198,000000000,000000000,0102.622,0001.838,-000.952,0179
 
000041218,000000000,000000000,0102.622,0001.835,-000.944,0006
 
000041238,000000000,000000000,0102.626,0001.835,-000.962,0169
 
000041258,000000000,000000000,0102.623,0001.836,-000.976,0178
 
000041278,000000000,000000000,0102.614,0001.835,-000.968,0006
 
000041298,000000000,000000000,0102.614,0001.814,-000.962,0169
 
000041318,000000000,000000000,0102.621,0001.862,-000.956,0006
 
000041338,000000000,000000000,0102.628,0001.859,-000.973,0006
 
000041358,000000000,000000000,0102.614,0001.878,-000.942,0169
 
000041378,000000000,000000000,0102.630,0001.853,-000.916,0006
 
000041398,000000000,000000000,0102.628,0001.871,-000.891,0006
 
000041418,000000000,000000000,0102.643,0001.887,-000.889,0179
 
000041438,000000000,000000000,0102.624,0001.926,-000.890,0006
 
000041458,000000000,000000000,0102.603,0001.960,-000.913,0006
 
000041478,000000000,000000000,0102.580,0001.949,-000.933,0169
 
000041498,000000000,000000000,0102.581,0001.935,-000.927,0006
 
000041518,000000000,000000000,0102.558,0001.922,-000.946,0167
 
000041538,000000000,000000000,0102.541,0001.960,-000.986,0006
 
000041558,000000000,000000000,0102.549,0001.949,-000.977,0006
 
000041578,000000000,000000000,0102.529,0001.981,-000.970,0006
 
000041598,000000000,000000000,0102.520,0001.969,-000.984,0179
 
000041618,000000000,000000000,0102.473,0001.952,-000.974,0006
 
000041638,000000000,000000000,0102.463,0001.961,-000.988,0006
 
000041658,000000000,000000000,0102.467,0001.994,-000.979,0006
 
000041678,000000000,000000000,0102.456,0001.954,-000.994,0006
 
000041698,000000000,000000000,0102.448,0001.964,-001.029,0006
 
000041718,000000000,000000000,0102.451,0001.976,-001.015,0166
 
000041738,000000000,000000000,0102.425,0001.938,-001.002,0006
 
000041758,000000000,000000000,0102.403,0001.949,-001.035,0006
 
000041778,000000000,000000000,0102.424,0001.982,-001.043,0167
 
000041798,000000000,000000000,0102.430,0001.965,-001.006,0167
 
000041818,000000000,000000000,0102.438,0001.952,-001.019,0006
 
000041838,000000000,000000000,0102.428,0001.939,-001.005,0169
 
000041858,000000000,000000000,0102.400,0001.925,-001.017,0173
 
000041878,000000000,000000000,0102.394,0001.913,-001.028,0006
 
000041898,000000000,000000000,0102.394,0001.950,-001.012,0167
 
000041918,000000000,000000000,0102.395,0001.959,-001.021,0171
 
000041938,000000000,000000000,0102.383,0001.950,-001.053,0006
 
000041958,000000000,000000000,0102.382,0001.936,-001.035,0167
 
000041978,000000000,000000000,0102.405,0001.922,-001.020,0178
 
000041998,000000000,000000000,0102.435,0001.912,-001.007,0006
 
000042018,000000000,000000000,0102.419,0001.901,-001.016,0169
 
000042038,000000000,000000000,0102.414,0001.914,-001.001,0006
 
000042058,000000000,000000000,0102.409,0001.885,-001.012,0166
 
000042078,000000000,000000000,0102.413,0001.855,-001.020,0179
 
000042098,000000000,000000000,0102.417,0001.850,-000.985,0006
 
000042118,000000000,000000000,0102.429,0001.848,-000.976,0173
 
000042138,000000000,000000000,0102.449,0001.820,-000.989,0179
 
000042158,000000000,000000000,0102.451,0001.864,-000.981,0007
 
000042178,000000000,000000000,0102.460,0001.859,-000.973,0173
 
000042198,000000000,000000000,0102.457,0001.898,-000.964,0006
 
000042218,000000000,000000000,0102.454,0001.891,-001.001,0167
 
000042238,000000000,000000000,0102.421,0001.881,-001.035,0006
 
000042258,000000000,000000000,0102.423,0001.897,-000.999,0179
 
000042278,000000000,000000000,0102.422,0001.868,-000.988,0006
 
000042298,000000000,000000000,0102.413,0001.866,-001.001,0006
 
000042318,000000000,000000000,0102.397,0001.860,-000.967,0173
 
000042338,000000000,000000000,0102.358,0001.857,-000.960,0006
 
000042358,000000000,000000000,0102.369,0001.829,-000.975,0006
 
000042378,000000000,000000000,0102.399,0001.826,-000.966,0006
 
000042398,000000000,000000000,0102.412,0001.846,-000.958,0006
 
000042418,000000000,000000000,0102.421,0001.819,-000.950,0006
 
000042438,000000000,000000000,0102.431,0001.814,-000.922,0006
 
000042458,000000000,000000000,0102.443,0001.838,-000.942,0166
 
000042478,000000000,000000000,0102.459,0001.860,-000.959,0006
 
000042498,000000000,000000000,0102.481,0001.878,-000.974,0167
 
000042518,000000000,000000000,0102.478,0001.894,-000.986,0167
 
000042538,000000000,000000000,0102.480,0001.906,-001.020,0006
 
000042558,000000000,000000000,0102.479,0001.894,-001.008,0166
 
000042578,000000000,000000000,0102.491,0001.842,-001.018,0166
 
000042598,000000000,000000000,0102.475,0001.839,-001.028,0006
 
000042618,000000000,000000000,0102.497,0001.858,-001.015,0167
 
000042638,000000000,000000000,0102.542,0001.853,-001.025,0171
 
000042658,000000000,000000000,0102.542,0001.845,-001.012,0006
 
000042678,000000000,000000000,0102.531,0001.863,-001.023,0167
 
000042698,000000000,000000000,0102.543,0001.879,-001.033,0179
 
000042718,000000000,000000000,0102.543,0001.870,-001.042,0006
 
000042738,000000000,000000000,0102.558,0001.863,-001.029,0169
 
000042758,000000000,000000000,0102.558,0001.856,-001.015,0179
 
000042778,000000000,000000000,0102.530,0001.824,-001.025,0006
 
000042798,000000000,000000000,0102.521,0001.844,-001.034,0169
 
000042818,000000000,000000000,0102.537,0001.843,-001.018,0178
 
000042838,000000000,000000000,0102.519,0001.883,-001.029,0006
 
000042858,000000000,000000000,0102.530,0001.875,-001.036,0179
 
000042878,000000000,000000000,0102.524,0001.845,-001.021,0006
 
000042898,000000000,000000000,0102.528,0001.839,-001.029,0006
 
000042918,000000000,000000000,0102.558,0001.881,-001.017,0169
 
000042938,000000000,000000000,0102.554,0001.897,-001.004,0006
 
000042958,000000000,000000000,0102.568,0001.909,-001.015,0173
 
000042978,000000000,000000000,0102.541,0001.922,-001.002,0167
 
000042998,000000000,000000000,0102.544,0001.909,-001.011,0006
 
000043018,000000000,000000000,0102.535,0001.874,-001.021,0006
 
000043038,000000000,000000000,0102.556,0001.867,-001.030,0173
 
000043058,000000000,000000000,0102.526,0001.860,-001.038,0006
 
000043078,000000000,000000000,0102.516,0001.855,-001.046,0006
 
000043098,000000000,000000000,0102.524,0001.872,-001.052,0006
 
000043118,000000000,000000000,0102.529,0001.864,-001.037,0006
 
000043138,000000000,000000000,0102.533,0001.879,-001.044,0006
 
000043158,000000000,000000000,0102.525,0001.869,-001.051,0006
 
000043178,000000000,000000000,0102.539,0001.860,-001.013,0166
 
000043198,000000000,000000000,0102.563,0001.831,-001.023,0006
 
000043218,000000000,000000000,0102.568,0001.825,-001.010,0006
 
000043238,000000000,000000000,0102.549,0001.842,-001.020,0166
 
000043258,000000000,000000000,0102.547,0001.863,-001.051,0179
 
