000270010,000000000,000000000,0122.371,0001.357,-000.962,0167
 
000270030,000000000,000000000,0122.381,0001.379,-000.992,0007
 
000270050,000000000,000000000,0122.372,0001.377,-000.993,0007
 
000270070,000000000,000000000,0122.346,0001.385,-000.996,0007
 
000270090,000000000,000000000,0122.367,0001.361,-001.026,0169
 
000270110,000000000,000000000,0122.388,0001.367,-001.024,0167
 
000270130,000000000,000000000,0122.403,0001.367,-001.004,0167
 
000270150,000000000,000000000,0122.395,0001.391,-001.008,0170
 
000270170,000000000,000000000,0122.396,0001.419,-001.032,0168
 
000270190,000000000,000000000,0122.383,0001.438,-001.033,0167
 
000270210,000000000,000000000,0122.379,0001.457,-001.034,0169
 
000270230,000000000,000000000,0122.401,0001.428,-001.031,0167
 
000270250,000000000,000000000,0122.429,0001.422,-001.031,0166
 
000270270,000000000,000000000,0122.420,0001.423,-001.054,0169
 
000270290,000000000,000000000,0122.441,0001.422,-001.030,0167
 
000270310,000000000,000000000,0122.457,0001.418,-001.033,0167
 
000270330,000000000,000000000,0122.467,0001.440,-001.011,0179
 
000270350,000000000,000000000,0122.483,0001.412,-001.013,0007
 
000270370,000000000,000000000,0122.492,0001.414,-000.993,0180
 
000270390,000000000,000000000,0122.492,0001.411,-000.997,0169
 
000270410,000000000,000000000,0122.480,0001.453,-000.980,0167
 
000270430,000000000,000000000,0122.483,0001.424,-000.985,0007
 
000270450,000000000,000000000,0122.504,0001.445,-000.989,0179
 
000270470,000000000,000000000,0122.495,0001.434,-001.015,0007
 
000270490,000000000,000000000,0122.490,0001.444,-001.019,0007
 
000270510,000000000,000000000,0122.449,0001.434,-001.042,0173
 
000270530,000000000,000000000,0122.426,0001.442,-001.039,0007
 
000270550,000000000,000000000,0122.423,0001.429,-001.016,0007
 
000270570,000000000,000000000,0122.427,0001.463,-001.020,0173
 
000270590,000000000,000000000,0122.419,0001.461,-001.039,0166
 
000270610,000000000,000000000,0122.425,0001.454,-000.995,0007
 
000270630,000000000,000000000,0122.438,0001.446,-000.955,0180
 
000270650,000000000,000000000,0122.445,0001.451,-000.983,0167
 
000270670,000000000,000000000,0122.459,0001.464,-000.943,0007
 
000270690,000000000,000000000,0122.437,0001.504,-000.931,0007
 
000270710,000000000,000000000,0122.413,0001.494,-000.934,0007
 
000270730,000000000,000000000,0122.389,0001.526,-000.947,0007
 
000270750,000000000,000000000,0122.387,0001.517,-000.953,0169
 
000270770,000000000,000000000,0122.370,0001.504,-000.957,0167
 
000270790,000000000,000000000,0122.359,0001.515,-000.965,0166
 
000270810,000000000,000000000,0122.366,0001.529,-000.971,0169
 
000270830,000000000,000000000,0122.351,0001.517,-000.997,0167
 
000270850,000000000,000000000,0122.366,0001.463,-001.071,0167
 
000270870,000000000,000000000,0122.376,0001.436,-001.067,0167
 
000270890,000000000,000000000,0122.386,0001.454,-001.062,0167
 
000270910,000000000,000000000,0122.409,0001.449,-001.062,0166
 
000270930,000000000,000000000,0122.399,0001.423,-001.035,0169
 
000270950,000000000,000000000,0122.422,0001.399,-001.036,0167
 
000270970,000000000,000000000,0122.400,0001.378,-001.013,0166
 
000270990,000000000,000000000,0122.421,0001.381,-001.037,0167
 
000271010,000000000,000000000,0122.415,0001.383,-001.038,0167
 
000271030,000000000,000000000,0122.420,0001.407,-001.039,0167
 
000271050,000000000,000000000,0122.421,0001.407,-001.060,0177
 
000271070,000000000,000000000,0122.429,0001.361,-001.037,0167
 
000271090,000000000,000000000,0122.406,0001.341,-001.034,0166
 
000271110,000000000,000000000,0122.404,0001.368,-001.037,0179
 
000271130,000000000,000000000,0122.409,0001.326,-001.037,0166
 
000271150,000000000,000000000,0122.409,0001.354,-001.015,0007
 
000271170,000000000,000000000,0122.420,0001.338,-001.016,0179
 
000271190,000000000,000000000,0122.437,0001.344,-001.020,0167
 
000271210,000000000,000000000,0122.443,0001.349,-001.021,0007
 
000271230,000000000,000000000,0122.436,0001.354,-001.044,0179
 
000271250,000000000,000000000,0122.441,0001.381,-001.065,0007
 
000271270,000000000,000000000,0122.465,0001.362,-001.062,0007
 
000271290,000000000,000000000,0122.488,0001.386,-001.059,0173
 
000271310,000000000,000000000,0122.513,0001.389,-001.059,0166
 
000271330,000000000,000000000,0122.524,0001.390,-001.033,0007
 
000271350,000000000,000000000,0122.517,0001.413,-001.033,0007
 
000271370,000000000,000000000,0122.500,0001.434,-001.012,0179
 
000271390,000000000,000000000,0122.490,0001.432,-001.014,0007
 
000271410,000000000,000000000,0122.496,0001.385,-001.039,0179
 
000271430,000000000,000000000,0122.525,0001.409,-001.037,0167
 
000271450,000000000,000000000,0122.531,0001.431,-001.033,0007
 
000271470,000000000,000000000,0122.528,0001.405,-001.032,0180
 
000271490,000000000,000000000,0122.518,0001.381,-001.030,0167
 
000271510,000000000,000000000,0122.533,0001.383,-001.006,0166
 
000271530,000000000,000000000,0122.542,0001.383,-000.962,0169
 
000271550,000000000,000000000,0122.551,0001.362,-000.970,0178
 
000271570,000000000,000000000,0122.547,0001.343,-000.974,0166
 
000271590,000000000,000000000,0122.532,0001.350,-000.958,0007
 
000271610,000000000,000000000,0122.531,0001.355,-000.987,0167
 
000271630,000000000,000000000,0122.558,0001.359,-000.990,0167
 
000271650,000000000,000000000,0122.564,0001.315,-000.972,0167
 
000271670,000000000,000000000,0122.556,0001.324,-000.979,0168
 
000271690,000000000,000000000,0122.533,0001.377,-000.984,0167
 
000271710,000000000,000000000,0122.524,0001.380,-000.991,0179
 
000271730,000000000,000000000,0122.539,0001.382,-000.993,0167
 
000271750,000000000,000000000,0122.525,0001.384,-000.995,0007
 
000271770,000000000,000000000,0122.553,0001.340,-000.977,0175
 
000271790,000000000,000000000,0122.533,0001.367,-000.962,0167
 
000271810,000000000,000000000,0122.517,0001.391,-000.947,0007
 
000271830,000000000,000000000,0122.503,0001.371,-000.956,0175
 
000271850,000000000,000000000,0122.498,0001.396,-000.963,0167
 
000271870,000000000,000000000,0122.485,0001.395,-000.947,0007
 
000271890,000000000,000000000,0122.489,0001.350,-000.955,0179
 
000271910,000000000,000000000,0122.472,0001.357,-000.937,0007
 
000271930,000000000,000000000,0122.449,0001.404,-000.967,0007
 
000271950,000000000,000000000,0122.451,0001.425,-000.974,0179
 
000271970,000000000,000000000,0122.489,0001.447,-001.003,0007
 
000271990,000000000,000000000,0122.500,0001.419,-001.007,0007
 
000272010,000000000,000000000,0122.467,0001.396,-001.011,0173
 
000272030,000000000,000000000,0122.463,0001.379,-001.012,0007
 
000272050,000000000,000000000,0122.443,0001.359,-001.016,0007
 
000272070,000000000,000000000,0122.473,0001.364,-000.997,0173
 
000272090,000000000,000000000,0122.499,0001.390,-001.001,0166
 
000272110,000000000,000000000,0122.523,0001.437,-000.983,0007
 
000272130,000000000,000000000,0122.532,0001.412,-000.985,0179
 
000272150,000000000,000000000,0122.541,0001.411,-000.967,0166
 
000272170,000000000,000000000,0122.544,0001.390,-000.976,0007
 
000272190,000000000,000000000,0122.552,0001.392,-000.980,0007
 
000272210,000000000,000000000,0122.562,0001.415,-001.008,0179
 
000272230,000000000,000000000,0122.545,0001.524,-001.011,0166
 
000272250,000000000,000000000,0122.536,0001.488,-000.991,0170
 
000272270,000000000,000000000,0122.513,0001.460,-000.976,0166
 
000272290,000000000,000000000,0122.478,0001.473,-000.982,0166
 
000272310,000000000,000000000,0122.499,0001.466,-000.964,0007
 
000272330,000000000,000000000,0122.504,0001.440,-000.972,0007
 
000272350,000000000,000000000,0122.506,0001.433,-001.001,0007
 
000272370,000000000,000000000,0122.490,0001.411,-000.981,0169
 
000272390,000000000,000000000,0122.477,0001.364,-000.941,0167
 
000272410,000000000,000000000,0122.452,0001.367,-000.930,0167
 
000272430,000000000,000000000,0122.468,0001.393,-000.939,0169
 
000272450,000000000,000000000,0122.485,0001.437,-000.951,0178
 
000272470,000000000,000000000,0122.490,0001.456,-000.956,0166
 
000272490,000000000,000000000,0122.485,0001.476,-000.961,0169
 
000272510,000000000,000000000,0122.479,0001.447,-000.969,0007
 
000272530,000000000,000000000,0122.467,0001.443,-000.973,0007
 
000272550,000000000,000000000,0122.466,0001.440,-000.978,0174
 
000272570,000000000,000000000,0122.469,0001.414,-000.985,0167
 
000272590,000000000,000000000,0122.471,0001.414,-000.967,0007
 
000272610,000000000,000000000,0122.443,0001.434,-000.973,0175
 
000272630,000000000,000000000,0122.438,0001.430,-000.869,0167
 
000272650,000000000,000000000,0122.438,0001.407,-000.906,0007
 
000272670,000000000,000000000,0122.450,0001.408,-000.942,0179
 
000272690,000000000,000000000,0122.436,0001.385,-000.929,0007
 
000272710,000000000,000000000,0122.431,0001.406,-000.936,0007
 
000272730,000000000,000000000,0122.441,0001.407,-000.948,0173
 
000272750,000000000,000000000,0122.425,0001.408,-000.954,0173
 
000272770,000000000,000000000,0122.410,0001.406,-000.960,0007
 
000272790,000000000,000000000,0122.403,0001.427,-000.968,0173
 
000272810,000000000,000000000,0122.421,0001.424,-000.973,0167
 
000272830,000000000,000000000,0122.450,0001.422,-000.978,0007
 
000272850,000000000,000000000,0122.439,0001.419,-000.961,0007
 
000272870,000000000,000000000,0122.434,0001.394,-000.946,0180
 
000272890,000000000,000000000,0122.440,0001.396,-000.954,0007
 
000272910,000000000,000000000,0122.461,0001.397,-000.964,0007
 
000272930,000000000,000000000,0122.472,0001.398,-000.967,0180
 
000272950,000000000,000000000,0122.490,0001.421,-000.972,0007
 
000272970,000000000,000000000,0122.456,0001.441,-000.957,0179
 
000272990,000000000,000000000,0122.458,0001.437,-000.964,0167
 
000273010,000000000,000000000,0122.453,0001.430,-000.971,0166
 
000273030,000000000,000000000,0122.458,0001.448,-000.979,0168
 
000273050,000000000,000000000,0122.480,0001.423,-000.983,0167
 
000273070,000000000,000000000,0122.490,0001.419,-001.008,0167
 
000273090,000000000,000000000,0122.483,0001.441,-001.012,0169
 
000273110,000000000,000000000,0122.492,0001.460,-001.012,0167
 
000273130,000000000,000000000,0122.478,0001.455,-001.014,0166
 
000273150,000000000,000000000,0122.474,0001.450,-001.017,0169
 
000273170,000000000,000000000,0122.494,0001.422,-001.017,0168
 
000273190,000000000,000000000,0122.480,0001.419,-001.019,0167
 
000273210,000000000,000000000,0122.481,0001.438,-001.021,0169
 
000273230,000000000,000000000,0122.481,0001.412,-000.997,0168
 
000273250,000000000,000000000,0122.475,0001.409,-000.982,0166
 
000273270,000000000,000000000,0122.477,0001.407,-001.007,0174
 
000273290,000000000,000000000,0122.486,0001.407,-001.008,0179
 
000273310,000000000,000000000,0122.495,0001.382,-000.987,0180
 
000273330,000000000,000000000,0122.494,0001.406,-000.992,0177
 
000273350,000000000,000000000,0122.486,0001.427,-000.994,0168
 
000273370,000000000,000000000,0122.479,0001.424,-000.997,0173
 
000273390,000000000,000000000,0122.497,0001.422,-001.020,0177
 
000273410,000000000,000000000,0122.500,0001.397,-000.997,0167
 
000273430,000000000,000000000,0122.505,0001.375,-001.000,0007
 
000273450,000000000,000000000,0122.490,0001.376,-000.979,0179
 
000273470,000000000,000000000,0122.502,0001.377,-000.960,0167
 
000273490,000000000,000000000,0122.500,0001.400,-000.968,0169
 
000273510,000000000,000000000,0122.510,0001.398,-001.017,0173
 
000273530,000000000,000000000,0122.478,0001.376,-001.042,0171
 
000273550,000000000,000000000,0122.467,0001.356,-001.041,0007
 
000273570,000000000,000000000,0122.498,0001.381,-001.038,0173
 
000273590,000000000,000000000,0122.510,0001.384,-001.038,0179
 
000273610,000000000,000000000,0122.515,0001.383,-001.014,0007
 
000273630,000000000,000000000,0122.515,0001.385,-000.994,0007
 
000273650,000000000,000000000,0122.488,0001.408,-000.954,0007
 
000273670,000000000,000000000,0122.496,0001.427,-000.962,0007
 
000273690,000000000,000000000,0122.501,0001.424,-000.966,0007
 
000273710,000000000,000000000,0122.499,0001.375,-000.883,0007
 
000273730,000000000,000000000,0122.470,0001.400,-000.896,0007
 
000273750,000000000,000000000,0122.479,0001.422,-000.909,0179
 
000273770,000000000,000000000,0122.463,0001.419,-000.899,0007
 
000273790,000000000,000000000,0122.480,0001.438,-000.866,0007
 
000273810,000000000,000000000,0122.487,0001.432,-000.836,0180
 
000273830,000000000,000000000,0122.495,0001.381,-000.835,0007
 
000273850,000000000,000000000,0122.499,0001.383,-000.875,0007
 
000273870,000000000,000000000,0122.485,0001.385,-000.888,0179
 
000273890,000000000,000000000,0122.463,0001.409,-000.882,0007
 
000273910,000000000,000000000,0122.475,0001.407,-000.873,0007
 
000273930,000000000,000000000,0122.495,0001.406,-000.889,0179
 
000273950,000000000,000000000,0122.510,0001.360,-000.857,0008
 
000273970,000000000,000000000,0122.520,0001.362,-000.849,0007
 
000273990,000000000,000000000,0122.527,0001.364,-000.867,0007
 
000274010,000000000,000000000,0122.532,0001.368,-000.884,0007
 
000274030,000000000,000000000,0122.547,0001.391,-000.897,0008
 
000274050,000000000,000000000,0122.540,0001.435,-000.887,0007
 
000274070,000000000,000000000,0122.565,0001.407,-000.878,0166
 
000274090,000000000,000000000,0122.571,0001.428,-000.893,0007
 
000274110,000000000,000000000,0122.560,0001.468,-000.884,0166
 
000274130,000000000,000000000,0122.536,0001.461,-000.897,0166
 
000274150,000000000,000000000,0122.515,0001.476,-000.933,0007
 
000274170,000000000,000000000,0122.516,0001.447,-000.943,0166
 
000274190,000000000,000000000,0122.528,0001.419,-000.929,0167
 
000274210,000000000,000000000,0122.556,0001.439,-000.939,0007
 
000274230,000000000,000000000,0122.548,0001.457,-000.970,0170
 
000274250,000000000,000000000,0122.547,0001.473,-000.976,0167
 
000274270,000000000,000000000,0122.542,0001.463,-001.002,0166
 
000274290,000000000,000000000,0122.571,0001.454,-000.981,0168
 
000274310,000000000,000000000,0122.561,0001.423,-000.962,0166
 
000274330,000000000,000000000,0122.552,0001.442,-000.968,0007
 
000274350,000000000,000000000,0122.558,0001.392,-000.954,0169
 
000274370,000000000,000000000,0122.540,0001.393,-000.983,0166
 
000274390,000000000,000000000,0122.541,0001.393,-000.989,0167
 
000274410,000000000,000000000,0122.512,0001.392,-000.970,0167
 
000274430,000000000,000000000,0122.519,0001.347,-000.952,0167
 
000274450,000000000,000000000,0122.517,0001.352,-000.959,0166
 
000274470,000000000,000000000,0122.516,0001.401,-000.988,0169
 
000274490,000000000,000000000,0122.527,0001.398,-000.991,0168
 
000274510,000000000,000000000,0122.510,0001.399,-001.016,0173
 
000274530,000000000,000000000,0122.518,0001.397,-000.997,0167
 
000274550,000000000,000000000,0122.491,0001.374,-000.998,0168
 
000274570,000000000,000000000,0122.528,0001.375,-000.979,0006
 
000274590,000000000,000000000,0122.516,0001.401,-000.964,0174
 
000274610,000000000,000000000,0122.507,0001.399,-000.972,0167
 
000274630,000000000,000000000,0122.495,0001.377,-001.000,0007
 
000274650,000000000,000000000,0122.484,0001.356,-001.002,0179
 
000274670,000000000,000000000,0122.496,0001.314,-001.026,0167
 
000274690,000000000,000000000,0122.498,0001.344,-001.006,0007
 
000274710,000000000,000000000,0122.508,0001.370,-001.008,0179
 
000274730,000000000,000000000,0122.496,0001.373,-001.032,0007
 
000274750,000000000,000000000,0122.497,0001.377,-001.009,0007
 
000274770,000000000,000000000,0122.494,0001.357,-001.011,0173
 
000274790,000000000,000000000,0122.505,0001.317,-001.015,0173
 
000274810,000000000,000000000,0122.525,0001.325,-001.017,0007
 
000274830,000000000,000000000,0122.519,0001.376,-000.997,0173
 
000274850,000000000,000000000,0122.523,0001.378,-001.022,0166
 
000274870,000000000,000000000,0122.531,0001.402,-001.023,0007
 
000274890,000000000,000000000,0122.524,0001.424,-001.024,0173
 
000274910,000000000,000000000,0122.509,0001.420,-001.001,0167
 
000274930,000000000,000000000,0122.501,0001.373,-001.004,0007
 
000274950,000000000,000000000,0122.513,0001.353,-001.008,0179
 
000274970,000000000,000000000,0122.529,0001.377,-001.007,0167
 
000274990,000000000,000000000,0122.524,0001.379,-000.988,0007
 
000275010,000000000,000000000,0122.520,0001.422,-000.968,0179
 
000275030,000000000,000000000,0122.512,0001.328,-000.972,0166
 
000275050,000000000,000000000,0122.511,0001.310,-000.952,0166
 
000275070,000000000,000000000,0122.498,0001.316,-000.960,0168
 
000275090,000000000,000000000,0122.510,0001.300,-000.988,0167
 
000275110,000000000,000000000,0122.490,0001.331,-000.994,0166
 
000275130,000000000,000000000,0122.468,0001.379,-000.997,0169
 
000275150,000000000,000000000,0122.480,0001.380,-001.001,0166
 
000275170,000000000,000000000,0122.480,0001.335,-001.003,0166
 
000275190,000000000,000000000,0122.484,0001.338,-000.984,0169
 
000275210,000000000,000000000,0122.478,0001.322,-001.054,0167
 
000275230,000000000,000000000,0122.460,0001.285,-001.075,0007
 
000275250,000000000,000000000,0122.475,0001.361,-001.072,0169
 
000275270,000000000,000000000,0122.471,0001.363,-001.047,0168
 
000275290,000000000,000000000,0122.485,0001.364,-001.045,0167
 
000275310,000000000,000000000,0122.487,0001.366,-001.022,0169
 
000275330,000000000,000000000,0122.498,0001.348,-001.002,0167
 
000275350,000000000,000000000,0122.510,0001.328,-001.028,0167
 
000275370,000000000,000000000,0122.506,0001.333,-001.050,0169
 
000275390,000000000,000000000,0122.504,0001.317,-001.046,0167
 
000275410,000000000,000000000,0122.529,0001.347,-001.023,0180
 
000275430,000000000,000000000,0122.524,0001.352,-001.022,0007
 
000275450,000000000,000000000,0122.521,0001.356,-001.002,0171
 
000275470,000000000,000000000,0122.518,0001.338,-000.984,0167
 
000275490,000000000,000000000,0122.518,0001.341,-001.008,0173
 
000275510,000000000,000000000,0122.525,0001.348,-000.987,0007
 
000275530,000000000,000000000,0122.525,0001.329,-000.992,0007
 
000275550,000000000,000000000,0122.530,0001.357,-000.972,0173
 
000275570,000000000,000000000,0122.525,0001.335,-000.978,0166
 
000275590,000000000,000000000,0122.515,0001.338,-000.982,0007
 
000275610,000000000,000000000,0122.491,0001.342,-000.986,0173
 
000275630,000000000,000000000,0122.498,0001.347,-000.991,0166
 
000275650,000000000,000000000,0122.510,0001.374,-000.993,0007
 
000275670,000000000,000000000,0122.490,0001.376,-000.996,0007
 
000275690,000000000,000000000,0122.497,0001.378,-000.998,0007
 
000275710,000000000,000000000,0122.490,0001.356,-001.001,0007
 
000275730,000000000,000000000,0122.476,0001.361,-001.005,0179
 
000275750,000000000,000000000,0122.479,0001.363,-001.007,0167
 
000275771,000000000,000000000,0122.467,0001.365,-001.007,1023
 
000275791,000000000,000000000,0122.458,0001.367,-001.009,1023
 
000275811,000000000,000000000,0122.479,0001.370,-000.969,1023
 
000275831,000000000,000000000,0122.474,0001.383,-000.999,1023
 
000275851,000000000,000000000,0122.481,0001.379,-001.000,1023
 
000275871,000000000,000000000,0122.473,0001.375,-000.979,1023
 
000275891,000000000,000000000,0122.477,0001.373,-001.008,1023
 
000275911,000000000,000000000,0122.472,0001.379,-001.012,1023
 
000275931,000000000,000000000,0122.493,0001.444,-000.973,1023
 
000275951,000000000,000000000,0122.490,0001.460,-000.957,1023
 
000275970,000000000,000000000,0122.490,0001.455,-000.941,0169
 
000275990,000000000,000000000,0122.470,0001.470,-000.952,0167
 
000276010,000000000,000000000,0122.403,0001.508,-000.936,0166
 
000276030,000000000,000000000,0122.321,0001.536,-000.947,0179
 
000276050,000000000,000000000,0122.299,0001.558,-000.956,0167
 
000276070,000000000,000000000,0122.226,0001.552,-000.943,0166
 
000276090,000000000,000000000,0122.153,0001.530,-000.952,0179
 
000276110,000000000,000000000,0121.994,0001.630,-000.966,0007
 
000276130,000000000,000000000,0121.668,0001.785,-000.979,0179
 
000276150,000000000,000000000,0121.104,0002.023,-000.995,0007
 
000276170,000000000,000000000,0120.466,0002.218,-001.018,0167
 
000276190,000000000,000000000,0119.583,0002.470,-000.996,0007
 
000276210,000000000,000000000,0118.605,0002.530,-001.007,0179
 
000276230,000000000,000000000,0117.514,0002.425,-001.016,0007
 
000276250,000000000,000000000,0116.373,0002.257,-001.017,0007
 
000276270,000000000,000000000,0115.249,0002.046,-001.010,0173
 
000276290,000000000,000000000,0114.227,0001.777,-000.993,0007
 
000276310,000000000,000000000,0113.302,0001.527,-000.978,0007
 
000276330,000000000,000000000,0112.453,0001.200,-000.938,0173
 
000276350,000000000,000000000,0111.688,0001.069,-000.914,0007
 
000276370,000000000,000000000,0110.968,0001.108,-000.934,0007
 
000276390,000000000,000000000,0110.362,0001.139,-000.915,0179
 
000276410,000000000,000000000,0109.740,0000.921,-000.896,0179
 
000276430,000000000,000000000,0109.145,0001.001,-000.927,0006
 
000276450,000000000,000000000,0108.600,0000.912,-000.882,0179
 
000276470,000000000,000000000,0108.053,0000.875,-000.889,0007
 
000276490,000000000,000000000,0107.581,0000.904,-000.920,0007
 
000276510,000000000,000000000,0107.131,0000.851,-000.901,0179
 
000276530,000000000,000000000,0106.715,0000.867,-000.881,0178
 
000276550,000000000,000000000,0106.328,0000.729,-000.889,0006
 
000276570,000000000,000000000,0106.002,0000.692,-000.853,0179
 
000276590,000000000,000000000,0105.721,0000.684,-000.842,0007
 
000276610,000000000,000000000,0105.477,0000.745,-000.879,0007
 
000276630,000000000,000000000,0105.298,0000.751,-000.910,0007
 
000276650,000000000,000000000,0105.149,0000.789,-000.915,0007
 
000276670,000000000,000000000,0105.056,0000.774,-000.900,0007
 
000276690,000000000,000000000,0104.943,0000.766,-000.910,0007
 
000276710,000000000,000000000,0104.890,0000.778,-000.918,0007
 
000276730,000000000,000000000,0104.842,0000.810,-000.905,0007
 
000276750,000000000,000000000,0104.817,0000.822,-000.915,0007
 
000276770,000000000,000000000,0104.820,0000.875,-000.919,0007
 
000276790,000000000,000000000,0104.810,0000.899,-000.927,0007
 
000276810,000000000,000000000,0104.761,0000.967,-000.889,0007
 
000276830,000000000,000000000,0104.697,0001.003,-000.897,0166
 
000276850,000000000,000000000,0104.644,0001.037,-000.907,0179
 
000276870,000000000,000000000,0104.601,0001.046,-000.918,0179
 
000276890,000000000,000000000,0104.570,0001.077,-000.901,0167
 
000276910,000000000,000000000,0104.544,0001.146,-000.890,0007
 
000276930,000000000,000000000,0104.520,0001.165,-000.880,0179
 
000276950,000000000,000000000,0104.501,0001.229,-000.870,0173
 
000276970,000000000,000000000,0104.486,0001.241,-000.886,0007
 
000276990,000000000,000000000,0104.487,0001.277,-000.878,0167
 
000277010,000000000,000000000,0104.497,0001.284,-000.889,0173
 
000277030,000000000,000000000,0104.474,0001.291,-000.900,0007
 
000277050,000000000,000000000,0104.434,0001.299,-000.866,0167
 
000277070,000000000,000000000,0104.394,0001.328,-000.858,0178
 
000277090,000000000,000000000,0104.403,0001.378,-000.872,0007
 
000277110,000000000,000000000,0104.365,0001.378,-000.885,0167
 
000277130,000000000,000000000,0104.333,0001.376,-000.894,0178
 
000277150,000000000,000000000,0104.313,0001.353,-000.882,0006
 
000277170,000000000,000000000,0104.287,0001.332,-000.870,0007
 
000277190,000000000,000000000,0104.277,0001.333,-000.881,0007
 
000277210,000000000,000000000,0104.280,0001.359,-000.892,0007
 
000277230,000000000,000000000,0104.287,0001.364,-000.881,0179
 
000277250,000000000,000000000,0104.300,0001.383,-000.870,0178
 
000277270,000000000,000000000,0104.307,0001.363,-000.882,0006
 
000277290,000000000,000000000,0104.305,0001.338,-000.825,0007
 
000277310,000000000,000000000,0104.289,0001.365,-000.844,0007
 
000277330,000000000,000000000,0104.301,0001.414,-000.882,0007
 
000277350,000000000,000000000,0104.302,0001.408,-000.873,0007
 
000277370,000000000,000000000,0104.292,0001.386,-000.907,0007
 
000277390,000000000,000000000,0104.286,0001.407,-000.914,0007
 
000277410,000000000,000000000,0104.296,0001.425,-000.878,0007
 
000277430,000000000,000000000,0104.327,0001.444,-000.891,0007
 
000277450,000000000,000000000,0104.349,0001.459,-000.880,0007
 
000277470,000000000,000000000,0104.358,0001.427,-000.870,0007
 
000277490,000000000,000000000,0104.340,0001.420,-000.886,0166
 
000277510,000000000,000000000,0104.338,0001.392,-000.898,0007
 
000277530,000000000,000000000,0104.317,0001.390,-000.909,0166
 
000277550,000000000,000000000,0104.310,0001.388,-000.919,0167
 
000277570,000000000,000000000,0104.321,0001.431,-000.904,0179
 
000277590,000000000,000000000,0104.322,0001.425,-000.913,0007
 
000277610,000000000,000000000,0104.313,0001.396,-000.902,0166
 
000277630,000000000,000000000,0104.304,0001.418,-000.891,0179
 
000277650,000000000,000000000,0104.309,0001.411,-000.927,0007
 
000277670,000000000,000000000,0104.317,0001.406,-000.936,0166
 
000277690,000000000,000000000,0104.321,0001.428,-000.919,0007
 
000277710,000000000,000000000,0104.326,0001.398,-000.905,0167
 
000277730,000000000,000000000,0104.317,0001.374,-000.893,0171
 
000277750,000000000,000000000,0104.287,0001.394,-000.880,0179
 
000277770,000000000,000000000,0104.292,0001.416,-000.871,0173
 
000277790,000000000,000000000,0104.302,0001.415,-000.884,0179
 
000277810,000000000,000000000,0104.301,0001.412,-000.875,0007
 
000277830,000000000,000000000,0104.309,0001.410,-000.888,0169
 
000277850,000000000,000000000,0104.331,0001.430,-000.834,0178
 
000277870,000000000,000000000,0104.330,0001.401,-000.829,0007
 
000277890,000000000,000000000,0104.353,0001.420,-000.822,0167
 
000277910,000000000,000000000,0104.364,0001.417,-000.840,0007
 
000277930,000000000,000000000,0104.347,0001.435,-000.835,0007
 
000277950,000000000,000000000,0104.344,0001.431,-000.830,0179
 
000277970,000000000,000000000,0104.357,0001.402,-000.847,0178
 
000277990,000000000,000000000,0104.348,0001.375,-000.816,0006
 
000278010,000000000,000000000,0104.349,0001.375,-000.834,0179
 
000278030,000000000,000000000,0104.344,0001.399,-000.850,0007
 
000278050,000000000,000000000,0104.327,0001.441,-000.843,0006
 
000278070,000000000,000000000,0104.337,0001.480,-000.882,0007
 
000278090,000000000,000000000,0104.312,0001.492,-000.872,0007
 
000278110,000000000,000000000,0104.306,0001.457,-000.862,0167
 
000278130,000000000,000000000,0104.307,0001.471,-000.855,0167
 
000278150,000000000,000000000,0104.308,0001.461,-000.892,0007
 
000278170,000000000,000000000,0104.316,0001.452,-000.882,0007
 
000278190,000000000,000000000,0104.288,0001.465,-000.896,0007
 
000278210,000000000,000000000,0104.287,0001.478,-000.908,0007
 
000278230,000000000,000000000,0104.266,0001.469,-000.875,0007
 
000278250,000000000,000000000,0104.254,0001.484,-000.866,0166
 
000278270,000000000,000000000,0104.249,0001.495,-000.859,0167
 
000278290,000000000,000000000,0104.239,0001.461,-000.873,0007
 
000278310,000000000,000000000,0104.235,0001.433,-000.886,0166
 
000278330,000000000,000000000,0104.226,0001.447,-000.898,0167
 
000278350,000000000,000000000,0104.204,0001.419,-000.886,0179
 
000278370,000000000,000000000,0104.176,0001.416,-000.896,0179
 
000278390,000000000,000000000,0104.160,0001.455,-000.908,0167
 
000278410,000000000,000000000,0104.166,0001.469,-000.917,0007
 
000278430,000000000,000000000,0104.163,0001.458,-000.924,0167
 
000278450,000000000,000000000,0104.141,0001.470,-000.934,0171
 
000278470,000000000,000000000,0104.142,0001.486,-000.919,0007
 
000278490,000000000,000000000,0104.145,0001.496,-000.928,0167
 
000278510,000000000,000000000,0104.151,0001.483,-000.937,0171
 
000278530,000000000,000000000,0104.142,0001.496,-000.922,0007
 
000278550,000000000,000000000,0104.154,0001.481,-000.907,0167
 
000278570,000000000,000000000,0104.180,0001.493,-000.917,0179
 
000278590,000000000,000000000,0104.194,0001.461,-000.928,0007
 
000278610,000000000,000000000,0104.166,0001.496,-000.912,0169
 
000278630,000000000,000000000,0104.174,0001.508,-000.925,0179
 
000278650,000000000,000000000,0104.173,0001.495,-000.910,0007
 
000278670,000000000,000000000,0104.186,0001.505,-000.875,0169
 
000278690,000000000,000000000,0104.197,0001.493,-000.888,0007
 
000278710,000000000,000000000,0104.189,0001.505,-000.898,0166
 
000278730,000000000,000000000,0104.187,0001.469,-000.888,0179
 
000278750,000000000,000000000,0104.180,0001.461,-000.922,0179
 
000278770,000000000,000000000,0104.212,0001.450,-000.884,0006
 
000278790,000000000,000000000,0104.195,0001.420,-000.874,0007
 
000278810,000000000,000000000,0104.194,0001.439,-000.887,0007
 
000278830,000000000,000000000,0104.164,0001.457,-000.878,0007
 
000278850,000000000,000000000,0104.195,0001.471,-000.867,0007
 
000278870,000000000,000000000,0104.198,0001.463,-000.859,0007
 
000278890,000000000,000000000,0104.175,0001.476,-000.875,0007
 
000278910,000000000,000000000,0104.180,0001.488,-000.887,0007
 
000278930,000000000,000000000,0104.200,0001.453,-000.854,0007
 
000278950,000000000,000000000,0104.209,0001.470,-000.871,0007
 
000278970,000000000,000000000,0104.178,0001.459,-000.885,0007
 
000278990,000000000,000000000,0104.187,0001.453,-000.897,0007
 
000279010,000000000,000000000,0104.192,0001.469,-000.907,0007
 
000279030,000000000,000000000,0104.188,0001.461,-000.917,0166
 
000279050,000000000,000000000,0104.197,0001.454,-000.904,0167
 
000279070,000000000,000000000,0104.198,0001.445,-000.914,0173
 
000279090,000000000,000000000,0104.176,0001.440,-000.925,0177
 
000279110,000000000,000000000,0104.178,0001.436,-000.934,0167
 
000279130,000000000,000000000,0104.169,0001.473,-000.920,0179
 
000279150,000000000,000000000,0104.172,0001.510,-000.905,0179
 
000279170,000000000,000000000,0104.178,0001.500,-000.914,0167
 
000279190,000000000,000000000,0104.158,0001.441,-000.925,0007
 
000279210,000000000,000000000,0104.146,0001.435,-000.914,0169
 
000279230,000000000,000000000,0104.163,0001.387,-000.923,0173
 
000279250,000000000,000000000,0104.152,0001.388,-000.931,0007
 
000279270,000000000,000000000,0104.162,0001.389,-000.938,0169
 
000279290,000000000,000000000,0104.176,0001.366,-000.900,0171
 
000279310,000000000,000000000,0104.187,0001.322,-000.867,0007
 
000279330,000000000,000000000,0104.192,0001.349,-000.859,0167
 
000279350,000000000,000000000,0104.208,0001.373,-000.854,0178
 
000279370,000000000,000000000,0104.212,0001.374,-000.849,0007
 
000279390,000000000,000000000,0104.224,0001.353,-000.864,0169
 
000279410,000000000,000000000,0104.205,0001.355,-000.857,0173
 
000279430,000000000,000000000,0104.221,0001.355,-000.853,0007
 
000279450,000000000,000000000,0104.202,0001.358,-000.846,0007
 
000279470,000000000,000000000,0104.217,0001.382,-000.840,0007
 
000279490,000000000,000000000,0104.199,0001.384,-000.856,0167
 
000279510,000000000,000000000,0104.180,0001.363,-000.871,0179
 
000279530,000000000,000000000,0104.174,0001.386,-000.861,0178
 
000279550,000000000,000000000,0104.188,0001.387,-000.876,0006
 
000279570,000000000,000000000,0104.191,0001.388,-000.864,0179
 
000279590,000000000,000000000,0104.198,0001.431,-000.858,0007
 
000279610,000000000,000000000,0104.202,0001.427,-000.873,0007
 
000279630,000000000,000000000,0104.201,0001.423,-000.862,0007
 
000279650,000000000,000000000,0104.185,0001.440,-000.856,0007
 
000279670,000000000,000000000,0104.179,0001.437,-000.871,0007
 
000279690,000000000,000000000,0104.198,0001.431,-000.862,0007
 
000279710,000000000,000000000,0104.152,0001.449,-000.878,0007
 
000279730,000000000,000000000,0104.172,0001.443,-000.892,0007
 
000279750,000000000,000000000,0104.173,0001.414,-000.833,0007
 
000279770,000000000,000000000,0104.191,0001.432,-000.828,0007
 
000279790,000000000,000000000,0104.208,0001.429,-000.867,0007
 
000279810,000000000,000000000,0104.186,0001.403,-000.903,0166
 
000279830,000000000,000000000,0104.173,0001.422,-000.915,0167
 
000279850,000000000,000000000,0104.198,0001.421,-000.904,0179
 
000279870,000000000,000000000,0104.190,0001.416,-000.869,0007
 
000279890,000000000,000000000,0104.217,0001.391,-000.885,0166
 
000279910,000000000,000000000,0104.225,0001.413,-000.919,0179
 
000279930,000000000,000000000,0104.222,0001.430,-000.907,0179
 
000279950,000000000,000000000,0104.231,0001.404,-000.939,0167
 
000279970,000000000,000000000,0104.208,0001.400,-000.948,0007
 
000279990,000000000,000000000,0104.193,0001.420,-000.931,0167
 
000280010,000000000,000000000,0104.226,0001.441,-000.940,0172
 
000280030,000000000,000000000,0104.214,0001.456,-000.945,0007
 
000280050,000000000,000000000,0104.198,0001.448,-000.933,0167
 
000280070,000000000,000000000,0104.220,0001.418,-000.940,0171
 
000280090,000000000,000000000,0104.225,0001.415,-000.947,0007
 
000280110,000000000,000000000,0104.216,0001.411,-000.933,0167
 
000280130,000000000,000000000,0104.210,0001.431,-000.962,0179
 
000280150,000000000,000000000,0104.217,0001.448,-000.969,0007
 
000280170,000000000,000000000,0104.226,0001.440,-000.995,0169
 
000280190,000000000,000000000,0104.239,0001.410,-000.974,0179
 
000280210,000000000,000000000,0104.268,0001.428,-000.954,0007
 
000280230,000000000,000000000,0104.238,0001.444,-000.983,0179
 
000280250,000000000,000000000,0104.233,0001.439,-000.987,0179
 
000280270,000000000,000000000,0104.227,0001.455,-000.968,0007
 
000280290,000000000,000000000,0104.196,0001.447,-000.951,0179
 
000280310,000000000,000000000,0104.199,0001.441,-000.957,0178
 
000280330,000000000,000000000,0104.168,0001.456,-000.962,0006
 
000280350,000000000,000000000,0104.191,0001.471,-000.991,0007
 
000280370,000000000,000000000,0104.176,0001.486,-000.971,0167
 
000280390,000000000,000000000,0104.169,0001.475,-000.977,0006
 
000280410,000000000,000000000,0104.175,0001.467,-000.982,0179
 
000280430,000000000,000000000,0104.172,0001.459,-000.963,0007
 
000280450,000000000,000000000,0104.123,0001.471,-000.966,0007
 
000280470,000000000,000000000,0104.143,0001.485,-000.971,0007
 
000280490,000000000,000000000,0104.143,0001.474,-000.930,0007
 
000280510,000000000,000000000,0104.146,0001.486,-000.939,0007
 
000280530,000000000,000000000,0104.162,0001.455,-000.924,0007
 
000280550,000000000,000000000,0104.167,0001.447,-000.909,0167
 
000280570,000000000,000000000,0104.171,0001.440,-000.897,0173
 
000280590,000000000,000000000,0104.167,0001.457,-000.911,0174
 
000280610,000000000,000000000,0104.139,0001.469,-000.898,0167
 
000280630,000000000,000000000,0104.157,0001.482,-000.888,0179
 
000280650,000000000,000000000,0104.144,0001.430,-000.900,0174
 
000280670,000000000,000000000,0104.145,0001.446,-000.888,0167
 
000280690,000000000,000000000,0104.157,0001.416,-000.857,0007
 
000280710,000000000,000000000,0104.152,0001.370,-000.850,0007
 
000280730,000000000,000000000,0104.136,0001.327,-000.889,0007
 
000280750,000000000,000000000,0104.140,0001.354,-000.879,0007
 
000280770,000000000,000000000,0104.158,0001.380,-000.912,0169
 
000280790,000000000,000000000,0104.163,0001.402,-000.879,0173
 
000280810,000000000,000000000,0104.149,0001.377,-000.895,0007
 
000280830,000000000,000000000,0104.163,0001.379,-000.928,0167
 
000280850,000000000,000000000,0104.186,0001.401,-000.939,0179
 
000280870,000000000,000000000,0104.200,0001.399,-000.947,0007
 
000280890,000000000,000000000,0104.173,0001.397,-000.933,0007
 
000280910,000000000,000000000,0104.170,0001.374,-000.942,0167
 
000280930,000000000,000000000,0104.168,0001.375,-000.949,0007
 
000280950,000000000,000000000,0104.142,0001.353,-000.955,0169
 
000280970,000000000,000000000,0104.155,0001.377,-000.962,0178
 
000280990,000000000,000000000,0104.166,0001.401,-000.943,0007
 
000281010,000000000,000000000,0104.182,0001.399,-000.927,0179
 
000281030,000000000,000000000,0104.197,0001.396,-000.912,0167
 
000281050,000000000,000000000,0104.190,0001.350,-000.921,0006
 
000281070,000000000,000000000,0104.186,0001.352,-000.930,0179
 
000281090,000000000,000000000,0104.203,0001.378,-000.917,0167
 
000281110,000000000,000000000,0104.213,0001.379,-000.928,0006
 
000281130,000000000,000000000,0104.221,0001.358,-000.936,0007
 
000281150,000000000,000000000,0104.213,0001.336,-000.944,0178
 
000281170,000000000,000000000,0104.236,0001.342,-000.951,0166
 
000281190,000000000,000000000,0104.218,0001.346,-000.935,0169
 
000281210,000000000,000000000,0104.229,0001.348,-000.945,0167
 
000281230,000000000,000000000,0104.221,0001.329,-000.927,0166
 
