000092700,000000000,000000000,0122.470,0001.583,-000.881,0182
 
000092720,000000000,000000000,0122.424,0001.605,-000.893,0169
 
000092740,000000000,000000000,0122.533,0001.622,-000.903,0008
 
000092760,000000000,000000000,0122.541,0001.611,-000.887,0168
 
000092780,000000000,000000000,0122.505,0001.625,-000.895,0166
 
000092800,000000000,000000000,0122.479,0001.591,-000.903,0007
 
000092820,000000000,000000000,0122.474,0001.543,-000.889,0166
 
000092840,000000000,000000000,0122.566,0001.539,-000.923,0167
 
000092860,000000000,000000000,0122.507,0001.585,-000.928,0007
 
000092880,000000000,000000000,0122.500,0001.579,-000.936,0007
 
000092900,000000000,000000000,0122.521,0001.599,-000.943,0166
 
000092920,000000000,000000000,0122.495,0001.614,-000.944,0007
 
000092940,000000000,000000000,0122.407,0001.610,-000.931,0172
 
000092960,000000000,000000000,0122.385,0001.605,-000.912,0167
 
000092980,000000000,000000000,0122.407,0001.600,-000.921,0007
 
000093000,000000000,000000000,0122.322,0001.596,-000.933,0007
 
000093020,000000000,000000000,0122.406,0001.575,-000.936,0167
 
000093040,000000000,000000000,0122.442,0001.527,-000.920,0167
 
000093060,000000000,000000000,0122.408,0001.525,-000.926,0172
 
000093080,000000000,000000000,0122.537,0001.502,-000.907,0167
 
000093100,000000000,000000000,0122.542,0001.523,-000.915,0007
 
000093120,000000000,000000000,0122.506,0001.572,-000.927,0007
 
000093140,000000000,000000000,0122.510,0001.548,-000.932,0167
 
000093160,000000000,000000000,0122.478,0001.568,-000.937,0007
 
000093180,000000000,000000000,0122.572,0001.591,-000.944,0179
 
000093200,000000000,000000000,0122.416,0001.608,-000.948,0166
 
000093220,000000000,000000000,0122.519,0001.605,-000.953,0007
 
000093240,000000000,000000000,0122.438,0001.601,-000.954,0167
 
000093260,000000000,000000000,0122.375,0001.524,-000.957,0173
 
000093280,000000000,000000000,0122.372,0001.530,-000.938,0007
 
000093300,000000000,000000000,0122.480,0001.506,-000.944,0007
 
000093320,000000000,000000000,0122.550,0001.488,-000.901,0180
 
000093340,000000000,000000000,0122.594,0001.512,-000.907,0007
 
000093360,000000000,000000000,0122.657,0001.512,-000.938,0179
 
000093380,000000000,000000000,0122.784,0001.494,-000.945,0166
 
000093400,000000000,000000000,0122.779,0001.498,-000.948,0007
 
000093420,000000000,000000000,0122.739,0001.504,-000.954,0007
 
000093440,000000000,000000000,0122.763,0001.510,-000.937,0179
 
000093460,000000000,000000000,0122.807,0001.512,-000.942,0166
 
000093480,000000000,000000000,0122.784,0001.516,-000.971,0167
 
000093500,000000000,000000000,0122.732,0001.541,-000.973,0167
 
000093520,000000000,000000000,0122.755,0001.496,-000.952,0007
 
000093540,000000000,000000000,0122.694,0001.502,-000.934,0167
 
000093560,000000000,000000000,0122.727,0001.503,-000.938,0167
 
000093580,000000000,000000000,0122.666,0001.488,-000.922,0167
 
000093600,000000000,000000000,0122.683,0001.514,-000.929,0172
 
000093620,000000000,000000000,0122.622,0001.517,-000.935,0167
 
000093640,000000000,000000000,0122.539,0001.521,-000.920,0168
 
000093660,000000000,000000000,0122.616,0001.540,-000.904,0171
 
000093680,000000000,000000000,0122.639,0001.547,-000.935,0167
 
000093700,000000000,000000000,0122.598,0001.572,-000.942,0168
 
000093720,000000000,000000000,0122.620,0001.564,-000.968,0172
 
000093740,000000000,000000000,0122.658,0001.566,-000.971,0166
 
000093760,000000000,000000000,0122.738,0001.558,-000.973,0168
 
000093780,000000000,000000000,0122.619,0001.579,-000.973,0007
 
000093800,000000000,000000000,0122.741,0001.577,-000.997,0167
 
000093820,000000000,000000000,0122.831,0001.572,-001.000,0007
 
000093840,000000000,000000000,0122.823,0001.569,-000.999,0007
 
000093860,000000000,000000000,0122.796,0001.567,-000.999,0167
 
000093880,000000000,000000000,0122.636,0001.562,-000.978,0007
 
000093900,000000000,000000000,0122.708,0001.563,-000.980,0007
 
000093920,000000000,000000000,0122.769,0001.556,-000.983,0176
 
000093940,000000000,000000000,0122.779,0001.552,-000.963,0007
 
000093960,000000000,000000000,0122.777,0001.553,-000.965,0177
 
000093980,000000000,000000000,0122.796,0001.547,-000.968,0166
 
000094000,000000000,000000000,0122.892,0001.525,-000.971,0007
 
000094020,000000000,000000000,0122.782,0001.525,-000.970,0177
 
000094040,000000000,000000000,0122.521,0001.547,-000.952,0166
 
000094060,000000000,000000000,0122.602,0001.545,-000.956,0007
 
000094080,000000000,000000000,0122.636,0001.542,-000.913,0007
 
000094100,000000000,000000000,0122.585,0001.566,-000.924,0180
 
000094120,000000000,000000000,0122.500,0001.587,-000.930,0007
 
000094140,000000000,000000000,0122.643,0001.585,-000.937,0007
 
000094160,000000000,000000000,0122.719,0001.605,-000.944,0180
 
000094180,000000000,000000000,0122.774,0001.598,-000.948,0007
 
000094200,000000000,000000000,0122.713,0001.567,-000.951,0007
 
000094220,000000000,000000000,0122.604,0001.542,-000.955,0007
 
000094240,000000000,000000000,0122.504,0001.542,-000.957,0007
 
000094260,000000000,000000000,0122.458,0001.543,-000.983,0007
 
000094280,000000000,000000000,0122.473,0001.544,-000.985,0166
 
000094300,000000000,000000000,0122.481,0001.539,-000.962,0007
 
000094320,000000000,000000000,0122.521,0001.518,-000.964,0007
 
000094340,000000000,000000000,0122.482,0001.517,-000.990,0007
 
000094360,000000000,000000000,0122.442,0001.520,-001.008,0007
 
000094380,000000000,000000000,0122.525,0001.544,-001.032,0007
 
000094400,000000000,000000000,0122.566,0001.539,-001.076,0168
 
000094420,000000000,000000000,0122.625,0001.516,-001.111,0168
 
000094440,000000000,000000000,0122.660,0001.517,-001.102,0172
 
000094460,000000000,000000000,0122.612,0001.496,-001.069,0167
 
000094480,000000000,000000000,0122.738,0001.476,-001.060,0167
 
000094500,000000000,000000000,0122.735,0001.524,-001.055,0007
 
000094520,000000000,000000000,0122.729,0001.507,-001.029,0166
 
000094540,000000000,000000000,0122.660,0001.509,-001.025,0007
 
000094560,000000000,000000000,0122.685,0001.511,-000.980,0167
 
000094580,000000000,000000000,0122.645,0001.510,-001.002,0167
 
000094600,000000000,000000000,0122.618,0001.556,-001.000,0007
 
000094620,000000000,000000000,0122.555,0001.556,-001.001,0007
 
000094640,000000000,000000000,0122.608,0001.552,-000.999,0176
 
000094660,000000000,000000000,0122.738,0001.572,-000.976,0007
 
000094680,000000000,000000000,0122.653,0001.568,-000.958,0177
 
000094700,000000000,000000000,0122.560,0001.541,-000.958,0167
 
000094720,000000000,000000000,0122.617,0001.520,-000.962,0007
 
000094740,000000000,000000000,0122.523,0001.543,-000.966,0177
 
000094760,000000000,000000000,0122.562,0001.518,-000.968,0167
 
000094780,000000000,000000000,0122.541,0001.519,-000.993,0007
 
000094800,000000000,000000000,0122.466,0001.496,-000.969,0007
 
000094820,000000000,000000000,0122.627,0001.477,-000.968,0180
 
000094840,000000000,000000000,0122.649,0001.458,-000.926,0007
 
000094860,000000000,000000000,0122.661,0001.488,-000.934,0179
 
000094880,000000000,000000000,0122.663,0001.472,-000.961,0166
 
000094900,000000000,000000000,0122.694,0001.477,-000.965,0007
 
000094920,000000000,000000000,0122.795,0001.502,-000.966,0007
 
000094940,000000000,000000000,0122.890,0001.482,-000.967,0179
 
000094960,000000000,000000000,0122.877,0001.487,-000.925,0007
 
000094980,000000000,000000000,0122.798,0001.467,-000.954,0167
 
000095000,000000000,000000000,0122.754,0001.494,-000.957,0167
 
000095020,000000000,000000000,0122.754,0001.475,-000.940,0167
 
000095040,000000000,000000000,0122.676,0001.478,-000.944,0180
 
000095060,000000000,000000000,0122.682,0001.461,-000.947,0166
 
000095080,000000000,000000000,0122.668,0001.445,-000.933,0007
 
000095100,000000000,000000000,0122.646,0001.432,-000.959,0172
 
000095120,000000000,000000000,0122.629,0001.486,-000.962,0167
 
000095140,000000000,000000000,0122.622,0001.488,-000.966,0167
 
000095160,000000000,000000000,0122.596,0001.490,-000.966,0168
 
000095180,000000000,000000000,0122.606,0001.514,-000.969,0167
 
000095200,000000000,000000000,0122.456,0001.490,-000.949,0168
 
000095220,000000000,000000000,0122.474,0001.514,-000.953,0007
 
000095240,000000000,000000000,0122.467,0001.539,-000.934,0167
 
000095260,000000000,000000000,0122.551,0001.557,-000.919,0007
 
000095280,000000000,000000000,0122.712,0001.550,-000.877,0180
 
000095300,000000000,000000000,0122.634,0001.568,-000.868,0167
 
000095320,000000000,000000000,0122.563,0001.587,-000.902,0007
 
000095340,000000000,000000000,0122.537,0001.603,-000.909,0007
 
000095360,000000000,000000000,0122.471,0001.596,-000.918,0167
 
000095380,000000000,000000000,0122.387,0001.565,-000.902,0007
 
000095400,000000000,000000000,0122.550,0001.559,-000.909,0007
 
000095420,000000000,000000000,0122.531,0001.536,-000.921,0176
 
000095440,000000000,000000000,0122.525,0001.558,-000.929,0007
 
000095460,000000000,000000000,0122.558,0001.555,-000.911,0177
 
000095480,000000000,000000000,0122.541,0001.597,-000.921,0007
 
000095500,000000000,000000000,0122.640,0001.613,-000.929,0007
 
000095520,000000000,000000000,0122.558,0001.582,-000.892,0007
 
000095540,000000000,000000000,0122.459,0001.575,-000.925,0179
 
000095560,000000000,000000000,0122.566,0001.613,-000.910,0007
 
000095580,000000000,000000000,0122.642,0001.605,-000.918,0007
 
000095600,000000000,000000000,0122.657,0001.596,-000.906,0180
 
000095620,000000000,000000000,0122.614,0001.614,-000.892,0007
 
000095640,000000000,000000000,0122.689,0001.583,-000.902,0007
 
000095660,000000000,000000000,0122.676,0001.553,-000.914,0180
 
000095680,000000000,000000000,0122.622,0001.549,-000.921,0166
 
000095700,000000000,000000000,0122.576,0001.523,-000.928,0167
 
000095720,000000000,000000000,0122.648,0001.499,-000.890,0167
 
000095740,000000000,000000000,0122.666,0001.522,-000.899,0007
 
000095760,000000000,000000000,0122.666,0001.544,-000.907,0172
 
000095780,000000000,000000000,0122.619,0001.564,-000.915,0167
 
000095800,000000000,000000000,0122.697,0001.539,-000.944,0167
 
000095820,000000000,000000000,0122.866,0001.538,-000.951,0007
 
000095840,000000000,000000000,0122.668,0001.533,-000.909,0166
 
000095860,000000000,000000000,0122.689,0001.509,-000.916,0166
 
000095880,000000000,000000000,0122.600,0001.532,-000.904,0167
 
000095900,000000000,000000000,0122.503,0001.530,-000.913,0167
 
000095920,000000000,000000000,0122.522,0001.530,-000.920,0167
 
000095940,000000000,000000000,0122.505,0001.528,-000.928,0172
 
000095960,000000000,000000000,0122.462,0001.505,-000.957,0168
 
000095980,000000000,000000000,0122.520,0001.460,-000.938,0007
 
000096000,000000000,000000000,0122.646,0001.510,-000.947,0180
 
000096020,000000000,000000000,0122.630,0001.577,-000.973,0168
 
000096040,000000000,000000000,0122.622,0001.551,-000.998,0168
 
000096060,000000000,000000000,0122.628,0001.546,-000.976,0172
 
000096080,000000000,000000000,0122.656,0001.522,-000.976,0167
 
000096100,000000000,000000000,0122.714,0001.522,-000.979,0007
 
000096120,000000000,000000000,0122.719,0001.498,-000.981,0007
 
000096140,000000000,000000000,0122.793,0001.504,-001.005,0176
 
000096160,000000000,000000000,0122.798,0001.505,-001.006,0007
 
000096180,000000000,000000000,0122.799,0001.485,-000.985,0177
 
000096200,000000000,000000000,0122.828,0001.508,-000.961,0176
 
000096220,000000000,000000000,0122.821,0001.531,-000.965,0007
 
000096240,000000000,000000000,0122.893,0001.550,-000.946,0177
 
000096260,000000000,000000000,0122.821,0001.548,-000.950,0167
 
000096280,000000000,000000000,0122.913,0001.568,-000.955,0007
 
000096300,000000000,000000000,0122.885,0001.543,-000.934,0007
 
000096320,000000000,000000000,0122.877,0001.563,-000.941,0179
 
000096340,000000000,000000000,0122.877,0001.581,-000.926,0007
 
000096360,000000000,000000000,0122.859,0001.551,-000.954,0007
 
000096380,000000000,000000000,0122.815,0001.524,-000.935,0179
 
000096400,000000000,000000000,0122.891,0001.546,-000.920,0007
 
000096420,000000000,000000000,0122.870,0001.564,-000.950,0007
 
000096440,000000000,000000000,0122.954,0001.582,-000.954,0007
 
000096460,000000000,000000000,0122.821,0001.597,-000.957,0007
 
000096480,000000000,000000000,0122.734,0001.590,-000.962,0168
 
000096500,000000000,000000000,0122.794,0001.604,-000.922,0167
 
000096520,000000000,000000000,0122.807,0001.594,-000.953,0007
 
000096540,000000000,000000000,0122.784,0001.587,-000.956,0007
 
000096560,000000000,000000000,0122.704,0001.604,-000.963,0007
 
000096580,000000000,000000000,0122.637,0001.570,-000.945,0008
 
000096600,000000000,000000000,0122.558,0001.588,-000.928,0172
 
000096620,000000000,000000000,0122.415,0001.583,-000.936,0166
 
000096640,000000000,000000000,0122.526,0001.575,-000.941,0007
 
000096660,000000000,000000000,0122.606,0001.569,-000.945,0172
 
000096680,000000000,000000000,0122.539,0001.586,-000.952,0167
 
000096700,000000000,000000000,0122.716,0001.578,-000.935,0168
 
000096720,000000000,000000000,0122.658,0001.548,-000.939,0180
 
000096740,000000000,000000000,0122.600,0001.543,-000.947,0167
 
000096760,000000000,000000000,0122.708,0001.517,-000.950,0007
 
000096780,000000000,000000000,0122.619,0001.519,-000.931,0180
 
000096800,000000000,000000000,0122.609,0001.541,-000.916,0007
 
000096820,000000000,000000000,0122.487,0001.561,-000.922,0007
 
000096840,000000000,000000000,0122.455,0001.559,-000.928,0007
 
000096860,000000000,000000000,0122.491,0001.554,-000.938,0167
 
000096880,000000000,000000000,0122.513,0001.530,-000.964,0007
 
000096900,000000000,000000000,0122.558,0001.526,-000.943,0007
 
000096920,000000000,000000000,0122.594,0001.499,-000.949,0176
 
000096940,000000000,000000000,0122.675,0001.481,-000.953,0007
 
000096960,000000000,000000000,0122.697,0001.484,-000.958,0177
 
000096980,000000000,000000000,0122.701,0001.487,-000.963,0167
 
000097000,000000000,000000000,0122.696,0001.467,-000.966,0007
 
000097020,000000000,000000000,0122.732,0001.492,-000.971,0007
 
000097040,000000000,000000000,0122.757,0001.493,-000.974,0180
 
000097060,000000000,000000000,0122.822,0001.494,-000.952,0007
 
000097080,000000000,000000000,0122.755,0001.498,-000.937,0007
 
000097100,000000000,000000000,0122.651,0001.541,-000.920,0180
 
000097120,000000000,000000000,0122.772,0001.513,-000.902,0007
 
000097140,000000000,000000000,0122.631,0001.513,-000.914,0007
 
000097160,000000000,000000000,0122.699,0001.533,-000.923,0166
 
000097180,000000000,000000000,0122.582,0001.510,-000.929,0007
 
000097200,000000000,000000000,0122.722,0001.488,-000.938,0007
 
000097220,000000000,000000000,0122.716,0001.468,-000.919,0007
 
000097240,000000000,000000000,0122.729,0001.496,-000.926,0007
 
000097260,000000000,000000000,0122.697,0001.494,-000.886,0007
 
000097280,000000000,000000000,0122.640,0001.519,-000.917,0180
 
000097300,000000000,000000000,0122.698,0001.495,-000.904,0007
 
000097320,000000000,000000000,0122.666,0001.473,-000.913,0007
 
000097340,000000000,000000000,0122.506,0001.456,-000.897,0166
 
000097360,000000000,000000000,0122.561,0001.463,-000.908,0167
 
000097380,000000000,000000000,0122.671,0001.468,-000.916,0172
 
000097400,000000000,000000000,0122.594,0001.496,-000.900,0167
 
000097420,000000000,000000000,0122.527,0001.496,-000.888,0167
 
000097440,000000000,000000000,0122.445,0001.475,-000.874,0180
 
000097460,000000000,000000000,0122.650,0001.454,-000.883,0167
 
000097480,000000000,000000000,0122.667,0001.439,-000.896,0168
 
000097500,000000000,000000000,0122.545,0001.468,-000.905,0007
 
000097520,000000000,000000000,0122.616,0001.472,-000.935,0167
 
000097540,000000000,000000000,0122.628,0001.454,-000.941,0168
 
000097560,000000000,000000000,0122.626,0001.459,-000.945,0180
 
000097580,000000000,000000000,0122.600,0001.443,-000.905,0167
 
000097600,000000000,000000000,0122.682,0001.493,-000.915,0007
 
000097620,000000000,000000000,0122.753,0001.494,-000.924,0007
 
000097640,000000000,000000000,0122.657,0001.474,-000.955,0176
 
000097660,000000000,000000000,0122.700,0001.476,-000.916,0007
 
000097680,000000000,000000000,0122.825,0001.500,-000.921,0177
 
000097700,000000000,000000000,0122.797,0001.502,-000.886,0166
 
000097720,000000000,000000000,0122.837,0001.524,-000.897,0007
 
000097740,000000000,000000000,0122.805,0001.543,-000.926,0177
 
000097760,000000000,000000000,0122.715,0001.540,-000.913,0166
 
000097780,000000000,000000000,0122.753,0001.516,-000.855,0166
 
000097800,000000000,000000000,0122.754,0001.517,-000.889,0007
 
000097820,000000000,000000000,0122.719,0001.539,-000.902,0180
 
000097840,000000000,000000000,0122.818,0001.537,-000.887,0007
 
000097860,000000000,000000000,0122.830,0001.534,-000.894,0007
 
000097880,000000000,000000000,0122.855,0001.532,-000.907,0180
 
000097900,000000000,000000000,0122.858,0001.504,-000.894,0007
 
000097920,000000000,000000000,0122.815,0001.506,-000.902,0007
 
000097940,000000000,000000000,0122.833,0001.527,-000.891,0007
 
000097960,000000000,000000000,0122.770,0001.523,-000.900,0007
 
000097980,000000000,000000000,0122.713,0001.522,-000.907,0007
 
000098000,000000000,000000000,0122.688,0001.518,-000.917,0166
 
000098021,000000000,000000000,0122.715,0001.539,-000.921,1023
 
000098041,000000000,000000000,0122.785,0001.563,-000.884,1023
 
000098061,000000000,000000000,0122.702,0001.580,-000.877,1023
 
000098081,000000000,000000000,0122.559,0001.570,-000.888,1023
 
000098101,000000000,000000000,0122.514,0001.586,-000.875,1023
 
000098121,000000000,000000000,0122.440,0001.598,-000.908,1023
 
000098141,000000000,000000000,0122.458,0001.613,-000.916,1023
 
000098161,000000000,000000000,0122.511,0001.578,-000.904,1023
 
000098181,000000000,000000000,0122.585,0001.596,-000.915,1023
 
000098200,000000000,000000000,0122.648,0001.587,-000.923,0007
 
000098220,000000000,000000000,0122.556,0001.576,-000.912,0180
 
000098240,000000000,000000000,0122.483,0001.615,-000.920,0167
 
000098260,000000000,000000000,0122.439,0001.717,-000.932,0007
 
000098280,000000000,000000000,0122.076,0001.852,-000.946,0179
 
000098300,000000000,000000000,0121.628,0001.991,-000.935,0166
 
000098320,000000000,000000000,0120.980,0002.088,-000.946,0007
 
000098340,000000000,000000000,0120.514,0002.029,-000.940,0007
 
000098360,000000000,000000000,0119.997,0002.122,-000.952,0179
 
000098380,000000000,000000000,0119.484,0002.037,-000.947,0168
 
000098400,000000000,000000000,0118.990,0002.077,-000.922,0179
 
000098420,000000000,000000000,0118.671,0001.868,-000.936,0176
 
000098440,000000000,000000000,0118.081,0001.938,-000.929,0007
 
000098460,000000000,000000000,0117.585,0001.831,-000.941,0177
 
000098480,000000000,000000000,0116.926,0001.892,-000.956,0166
 
000098500,000000000,000000000,0116.532,0001.671,-000.989,0007
 
000098520,000000000,000000000,0115.930,0001.810,-000.996,0177
 
000098540,000000000,000000000,0115.269,0001.666,-000.977,0179
 
000098560,000000000,000000000,0114.681,0001.797,-000.964,0007
 
000098580,000000000,000000000,0114.157,0001.794,-000.972,0007
 
000098600,000000000,000000000,0113.649,0001.793,-000.980,0179
 
000098620,000000000,000000000,0113.032,0001.580,-000.967,0167
 
000098640,000000000,000000000,0112.616,0001.604,-000.924,0007
 
000098660,000000000,000000000,0111.942,0001.555,-000.909,0179
 
000098680,000000000,000000000,0111.410,0001.676,-000.924,0007
 
000098700,000000000,000000000,0110.688,0001.685,-000.887,0007
 
000098720,000000000,000000000,0110.134,0001.623,-000.916,0166
 
000098740,000000000,000000000,0109.594,0001.564,-000.909,0007
 
000098760,000000000,000000000,0109.178,0001.358,-000.935,0007
 
000098780,000000000,000000000,0108.694,0001.414,-000.915,0007
 
000098800,000000000,000000000,0108.209,0001.334,-000.901,0007
 
000098820,000000000,000000000,0107.839,0001.332,-000.887,0007
 
000098840,000000000,000000000,0107.599,0001.237,-000.897,0166
 
000098860,000000000,000000000,0107.419,0001.184,-000.904,0007
 
000098880,000000000,000000000,0107.089,0001.198,-000.888,0007
 
000098900,000000000,000000000,0106.939,0001.200,-000.895,0166
 
000098920,000000000,000000000,0106.882,0001.187,-000.908,0007
 
000098940,000000000,000000000,0106.545,0001.248,-000.890,0007
 
000098960,000000000,000000000,0106.312,0001.343,-000.870,0166
 
000098980,000000000,000000000,0106.061,0001.271,-000.867,0007
 
000099000,000000000,000000000,0105.734,0001.229,-000.881,0007
 
000099020,000000000,000000000,0105.517,0001.167,-000.908,0167
 
000099040,000000000,000000000,0105.502,0001.101,-000.891,0007
 
000099060,000000000,000000000,0105.363,0001.096,-000.876,0167
 
000099080,000000000,000000000,0105.325,0001.091,-000.863,0166
 
000099100,000000000,000000000,0105.325,0001.103,-000.874,0007
 
000099120,000000000,000000000,0105.179,0001.139,-000.882,0167
 
000099140,000000000,000000000,0105.344,0001.105,-000.889,0166
 
000099160,000000000,000000000,0105.250,0001.092,-000.897,0007
 
000099180,000000000,000000000,0105.299,0001.151,-000.881,0172
 
000099200,000000000,000000000,0105.353,0001.205,-000.844,0166
 
000099220,000000000,000000000,0105.306,0001.228,-000.835,0007
 
000099240,000000000,000000000,0105.408,0001.253,-000.848,0168
 
000099260,000000000,000000000,0105.366,0001.276,-000.838,0007
 
000099280,000000000,000000000,0105.246,0001.316,-000.829,0007
 
000099300,000000000,000000000,0105.261,0001.377,-000.846,0172
 
000099320,000000000,000000000,0105.111,0001.428,-000.812,0166
 
000099340,000000000,000000000,0104.974,0001.408,-000.830,0007
 
000099360,000000000,000000000,0104.852,0001.397,-000.823,0172
 
000099380,000000000,000000000,0104.669,0001.382,-000.815,0166
 
000099400,000000000,000000000,0104.705,0001.367,-000.830,0167
 
000099420,000000000,000000000,0104.679,0001.380,-000.843,0171
 
000099440,000000000,000000000,0104.601,0001.410,-000.854,0167
 
000099460,000000000,000000000,0104.591,0001.461,-000.866,0167
 
000099480,000000000,000000000,0104.693,0001.463,-000.853,0179
 
000099500,000000000,000000000,0104.799,0001.464,-000.865,0167
 
000099520,000000000,000000000,0104.887,0001.466,-000.875,0007
 
000099540,000000000,000000000,0104.726,0001.467,-000.840,0172
 
000099560,000000000,000000000,0104.754,0001.469,-000.875,0166
 
000099580,000000000,000000000,0104.896,0001.468,-000.861,0007
 
000099600,000000000,000000000,0104.658,0001.467,-000.872,0179
 
000099620,000000000,000000000,0104.729,0001.489,-000.880,0167
 
000099640,000000000,000000000,0104.782,0001.513,-000.889,0007
 
000099660,000000000,000000000,0104.850,0001.529,-000.853,0007
 
000099680,000000000,000000000,0104.742,0001.547,-000.866,0176
 
000099700,000000000,000000000,0104.646,0001.587,-000.877,0007
 
000099720,000000000,000000000,0104.751,0001.576,-000.864,0177
 
000099740,000000000,000000000,0104.671,0001.587,-000.852,0176
 
000099760,000000000,000000000,0104.545,0001.600,-000.864,0007
 
000099780,000000000,000000000,0104.598,0001.589,-000.877,0177
 
000099800,000000000,000000000,0104.627,0001.601,-000.909,0179
 
000099820,000000000,000000000,0104.707,0001.591,-000.894,0006
 
000099840,000000000,000000000,0104.670,0001.580,-000.880,0007
 
000099860,000000000,000000000,0104.740,0001.548,-000.867,0179
 
000099880,000000000,000000000,0104.770,0001.565,-000.854,0006
 
000099900,000000000,000000000,0104.730,0001.578,-000.868,0006
 
000099920,000000000,000000000,0104.741,0001.590,-000.857,0179
 
000099940,000000000,000000000,0104.701,0001.581,-000.846,0007
 
000099960,000000000,000000000,0104.714,0001.614,-000.860,0006
 
000099980,000000000,000000000,0104.829,0001.622,-000.826,0007
 
000100000,000000000,000000000,0104.625,0001.608,-000.841,0007
 
000100020,000000000,000000000,0104.775,0001.597,-000.856,0006
 
000100040,000000000,000000000,0104.643,0001.610,-000.867,0007
 
000100060,000000000,000000000,0104.594,0001.596,-000.857,0007
 
000100080,000000000,000000000,0104.458,0001.583,-000.825,0007
 
000100100,000000000,000000000,0104.522,0001.594,-000.839,0166
 
000100120,000000000,000000000,0104.528,0001.587,-000.875,0007
 
000100140,000000000,000000000,0104.638,0001.576,-000.908,0007
 
000100160,000000000,000000000,0104.639,0001.568,-000.914,0166
 
000100180,000000000,000000000,0104.522,0001.624,-000.920,0167
 
000100200,000000000,000000000,0104.630,0001.605,-000.948,0172
 
000100220,000000000,000000000,0104.615,0001.661,-000.926,0007
 
000100240,000000000,000000000,0104.761,0001.644,-000.999,0007
 
000100260,000000000,000000000,0104.775,0001.671,-000.953,0007
 
000100280,000000000,000000000,0104.882,0001.675,-000.935,0166
 
000100300,000000000,000000000,0105.027,0001.656,-000.917,0007
 
000100320,000000000,000000000,0104.858,0001.682,-000.925,0007
 
000100340,000000000,000000000,0104.903,0001.661,-000.931,0166
 
000100360,000000000,000000000,0104.890,0001.667,-000.935,0007
 
000100380,000000000,000000000,0104.879,0001.648,-000.918,0167
 
000100400,000000000,000000000,0104.789,0001.652,-000.901,0176
 
000100420,000000000,000000000,0104.733,0001.634,-000.888,0006
 
000100440,000000000,000000000,0104.563,0001.662,-000.898,0167
 
000100460,000000000,000000000,0104.677,0001.643,-000.886,0176
 
000100480,000000000,000000000,0104.673,0001.647,-000.874,0007
 
000100500,000000000,000000000,0104.616,0001.675,-000.863,0167
 
000100520,000000000,000000000,0104.723,0001.654,-000.852,0179
 
000100540,000000000,000000000,0104.731,0001.635,-000.863,0006
 
000100560,000000000,000000000,0104.730,0001.621,-000.873,0167
 
000100580,000000000,000000000,0104.641,0001.606,-000.859,0180
 
000100600,000000000,000000000,0104.568,0001.594,-000.803,0007
 
000100620,000000000,000000000,0104.384,0001.585,-000.819,0007
 
000100640,000000000,000000000,0104.306,0001.571,-000.834,0168
 
000100660,000000000,000000000,0104.416,0001.584,-000.849,0007
 
000100680,000000000,000000000,0104.319,0001.573,-000.861,0007
 
000100700,000000000,000000000,0104.411,0001.561,-000.849,0179
 
000100720,000000000,000000000,0104.518,0001.529,-000.861,0007
 
000100740,000000000,000000000,0104.558,0001.524,-000.873,0172
 
000100760,000000000,000000000,0104.639,0001.542,-000.883,0007
 
000100780,000000000,000000000,0104.501,0001.536,-000.914,0007
 
000100800,000000000,000000000,0104.521,0001.531,-000.922,0007
 
000100820,000000000,000000000,0104.637,0001.547,-000.905,0166
 
000100840,000000000,000000000,0104.667,0001.517,-000.912,0006
 
000100860,000000000,000000000,0104.746,0001.536,-000.918,0007
 
000100880,000000000,000000000,0104.677,0001.531,-000.924,0166
 
000100900,000000000,000000000,0104.708,0001.504,-000.908,0007
 
000100920,000000000,000000000,0104.763,0001.498,-000.914,0007
 
000100940,000000000,000000000,0104.678,0001.498,-000.922,0166
 
000100960,000000000,000000000,0104.622,0001.497,-000.906,0167
 
000100980,000000000,000000000,0104.719,0001.493,-000.912,0007
 
000101000,000000000,000000000,0104.750,0001.514,-000.917,0166
 
000101020,000000000,000000000,0104.673,0001.511,-000.900,0007
 
000101040,000000000,000000000,0104.646,0001.482,-000.907,0007
 
000101060,000000000,000000000,0104.699,0001.482,-000.916,0166
 
000101080,000000000,000000000,0104.695,0001.505,-000.922,0007
 
000101100,000000000,000000000,0104.731,0001.501,-000.927,0167
 
000101120,000000000,000000000,0104.689,0001.452,-000.953,0167
 
000101140,000000000,000000000,0104.826,0001.453,-000.957,0007
 
000101160,000000000,000000000,0104.844,0001.476,-000.958,0167
 
000101180,000000000,000000000,0105.046,0001.475,-000.937,0176
 
000101200,000000000,000000000,0105.024,0001.497,-000.940,0006
 
000101220,000000000,000000000,0104.926,0001.495,-000.944,0167
 
000101240,000000000,000000000,0104.918,0001.493,-000.926,0176
 
000101260,000000000,000000000,0104.873,0001.513,-000.885,0006
 
000101280,000000000,000000000,0104.777,0001.531,-000.896,0177
 
000101300,000000000,000000000,0104.806,0001.548,-000.881,0179
 
000101320,000000000,000000000,0104.802,0001.586,-000.867,0007
 
000101340,000000000,000000000,0104.776,0001.551,-000.879,0172
 
000101360,000000000,000000000,0104.623,0001.567,-000.867,0179
 
000101380,000000000,000000000,0104.725,0001.558,-000.856,0006
 
000101400,000000000,000000000,0104.787,0001.550,-000.868,0007
 
000101420,000000000,000000000,0104.578,0001.565,-000.877,0179
 
000101440,000000000,000000000,0104.637,0001.577,-000.887,0007
 
000101460,000000000,000000000,0104.703,0001.566,-000.897,0007
 
000101480,000000000,000000000,0104.767,0001.578,-000.904,0007
 
000101500,000000000,000000000,0104.621,0001.567,-000.956,0167
 
000101520,000000000,000000000,0104.530,0001.559,-000.960,0167
 
000101540,000000000,000000000,0104.770,0001.618,-000.961,0007
 
000101560,000000000,000000000,0104.692,0001.624,-000.941,0007
 
000101580,000000000,000000000,0104.808,0001.609,-000.945,0007
 
000101600,000000000,000000000,0104.648,0001.598,-000.949,0166
 
000101620,000000000,000000000,0104.590,0001.607,-000.976,0007
 
000101640,000000000,000000000,0104.672,0001.569,-000.955,0174
 
000101660,000000000,000000000,0104.587,0001.537,-000.956,0166
 
000101680,000000000,000000000,0104.459,0001.552,-000.982,0167
 
000101700,000000000,000000000,0104.649,0001.565,-000.982,0171
 
000101720,000000000,000000000,0104.646,0001.577,-001.004,0166
 
000101740,000000000,000000000,0104.732,0001.588,-000.980,0007
 
000101760,000000000,000000000,0104.685,0001.578,-000.982,0007
 
000101780,000000000,000000000,0104.660,0001.565,-000.982,0166
 
000101800,000000000,000000000,0104.703,0001.553,-000.959,0007
 
000101820,000000000,000000000,0104.661,0001.544,-000.961,0167
 
000101840,000000000,000000000,0104.596,0001.535,-000.941,0166
 
000101860,000000000,000000000,0104.713,0001.549,-000.944,0007
 
000101880,000000000,000000000,0104.665,0001.541,-000.947,0167
 
000101900,000000000,000000000,0104.802,0001.510,-000.951,0166
 
000101920,000000000,000000000,0104.726,0001.506,-000.910,0007
 
000101940,000000000,000000000,0104.709,0001.502,-000.919,0171
 
000101960,000000000,000000000,0104.602,0001.521,-000.902,0166
 
000101980,000000000,000000000,0104.802,0001.517,-000.889,0007
 
000102000,000000000,000000000,0104.724,0001.490,-000.875,0167
 
000102020,000000000,000000000,0104.731,0001.509,-000.886,0179
 
000102040,000000000,000000000,0104.837,0001.530,-000.875,0007
 
000102060,000000000,000000000,0104.853,0001.522,-000.886,0172
 
000102080,000000000,000000000,0104.868,0001.561,-000.875,0179
 
000102100,000000000,000000000,0104.837,0001.552,-000.885,0007
 
000102120,000000000,000000000,0104.803,0001.521,-000.874,0172
 
000102140,000000000,000000000,0104.561,0001.536,-000.862,0179
 
000102160,000000000,000000000,0104.572,0001.575,-000.875,0007
 
000102180,000000000,000000000,0104.646,0001.585,-000.863,0007
 
000102200,000000000,000000000,0104.705,0001.530,-000.876,0179
 
000102220,000000000,000000000,0104.829,0001.569,-000.886,0007
 
000102240,000000000,000000000,0104.838,0001.560,-000.874,0007
 
000102260,000000000,000000000,0104.670,0001.551,-000.883,0007
 
000102280,000000000,000000000,0104.691,0001.588,-000.872,0007
 
000102300,000000000,000000000,0104.579,0001.553,-000.884,0179
 
000102320,000000000,000000000,0104.744,0001.522,-000.871,0007
 
000102340,000000000,000000000,0104.676,0001.517,-000.861,0007
 
000102360,000000000,000000000,0104.730,0001.556,-000.854,0007
 
000102380,000000000,000000000,0104.733,0001.545,-000.864,0166
 
000102400,000000000,000000000,0104.731,0001.536,-000.855,0168
 
000102420,000000000,000000000,0104.654,0001.528,-000.868,0007
 
000102440,000000000,000000000,0104.600,0001.543,-000.880,0166
 
000102460,000000000,000000000,0104.535,0001.536,-000.866,0167
 
000102480,000000000,000000000,0104.703,0001.573,-000.878,0179
 
000102500,000000000,000000000,0104.791,0001.607,-000.865,0167
 
000102520,000000000,000000000,0104.712,0001.569,-000.855,0007
 
000102540,000000000,000000000,0104.742,0001.559,-000.869,0007
 
000102560,000000000,000000000,0104.724,0001.596,-000.858,0166
 
000102580,000000000,000000000,0104.654,0001.582,-000.870,0007
 
000102600,000000000,000000000,0104.637,0001.570,-000.904,0167
 
000102620,000000000,000000000,0104.614,0001.560,-000.912,0167
 
000102640,000000000,000000000,0104.610,0001.570,-000.896,0007
 
000102660,000000000,000000000,0104.646,0001.581,-000.884,0167
 
000102680,000000000,000000000,0104.626,0001.613,-000.893,0176
 
000102700,000000000,000000000,0104.612,0001.597,-000.901,0007
 
000102720,000000000,000000000,0104.713,0001.585,-000.888,0167
 
000102740,000000000,000000000,0104.622,0001.575,-000.876,0176
 
000102760,000000000,000000000,0104.567,0001.586,-000.866,0006
 
000102780,000000000,000000000,0104.549,0001.598,-000.879,0167
 
000102800,000000000,000000000,0104.564,0001.607,-000.867,0180
 
000102820,000000000,000000000,0104.691,0001.573,-000.856,0007
 
000102840,000000000,000000000,0104.784,0001.541,-000.848,0172
 
000102860,000000000,000000000,0104.707,0001.532,-000.816,0179
 
000102880,000000000,000000000,0104.679,0001.545,-000.834,0007
 
000102900,000000000,000000000,0104.615,0001.517,-000.848,0171
 
000102920,000000000,000000000,0104.605,0001.494,-000.862,0179
 
000102940,000000000,000000000,0104.635,0001.468,-000.829,0007
 
000102960,000000000,000000000,0104.736,0001.447,-000.845,0007
 
000102980,000000000,000000000,0104.893,0001.469,-000.744,0007
 
000103000,000000000,000000000,0104.942,0001.468,-000.745,0006
 
000103020,000000000,000000000,0104.825,0001.490,-000.724,0172
 
000103040,000000000,000000000,0104.841,0001.531,-000.747,0179
 
000103060,000000000,000000000,0104.954,0001.521,-000.749,0007
 
000103080,000000000,000000000,0104.774,0001.519,-000.751,0007
 
000103100,000000000,000000000,0104.859,0001.514,-000.753,0166
 
000103120,000000000,000000000,0104.854,0001.485,-000.752,0007
 
000103140,000000000,000000000,0104.792,0001.482,-000.775,0007
 
000103160,000000000,000000000,0104.714,0001.480,-000.796,0166
 
000103180,000000000,000000000,0104.646,0001.454,-000.814,0007
 
000103200,000000000,000000000,0104.659,0001.455,-000.830,0007
 
000103220,000000000,000000000,0104.632,0001.499,-000.867,0166
 
000103240,000000000,000000000,0104.807,0001.518,-000.855,0007
 
000103260,000000000,000000000,0104.731,0001.515,-000.866,0007
 
000103280,000000000,000000000,0104.695,0001.510,-000.854,0166
 
000103300,000000000,000000000,0104.708,0001.525,-000.844,0007
 
000103320,000000000,000000000,0104.771,0001.520,-000.835,0167
 
000103340,000000000,000000000,0104.717,0001.536,-000.829,0007
 
000103360,000000000,000000000,0104.677,0001.530,-000.823,0007
 
000103380,000000000,000000000,0104.670,0001.525,-000.818,0167
 
000103400,000000000,000000000,0104.653,0001.542,-000.813,0176
 
000103420,000000000,000000000,0104.678,0001.580,-000.811,0007
 
000103440,000000000,000000000,0104.679,0001.588,-000.806,0172
 
000103460,000000000,000000000,0104.621,0001.576,-000.848,0175
 
000103480,000000000,000000000,0104.539,0001.564,-000.862,0007
 
000103500,000000000,000000000,0104.507,0001.575,-000.828,0167
 
000103520,000000000,000000000,0104.381,0001.562,-000.843,0179
 
000103540,000000000,000000000,0104.417,0001.575,-000.857,0007
 
000103560,000000000,000000000,0104.376,0001.517,-000.869,0167
 
000103580,000000000,000000000,0104.459,0001.512,-000.833,0180
 
000103600,000000000,000000000,0104.431,0001.529,-000.824,0007
 
000103620,000000000,000000000,0104.506,0001.568,-000.818,0171
 
000103640,000000000,000000000,0104.590,0001.582,-000.835,0179
 
000103660,000000000,000000000,0104.612,0001.591,-000.848,0006
 
000103680,000000000,000000000,0104.637,0001.578,-000.839,0172
 
000103700,000000000,000000000,0104.742,0001.589,-000.853,0179
 
000103720,000000000,000000000,0104.715,0001.576,-000.822,0007
 
000103740,000000000,000000000,0104.747,0001.610,-000.839,0007
 
000103760,000000000,000000000,0104.661,0001.572,-000.875,0007
 
000103780,000000000,000000000,0104.586,0001.560,-000.864,0007
 
000103800,000000000,000000000,0104.661,0001.551,-000.877,0007
 
000103820,000000000,000000000,0104.659,0001.542,-000.887,0167
 
000103840,000000000,000000000,0104.598,0001.535,-000.875,0007
 
