000105681,000000000,000000000,0119.928,0002.377,-001.526,0009
 
000105700,000000000,000000000,0119.979,0002.324,-001.486,0181
 
000105720,000000000,000000000,0119.973,0002.251,-001.470,0010
 
000105740,000000000,000000000,0119.989,0002.186,-001.429,0171
 
000105760,000000000,000000000,0120.003,0002.101,-001.374,0009
 
000105780,000000000,000000000,0120.010,0002.072,-001.345,0010
 
000105800,000000000,000000000,0120.036,0002.002,-001.317,0180
 
000105820,000000000,000000000,0120.047,0001.984,-001.275,0169
 
000105840,000000000,000000000,0120.092,0001.946,-001.276,0168
 
000105860,000000000,000000000,0120.110,0001.932,-001.256,0182
 
000105880,000000000,000000000,0120.130,0001.898,-001.241,0169
 
000105900,000000000,000000000,0120.143,0001.865,-001.203,0012
 
000105920,000000000,000000000,0120.154,0001.860,-001.168,0183
 
000105940,000000000,000000000,0120.172,0001.854,-001.137,0169
 
000105960,000000000,000000000,0120.217,0001.850,-001.150,0009
 
000105980,000000000,000000000,0120.227,0001.823,-001.145,0181
 
000106000,000000000,000000000,0120.233,0001.750,-001.118,0012
 
000106020,000000000,000000000,0120.239,0001.752,-001.134,0011
 
000106040,000000000,000000000,0120.291,0001.736,-001.111,0012
 
000106060,000000000,000000000,0120.324,0001.741,-001.064,0174
 
000106080,000000000,000000000,0120.347,0001.747,-001.062,0012
 
000106100,000000000,000000000,0120.365,0001.731,-001.022,0181
 
000106120,000000000,000000000,0120.384,0001.713,-001.029,0169
 
000106140,000000000,000000000,0120.384,0001.720,-001.053,0011
 
000106160,000000000,000000000,0120.404,0001.709,-001.080,0181
 
000106180,000000000,000000000,0120.379,0001.695,-001.100,0168
 
000106200,000000000,000000000,0120.378,0001.681,-001.095,0011
 
000106220,000000000,000000000,0120.392,0001.673,-001.097,0172
 
000106240,000000000,000000000,0120.407,0001.681,-001.048,0169
 
000106260,000000000,000000000,0120.409,0001.648,-001.049,0169
 
000106280,000000000,000000000,0120.405,0001.619,-001.056,0172
 
000106300,000000000,000000000,0120.425,0001.591,-001.034,0168
 
000106320,000000000,000000000,0120.452,0001.590,-001.040,0168
 
000106340,000000000,000000000,0120.479,0001.634,-001.046,0172
 
000106360,000000000,000000000,0120.480,0001.671,-001.067,0170
 
000106380,000000000,000000000,0120.496,0001.685,-001.068,0168
 
000106400,000000000,000000000,0120.507,0001.696,-001.072,0173
 
000106420,000000000,000000000,0120.521,0001.706,-001.069,0168
 
000106440,000000000,000000000,0120.521,0001.694,-001.074,0169
 
000106460,000000000,000000000,0120.533,0001.705,-001.078,0172
 
000106480,000000000,000000000,0120.547,0001.670,-001.097,0170
 
000106500,000000000,000000000,0120.554,0001.640,-001.078,0168
 
000106520,000000000,000000000,0120.574,0001.634,-001.058,0171
 
000106540,000000000,000000000,0120.577,0001.629,-001.058,0170
 
000106560,000000000,000000000,0120.602,0001.625,-001.065,0168
 
000106580,000000000,000000000,0120.636,0001.617,-001.090,0181
 
000106600,000000000,000000000,0120.630,0001.612,-001.085,0169
 
000106620,000000000,000000000,0120.642,0001.605,-001.065,0181
 
000106640,000000000,000000000,0120.654,0001.624,-001.064,0180
 
000106660,000000000,000000000,0120.671,0001.620,-001.085,0168
 
000106680,000000000,000000000,0120.679,0001.612,-001.063,0009
 
000106700,000000000,000000000,0120.670,0001.561,-001.065,0181
 
000106720,000000000,000000000,0120.691,0001.584,-001.041,0010
 
000106740,000000000,000000000,0120.713,0001.605,-001.005,0009
 
000106760,000000000,000000000,0120.724,0001.624,-001.008,0174
 
000106780,000000000,000000000,0120.718,0001.599,-001.017,0009
 
000106800,000000000,000000000,0120.687,0001.620,-001.028,0008
 
000106820,000000000,000000000,0120.713,0001.638,-001.052,0173
 
000106840,000000000,000000000,0120.718,0001.631,-001.055,0166
 
000106860,000000000,000000000,0120.722,0001.626,-001.037,0007
 
000106880,000000000,000000000,0120.742,0001.597,-001.036,0007
 
000106900,000000000,000000000,0120.752,0001.593,-001.020,0173
 
000106920,000000000,000000000,0120.739,0001.591,-001.027,0007
 
000106940,000000000,000000000,0120.736,0001.630,-001.026,0179
 
000106960,000000000,000000000,0120.731,0001.624,-001.034,0167
 
000106980,000000000,000000000,0120.686,0001.640,-001.039,0167
 
000107000,000000000,000000000,0120.698,0001.632,-001.040,0170
 
000107020,000000000,000000000,0120.686,0001.626,-001.048,0168
 
000107040,000000000,000000000,0120.700,0001.620,-001.050,0167
 
000107060,000000000,000000000,0120.715,0001.615,-001.048,0169
 
000107080,000000000,000000000,0120.697,0001.632,-001.035,0167
 
000107100,000000000,000000000,0120.699,0001.646,-001.035,0166
 
000107120,000000000,000000000,0120.706,0001.659,-001.014,0169
 
000107140,000000000,000000000,0120.710,0001.649,-000.999,0166
 
000107160,000000000,000000000,0120.700,0001.686,-000.983,0166
 
000107180,000000000,000000000,0120.729,0001.673,-000.991,0169
 
000107200,000000000,000000000,0120.725,0001.661,-000.979,0167
 
000107220,000000000,000000000,0120.743,0001.630,-000.985,0173
 
000107240,000000000,000000000,0120.705,0001.622,-000.972,0169
 
000107260,000000000,000000000,0120.702,0001.641,-000.987,0169
 
000107280,000000000,000000000,0120.701,0001.632,-000.991,0182
 
000107300,000000000,000000000,0120.693,0001.628,-000.976,0183
 
000107320,000000000,000000000,0120.674,0001.622,-000.964,0170
 
000107340,000000000,000000000,0120.679,0001.617,-000.949,0010
 
000107360,000000000,000000000,0120.701,0001.570,-000.965,0183
 
000107380,000000000,000000000,0120.700,0001.569,-000.975,0169
 
000107400,000000000,000000000,0120.708,0001.568,-001.003,0183
 
000107420,000000000,000000000,0120.702,0001.567,-000.988,0181
 
000107440,000000000,000000000,0120.700,0001.544,-000.972,0180
 
000107460,000000000,000000000,0120.722,0001.544,-000.981,0170
 
000107480,000000000,000000000,0120.750,0001.569,-000.973,0175
 
000107500,000000000,000000000,0120.752,0001.588,-000.983,0170
 
000107520,000000000,000000000,0120.743,0001.587,-000.968,0009
 
000107540,000000000,000000000,0120.734,0001.585,-000.984,0176
 
000107560,000000000,000000000,0120.734,0001.560,-000.970,0169
 
000107580,000000000,000000000,0120.760,0001.558,-001.001,0011
 
000107600,000000000,000000000,0120.746,0001.579,-001.010,0008
 
000107620,000000000,000000000,0120.763,0001.575,-000.988,0183
 
000107640,000000000,000000000,0120.755,0001.595,-001.015,0012
 
000107660,000000000,000000000,0120.759,0001.591,-000.999,0010
 
000107680,000000000,000000000,0120.760,0001.588,-000.980,0181
 
000107700,000000000,000000000,0120.761,0001.586,-000.991,0010
 
000107720,000000000,000000000,0120.749,0001.582,-000.979,0172
 
000107740,000000000,000000000,0120.775,0001.600,-000.962,0169
 
000107760,000000000,000000000,0120.766,0001.596,-000.996,0169
 
000107780,000000000,000000000,0120.766,0001.594,-000.983,0012
 
000107800,000000000,000000000,0120.750,0001.590,-000.966,0169
 
000107820,000000000,000000000,0120.748,0001.588,-000.956,0169
 
000107840,000000000,000000000,0120.777,0001.628,-000.969,0170
 
000107860,000000000,000000000,0120.765,0001.596,-000.974,0170
 
000107880,000000000,000000000,0120.770,0001.568,-000.963,0011
 
000107900,000000000,000000000,0120.775,0001.611,-000.951,0171
 
000107920,000000000,000000000,0120.788,0001.630,-000.960,0170
 
000107940,000000000,000000000,0120.772,0001.624,-000.972,0169
 
000107960,000000000,000000000,0120.759,0001.574,-000.983,0172
 
000107980,000000000,000000000,0120.777,0001.550,-000.990,0171
 
000108000,000000000,000000000,0120.785,0001.553,-001.000,0169
 
000108020,000000000,000000000,0120.786,0001.553,-001.005,0183
 
000108040,000000000,000000000,0120.768,0001.555,-001.035,0171
 
000108060,000000000,000000000,0120.765,0001.555,-001.041,0006
 
000108080,000000000,000000000,0120.778,0001.531,-000.996,0178
 
000108100,000000000,000000000,0120.788,0001.557,-000.981,0171
 
000108120,000000000,000000000,0120.781,0001.578,-000.991,0171
 
000108140,000000000,000000000,0120.760,0001.553,-001.019,0173
 
000108160,000000000,000000000,0120.752,0001.554,-001.027,0011
 
000108180,000000000,000000000,0120.761,0001.577,-001.033,0169
 
000108200,000000000,000000000,0120.764,0001.576,-000.990,0185
 
000108220,000000000,000000000,0120.750,0001.596,-000.999,0171
 
000108240,000000000,000000000,0120.740,0001.612,-000.986,0013
 
000108260,000000000,000000000,0120.748,0001.605,-000.992,0176
 
000108280,000000000,000000000,0120.744,0001.554,-000.980,0169
 
000108300,000000000,000000000,0120.723,0001.577,-000.990,0013
 
000108320,000000000,000000000,0120.728,0001.619,-000.996,0169
 
000108340,000000000,000000000,0120.737,0001.613,-001.004,0169
 
000108360,000000000,000000000,0120.720,0001.630,-001.009,0015
 
000108380,000000000,000000000,0120.713,0001.623,-001.014,0175
 
000108400,000000000,000000000,0120.706,0001.616,-000.997,0172
 
000108420,000000000,000000000,0120.710,0001.612,-001.002,0012
 
000108440,000000000,000000000,0120.719,0001.631,-001.006,0182
 
000108460,000000000,000000000,0120.709,0001.646,-001.016,0170
 
000108480,000000000,000000000,0120.692,0001.656,-000.975,0011
 
000108500,000000000,000000000,0120.697,0001.645,-000.962,0173
 
000108520,000000000,000000000,0120.694,0001.679,-000.974,0169
 
000108540,000000000,000000000,0120.693,0001.666,-000.981,0168
 
000108560,000000000,000000000,0120.689,0001.678,-000.968,0173
 
000108580,000000000,000000000,0120.672,0001.689,-000.978,0168
 
000108600,000000000,000000000,0120.687,0001.653,-000.983,0169
 
000108620,000000000,000000000,0120.694,0001.668,-000.972,0172
 
000108640,000000000,000000000,0120.697,0001.679,-001.002,0169
 
000108660,000000000,000000000,0120.691,0001.665,-001.005,0169
 
000108680,000000000,000000000,0120.670,0001.656,-001.013,0172
 
000108700,000000000,000000000,0120.663,0001.666,-001.040,0170
 
000108720,000000000,000000000,0120.641,0001.700,-001.021,0169
 
000108740,000000000,000000000,0120.656,0001.708,-001.006,0172
 
000108760,000000000,000000000,0120.659,0001.714,-000.991,0171
 
000108780,000000000,000000000,0120.661,0001.721,-001.020,0011
 
000108800,000000000,000000000,0120.647,0001.704,-001.006,0180
 
000108820,000000000,000000000,0120.670,0001.689,-001.011,0170
 
000108840,000000000,000000000,0120.661,0001.676,-001.016,0013
 
000108860,000000000,000000000,0120.648,0001.665,-001.022,0177
 
000108880,000000000,000000000,0120.652,0001.632,-001.027,0014
 
000108900,000000000,000000000,0120.670,0001.625,-001.030,0013
 
000108920,000000000,000000000,0120.668,0001.641,-000.971,0182
 
000108940,000000000,000000000,0120.651,0001.676,-000.934,0014
 
000108960,000000000,000000000,0120.676,0001.687,-000.949,0169
 
000108980,000000000,000000000,0120.674,0001.740,-000.940,0010
 
000109000,000000000,000000000,0120.687,0001.766,-000.951,0170
 
000109020,000000000,000000000,0120.671,0001.746,-000.964,0011
 
000109040,000000000,000000000,0120.659,0001.748,-000.974,0183
 
000109060,000000000,000000000,0120.656,0001.773,-000.980,0169
 
000109080,000000000,000000000,0120.632,0001.730,-000.989,0008
 
000109100,000000000,000000000,0120.624,0001.733,-000.975,0176
 
000109120,000000000,000000000,0120.635,0001.695,-000.961,0011
 
000109140,000000000,000000000,0120.625,0001.704,-000.953,0007
 
000109160,000000000,000000000,0120.642,0001.715,-000.964,0011
 
000109180,000000000,000000000,0120.630,0001.699,-000.975,0168
 
000109200,000000000,000000000,0120.623,0001.662,-000.984,0011
 
000109220,000000000,000000000,0120.615,0001.653,-000.992,0172
 
000109240,000000000,000000000,0120.624,0001.643,-000.980,0168
 
000109260,000000000,000000000,0120.620,0001.655,-000.945,0168
 
000109280,000000000,000000000,0120.607,0001.667,-000.933,0171
 
000109300,000000000,000000000,0120.631,0001.655,-000.925,0168
 
000109320,000000000,000000000,0120.639,0001.642,-000.939,0169
 
000109340,000000000,000000000,0120.616,0001.656,-000.971,0172
 
000109360,000000000,000000000,0120.620,0001.601,-001.005,0169
 
000109380,000000000,000000000,0120.636,0001.595,-000.990,0168
 
000109400,000000000,000000000,0120.656,0001.591,-000.999,0168
 
000109420,000000000,000000000,0120.668,0001.561,-000.984,0166
 
000109440,000000000,000000000,0120.660,0001.581,-000.947,0166
 
000109460,000000000,000000000,0120.668,0001.554,-000.957,0169
 
000109480,000000000,000000000,0120.674,0001.552,-000.969,0169
 
000109500,000000000,000000000,0120.641,0001.571,-000.955,0169
 
000109520,000000000,000000000,0120.641,0001.521,-000.941,0173
 
000109540,000000000,000000000,0120.650,0001.524,-000.933,0017
 
000109561,000000000,000000000,0120.660,0001.527,-000.943,1023
 
000109581,000000000,000000000,0120.674,0001.532,-000.953,1023
 
000109601,000000000,000000000,0120.654,0001.556,-000.988,1023
 
000109621,000000000,000000000,0120.532,0001.593,-000.993,1023
 
000109641,000000000,000000000,0120.462,0001.667,-000.956,1023
 
000109661,000000000,000000000,0120.318,0001.693,-000.973,1023
 
000109681,000000000,000000000,0120.039,0001.865,-000.986,1023
 
000109701,000000000,000000000,0119.666,0002.054,-001.001,1023
 
000109720,000000000,000000000,0119.139,0002.208,-000.978,0172
 
000109740,000000000,000000000,0118.448,0002.326,-000.998,0011
 
000109760,000000000,000000000,0117.665,0002.345,-001.003,0006
 
000109780,000000000,000000000,0116.815,0002.388,-001.031,0179
 
000109800,000000000,000000000,0115.946,0002.453,-001.030,0006
 
000109820,000000000,000000000,0115.059,0002.273,-001.034,0006
 
000109840,000000000,000000000,0114.188,0002.033,-001.006,0166
 
000109860,000000000,000000000,0113.372,0001.993,-000.992,0006
 
000109880,000000000,000000000,0112.643,0001.883,-000.990,0173
 
000109900,000000000,000000000,0111.948,0001.750,-000.983,0167
 
000109920,000000000,000000000,0111.313,0001.674,-001.000,0006
 
000109940,000000000,000000000,0110.684,0001.737,-000.987,0006
 
000109960,000000000,000000000,0110.115,0001.501,-000.975,0006
 
000109980,000000000,000000000,0109.564,0001.541,-000.964,0006
 
000110000,000000000,000000000,0109.110,0001.330,-000.973,0179
 
000110020,000000000,000000000,0108.700,0001.303,-000.981,0166
 
000110040,000000000,000000000,0108.318,0001.238,-000.941,0006
 
000110060,000000000,000000000,0107.948,0001.311,-000.954,0006
 
000110080,000000000,000000000,0107.570,0001.368,-000.966,0006
 
000110100,000000000,000000000,0107.187,0001.375,-000.975,0006
 
000110120,000000000,000000000,0106.808,0001.430,-001.009,0179
 
000110140,000000000,000000000,0106.481,0001.358,-001.010,0006
 
000110160,000000000,000000000,0106.183,0001.305,-001.017,0006
 
000110180,000000000,000000000,0105.915,0001.305,-001.001,0006
 
000110200,000000000,000000000,0105.684,0001.315,-001.000,0006
 
000110220,000000000,000000000,0105.432,0001.274,-001.008,0006
 
000110240,000000000,000000000,0105.131,0001.327,-000.990,0006
 
000110260,000000000,000000000,0104.880,0001.337,-000.947,0006
 
000110280,000000000,000000000,0104.673,0001.361,-000.918,0006
 
000110300,000000000,000000000,0104.544,0001.264,-000.957,0006
 
000110320,000000000,000000000,0104.483,0001.219,-000.962,0006
 
000110340,000000000,000000000,0104.409,0001.219,-000.903,0006
 
000110360,000000000,000000000,0104.342,0001.230,-000.941,0167
 
000110380,000000000,000000000,0104.306,0001.238,-000.926,0167
 
000110400,000000000,000000000,0104.261,0001.242,-000.916,0007
 
000110420,000000000,000000000,0104.217,0001.315,-000.930,0167
 
000110440,000000000,000000000,0104.201,0001.354,-000.937,0172
 
000110460,000000000,000000000,0104.141,0001.367,-000.927,0006
 
000110480,000000000,000000000,0104.049,0001.380,-000.959,0167
 
000110500,000000000,000000000,0103.975,0001.414,-000.944,0171
 
000110520,000000000,000000000,0103.942,0001.398,-000.931,0006
 
000110540,000000000,000000000,0103.919,0001.405,-000.962,0169
 
000110560,000000000,000000000,0103.876,0001.389,-000.945,0178
 
000110580,000000000,000000000,0103.830,0001.400,-000.956,0006
 
000110600,000000000,000000000,0103.804,0001.434,-000.965,0169
 
000110620,000000000,000000000,0103.770,0001.486,-000.950,0172
 
000110640,000000000,000000000,0103.722,0001.490,-000.963,0007
 
000110660,000000000,000000000,0103.650,0001.536,-000.972,0169
 
000110680,000000000,000000000,0103.568,0001.549,-000.957,0006
 
000110700,000000000,000000000,0103.490,0001.573,-000.947,0006
 
000110720,000000000,000000000,0103.389,0001.521,-000.954,0179
 
000110740,000000000,000000000,0103.319,0001.518,-000.940,0006
 
000110760,000000000,000000000,0103.263,0001.497,-000.951,0006
 
000110780,000000000,000000000,0103.213,0001.519,-000.957,0006
 
000110800,000000000,000000000,0103.188,0001.494,-000.964,0006
 
000110820,000000000,000000000,0103.194,0001.495,-000.970,0167
 
000110840,000000000,000000000,0103.202,0001.519,-000.950,0179
 
000110860,000000000,000000000,0103.202,0001.517,-000.958,0006
 
000110880,000000000,000000000,0103.217,0001.540,-000.969,0006
 
000110900,000000000,000000000,0103.223,0001.559,-000.955,0006
 
000110920,000000000,000000000,0103.248,0001.554,-000.942,0007
 
000110940,000000000,000000000,0103.270,0001.549,-000.930,0006
 
000110960,000000000,000000000,0103.288,0001.590,-000.941,0006
 
000110980,000000000,000000000,0103.260,0001.539,-000.927,0167
 
000111000,000000000,000000000,0103.232,0001.535,-000.937,0166
 
000111020,000000000,000000000,0103.233,0001.555,-000.947,0174
 
000111040,000000000,000000000,0103.245,0001.573,-000.933,0167
 
000111060,000000000,000000000,0103.234,0001.544,-000.896,0006
 
000111080,000000000,000000000,0103.236,0001.541,-000.887,0006
 
000111100,000000000,000000000,0103.230,0001.538,-000.924,0166
 
000111120,000000000,000000000,0103.253,0001.536,-000.932,0179
 
000111140,000000000,000000000,0103.287,0001.532,-000.918,0179
 
000111160,000000000,000000000,0103.299,0001.532,-000.931,0172
 
000111180,000000000,000000000,0103.307,0001.619,-000.941,0007
 
000111200,000000000,000000000,0103.314,0001.585,-000.951,0167
 
000111220,000000000,000000000,0103.309,0001.583,-000.982,0171
 
000111240,000000000,000000000,0103.314,0001.576,-000.985,0006
 
000111260,000000000,000000000,0103.302,0001.548,-000.968,0167
 
000111280,000000000,000000000,0103.292,0001.546,-000.998,0178
 
000111300,000000000,000000000,0103.288,0001.564,-000.979,0006
 
000111320,000000000,000000000,0103.280,0001.559,-000.964,0006
 
000111340,000000000,000000000,0103.269,0001.556,-000.971,0166
 
000111360,000000000,000000000,0103.244,0001.573,-000.956,0006
 
000111380,000000000,000000000,0103.260,0001.566,-000.964,0006
 
000111400,000000000,000000000,0103.240,0001.604,-000.950,0166
 
000111420,000000000,000000000,0103.269,0001.618,-000.960,0006
 
000111440,000000000,000000000,0103.239,0001.607,-000.946,0179
 
000111460,000000000,000000000,0103.232,0001.577,-000.957,0006
 
000111480,000000000,000000000,0103.233,0001.570,-000.944,0166
 
000111500,000000000,000000000,0103.237,0001.586,-000.955,0179
 
000111520,000000000,000000000,0103.245,0001.557,-000.943,0006
 
000111540,000000000,000000000,0103.233,0001.577,-000.952,0006
 
000111560,000000000,000000000,0103.231,0001.590,-000.961,0006
 
000111580,000000000,000000000,0103.226,0001.604,-000.970,0006
 
000111600,000000000,000000000,0103.238,0001.592,-000.955,0006
 
000111620,000000000,000000000,0103.240,0001.557,-000.940,0006
 
000111640,000000000,000000000,0103.247,0001.527,-000.925,0006
 
000111660,000000000,000000000,0103.272,0001.549,-000.914,0006
 
000111680,000000000,000000000,0103.264,0001.501,-000.926,0006
 
000111700,000000000,000000000,0103.241,0001.503,-000.893,0006
 
000111720,000000000,000000000,0103.276,0001.524,-000.887,0006
 
000111740,000000000,000000000,0103.288,0001.524,-000.898,0006
 
000111760,000000000,000000000,0103.298,0001.588,-000.889,0166
 
000111780,000000000,000000000,0103.283,0001.581,-000.860,0179
 
000111800,000000000,000000000,0103.269,0001.596,-000.855,0174
 
000111820,000000000,000000000,0103.274,0001.585,-000.851,0167
 
000111840,000000000,000000000,0103.264,0001.600,-000.848,0179
 
000111860,000000000,000000000,0103.297,0001.612,-000.866,0179
 
000111880,000000000,000000000,0103.280,0001.579,-000.862,0167
 
000111900,000000000,000000000,0103.266,0001.526,-000.856,0006
 
000111920,000000000,000000000,0103.261,0001.525,-000.874,0167
 
000111940,000000000,000000000,0103.293,0001.568,-000.845,0172
 
000111960,000000000,000000000,0103.260,0001.562,-000.842,0006
 
000111980,000000000,000000000,0103.246,0001.558,-000.862,0167
 
000112000,000000000,000000000,0103.280,0001.551,-000.856,0172
 
000112020,000000000,000000000,0103.292,0001.523,-000.832,0006
 
000112040,000000000,000000000,0103.276,0001.545,-000.830,0173
 
000112060,000000000,000000000,0103.258,0001.562,-000.827,0178
 
000112080,000000000,000000000,0103.244,0001.557,-000.848,0006
 
000112100,000000000,000000000,0103.249,0001.555,-000.843,0006
 
000112120,000000000,000000000,0103.248,0001.551,-000.862,0166
 
000112140,000000000,000000000,0103.206,0001.548,-000.879,0006
 
000112160,000000000,000000000,0103.201,0001.568,-000.893,0177
 
000112180,000000000,000000000,0103.197,0001.608,-000.887,0006
 
000112200,000000000,000000000,0103.210,0001.620,-000.881,0006
 
000112220,000000000,000000000,0103.224,0001.610,-000.852,0177
 
000112240,000000000,000000000,0103.213,0001.621,-000.895,0006
 
000112260,000000000,000000000,0103.192,0001.632,-000.910,0006
 
000112280,000000000,000000000,0103.189,0001.644,-000.900,0169
 
000112300,000000000,000000000,0103.171,0001.650,-000.913,0006
 
000112320,000000000,000000000,0103.157,0001.636,-000.946,0006
 
000112340,000000000,000000000,0103.170,0001.669,-000.933,0006
 
000112360,000000000,000000000,0103.168,0001.629,-000.923,0006
 
000112380,000000000,000000000,0103.163,0001.616,-000.912,0006
 
000112400,000000000,000000000,0103.164,0001.649,-000.879,0007
 
000112420,000000000,000000000,0103.158,0001.658,-000.874,0006
 
000112440,000000000,000000000,0103.153,0001.667,-000.890,0006
 
000112460,000000000,000000000,0103.140,0001.650,-000.904,0006
 
000112480,000000000,000000000,0103.125,0001.659,-000.897,0006
 
000112500,000000000,000000000,0103.119,0001.623,-000.888,0006
 
000112520,000000000,000000000,0103.103,0001.635,-000.904,0007
 
000112540,000000000,000000000,0103.103,0001.646,-000.940,0007
 
000112560,000000000,000000000,0103.106,0001.631,-000.928,0006
 
000112580,000000000,000000000,0103.095,0001.663,-000.939,0166
 
000112600,000000000,000000000,0103.103,0001.647,-000.950,0167
 
000112620,000000000,000000000,0103.112,0001.678,-000.935,0006
 
000112640,000000000,000000000,0103.135,0001.658,-000.946,0167
 
000112660,000000000,000000000,0103.153,0001.666,-000.957,0173
 
000112680,000000000,000000000,0103.171,0001.671,-000.918,0007
 
000112700,000000000,000000000,0103.171,0001.632,-000.928,0169
 
000112720,000000000,000000000,0103.158,0001.619,-000.938,0172
 
000112740,000000000,000000000,0103.157,0001.655,-000.972,0006
 
000112760,000000000,000000000,0103.152,0001.641,-000.957,0167
 
000112780,000000000,000000000,0103.144,0001.629,-000.964,0178
 
000112800,000000000,000000000,0103.155,0001.615,-000.969,0006
 
000112820,000000000,000000000,0103.165,0001.650,-000.978,0169
 
000112840,000000000,000000000,0103.152,0001.635,-000.963,0006
 
000112860,000000000,000000000,0103.141,0001.645,-000.972,0006
 
000112880,000000000,000000000,0103.149,0001.654,-000.977,0006
 
000112900,000000000,000000000,0103.146,0001.617,-000.961,0167
 
000112920,000000000,000000000,0103.138,0001.606,-000.967,0006
 
000112940,000000000,000000000,0103.132,0001.618,-000.973,0169
 
000112960,000000000,000000000,0103.139,0001.629,-000.955,0006
 
000112980,000000000,000000000,0103.139,0001.638,-000.941,0167
 
000113000,000000000,000000000,0103.143,0001.600,-000.904,0007
 
000113020,000000000,000000000,0103.135,0001.590,-000.873,0167
 
000113040,000000000,000000000,0103.144,0001.606,-000.868,0006
 
000113060,000000000,000000000,0103.166,0001.641,-000.863,0179
 
000113080,000000000,000000000,0103.160,0001.651,-000.879,0166
 
000113100,000000000,000000000,0103.138,0001.636,-000.916,0006
 
000113120,000000000,000000000,0103.138,0001.624,-000.906,0007
 
000113140,000000000,000000000,0103.161,0001.592,-000.921,0007
 
000113160,000000000,000000000,0103.160,0001.586,-000.934,0007
 
000113180,000000000,000000000,0103.178,0001.577,-000.921,0007
 
000113200,000000000,000000000,0103.177,0001.590,-000.888,0007
 
000113220,000000000,000000000,0103.206,0001.626,-000.880,0006
 
000113240,000000000,000000000,0103.209,0001.634,-000.895,0166
 
000113260,000000000,000000000,0103.217,0001.620,-000.911,0167
 
000113280,000000000,000000000,0103.213,0001.631,-000.924,0179
 
000113300,000000000,000000000,0103.208,0001.618,-000.935,0174
 
000113320,000000000,000000000,0103.229,0001.608,-000.923,0167
 
000113340,000000000,000000000,0103.224,0001.621,-000.912,0179
 
000113360,000000000,000000000,0103.218,0001.631,-000.925,0179
 
000113380,000000000,000000000,0103.161,0001.615,-000.914,0007
 
000113400,000000000,000000000,0103.178,0001.603,-000.927,0006
 
000113420,000000000,000000000,0103.166,0001.615,-000.893,0167
 
000113440,000000000,000000000,0103.181,0001.624,-000.885,0172
 
000113460,000000000,000000000,0103.185,0001.593,-000.880,0006
 
000113480,000000000,000000000,0103.170,0001.583,-000.873,0173
 
000113500,000000000,000000000,0103.164,0001.552,-000.868,0173
 
000113520,000000000,000000000,0103.162,0001.523,-000.885,0006
 
000113540,000000000,000000000,0103.201,0001.543,-000.879,0173
 
000113560,000000000,000000000,0103.207,0001.560,-000.872,0178
 
000113580,000000000,000000000,0103.218,0001.576,-000.886,0006
 
000113600,000000000,000000000,0103.239,0001.569,-000.857,0166
 
000113620,000000000,000000000,0103.239,0001.541,-000.832,0179
 
000113640,000000000,000000000,0103.213,0001.539,-000.853,0006
 
000113660,000000000,000000000,0103.218,0001.556,-000.848,0169
 
000113680,000000000,000000000,0103.195,0001.573,-000.845,0178
 
000113700,000000000,000000000,0103.212,0001.569,-000.863,0006
 
000113720,000000000,000000000,0103.203,0001.541,-000.880,0169
 
000113740,000000000,000000000,0103.201,0001.558,-000.872,0006
 
000113760,000000000,000000000,0103.195,0001.576,-000.867,0173
 
000113780,000000000,000000000,0103.169,0001.614,-000.863,0169
 
000113800,000000000,000000000,0103.175,0001.603,-000.857,0006
 
000113820,000000000,000000000,0103.132,0001.571,-000.874,0006
 
000113840,000000000,000000000,0103.138,0001.585,-000.891,0006
 
000113860,000000000,000000000,0103.120,0001.621,-000.885,0006
 
000113880,000000000,000000000,0103.116,0001.631,-000.901,0006
 
000113900,000000000,000000000,0103.116,0001.596,-000.916,0006
 
000113920,000000000,000000000,0103.113,0001.610,-000.905,0006
 
000113940,000000000,000000000,0103.131,0001.600,-000.875,0006
 
000113960,000000000,000000000,0103.124,0001.613,-000.892,0006
 
000113980,000000000,000000000,0103.122,0001.600,-000.884,0006
 
000114000,000000000,000000000,0103.141,0001.611,-000.877,0006
 
000114020,000000000,000000000,0103.129,0001.578,-000.894,0006
 
000114040,000000000,000000000,0103.140,0001.616,-000.886,0006
 
000114060,000000000,000000000,0103.114,0001.580,-000.901,0006
 
000114080,000000000,000000000,0103.106,0001.572,-000.912,0167
 
000114100,000000000,000000000,0103.092,0001.566,-000.923,0167
 
000114120,000000000,000000000,0103.087,0001.558,-000.891,0006
 
000114140,000000000,000000000,0103.098,0001.531,-000.858,0167
 
000114160,000000000,000000000,0103.092,0001.571,-000.853,0171
 
000114180,000000000,000000000,0103.090,0001.563,-000.872,0006
 
000114200,000000000,000000000,0103.101,0001.577,-000.865,0169
 
000114220,000000000,000000000,0103.127,0001.592,-000.860,0172
 
000114240,000000000,000000000,0103.126,0001.605,-000.855,0006
 
000114260,000000000,000000000,0103.140,0001.640,-000.852,0169
 
000114280,000000000,000000000,0103.119,0001.649,-000.872,0179
 
000114300,000000000,000000000,0103.125,0001.657,-000.910,0006
 
000114320,000000000,000000000,0103.110,0001.618,-000.901,0169
 
000114340,000000000,000000000,0103.108,0001.628,-000.869,0179
 
000114360,000000000,000000000,0103.155,0001.638,-000.865,0006
 
000114380,000000000,000000000,0103.144,0001.648,-000.861,0167
 
000114400,000000000,000000000,0103.118,0001.655,-000.880,0178
 
000114420,000000000,000000000,0103.127,0001.637,-000.875,0006
 
000114440,000000000,000000000,0103.145,0001.623,-000.847,0179
 
000114460,000000000,000000000,0103.140,0001.633,-000.865,0179
 
000114480,000000000,000000000,0103.127,0001.644,-000.860,0006
 
000114500,000000000,000000000,0103.118,0001.608,-000.857,0174
 
000114520,000000000,000000000,0103.121,0001.600,-000.874,0006
 
000114540,000000000,000000000,0103.148,0001.616,-000.889,0006
 
000114560,000000000,000000000,0103.178,0001.651,-000.902,0166
 
000114580,000000000,000000000,0103.195,0001.681,-000.893,0006
 
000114600,000000000,000000000,0103.208,0001.683,-000.909,0166
 
000114620,000000000,000000000,0103.227,0001.687,-000.920,0006
 
000114640,000000000,000000000,0103.231,0001.669,-000.909,0007
 
000114660,000000000,000000000,0103.241,0001.675,-000.920,0006
 
000114680,000000000,000000000,0103.248,0001.700,-000.931,0006
 
000114700,000000000,000000000,0103.271,0001.678,-000.918,0006
 
000114720,000000000,000000000,0103.275,0001.656,-000.907,0006
 
000114740,000000000,000000000,0103.230,0001.663,-000.854,0006
 
000114760,000000000,000000000,0103.228,0001.648,-000.872,0007
 
000114780,000000000,000000000,0103.233,0001.655,-000.867,0007
 
000114800,000000000,000000000,0103.230,0001.640,-000.862,0168
 
000114820,000000000,000000000,0103.228,0001.672,-000.856,0169
 
000114840,000000000,000000000,0103.246,0001.610,-000.874,0012
 
000114860,000000000,000000000,0103.251,0001.600,-000.888,0168
 
000114880,000000000,000000000,0103.285,0001.612,-000.880,0168
 
000114900,000000000,000000000,0103.280,0001.601,-000.895,0006
 
000114920,000000000,000000000,0103.265,0001.569,-000.906,0167
 
000114940,000000000,000000000,0103.239,0001.562,-000.894,0167
 
000114960,000000000,000000000,0103.220,0001.600,-000.865,0007
 
000114980,000000000,000000000,0103.219,0001.611,-000.861,0166
 
000115000,000000000,000000000,0103.238,0001.600,-000.836,0167
 
000115020,000000000,000000000,0103.227,0001.613,-000.834,0166
 
000115040,000000000,000000000,0103.246,0001.579,-000.854,0169
 
000115060,000000000,000000000,0103.251,0001.594,-000.874,0167
 
000115080,000000000,000000000,0103.234,0001.606,-000.892,0166
 
000115100,000000000,000000000,0103.222,0001.595,-000.885,0169
 
000115120,000000000,000000000,0103.218,0001.586,-000.879,0167
 
000115140,000000000,000000000,0103.208,0001.577,-000.873,0166
 
000115160,000000000,000000000,0103.215,0001.615,-000.866,0169
 
000115180,000000000,000000000,0103.193,0001.626,-000.860,0169
 
000115200,000000000,000000000,0103.179,0001.614,-000.879,0175
 
000115220,000000000,000000000,0103.176,0001.624,-000.894,0171
 
000115240,000000000,000000000,0103.190,0001.610,-000.887,0170
 
000115260,000000000,000000000,0103.207,0001.599,-000.901,0169
 
000115280,000000000,000000000,0103.208,0001.611,-000.915,0178
 
000115300,000000000,000000000,0103.202,0001.622,-000.928,0170
 
000115320,000000000,000000000,0103.201,0001.608,-000.917,0182
 
000115340,000000000,000000000,0103.203,0001.618,-000.909,0177
 
000115360,000000000,000000000,0103.210,0001.629,-000.921,0170
 
000115380,000000000,000000000,0103.195,0001.615,-000.912,0182
 
000115400,000000000,000000000,0103.187,0001.580,-000.902,0181
 
000115420,000000000,000000000,0103.188,0001.570,-000.917,0167
 
000115440,000000000,000000000,0103.179,0001.585,-000.909,0006
 
000115460,000000000,000000000,0103.187,0001.576,-000.923,0179
 
000115480,000000000,000000000,0103.201,0001.612,-000.912,0171
 
000115500,000000000,000000000,0103.218,0001.624,-000.902,0006
 
000115520,000000000,000000000,0103.215,0001.609,-000.917,0173
 
000115540,000000000,000000000,0103.212,0001.622,-000.932,0179
 
000115560,000000000,000000000,0103.231,0001.655,-000.943,0007
 
000115580,000000000,000000000,0103.256,0001.616,-000.909,0007
 
000115600,000000000,000000000,0103.260,0001.582,-000.923,0178
 
000115620,000000000,000000000,0103.265,0001.573,-000.912,0006
 
000115640,000000000,000000000,0103.262,0001.585,-000.927,0179
 
000115660,000000000,000000000,0103.252,0001.602,-000.938,0179
 
000115680,000000000,000000000,0103.272,0001.609,-000.925,0007
 
