000240962,000000000,000000000,0122.308,0001.463,-001.121,0166
 
000240982,000000000,000000000,0122.306,0001.464,-001.098,0007
 
000241002,000000000,000000000,0122.312,0001.464,-001.076,0007
 
000241022,000000000,000000000,0122.301,0001.486,-001.059,0167
 
000241042,000000000,000000000,0122.304,0001.507,-001.109,0007
 
000241062,000000000,000000000,0122.310,0001.481,-001.111,0179
 
000241082,000000000,000000000,0122.292,0001.501,-001.111,0167
 
000241102,000000000,000000000,0122.275,0001.499,-001.089,0166
 
000241122,000000000,000000000,0122.277,0001.476,-001.094,0169
 
000241142,000000000,000000000,0122.303,0001.499,-001.096,0167
 
000241162,000000000,000000000,0122.295,0001.519,-001.120,0166
 
000241182,000000000,000000000,0122.275,0001.490,-001.122,0167
 
000241202,000000000,000000000,0122.261,0001.509,-001.077,0167
 
000241222,000000000,000000000,0122.256,0001.527,-001.078,0167
 
000241242,000000000,000000000,0122.269,0001.521,-001.062,0169
 
000241262,000000000,000000000,0122.278,0001.514,-001.067,0168
 
000241282,000000000,000000000,0122.278,0001.533,-001.092,0166
 
000241302,000000000,000000000,0122.268,0001.502,-001.072,0169
 
000241322,000000000,000000000,0122.272,0001.497,-001.052,0166
 
000241342,000000000,000000000,0122.278,0001.517,-001.034,0007
 
000241362,000000000,000000000,0122.283,0001.514,-001.045,0169
 
000241382,000000000,000000000,0122.274,0001.511,-001.050,0167
 
000241402,000000000,000000000,0122.270,0001.509,-001.056,0167
 
000241422,000000000,000000000,0122.283,0001.483,-001.062,0177
 
000241442,000000000,000000000,0122.258,0001.481,-001.044,0007
 
000241462,000000000,000000000,0122.251,0001.481,-001.052,0180
 
000241482,000000000,000000000,0122.244,0001.478,-001.059,0173
 
000241502,000000000,000000000,0122.241,0001.500,-001.042,0007
 
000241522,000000000,000000000,0122.215,0001.540,-001.048,0007
 
000241542,000000000,000000000,0122.210,0001.535,-001.056,0179
 
000241562,000000000,000000000,0122.234,0001.529,-001.037,0007
 
000241582,000000000,000000000,0122.249,0001.524,-001.045,0007
 
000241602,000000000,000000000,0122.236,0001.564,-001.051,0173
 
000241622,000000000,000000000,0122.245,0001.598,-001.055,0171
 
000241642,000000000,000000000,0122.235,0001.567,-001.063,0007
 
000241662,000000000,000000000,0122.234,0001.558,-001.066,0179
 
000241682,000000000,000000000,0122.266,0001.546,-001.069,0166
 
000241702,000000000,000000000,0122.253,0001.539,-001.052,0007
 
000241722,000000000,000000000,0122.239,0001.513,-001.080,0173
 
000241742,000000000,000000000,0122.249,0001.507,-001.126,0167
 
000241762,000000000,000000000,0122.238,0001.525,-001.080,0007
 
000241782,000000000,000000000,0122.225,0001.541,-001.104,0007
 
000241802,000000000,000000000,0122.207,0001.535,-001.082,0180
 
000241822,000000000,000000000,0122.185,0001.531,-001.064,0166
 
000241842,000000000,000000000,0122.204,0001.524,-001.025,0166
 
000241862,000000000,000000000,0122.231,0001.542,-001.032,0167
 
000241882,000000000,000000000,0122.248,0001.536,-001.017,0007
 
000241902,000000000,000000000,0122.255,0001.532,-001.025,0169
 
000241922,000000000,000000000,0122.249,0001.525,-001.032,0167
 
000241942,000000000,000000000,0122.258,0001.472,-001.019,0166
 
000241962,000000000,000000000,0122.240,0001.425,-001.048,0167
 
000241982,000000000,000000000,0122.260,0001.452,-001.055,0166
 
000242002,000000000,000000000,0122.250,0001.452,-001.061,0166
 
000242022,000000000,000000000,0122.250,0001.434,-001.066,0169
 
000242042,000000000,000000000,0122.258,0001.459,-001.052,0166
 
000242062,000000000,000000000,0122.262,0001.461,-001.060,0166
 
000242082,000000000,000000000,0122.287,0001.440,-001.085,0169
 
000242102,000000000,000000000,0122.281,0001.421,-001.108,0167
 
000242122,000000000,000000000,0122.260,0001.400,-001.108,0167
 
000242142,000000000,000000000,0122.259,0001.429,-001.107,0169
 
000242162,000000000,000000000,0122.259,0001.430,-001.109,0007
 
000242182,000000000,000000000,0122.274,0001.433,-001.130,0180
 
000242202,000000000,000000000,0122.301,0001.414,-001.103,0175
 
000242222,000000000,000000000,0122.282,0001.439,-001.106,0167
 
000242242,000000000,000000000,0122.275,0001.440,-001.107,0007
 
000242262,000000000,000000000,0122.270,0001.418,-001.106,0179
 
000242282,000000000,000000000,0122.289,0001.399,-001.109,0007
 
000242302,000000000,000000000,0122.311,0001.404,-001.085,0007
 
000242322,000000000,000000000,0122.316,0001.410,-001.067,0173
 
000242342,000000000,000000000,0122.314,0001.437,-001.052,0167
 
000242362,000000000,000000000,0122.326,0001.464,-001.056,0007
 
000242382,000000000,000000000,0122.324,0001.444,-001.062,0173
 
000242402,000000000,000000000,0122.299,0001.446,-001.066,0167
 
000242422,000000000,000000000,0122.330,0001.428,-001.067,0007
 
000242442,000000000,000000000,0122.350,0001.388,-001.050,0007
 
000242462,000000000,000000000,0122.356,0001.418,-001.057,0179
 
000242482,000000000,000000000,0122.380,0001.423,-001.084,0007
 
000242502,000000000,000000000,0122.380,0001.426,-001.089,0007
 
000242522,000000000,000000000,0122.372,0001.429,-001.088,0179
 
000242542,000000000,000000000,0122.359,0001.431,-001.089,0167
 
000242562,000000000,000000000,0122.358,0001.434,-001.069,0168
 
000242582,000000000,000000000,0122.345,0001.459,-001.073,0167
 
000242602,000000000,000000000,0122.351,0001.461,-001.075,0166
 
000242622,000000000,000000000,0122.338,0001.437,-001.057,0169
 
000242642,000000000,000000000,0122.338,0001.418,-001.062,0167
 
000242662,000000000,000000000,0122.326,0001.445,-001.066,0167
 
000242682,000000000,000000000,0122.294,0001.446,-001.071,0169
 
000242702,000000000,000000000,0122.270,0001.447,-001.075,0167
 
000242722,000000000,000000000,0122.277,0001.449,-001.079,0167
 
000242742,000000000,000000000,0122.295,0001.427,-001.061,0169
 
000242762,000000000,000000000,0122.325,0001.429,-001.041,0167
 
000242782,000000000,000000000,0122.322,0001.455,-001.071,0007
 
000242802,000000000,000000000,0122.320,0001.457,-001.076,0007
 
000242822,000000000,000000000,0122.328,0001.456,-001.078,0168
 
000242842,000000000,000000000,0122.332,0001.479,-001.062,0173
 
000242862,000000000,000000000,0122.345,0001.477,-001.068,0179
 
000242882,000000000,000000000,0122.368,0001.430,-001.047,0167
 
000242902,000000000,000000000,0122.366,0001.456,-001.032,0007
 
000242922,000000000,000000000,0122.356,0001.498,-001.039,0175
 
000242942,000000000,000000000,0122.387,0001.495,-001.044,0007
 
000242962,000000000,000000000,0122.400,0001.514,-001.052,0180
 
000242982,000000000,000000000,0122.374,0001.509,-001.056,0179
 
000243002,000000000,000000000,0122.372,0001.482,-001.061,0167
 
000243022,000000000,000000000,0122.381,0001.503,-001.068,0007
 
000243042,000000000,000000000,0122.375,0001.521,-001.073,0173
 
000243062,000000000,000000000,0122.346,0001.539,-001.078,0007
 
000243082,000000000,000000000,0122.346,0001.552,-001.059,0007
 
000243102,000000000,000000000,0122.379,0001.522,-001.064,0173
 
000243122,000000000,000000000,0122.354,0001.518,-001.068,0007
 
000243142,000000000,000000000,0122.350,0001.512,-001.049,0007
 
000243162,000000000,000000000,0122.325,0001.439,-001.075,0006
 
000243182,000000000,000000000,0122.348,0001.443,-001.061,0173
 
000243202,000000000,000000000,0122.350,0001.421,-001.041,0007
 
000243222,000000000,000000000,0122.335,0001.446,-001.022,0007
 
000243242,000000000,000000000,0122.319,0001.446,-001.055,0007
 
000243262,000000000,000000000,0122.334,0001.446,-001.038,0007
 
000243282,000000000,000000000,0122.332,0001.470,-000.998,0179
 
000243302,000000000,000000000,0122.315,0001.514,-001.032,0167
 
000243322,000000000,000000000,0122.337,0001.486,-001.038,0007
 
000243342,000000000,000000000,0122.321,0001.505,-001.045,0179
 
000243362,000000000,000000000,0122.297,0001.501,-001.029,0167
 
000243382,000000000,000000000,0122.307,0001.497,-001.015,0166
 
000243402,000000000,000000000,0122.319,0001.492,-001.000,0168
 
000243422,000000000,000000000,0122.313,0001.489,-001.011,0167
 
000243442,000000000,000000000,0122.312,0001.486,-000.997,0166
 
000243462,000000000,000000000,0122.323,0001.463,-001.009,0166
 
000243482,000000000,000000000,0122.341,0001.462,-001.021,0168
 
000243502,000000000,000000000,0122.354,0001.463,-001.029,0166
 
000243522,000000000,000000000,0122.328,0001.465,-001.037,0169
 
000243542,000000000,000000000,0122.317,0001.464,-001.045,0168
 
000243562,000000000,000000000,0122.302,0001.462,-001.050,0167
 
000243582,000000000,000000000,0122.315,0001.460,-001.033,0169
 
000243602,000000000,000000000,0122.327,0001.459,-001.020,0167
 
000243622,000000000,000000000,0122.346,0001.480,-001.028,0166
 
000243642,000000000,000000000,0122.350,0001.499,-001.012,0169
 
000243662,000000000,000000000,0122.321,0001.517,-001.021,0167
 
000243682,000000000,000000000,0122.319,0001.468,-001.027,0166
 
000243702,000000000,000000000,0122.328,0001.465,-001.014,0169
 
000243722,000000000,000000000,0122.336,0001.463,-001.024,0171
 
000243742,000000000,000000000,0122.348,0001.464,-001.032,0007
 
000243762,000000000,000000000,0122.352,0001.507,-001.019,0179
 
000243782,000000000,000000000,0122.355,0001.524,-001.027,0007
 
000243802,000000000,000000000,0122.340,0001.517,-001.033,0007
 
000243822,000000000,000000000,0122.345,0001.510,-000.973,0179
 
000243842,000000000,000000000,0122.339,0001.506,-000.962,0007
 
000243862,000000000,000000000,0122.324,0001.546,-000.973,0007
 
000243882,000000000,000000000,0122.315,0001.538,-000.988,0173
 
000243902,000000000,000000000,0122.298,0001.508,-001.002,0007
 
000243922,000000000,000000000,0122.294,0001.504,-001.013,0007
 
000243942,000000000,000000000,0122.313,0001.475,-001.001,0007
 
000243962,000000000,000000000,0122.293,0001.494,-001.033,0171
 
000243982,000000000,000000000,0122.288,0001.492,-001.018,0007
 
000244002,000000000,000000000,0122.278,0001.487,-001.027,0007
 
000244022,000000000,000000000,0122.290,0001.484,-001.033,0166
 
000244042,000000000,000000000,0122.306,0001.483,-001.041,0007
 
000244062,000000000,000000000,0122.307,0001.501,-001.027,0173
 
000244082,000000000,000000000,0122.310,0001.497,-001.032,0166
 
000244102,000000000,000000000,0122.324,0001.494,-001.040,0166
 
000244122,000000000,000000000,0122.321,0001.487,-001.046,0169
 
000244142,000000000,000000000,0122.320,0001.442,-001.051,0167
 
000244162,000000000,000000000,0122.320,0001.445,-001.055,0166
 
000244182,000000000,000000000,0122.299,0001.468,-001.037,0169
 
000244202,000000000,000000000,0122.293,0001.487,-001.043,0166
 
000244222,000000000,000000000,0122.287,0001.483,-001.050,0166
 
000244242,000000000,000000000,0122.284,0001.525,-001.053,0168
 
000244262,000000000,000000000,0122.294,0001.497,-001.058,0168
 
000244282,000000000,000000000,0122.300,0001.514,-001.063,0167
 
000244302,000000000,000000000,0122.309,0001.507,-001.043,0169
 
000244322,000000000,000000000,0122.293,0001.526,-001.049,0168
 
000244342,000000000,000000000,0122.284,0001.541,-001.054,0167
 
000244362,000000000,000000000,0122.300,0001.556,-001.037,0007
 
000244382,000000000,000000000,0122.295,0001.544,-001.044,0167
 
000244402,000000000,000000000,0122.319,0001.557,-001.052,0166
 
000244422,000000000,000000000,0122.321,0001.570,-001.055,0169
 
000244442,000000000,000000000,0122.317,0001.581,-001.038,0167
 
000244462,000000000,000000000,0122.288,0001.591,-001.024,0006
 
000244482,000000000,000000000,0122.296,0001.601,-001.054,0175
 
000244502,000000000,000000000,0122.302,0001.608,-001.081,0167
 
000244522,000000000,000000000,0122.292,0001.549,-001.084,0173
 
000244542,000000000,000000000,0122.292,0001.539,-001.084,0007
 
000244562,000000000,000000000,0122.274,0001.531,-001.066,0167
 
000244582,000000000,000000000,0122.319,0001.501,-001.069,0180
 
000244602,000000000,000000000,0122.338,0001.518,-001.027,0007
 
000244622,000000000,000000000,0122.318,0001.491,-001.059,0171
 
000244642,000000000,000000000,0122.337,0001.463,-001.062,0007
 
000244662,000000000,000000000,0122.333,0001.485,-001.041,0173
 
000244682,000000000,000000000,0122.345,0001.482,-001.048,0166
 
000244702,000000000,000000000,0122.349,0001.498,-001.031,0007
 
000244722,000000000,000000000,0122.344,0001.495,-001.060,0007
 
000244742,000000000,000000000,0122.366,0001.447,-001.042,0173
 
000244762,000000000,000000000,0122.357,0001.424,-001.024,0007
 
000244782,000000000,000000000,0122.343,0001.383,-001.030,0167
 
000244802,000000000,000000000,0122.344,0001.388,-001.059,0167
 
000244822,000000000,000000000,0122.369,0001.393,-001.062,0007
 
000244842,000000000,000000000,0122.360,0001.421,-001.044,0179
 
000244862,000000000,000000000,0122.356,0001.423,-001.051,0167
 
000244882,000000000,000000000,0122.364,0001.403,-001.057,0166
 
000244902,000000000,000000000,0122.358,0001.364,-001.018,0168
 
000244922,000000000,000000000,0122.369,0001.393,-000.982,0166
 
000244942,000000000,000000000,0122.374,0001.419,-001.035,0167
 
000244962,000000000,000000000,0122.375,0001.445,-001.062,0169
 
000244982,000000000,000000000,0122.377,0001.445,-001.046,0167
 
000245002,000000000,000000000,0122.382,0001.446,-001.051,0166
 
000245022,000000000,000000000,0122.375,0001.423,-001.033,0169
 
000245042,000000000,000000000,0122.383,0001.449,-001.039,0167
 
000245062,000000000,000000000,0122.379,0001.473,-001.044,0007
 
000245082,000000000,000000000,0122.383,0001.427,-001.071,0169
 
000245102,000000000,000000000,0122.387,0001.428,-001.075,0166
 
000245122,000000000,000000000,0122.407,0001.451,-001.054,0166
 
000245142,000000000,000000000,0122.413,0001.429,-001.016,0169
 
000245162,000000000,000000000,0122.444,0001.431,-001.022,0167
 
000245182,000000000,000000000,0122.466,0001.410,-001.028,0167
 
000245202,000000000,000000000,0122.452,0001.436,-001.013,0179
 
000245222,000000000,000000000,0122.446,0001.415,-001.021,0007
 
000245242,000000000,000000000,0122.425,0001.421,-001.029,0179
 
000245262,000000000,000000000,0122.425,0001.422,-001.013,0174
 
000245282,000000000,000000000,0122.436,0001.425,-000.999,0007
 
000245302,000000000,000000000,0122.425,0001.473,-001.032,0007
 
000245322,000000000,000000000,0122.394,0001.469,-001.016,0179
 
000245342,000000000,000000000,0122.407,0001.466,-001.023,0007
 
000245362,000000000,000000000,0122.401,0001.444,-001.012,0007
 
000245382,000000000,000000000,0122.390,0001.445,-000.999,0173
 
000245402,000000000,000000000,0122.392,0001.446,-001.008,0167
 
000245422,000000000,000000000,0122.363,0001.468,-001.019,0007
 
000245442,000000000,000000000,0122.373,0001.464,-001.029,0173
 
000245462,000000000,000000000,0122.366,0001.463,-001.011,0166
 
000245482,000000000,000000000,0122.374,0001.463,-001.043,0007
 
000245502,000000000,000000000,0122.360,0001.440,-001.048,0007
 
000245522,000000000,000000000,0122.357,0001.442,-001.052,0179
 
000245542,000000000,000000000,0122.355,0001.443,-001.058,0007
 
000245562,000000000,000000000,0122.360,0001.443,-001.063,0169
 
000245582,000000000,000000000,0122.358,0001.440,-001.020,0167
 
000245602,000000000,000000000,0122.359,0001.441,-001.030,0167
 
000245622,000000000,000000000,0122.335,0001.463,-001.057,0169
 
000245642,000000000,000000000,0122.338,0001.462,-001.035,0167
 
000245662,000000000,000000000,0122.351,0001.463,-001.020,0167
 
000245682,000000000,000000000,0122.362,0001.482,-001.049,0169
 
000245702,000000000,000000000,0122.356,0001.455,-001.055,0167
 
000245722,000000000,000000000,0122.345,0001.453,-001.060,0167
 
000245742,000000000,000000000,0122.340,0001.476,-001.087,0169
 
000245762,000000000,000000000,0122.350,0001.495,-001.087,0168
 
000245782,000000000,000000000,0122.351,0001.471,-001.090,0166
 
000245802,000000000,000000000,0122.325,0001.467,-001.089,0169
 
000245822,000000000,000000000,0122.319,0001.487,-001.090,0168
 
000245842,000000000,000000000,0122.309,0001.505,-001.093,0166
 
000245862,000000000,000000000,0122.329,0001.543,-001.094,0169
 
000245882,000000000,000000000,0122.331,0001.555,-001.073,0007
 
000245902,000000000,000000000,0122.331,0001.567,-001.055,0167
 
000245922,000000000,000000000,0122.345,0001.532,-001.013,0173
 
000245942,000000000,000000000,0122.309,0001.549,-001.000,0168
 
000245962,000000000,000000000,0122.295,0001.538,-000.987,0180
 
000245982,000000000,000000000,0122.311,0001.506,-000.997,0179
 
000246002,000000000,000000000,0122.317,0001.500,-001.006,0178
 
000246022,000000000,000000000,0122.318,0001.517,-001.017,0007
 
000246042,000000000,000000000,0122.299,0001.510,-000.980,0179
 
000246062,000000000,000000000,0122.297,0001.527,-000.970,0007
 
000246082,000000000,000000000,0122.302,0001.475,-001.003,0007
 
000246102,000000000,000000000,0122.280,0001.428,-001.012,0173
 
000246122,000000000,000000000,0122.304,0001.408,-000.998,0167
 
000246142,000000000,000000000,0122.300,0001.432,-001.008,0007
 
000246162,000000000,000000000,0122.292,0001.435,-001.038,0173
 
000246182,000000000,000000000,0122.294,0001.415,-001.067,0167
 
000246202,000000000,000000000,0122.305,0001.418,-001.066,0007
 
000246222,000000000,000000000,0122.315,0001.399,-001.046,0007
 
000246242,000000000,000000000,0122.316,0001.404,-001.030,0180
 
000246262,000000000,000000000,0122.288,0001.385,-001.059,0007
 
000246282,000000000,000000000,0122.305,0001.414,-001.063,0173
 
000246302,000000000,000000000,0122.338,0001.419,-001.068,0167
 
000246322,000000000,000000000,0122.338,0001.423,-001.070,0007
 
000246342,000000000,000000000,0122.347,0001.426,-001.052,0007
 
000246362,000000000,000000000,0122.344,0001.404,-001.058,0178
 
000246382,000000000,000000000,0122.361,0001.409,-001.062,0166
 
000246402,000000000,000000000,0122.380,0001.434,-001.086,0169
 
000246422,000000000,000000000,0122.373,0001.435,-001.086,0167
 
000246442,000000000,000000000,0122.364,0001.435,-001.085,0166
 
000246462,000000000,000000000,0122.367,0001.435,-001.087,0166
 
000246482,000000000,000000000,0122.347,0001.414,-001.066,0167
 
000246502,000000000,000000000,0122.353,0001.440,-001.068,0166
 
000246522,000000000,000000000,0122.342,0001.420,-001.072,0179
 
000246542,000000000,000000000,0122.343,0001.423,-001.073,0166
 
000246562,000000000,000000000,0122.330,0001.425,-001.074,0167
 
000246582,000000000,000000000,0122.356,0001.428,-001.055,0179
 
000246602,000000000,000000000,0122.347,0001.429,-001.036,0168
 
000246622,000000000,000000000,0122.358,0001.431,-001.042,0007
 
000246642,000000000,000000000,0122.371,0001.434,-001.050,0170
 
000246662,000000000,000000000,0122.379,0001.434,-001.077,0167
 
000246682,000000000,000000000,0122.375,0001.457,-001.057,0007
 
000246702,000000000,000000000,0122.397,0001.477,-001.039,0177
 
000246722,000000000,000000000,0122.398,0001.519,-001.046,0007
 
000246743,000000000,000000000,0122.388,0001.511,-001.050,1023
 
000246763,000000000,000000000,0122.388,0001.526,-001.031,1023
 
000246783,000000000,000000000,0122.359,0001.587,-001.125,1023
 
000246803,000000000,000000000,0122.319,0001.572,-001.123,1023
 
000246823,000000000,000000000,0122.244,0001.604,-001.102,1023
 
000246843,000000000,000000000,0122.125,0001.653,-001.125,1023
 
000246863,000000000,000000000,0122.057,0001.460,-001.103,1023
 
000246883,000000000,000000000,0121.929,0001.529,-001.128,1023
 
000246903,000000000,000000000,0121.706,0001.597,-001.128,1023
 
000246922,000000000,000000000,0121.394,0001.717,-001.133,0167
 
000246942,000000000,000000000,0120.990,0001.838,-001.113,0166
 
000246962,000000000,000000000,0120.477,0001.965,-001.125,0167
 
000246982,000000000,000000000,0119.841,0002.080,-001.093,0007
 
000247002,000000000,000000000,0119.135,0002.087,-001.106,0007
 
000247022,000000000,000000000,0118.362,0002.202,-001.101,0007
 
000247042,000000000,000000000,0117.543,0002.244,-001.123,0007
 
000247062,000000000,000000000,0116.669,0002.099,-001.137,0179
 
000247082,000000000,000000000,0115.857,0002.033,-001.147,0167
 
000247102,000000000,000000000,0115.027,0002.011,-001.104,0006
 
000247122,000000000,000000000,0114.252,0001.868,-001.067,0007
 
000247142,000000000,000000000,0113.483,0001.670,-001.079,0166
 
000247162,000000000,000000000,0112.748,0001.668,-001.084,0166
 
000247182,000000000,000000000,0112.046,0001.647,-001.066,0169
 
000247202,000000000,000000000,0111.454,0001.441,-001.029,0167
 
000247222,000000000,000000000,0110.880,0001.491,-001.040,0166
 
000247242,000000000,000000000,0110.380,0001.389,-001.023,0167
 
000247262,000000000,000000000,0109.824,0001.447,-001.005,0168
 
000247282,000000000,000000000,0109.308,0001.395,-001.009,0007
 
000247302,000000000,000000000,0108.722,0001.477,-001.016,0007
 
000247322,000000000,000000000,0108.232,0001.548,-001.027,0007
 
000247342,000000000,000000000,0107.769,0001.458,-001.011,0007
 
000247362,000000000,000000000,0107.331,0001.397,-000.996,0007
 
000247382,000000000,000000000,0106.867,0001.349,-000.960,0007
 
000247402,000000000,000000000,0106.429,0001.335,-000.924,0007
 
000247422,000000000,000000000,0106.068,0001.251,-000.940,0007
 
000247442,000000000,000000000,0105.723,0001.232,-000.930,0167
 
000247462,000000000,000000000,0105.468,0001.198,-000.946,0180
 
000247482,000000000,000000000,0105.264,0001.107,-000.958,0175
 
000247502,000000000,000000000,0105.103,0001.082,-000.988,0167
 
000247522,000000000,000000000,0104.968,0001.041,-001.014,0179
 
000247542,000000000,000000000,0104.919,0001.005,-001.025,0179
 
000247562,000000000,000000000,0104.871,0000.995,-001.049,0166
 
000247582,000000000,000000000,0104.842,0001.013,-001.029,0007
 
000247602,000000000,000000000,0104.798,0001.049,-000.989,0167
 
000247622,000000000,000000000,0104.750,0001.080,-000.973,0173
 
000247642,000000000,000000000,0104.674,0001.114,-000.962,0007
 
000247662,000000000,000000000,0104.609,0001.141,-000.973,0167
 
000247682,000000000,000000000,0104.551,0001.147,-001.004,0178
 
000247702,000000000,000000000,0104.502,0001.164,-001.006,0007
 
000247722,000000000,000000000,0104.453,0001.161,-001.011,0169
 
000247742,000000000,000000000,0104.405,0001.193,-001.017,0179
 
000247762,000000000,000000000,0104.381,0001.215,-001.000,0007
 
000247782,000000000,000000000,0104.366,0001.190,-001.028,0169
 
000247802,000000000,000000000,0104.347,0001.190,-001.030,0178
 
000247822,000000000,000000000,0104.349,0001.185,-001.008,0007
 
000247842,000000000,000000000,0104.369,0001.185,-000.970,0179
 
000247862,000000000,000000000,0104.378,0001.230,-000.956,0007
 
000247882,000000000,000000000,0104.367,0001.246,-000.967,0166
 
000247902,000000000,000000000,0104.400,0001.266,-000.976,0179
 
000247922,000000000,000000000,0104.440,0001.322,-000.984,0007
 
000247942,000000000,000000000,0104.458,0001.356,-000.945,0007
 
000247962,000000000,000000000,0104.495,0001.364,-000.932,0179
 
000247982,000000000,000000000,0104.514,0001.346,-000.921,0007
 
000248002,000000000,000000000,0104.624,0001.355,-000.935,0007
 
000248022,000000000,000000000,0104.630,0001.448,-000.923,0007
 
000248042,000000000,000000000,0104.637,0001.446,-000.892,0007
 
000248062,000000000,000000000,0104.653,0001.443,-000.931,0007
 
000248082,000000000,000000000,0104.639,0001.460,-000.922,0007
 
000248102,000000000,000000000,0104.644,0001.456,-000.937,0007
 
000248122,000000000,000000000,0104.648,0001.474,-000.950,0007
 
000248142,000000000,000000000,0104.659,0001.492,-000.939,0007
 
000248162,000000000,000000000,0104.656,0001.462,-000.906,0166
 
000248182,000000000,000000000,0104.658,0001.503,-000.900,0179
 
000248202,000000000,000000000,0104.626,0001.519,-000.916,0175
 
000248222,000000000,000000000,0104.630,0001.530,-000.931,0167
 
000248242,000000000,000000000,0104.641,0001.541,-000.923,0006
 
000248262,000000000,000000000,0104.621,0001.553,-000.937,0167
 
000248282,000000000,000000000,0104.593,0001.563,-000.949,0167
 
000248302,000000000,000000000,0104.573,0001.550,-000.963,0007
 
000248322,000000000,000000000,0104.560,0001.559,-000.994,0167
 
000248342,000000000,000000000,0104.566,0001.567,-000.978,0173
 
000248362,000000000,000000000,0104.558,0001.555,-000.986,0006
 
000248382,000000000,000000000,0104.529,0001.562,-000.969,0169
 
000248402,000000000,000000000,0104.519,0001.570,-000.959,0173
 
000248422,000000000,000000000,0104.505,0001.561,-000.950,0007
 
000248442,000000000,000000000,0104.472,0001.592,-000.961,0169
 
000248462,000000000,000000000,0104.475,0001.554,-000.972,0173
 
000248482,000000000,000000000,0104.424,0001.563,-000.959,0006
 
000248502,000000000,000000000,0104.389,0001.572,-000.970,0179
 
000248522,000000000,000000000,0104.410,0001.556,-000.957,0178
 
000248542,000000000,000000000,0104.418,0001.543,-000.990,0007
 
000248562,000000000,000000000,0104.424,0001.555,-000.998,0173
 
000248582,000000000,000000000,0104.310,0001.544,-000.981,0007
 
000248602,000000000,000000000,0104.300,0001.556,-000.966,0167
 
000248622,000000000,000000000,0104.317,0001.566,-000.954,0179
 
000248642,000000000,000000000,0104.314,0001.530,-000.941,0007
 
000248662,000000000,000000000,0104.302,0001.542,-000.952,0006
 
000248682,000000000,000000000,0104.326,0001.552,-000.985,0179
 
000248702,000000000,000000000,0104.340,0001.563,-000.973,0006
 
000248722,000000000,000000000,0104.324,0001.571,-000.938,0007
 
000248742,000000000,000000000,0104.322,0001.577,-000.907,0007
 
000248762,000000000,000000000,0104.308,0001.587,-000.922,0007
 
000248782,000000000,000000000,0104.300,0001.592,-000.912,0007
 
000248802,000000000,000000000,0104.308,0001.599,-000.927,0007
 
000248822,000000000,000000000,0104.310,0001.628,-000.941,0007
 
000248842,000000000,000000000,0104.266,0001.628,-000.930,0007
 
000248862,000000000,000000000,0104.269,0001.652,-000.921,0007
 
000248882,000000000,000000000,0104.286,0001.628,-000.912,0166
 
000248902,000000000,000000000,0104.264,0001.609,-000.907,0166
 
000248922,000000000,000000000,0104.247,0001.569,-000.945,0174
 
000248942,000000000,000000000,0104.251,0001.556,-000.957,0167
 
000248962,000000000,000000000,0104.241,0001.565,-000.943,0180
 
000248982,000000000,000000000,0104.237,0001.531,-000.957,0007
 
000249002,000000000,000000000,0104.239,0001.545,-000.945,0166
 
000249022,000000000,000000000,0104.256,0001.532,-000.934,0179
 
000249042,000000000,000000000,0104.268,0001.523,-000.969,0179
 
000249062,000000000,000000000,0104.281,0001.534,-000.955,0173
 
000249082,000000000,000000000,0104.301,0001.523,-000.943,0007
 
000249102,000000000,000000000,0104.329,0001.513,-000.952,0167
 
000249122,000000000,000000000,0104.331,0001.506,-000.941,0171
 
000249142,000000000,000000000,0104.332,0001.542,-000.976,0007
 
000249162,000000000,000000000,0104.337,0001.553,-000.963,0173
 
000249182,000000000,000000000,0104.314,0001.584,-000.951,0178
 
000249202,000000000,000000000,0104.287,0001.567,-000.939,0007
 
000249222,000000000,000000000,0104.295,0001.532,-000.950,0167
 
000249242,000000000,000000000,0104.313,0001.541,-000.939,0178
 
000249262,000000000,000000000,0104.311,0001.553,-000.931,0006
 
000249282,000000000,000000000,0104.277,0001.543,-000.944,0169
 
000249302,000000000,000000000,0104.278,0001.552,-000.934,0007
 
000249322,000000000,000000000,0104.305,0001.543,-000.949,0007
 
000249342,000000000,000000000,0104.314,0001.530,-000.937,0177
 
000249362,000000000,000000000,0104.323,0001.539,-000.929,0007
 
000249382,000000000,000000000,0104.319,0001.551,-000.942,0006
 
000249402,000000000,000000000,0104.332,0001.537,-000.957,0179
 
000249422,000000000,000000000,0104.325,0001.528,-000.925,0167
 
000249442,000000000,000000000,0104.336,0001.516,-000.938,0007
 
000249462,000000000,000000000,0104.357,0001.530,-000.928,0007
 
000249482,000000000,000000000,0104.353,0001.542,-000.919,0007
 
000249502,000000000,000000000,0104.342,0001.553,-000.935,0007
 
000249522,000000000,000000000,0104.366,0001.517,-000.945,0007
 
000249542,000000000,000000000,0104.389,0001.486,-000.934,0007
 
000249562,000000000,000000000,0104.398,0001.457,-000.947,0007
 
000249582,000000000,000000000,0104.367,0001.456,-000.937,0007
 
000249602,000000000,000000000,0104.376,0001.431,-000.928,0166
 
000249622,000000000,000000000,0104.368,0001.453,-000.918,0007
 
000249642,000000000,000000000,0104.358,0001.428,-000.910,0166
 
000249662,000000000,000000000,0104.365,0001.427,-000.904,0007
 
000249682,000000000,000000000,0104.382,0001.401,-000.918,0006
 
000249702,000000000,000000000,0104.377,0001.403,-000.931,0166
 
000249722,000000000,000000000,0104.403,0001.427,-000.922,0167
 
000249742,000000000,000000000,0104.407,0001.428,-000.936,0180
 
000249762,000000000,000000000,0104.462,0001.426,-000.947,0179
 
000249782,000000000,000000000,0104.433,0001.448,-000.937,0167
 
000249802,000000000,000000000,0104.432,0001.445,-000.928,0007
 
000249822,000000000,000000000,0104.434,0001.442,-000.920,0167
 
000249842,000000000,000000000,0104.450,0001.464,-000.935,0173
 
000249862,000000000,000000000,0104.451,0001.461,-000.947,0007
 
000249882,000000000,000000000,0104.424,0001.479,-000.914,0167
 
000249902,000000000,000000000,0104.404,0001.496,-000.927,0171
 
000249922,000000000,000000000,0104.403,0001.510,-000.941,0007
 
000249942,000000000,000000000,0104.403,0001.502,-000.951,0167
 
000249962,000000000,000000000,0104.398,0001.516,-000.962,0178
 
000249982,000000000,000000000,0104.416,0001.508,-000.950,0006
 
000250002,000000000,000000000,0104.411,0001.453,-000.938,0167
 
000250022,000000000,000000000,0104.416,0001.473,-000.951,0179
 
000250042,000000000,000000000,0104.433,0001.467,-000.939,0007
 
000250062,000000000,000000000,0104.440,0001.463,-000.951,0169
 
000250082,000000000,000000000,0104.436,0001.483,-000.962,0007
 
000250102,000000000,000000000,0104.424,0001.475,-000.973,0006
 
000250122,000000000,000000000,0104.407,0001.426,-000.959,0179
 
000250142,000000000,000000000,0104.409,0001.448,-000.947,0007
 
000250162,000000000,000000000,0104.442,0001.468,-000.934,0007
 
000250182,000000000,000000000,0104.462,0001.488,-000.947,0007
 
000250202,000000000,000000000,0104.428,0001.482,-000.936,0006
 
000250222,000000000,000000000,0104.426,0001.452,-000.970,0166
 
000250242,000000000,000000000,0104.422,0001.426,-001.001,0007
 
000250262,000000000,000000000,0104.437,0001.449,-000.941,0007
 
000250282,000000000,000000000,0104.413,0001.466,-000.933,0007
 
000250302,000000000,000000000,0104.437,0001.483,-000.902,0007
 
000250322,000000000,000000000,0104.435,0001.500,-000.917,0007
 
000250342,000000000,000000000,0104.468,0001.517,-000.956,0007
 
000250362,000000000,000000000,0104.473,0001.529,-000.967,0007
 
000250382,000000000,000000000,0104.473,0001.539,-000.955,0007
 
000250402,000000000,000000000,0104.462,0001.507,-000.967,0007
 
000250422,000000000,000000000,0104.398,0001.477,-000.978,0007
 
000250442,000000000,000000000,0104.378,0001.471,-000.919,0007
 
000250462,000000000,000000000,0104.378,0001.444,-000.934,0007
 
000250482,000000000,000000000,0104.360,0001.419,-000.967,0167
 
000250502,000000000,000000000,0104.373,0001.416,-000.954,0167
 
000250522,000000000,000000000,0104.382,0001.416,-000.942,0007
 
000250542,000000000,000000000,0104.364,0001.416,-000.931,0007
 
000250562,000000000,000000000,0104.383,0001.415,-000.921,0167
 
000250582,000000000,000000000,0104.400,0001.416,-000.912,0007
 
000250602,000000000,000000000,0104.407,0001.461,-000.927,0169
 
000250622,000000000,000000000,0104.404,0001.458,-000.921,0007
 
000250642,000000000,000000000,0104.423,0001.455,-000.936,0166
 
000250662,000000000,000000000,0104.432,0001.452,-000.972,0173
 
000250682,000000000,000000000,0104.447,0001.470,-000.938,0179
 
000250702,000000000,000000000,0104.451,0001.444,-000.906,0007
 
000250722,000000000,000000000,0104.457,0001.465,-000.919,0169
 
000250742,000000000,000000000,0104.457,0001.503,-000.910,0179
 
000250762,000000000,000000000,0104.451,0001.473,-000.925,0006
 
000250782,000000000,000000000,0104.444,0001.466,-000.938,0169
 
000250802,000000000,000000000,0104.443,0001.463,-000.951,0007
 
000250822,000000000,000000000,0104.439,0001.481,-000.921,0007
 
000250842,000000000,000000000,0104.438,0001.495,-000.937,0179
 
000250862,000000000,000000000,0104.442,0001.465,-000.973,0179
 
000250882,000000000,000000000,0104.458,0001.462,-000.958,0007
 
000250902,000000000,000000000,0104.447,0001.455,-000.947,0007
 
000250922,000000000,000000000,0104.434,0001.453,-000.979,0007
 
000250942,000000000,000000000,0104.346,0001.494,-000.943,0007
 
000250962,000000000,000000000,0104.342,0001.486,-000.975,0007
 
000250982,000000000,000000000,0104.336,0001.483,-000.982,0007
 
000251002,000000000,000000000,0104.337,0001.497,-000.990,0007
 
000251022,000000000,000000000,0104.316,0001.487,-000.973,0007
 
000251042,000000000,000000000,0104.315,0001.504,-000.982,0007
 
000251062,000000000,000000000,0104.305,0001.516,-000.968,0007
 
000251082,000000000,000000000,0104.339,0001.484,-000.977,0007
 
000251102,000000000,000000000,0104.363,0001.498,-000.963,0166
 
000251122,000000000,000000000,0104.365,0001.489,-000.949,0173
 
000251142,000000000,000000000,0104.369,0001.480,-000.961,0174
 
000251162,000000000,000000000,0104.366,0001.473,-000.970,0167
 
000251182,000000000,000000000,0104.371,0001.467,-000.981,0179
 
000251202,000000000,000000000,0104.348,0001.462,-000.966,0007
 
000251222,000000000,000000000,0104.388,0001.483,-000.955,0166
 
000251242,000000000,000000000,0104.403,0001.476,-000.945,0179
 
000251262,000000000,000000000,0104.386,0001.448,-000.937,0007
 
000251282,000000000,000000000,0104.361,0001.468,-000.906,0007
 
000251302,000000000,000000000,0104.377,0001.486,-000.921,0166
 
000251322,000000000,000000000,0104.377,0001.459,-000.911,0179
 
000251342,000000000,000000000,0104.379,0001.479,-000.927,0173
 
000251362,000000000,000000000,0104.407,0001.473,-000.918,0007
 
000251382,000000000,000000000,0104.415,0001.468,-000.934,0167
 
000251402,000000000,000000000,0104.424,0001.484,-000.948,0180
 
000251422,000000000,000000000,0104.391,0001.498,-000.959,0007
 
000251442,000000000,000000000,0104.380,0001.492,-000.970,0169
 
000251462,000000000,000000000,0104.400,0001.530,-000.979,0178
 
000251482,000000000,000000000,0104.402,0001.519,-000.989,0007
 
000251502,000000000,000000000,0104.422,0001.533,-000.972,0169
 
000251522,000000000,000000000,0104.411,0001.544,-000.982,0007
 
000251542,000000000,000000000,0104.392,0001.556,-000.991,0006
 
000251562,000000000,000000000,0104.409,0001.543,-000.952,0177
 
000251582,000000000,000000000,0104.412,0001.530,-000.916,0007
 
000251602,000000000,000000000,0104.410,0001.496,-000.909,0006
 
000251622,000000000,000000000,0104.437,0001.490,-000.924,0006
 
000251642,000000000,000000000,0104.446,0001.462,-000.938,0007
 
000251662,000000000,000000000,0104.419,0001.457,-000.929,0007
 
000251682,000000000,000000000,0104.420,0001.478,-000.964,0007
 
000251702,000000000,000000000,0104.413,0001.471,-000.973,0007
 
000251722,000000000,000000000,0104.412,0001.442,-000.981,0007
 
000251742,000000000,000000000,0104.418,0001.464,-000.987,0007
 
000251762,000000000,000000000,0104.434,0001.503,-000.993,0007
 
000251782,000000000,000000000,0104.435,0001.473,-001.001,0007
 
000251802,000000000,000000000,0104.437,0001.490,-001.006,0179
 
000251822,000000000,000000000,0104.413,0001.527,-000.991,0007
 
000251842,000000000,000000000,0104.439,0001.518,-000.998,0007
 
000251862,000000000,000000000,0104.423,0001.489,-000.983,0166
 
000251882,000000000,000000000,0104.402,0001.482,-000.993,0167
 
000251902,000000000,000000000,0104.388,0001.500,-001.001,0007
 
000251922,000000000,000000000,0104.394,0001.490,-000.985,0166
 
000251942,000000000,000000000,0104.396,0001.482,-000.971,0167
 
000251962,000000000,000000000,0104.407,0001.454,-000.957,0179
 
000251982,000000000,000000000,0104.399,0001.450,-000.988,0179
 
000252002,000000000,000000000,0104.421,0001.468,-001.018,0167
 
000252022,000000000,000000000,0104.442,0001.486,-000.978,0007
 
000252042,000000000,000000000,0104.448,0001.475,-000.940,0169
 
000252062,000000000,000000000,0104.424,0001.466,-000.952,0173
 
000252082,000000000,000000000,0104.421,0001.486,-000.942,0006
 
