000272632,000000000,000000000,0122.720,0001.418,-000.989,0007
 
000272652,000000000,000000000,0122.707,0001.438,-000.993,0173
 
000272672,000000000,000000000,0122.711,0001.439,-000.999,0007
 
000272692,000000000,000000000,0122.719,0001.363,-001.044,0173
 
000272712,000000000,000000000,0122.731,0001.317,-001.044,0166
 
000272732,000000000,000000000,0122.724,0001.350,-001.023,0007
 
000272752,000000000,000000000,0122.723,0001.351,-001.001,0173
 
000272772,000000000,000000000,0122.714,0001.377,-000.983,0166
 
000272792,000000000,000000000,0122.712,0001.399,-000.938,0007
 
000272812,000000000,000000000,0122.718,0001.330,-000.921,0007
 
000272832,000000000,000000000,0122.717,0001.335,-000.888,0178
 
000272852,000000000,000000000,0122.716,0001.363,-000.880,0007
 
000272872,000000000,000000000,0122.720,0001.387,-000.893,0179
 
000272892,000000000,000000000,0122.715,0001.364,-000.905,0168
 
000272912,000000000,000000000,0122.712,0001.366,-000.913,0167
 
000272932,000000000,000000000,0122.717,0001.368,-000.924,0171
 
000272952,000000000,000000000,0122.720,0001.371,-000.889,0167
 
000272972,000000000,000000000,0122.724,0001.394,-000.904,0167
 
000272992,000000000,000000000,0122.724,0001.391,-000.937,0169
 
000273012,000000000,000000000,0122.712,0001.367,-000.925,0167
 
000273032,000000000,000000000,0122.724,0001.369,-000.890,0166
 
000273052,000000000,000000000,0122.717,0001.416,-000.881,0169
 
000273072,000000000,000000000,0122.719,0001.390,-000.895,0168
 
000273092,000000000,000000000,0122.731,0001.411,-000.930,0166
 
000273112,000000000,000000000,0122.724,0001.409,-000.938,0169
 
000273132,000000000,000000000,0122.719,0001.426,-000.948,0168
 
000273152,000000000,000000000,0122.731,0001.447,-000.933,0007
 
000273172,000000000,000000000,0122.736,0001.438,-000.941,0174
 
000273192,000000000,000000000,0122.725,0001.454,-000.928,0007
 
000273212,000000000,000000000,0122.714,0001.446,-000.937,0180
 
000273232,000000000,000000000,0122.716,0001.419,-000.925,0179
 
000273252,000000000,000000000,0122.704,0001.414,-000.934,0007
 
000273272,000000000,000000000,0122.708,0001.433,-000.943,0180
 
000273292,000000000,000000000,0122.699,0001.382,-000.951,0179
 
000273312,000000000,000000000,0122.711,0001.403,-000.958,0006
 
000273332,000000000,000000000,0122.711,0001.381,-000.963,0007
 
000273352,000000000,000000000,0122.712,0001.426,-000.950,0173
 
000273372,000000000,000000000,0122.702,0001.424,-000.955,0007
 
000273392,000000000,000000000,0122.701,0001.419,-000.961,0007
 
000273412,000000000,000000000,0122.697,0001.416,-000.968,0173
 
000273432,000000000,000000000,0122.706,0001.365,-000.970,0166
 
000273452,000000000,000000000,0122.699,0001.388,-000.952,0007
 
000273472,000000000,000000000,0122.698,0001.410,-000.961,0179
 
000273492,000000000,000000000,0122.703,0001.407,-000.965,0173
 
000273512,000000000,000000000,0122.702,0001.406,-000.950,0006
 
000273532,000000000,000000000,0122.706,0001.402,-000.957,0007
 
000273552,000000000,000000000,0122.698,0001.422,-000.961,0007
 
000273572,000000000,000000000,0122.697,0001.397,-000.968,0007
 
000273592,000000000,000000000,0122.703,0001.417,-000.953,0169
 
000273612,000000000,000000000,0122.706,0001.415,-000.979,0167
 
000273632,000000000,000000000,0122.704,0001.411,-000.961,0166
 
000273652,000000000,000000000,0122.706,0001.429,-000.966,0169
 
000273672,000000000,000000000,0122.697,0001.448,-000.971,0166
 
000273692,000000000,000000000,0122.700,0001.441,-000.956,0166
 
000273712,000000000,000000000,0122.695,0001.436,-000.963,0169
 
000273732,000000000,000000000,0122.692,0001.409,-000.991,0166
 
000273752,000000000,000000000,0122.698,0001.428,-000.975,0167
 
000273772,000000000,000000000,0122.708,0001.447,-000.980,0169
 
000273792,000000000,000000000,0122.717,0001.463,-000.984,0168
 
000273812,000000000,000000000,0122.724,0001.457,-000.968,0173
 
000273832,000000000,000000000,0122.721,0001.450,-000.994,0169
 
000273852,000000000,000000000,0122.724,0001.425,-000.976,0167
 
000273872,000000000,000000000,0122.726,0001.447,-000.985,0166
 
000273892,000000000,000000000,0122.728,0001.441,-000.964,0179
 
000273912,000000000,000000000,0122.715,0001.436,-000.969,0167
 
000273932,000000000,000000000,0122.716,0001.429,-000.978,0179
 
000273952,000000000,000000000,0122.718,0001.426,-000.959,0179
 
000273972,000000000,000000000,0122.722,0001.397,-000.943,0166
 
000273992,000000000,000000000,0122.717,0001.371,-000.932,0006
 
000274012,000000000,000000000,0122.715,0001.371,-000.938,0175
 
000274032,000000000,000000000,0122.724,0001.374,-000.948,0167
 
000274052,000000000,000000000,0122.738,0001.354,-000.956,0007
 
000274072,000000000,000000000,0122.750,0001.379,-000.938,0179
 
000274092,000000000,000000000,0122.757,0001.382,-000.973,0007
 
000274112,000000000,000000000,0122.755,0001.405,-000.957,0006
 
000274132,000000000,000000000,0122.754,0001.402,-000.962,0173
 
000274152,000000000,000000000,0122.748,0001.354,-000.972,0007
 
000274172,000000000,000000000,0122.746,0001.379,-000.953,0007
 
000274192,000000000,000000000,0122.744,0001.378,-000.935,0173
 
000274212,000000000,000000000,0122.750,0001.357,-000.946,0166
 
000274232,000000000,000000000,0122.740,0001.362,-000.932,0006
 
000274252,000000000,000000000,0122.740,0001.363,-000.941,0006
 
000274272,000000000,000000000,0122.733,0001.344,-000.930,0171
 
000274292,000000000,000000000,0122.734,0001.413,-000.958,0007
 
000274312,000000000,000000000,0122.733,0001.388,-001.011,0173
 
000274332,000000000,000000000,0122.737,0001.367,-001.017,0167
 
000274352,000000000,000000000,0122.742,0001.390,-001.015,0166
 
000274372,000000000,000000000,0122.742,0001.435,-000.995,0169
 
000274392,000000000,000000000,0122.739,0001.406,-000.977,0167
 
000274412,000000000,000000000,0122.745,0001.403,-000.978,0166
 
000274432,000000000,000000000,0122.736,0001.403,-000.963,0007
 
000274452,000000000,000000000,0122.735,0001.379,-000.969,0007
 
000274472,000000000,000000000,0122.736,0001.356,-000.951,0007
 
000274492,000000000,000000000,0122.733,0001.359,-000.959,0169
 
000274512,000000000,000000000,0122.737,0001.382,-000.945,0166
 
000274532,000000000,000000000,0122.723,0001.361,-000.974,0166
 
000274552,000000000,000000000,0122.714,0001.339,-000.980,0169
 
000274572,000000000,000000000,0122.716,0001.343,-000.984,0167
 
000274592,000000000,000000000,0122.715,0001.368,-000.966,0007
 
000274612,000000000,000000000,0122.717,0001.369,-000.974,0169
 
000274632,000000000,000000000,0122.735,0001.394,-001.000,0007
 
000274652,000000000,000000000,0122.727,0001.393,-000.979,0166
 
000274672,000000000,000000000,0122.733,0001.345,-000.982,0179
 
000274692,000000000,000000000,0122.735,0001.349,-000.985,0006
 
000274712,000000000,000000000,0122.741,0001.374,-001.012,0179
 
000274732,000000000,000000000,0122.728,0001.397,-000.993,0179
 
000274752,000000000,000000000,0122.704,0001.417,-000.994,0007
 
000274772,000000000,000000000,0122.696,0001.435,-000.976,0007
 
000274792,000000000,000000000,0122.708,0001.430,-000.960,0179
 
000274812,000000000,000000000,0122.712,0001.426,-000.965,0167
 
000274832,000000000,000000000,0122.717,0001.422,-000.994,0007
 
000274852,000000000,000000000,0122.720,0001.418,-000.997,0173
 
000274872,000000000,000000000,0122.714,0001.412,-000.997,0007
 
000274892,000000000,000000000,0122.710,0001.387,-001.004,0007
 
000274912,000000000,000000000,0122.706,0001.410,-001.030,0173
 
000274932,000000000,000000000,0122.699,0001.408,-001.029,0166
 
000274952,000000000,000000000,0122.705,0001.406,-001.009,0007
 
000274972,000000000,000000000,0122.716,0001.425,-001.010,0007
 
000274992,000000000,000000000,0122.720,0001.422,-000.989,0172
 
000275012,000000000,000000000,0122.721,0001.441,-000.974,0006
 
000275032,000000000,000000000,0122.712,0001.437,-001.002,0007
 
000275052,000000000,000000000,0122.730,0001.429,-001.002,0178
 
000275072,000000000,000000000,0122.728,0001.426,-001.008,0007
 
000275092,000000000,000000000,0122.730,0001.441,-001.008,0007
 
000275112,000000000,000000000,0122.743,0001.459,-001.008,0007
 
000275132,000000000,000000000,0122.756,0001.471,-000.988,0007
 
000275152,000000000,000000000,0122.759,0001.484,-000.992,0169
 
000275172,000000000,000000000,0122.756,0001.475,-000.995,0166
 
000275192,000000000,000000000,0122.751,0001.465,-000.997,0166
 
000275212,000000000,000000000,0122.733,0001.480,-001.000,0169
 
000275232,000000000,000000000,0122.728,0001.513,-001.027,0166
 
000275252,000000000,000000000,0122.723,0001.500,-001.028,0166
 
000275272,000000000,000000000,0122.726,0001.487,-001.003,0169
 
000275292,000000000,000000000,0122.729,0001.477,-000.982,0167
 
000275312,000000000,000000000,0122.727,0001.492,-000.966,0166
 
000275332,000000000,000000000,0122.724,0001.501,-000.969,0169
 
000275352,000000000,000000000,0122.723,0001.513,-000.977,0167
 
000275372,000000000,000000000,0122.729,0001.500,-000.962,0166
 
000275392,000000000,000000000,0122.732,0001.488,-000.945,0179
 
000275412,000000000,000000000,0122.723,0001.479,-000.933,0168
 
000275432,000000000,000000000,0122.717,0001.468,-000.920,0173
 
000275452,000000000,000000000,0122.714,0001.481,-000.931,0169
 
000275472,000000000,000000000,0122.710,0001.450,-000.963,0167
 
000275492,000000000,000000000,0122.704,0001.443,-000.949,0166
 
000275512,000000000,000000000,0122.704,0001.413,-000.955,0007
 
000275532,000000000,000000000,0122.701,0001.433,-000.963,0167
 
000275552,000000000,000000000,0122.715,0001.427,-000.969,0007
 
000275572,000000000,000000000,0122.708,0001.468,-000.977,0179
 
000275592,000000000,000000000,0122.698,0001.436,-000.981,0173
 
000275612,000000000,000000000,0122.703,0001.454,-000.962,0007
 
000275632,000000000,000000000,0122.686,0001.446,-000.947,0173
 
000275652,000000000,000000000,0122.685,0001.418,-000.978,0166
 
000275672,000000000,000000000,0122.685,0001.414,-001.004,0007
 
000275692,000000000,000000000,0122.687,0001.412,-001.031,0007
 
000275712,000000000,000000000,0122.706,0001.410,-001.033,0173
 
000275732,000000000,000000000,0122.700,0001.449,-001.032,0007
 
000275752,000000000,000000000,0122.690,0001.467,-001.033,0007
 
000275772,000000000,000000000,0122.698,0001.458,-001.035,0007
 
000275792,000000000,000000000,0122.698,0001.427,-001.032,0007
 
000275812,000000000,000000000,0122.705,0001.402,-001.034,0007
 
000275832,000000000,000000000,0122.703,0001.396,-001.056,0178
 
000275852,000000000,000000000,0122.702,0001.396,-001.073,0166
 
000275872,000000000,000000000,0122.703,0001.395,-001.071,0169
 
000275892,000000000,000000000,0122.707,0001.393,-001.088,0167
 
000275912,000000000,000000000,0122.706,0001.394,-001.083,0166
 
000275932,000000000,000000000,0122.709,0001.347,-001.058,0169
 
000275952,000000000,000000000,0122.696,0001.373,-001.058,0167
 
000275972,000000000,000000000,0122.688,0001.395,-001.032,0166
 
000275992,000000000,000000000,0122.690,0001.370,-001.030,0169
 
000276012,000000000,000000000,0122.693,0001.349,-001.008,0167
 
000276032,000000000,000000000,0122.690,0001.374,-000.965,0166
 
000276052,000000000,000000000,0122.705,0001.375,-000.969,0007
 
000276072,000000000,000000000,0122.708,0001.397,-000.973,0167
 
000276092,000000000,000000000,0122.714,0001.397,-000.979,0166
 
000276112,000000000,000000000,0122.708,0001.417,-000.961,0169
 
000276132,000000000,000000000,0122.699,0001.414,-000.945,0167
 
000276152,000000000,000000000,0122.710,0001.409,-000.929,0007
 
000276172,000000000,000000000,0122.707,0001.406,-000.960,0175
 
000276192,000000000,000000000,0122.716,0001.403,-000.944,0007
 
000276212,000000000,000000000,0122.714,0001.404,-000.933,0179
 
000276232,000000000,000000000,0122.703,0001.423,-000.944,0173
 
000276252,000000000,000000000,0122.694,0001.420,-000.932,0007
 
000276272,000000000,000000000,0122.693,0001.461,-000.942,0007
 
000276292,000000000,000000000,0122.690,0001.477,-000.950,0175
 
000276312,000000000,000000000,0122.681,0001.468,-000.957,0167
 
000276332,000000000,000000000,0122.688,0001.437,-000.988,0179
 
000276352,000000000,000000000,0122.682,0001.431,-000.971,0006
 
000276372,000000000,000000000,0122.677,0001.448,-000.998,0173
 
000276392,000000000,000000000,0122.680,0001.441,-001.000,0007
 
000276412,000000000,000000000,0122.678,0001.434,-001.002,0173
 
000276432,000000000,000000000,0122.693,0001.429,-001.005,0007
 
000276452,000000000,000000000,0122.701,0001.403,-000.987,0166
 
000276472,000000000,000000000,0122.706,0001.379,-000.969,0007
 
000276492,000000000,000000000,0122.711,0001.400,-000.997,0179
 
000276512,000000000,000000000,0122.707,0001.423,-001.000,0007
 
000276532,000000000,000000000,0122.711,0001.419,-001.000,0179
 
000276552,000000000,000000000,0122.699,0001.393,-000.981,0166
 
000276572,000000000,000000000,0122.687,0001.414,-000.964,0007
 
000276592,000000000,000000000,0122.695,0001.388,-000.946,0169
 
000276612,000000000,000000000,0122.688,0001.409,-000.954,0167
 
000276632,000000000,000000000,0122.693,0001.430,-000.939,0166
 
000276652,000000000,000000000,0122.697,0001.425,-000.946,0169
 
000276672,000000000,000000000,0122.691,0001.396,-000.910,0167
 
000276692,000000000,000000000,0122.691,0001.396,-000.944,0166
 
000276712,000000000,000000000,0122.686,0001.417,-000.952,0169
 
000276732,000000000,000000000,0122.683,0001.438,-000.938,0167
 
000276752,000000000,000000000,0122.693,0001.433,-000.946,0166
 
000276772,000000000,000000000,0122.686,0001.428,-000.951,0169
 
000276792,000000000,000000000,0122.689,0001.422,-000.959,0167
 
000276812,000000000,000000000,0122.687,0001.393,-000.964,0167
 
000276832,000000000,000000000,0122.699,0001.393,-000.971,0179
 
000276852,000000000,000000000,0122.708,0001.346,-000.999,0167
 
000276872,000000000,000000000,0122.704,0001.348,-000.977,0167
 
000276892,000000000,000000000,0122.709,0001.327,-000.959,0169
 
000276912,000000000,000000000,0122.723,0001.331,-000.967,0167
 
000276932,000000000,000000000,0122.721,0001.359,-000.973,0007
 
000276952,000000000,000000000,0122.716,0001.383,-000.935,0169
 
000276972,000000000,000000000,0122.710,0001.379,-000.920,0007
 
000276992,000000000,000000000,0122.708,0001.402,-000.908,0179
 
000277012,000000000,000000000,0122.717,0001.357,-000.896,0174
 
000277032,000000000,000000000,0122.721,0001.381,-000.930,0007
 
000277052,000000000,000000000,0122.726,0001.384,-000.942,0007
 
000277072,000000000,000000000,0122.723,0001.343,-000.951,0179
 
000277092,000000000,000000000,0122.726,0001.369,-000.955,0007
 
000277112,000000000,000000000,0122.714,0001.373,-000.961,0007
 
000277132,000000000,000000000,0122.719,0001.375,-000.947,0179
 
000277152,000000000,000000000,0122.715,0001.398,-000.953,0167
 
000277172,000000000,000000000,0122.693,0001.419,-000.959,0007
 
000277192,000000000,000000000,0122.684,0001.392,-000.942,0173
 
000277212,000000000,000000000,0122.689,0001.391,-000.925,0166
 
000277232,000000000,000000000,0122.701,0001.413,-000.911,0007
 
000277252,000000000,000000000,0122.708,0001.433,-000.902,0179
 
000277272,000000000,000000000,0122.692,0001.406,-000.912,0166
 
000277292,000000000,000000000,0122.683,0001.449,-000.925,0007
 
000277312,000000000,000000000,0122.689,0001.463,-000.912,0007
 
000277332,000000000,000000000,0122.688,0001.433,-000.900,0173
 
000277352,000000000,000000000,0122.678,0001.451,-000.913,0007
 
000277372,000000000,000000000,0122.669,0001.467,-000.904,0179
 
000277392,000000000,000000000,0122.668,0001.458,-000.915,0167
 
000277412,000000000,000000000,0122.674,0001.449,-000.903,0166
 
000277432,000000000,000000000,0122.666,0001.465,-000.916,0169
 
000277452,000000000,000000000,0122.657,0001.457,-000.927,0167
 
000277472,000000000,000000000,0122.652,0001.428,-000.939,0166
 
000277492,000000000,000000000,0122.661,0001.446,-000.926,0169
 
000277512,000000000,000000000,0122.672,0001.438,-000.911,0167
 
000277532,000000000,000000000,0122.680,0001.410,-000.903,0166
 
000277552,000000000,000000000,0122.681,0001.407,-000.934,0167
 
000277572,000000000,000000000,0122.668,0001.418,-000.940,0166
 
000277592,000000000,000000000,0122.685,0001.397,-000.951,0166
 
000277612,000000000,000000000,0122.686,0001.390,-000.937,0007
 
000277632,000000000,000000000,0122.685,0001.392,-000.944,0167
 
000277652,000000000,000000000,0122.673,0001.390,-000.932,0166
 
000277672,000000000,000000000,0122.664,0001.409,-000.960,0169
 
000277692,000000000,000000000,0122.669,0001.408,-000.964,0167
 
000277712,000000000,000000000,0122.675,0001.425,-000.949,0166
 
000277732,000000000,000000000,0122.664,0001.442,-000.909,0179
 
000277752,000000000,000000000,0122.678,0001.437,-000.875,0167
 
000277772,000000000,000000000,0122.678,0001.452,-000.891,0007
 
000277792,000000000,000000000,0122.683,0001.445,-000.902,0179
 
000277812,000000000,000000000,0122.690,0001.439,-000.891,0167
 
000277832,000000000,000000000,0122.688,0001.455,-000.883,0173
 
000277852,000000000,000000000,0122.685,0001.450,-000.893,0007
 
000277872,000000000,000000000,0122.696,0001.440,-000.908,0173
 
000277892,000000000,000000000,0122.697,0001.436,-000.919,0007
 
000277912,000000000,000000000,0122.690,0001.432,-000.905,0173
 
000277932,000000000,000000000,0122.686,0001.424,-000.897,0007
 
000277952,000000000,000000000,0122.689,0001.421,-000.911,0007
 
000277972,000000000,000000000,0122.692,0001.441,-000.899,0173
 
000277992,000000000,000000000,0122.686,0001.414,-000.913,0167
 
000278012,000000000,000000000,0122.691,0001.412,-000.900,0007
 
000278032,000000000,000000000,0122.707,0001.409,-000.913,0007
 
000278052,000000000,000000000,0122.699,0001.407,-000.926,0179
 
000278072,000000000,000000000,0122.701,0001.404,-000.933,0006
 
000278092,000000000,000000000,0122.704,0001.426,-000.923,0179
 
000278112,000000000,000000000,0122.701,0001.421,-000.932,0167
 
000278132,000000000,000000000,0122.684,0001.394,-000.941,0166
 
000278152,000000000,000000000,0122.684,0001.413,-000.948,0167
 
000278172,000000000,000000000,0122.689,0001.454,-001.001,0167
 
000278192,000000000,000000000,0122.679,0001.490,-001.047,0166
 
000278212,000000000,000000000,0122.682,0001.459,-001.048,0007
 
000278232,000000000,000000000,0122.679,0001.432,-001.045,0166
 
000278252,000000000,000000000,0122.683,0001.408,-001.045,0166
 
000278272,000000000,000000000,0122.688,0001.383,-001.024,0168
 
000278292,000000000,000000000,0122.699,0001.382,-001.024,0167
 
000278312,000000000,000000000,0122.701,0001.405,-001.003,0007
 
000278332,000000000,000000000,0122.718,0001.401,-001.006,0006
 
000278352,000000000,000000000,0122.720,0001.376,-001.028,0167
 
000278372,000000000,000000000,0122.712,0001.377,-001.005,0173
 
000278392,000000000,000000000,0122.723,0001.357,-000.989,0169
 
000278412,000000000,000000000,0122.723,0001.335,-000.990,0167
 
000278432,000000000,000000000,0122.727,0001.342,-000.975,0007
 
000278452,000000000,000000000,0122.728,0001.322,-000.982,0174
 
000278472,000000000,000000000,0122.716,0001.328,-000.984,0007
 
000278492,000000000,000000000,0122.721,0001.310,-000.942,0180
 
000278512,000000000,000000000,0122.730,0001.360,-000.954,0177
 
000278532,000000000,000000000,0122.736,0001.363,-000.983,0007
 
000278552,000000000,000000000,0122.742,0001.341,-000.988,0180
 
000278572,000000000,000000000,0122.732,0001.343,-000.968,0179
 
000278592,000000000,000000000,0122.731,0001.346,-000.951,0167
 
000278612,000000000,000000000,0122.738,0001.371,-000.911,0007
 
000278632,000000000,000000000,0122.743,0001.394,-000.925,0177
 
000278652,000000000,000000000,0122.733,0001.416,-000.957,0007
 
000278672,000000000,000000000,0122.734,0001.413,-000.965,0007
 
000278692,000000000,000000000,0122.734,0001.384,-000.969,0173
 
000278712,000000000,000000000,0122.739,0001.428,-000.976,0166
 
000278732,000000000,000000000,0122.744,0001.466,-001.004,0007
 
000278753,000000000,000000000,0122.748,0001.452,-000.985,1023
 
000278773,000000000,000000000,0122.749,0001.445,-000.966,1023
 
000278793,000000000,000000000,0122.743,0001.423,-000.955,1023
 
000278813,000000000,000000000,0122.743,0001.391,-000.914,1023
 
000278833,000000000,000000000,0122.733,0001.389,-000.923,1023
 
000278853,000000000,000000000,0122.730,0001.417,-000.936,1023
 
000278873,000000000,000000000,0122.722,0001.408,-000.943,1023
 
000278893,000000000,000000000,0122.716,0001.440,-000.887,1023
 
000278913,000000000,000000000,0122.717,0001.423,-000.899,1023
 
000278932,000000000,000000000,0122.722,0001.402,-000.952,0007
 
000278952,000000000,000000000,0122.683,0001.423,-000.966,0180
 
000278972,000000000,000000000,0122.623,0001.486,-000.976,0166
 
000278992,000000000,000000000,0122.514,0001.567,-000.982,0167
 
000279012,000000000,000000000,0122.304,0001.641,-000.978,0166
 
000279032,000000000,000000000,0121.832,0001.850,-000.985,0166
 
000279052,000000000,000000000,0121.169,0002.266,-000.983,0169
 
000279072,000000000,000000000,0120.371,0002.400,-000.989,0178
 
000279092,000000000,000000000,0119.434,0002.407,-000.992,0173
 
000279112,000000000,000000000,0118.374,0002.557,-000.982,0169
 
000279132,000000000,000000000,0117.175,0002.824,-001.003,0178
 
000279152,000000000,000000000,0115.920,0002.869,-000.988,0166
 
000279172,000000000,000000000,0114.739,0002.791,-001.006,0169
 
000279192,000000000,000000000,0113.628,0002.548,-001.015,0007
 
000279212,000000000,000000000,0112.605,0002.374,-001.033,0169
 
000279232,000000000,000000000,0111.607,0002.370,-001.026,0174
 
000279252,000000000,000000000,0110.638,0002.348,-001.024,0167
 
000279272,000000000,000000000,0109.716,0002.282,-001.012,0179
 
000279292,000000000,000000000,0108.897,0002.085,-000.934,0179
 
000279312,000000000,000000000,0108.122,0001.825,-000.953,0167
 
000279332,000000000,000000000,0107.459,0001.714,-000.962,0006
 
000279352,000000000,000000000,0106.820,0001.678,-000.929,0179
 
000279372,000000000,000000000,0106.263,0001.505,-000.942,0167
 
000279392,000000000,000000000,0105.782,0001.475,-000.925,0007
 
000279412,000000000,000000000,0105.434,0001.331,-000.917,0167
 
000279432,000000000,000000000,0105.148,0001.227,-000.908,0171
 
000279452,000000000,000000000,0104.953,0001.139,-000.892,0006
 
000279472,000000000,000000000,0104.841,0001.046,-000.877,0173
 
000279492,000000000,000000000,0104.773,0000.986,-000.886,0178
 
000279512,000000000,000000000,0104.676,0001.066,-000.896,0007
 
000279532,000000000,000000000,0104.582,0001.181,-000.885,0007
 
000279552,000000000,000000000,0104.470,0001.216,-000.899,0007
 
000279572,000000000,000000000,0104.302,0001.275,-000.888,0166
 
000279592,000000000,000000000,0104.126,0001.326,-000.880,0179
 
000279612,000000000,000000000,0103.951,0001.382,-000.886,0006
 
000279632,000000000,000000000,0103.810,0001.352,-000.874,0006
 
000279652,000000000,000000000,0103.679,0001.332,-000.870,0177
 
000279672,000000000,000000000,0103.573,0001.283,-000.905,0007
 
000279692,000000000,000000000,0103.517,0001.292,-000.914,0006
 
000279712,000000000,000000000,0103.474,0001.272,-000.901,0007
 
000279732,000000000,000000000,0103.452,0001.257,-000.909,0006
 
000279752,000000000,000000000,0103.452,0001.267,-000.896,0007
 
000279772,000000000,000000000,0103.475,0001.227,-000.903,0007
 
000279792,000000000,000000000,0103.491,0001.221,-000.914,0007
 
000279812,000000000,000000000,0103.522,0001.212,-000.899,0007
 
000279832,000000000,000000000,0103.554,0001.225,-000.866,0006
 
000279852,000000000,000000000,0103.583,0001.305,-000.878,0006
 
000279872,000000000,000000000,0103.615,0001.355,-000.933,0006
 
000279892,000000000,000000000,0103.659,0001.375,-000.917,0006
 
000279912,000000000,000000000,0103.689,0001.374,-000.901,0007
 
000279932,000000000,000000000,0103.721,0001.392,-000.910,0006
 
000279952,000000000,000000000,0103.736,0001.367,-000.918,0166
 
000279972,000000000,000000000,0103.749,0001.342,-000.924,0007
 
000279992,000000000,000000000,0103.775,0001.366,-000.930,0007
 
000280012,000000000,000000000,0103.803,0001.367,-000.917,0007
 
000280032,000000000,000000000,0103.854,0001.365,-000.902,0166
 
000280052,000000000,000000000,0103.866,0001.385,-000.912,0006
 
000280072,000000000,000000000,0103.890,0001.406,-000.943,0167
 
000280092,000000000,000000000,0103.919,0001.402,-000.948,0172
 
000280112,000000000,000000000,0103.935,0001.419,-000.976,0006
 
000280132,000000000,000000000,0103.953,0001.437,-000.933,0167
 
000280152,000000000,000000000,0103.963,0001.452,-000.897,0171
 
000280172,000000000,000000000,0103.970,0001.467,-000.886,0006
 
000280192,000000000,000000000,0103.983,0001.479,-000.899,0167
 
000280212,000000000,000000000,0103.986,0001.467,-000.910,0178
 
000280232,000000000,000000000,0103.981,0001.433,-000.920,0006
 
000280252,000000000,000000000,0104.001,0001.428,-000.951,0169
 
000280272,000000000,000000000,0104.021,0001.423,-000.957,0179
 
000280292,000000000,000000000,0104.026,0001.418,-000.963,0006
 
000280312,000000000,000000000,0104.038,0001.436,-000.946,0169
 
000280332,000000000,000000000,0104.038,0001.430,-000.929,0006
 
000280352,000000000,000000000,0104.053,0001.424,-000.915,0166
 
000280372,000000000,000000000,0104.059,0001.395,-000.923,0179
 
000280392,000000000,000000000,0104.060,0001.393,-000.931,0167
 
000280412,000000000,000000000,0104.074,0001.412,-000.917,0006
 
000280432,000000000,000000000,0104.091,0001.406,-000.904,0179
 
000280452,000000000,000000000,0104.103,0001.402,-000.913,0006
 
000280472,000000000,000000000,0104.107,0001.400,-000.921,0166
 
000280492,000000000,000000000,0104.130,0001.395,-000.909,0179
 
000280512,000000000,000000000,0104.134,0001.370,-000.896,0007
 
000280532,000000000,000000000,0104.140,0001.368,-000.906,0006
 
000280552,000000000,000000000,0104.150,0001.367,-000.892,0179
 
000280572,000000000,000000000,0104.156,0001.366,-000.857,0007
 
000280592,000000000,000000000,0104.160,0001.369,-000.893,0006
 
000280612,000000000,000000000,0104.161,0001.369,-000.904,0006
 
000280632,000000000,000000000,0104.159,0001.368,-000.914,0006
 
000280652,000000000,000000000,0104.163,0001.389,-000.900,0006
 
000280672,000000000,000000000,0104.182,0001.408,-000.889,0166
 
000280692,000000000,000000000,0104.194,0001.425,-000.878,0006
 
000280712,000000000,000000000,0104.189,0001.441,-000.889,0006
 
000280732,000000000,000000000,0104.201,0001.412,-000.878,0166
 
000280752,000000000,000000000,0104.209,0001.407,-000.891,0006
 
000280772,000000000,000000000,0104.206,0001.403,-000.856,0006
 
000280792,000000000,000000000,0104.206,0001.421,-000.847,0167
 
000280812,000000000,000000000,0104.204,0001.438,-000.863,0167
 
000280832,000000000,000000000,0104.202,0001.411,-000.878,0006
 
000280852,000000000,000000000,0104.207,0001.383,-000.889,0167
 
000280872,000000000,000000000,0104.202,0001.404,-000.880,0171
 
000280892,000000000,000000000,0104.216,0001.398,-000.868,0006
 
000280912,000000000,000000000,0104.227,0001.418,-000.883,0169
 
000280932,000000000,000000000,0104.242,0001.414,-000.850,0171
 
000280952,000000000,000000000,0104.248,0001.385,-000.843,0006
 
000280972,000000000,000000000,0104.250,0001.360,-000.837,0167
 
000280992,000000000,000000000,0104.259,0001.338,-000.832,0178
 
000281012,000000000,000000000,0104.268,0001.340,-000.847,0006
 
000281032,000000000,000000000,0104.260,0001.344,-000.884,0169
 
000281052,000000000,000000000,0104.256,0001.345,-000.875,0178
 
000281072,000000000,000000000,0104.268,0001.346,-000.845,0006
 
000281092,000000000,000000000,0104.288,0001.326,-000.884,0179
 
000281112,000000000,000000000,0104.295,0001.330,-000.894,0178
 
000281132,000000000,000000000,0104.304,0001.334,-000.883,0006
 
000281152,000000000,000000000,0104.301,0001.339,-000.895,0179
 
000281172,000000000,000000000,0104.296,0001.342,-000.907,0178
 
000281192,000000000,000000000,0104.299,0001.364,-000.893,0006
 
000281212,000000000,000000000,0104.307,0001.342,-000.882,0179
 
000281232,000000000,000000000,0104.321,0001.367,-000.916,0006
 
000281252,000000000,000000000,0104.328,0001.367,-000.925,0006
 
000281272,000000000,000000000,0104.325,0001.365,-000.956,0007
 
000281292,000000000,000000000,0104.327,0001.387,-000.961,0006
 
000281312,000000000,000000000,0104.317,0001.408,-000.965,0006
 
000281332,000000000,000000000,0104.327,0001.426,-000.947,0006
 
000281352,000000000,000000000,0104.340,0001.419,-000.933,0006
 
000281372,000000000,000000000,0104.350,0001.412,-000.917,0006
 
000281392,000000000,000000000,0104.345,0001.404,-000.924,0007
 
000281412,000000000,000000000,0104.351,0001.401,-000.931,0006
 
000281432,000000000,000000000,0104.336,0001.419,-000.940,0006
 
000281452,000000000,000000000,0104.339,0001.437,-000.945,0006
 
000281472,000000000,000000000,0104.349,0001.453,-000.951,0006
 
000281492,000000000,000000000,0104.352,0001.447,-000.956,0006
 
000281512,000000000,000000000,0104.359,0001.484,-000.938,0006
 
000281532,000000000,000000000,0104.342,0001.496,-000.965,0167
 
000281552,000000000,000000000,0104.356,0001.505,-000.971,0006
 
000281572,000000000,000000000,0104.355,0001.514,-000.974,0173
 
000281592,000000000,000000000,0104.350,0001.478,-000.956,0172
 
000281612,000000000,000000000,0104.342,0001.467,-000.962,0006
 
000281632,000000000,000000000,0104.348,0001.479,-000.942,0167
 
000281652,000000000,000000000,0104.347,0001.446,-000.948,0171
 
000281672,000000000,000000000,0104.350,0001.437,-000.954,0006
 
000281692,000000000,000000000,0104.352,0001.430,-000.959,0167
 
000281712,000000000,000000000,0104.337,0001.401,-000.941,0171
 
000281732,000000000,000000000,0104.339,0001.398,-000.924,0006
 
000281752,000000000,000000000,0104.334,0001.416,-000.932,0169
 
000281772,000000000,000000000,0104.342,0001.435,-000.917,0178
 
000281792,000000000,000000000,0104.343,0001.429,-000.903,0006
 
000281812,000000000,000000000,0104.340,0001.444,-000.913,0169
 
000281832,000000000,000000000,0104.339,0001.481,-000.900,0006
 
000281852,000000000,000000000,0104.335,0001.471,-000.910,0006
 
000281872,000000000,000000000,0104.338,0001.481,-000.895,0176
 
000281892,000000000,000000000,0104.344,0001.492,-000.907,0006
 
000281912,000000000,000000000,0104.345,0001.502,-000.896,0167
 
000281932,000000000,000000000,0104.351,0001.488,-000.886,0006
 
000281952,000000000,000000000,0104.337,0001.476,-000.897,0006
 
000281972,000000000,000000000,0104.330,0001.488,-000.883,0006
 
000281992,000000000,000000000,0104.323,0001.453,-000.872,0006
 
000282012,000000000,000000000,0104.334,0001.468,-000.886,0006
 
000282032,000000000,000000000,0104.346,0001.480,-000.878,0006
 
000282052,000000000,000000000,0104.341,0001.470,-000.890,0006
 
000282072,000000000,000000000,0104.334,0001.462,-000.901,0006
 
000282092,000000000,000000000,0104.341,0001.452,-000.887,0173
 
000282112,000000000,000000000,0104.346,0001.468,-000.877,0169
 
000282132,000000000,000000000,0104.358,0001.460,-000.888,0006
 
000282152,000000000,000000000,0104.374,0001.473,-000.902,0006
 
000282172,000000000,000000000,0104.386,0001.462,-000.914,0007
 
000282192,000000000,000000000,0104.392,0001.453,-000.902,0007
 
000282212,000000000,000000000,0104.400,0001.445,-000.913,0006
 
000282232,000000000,000000000,0104.397,0001.459,-000.922,0006
 
000282252,000000000,000000000,0104.384,0001.449,-000.908,0006
 
000282272,000000000,000000000,0104.375,0001.462,-000.915,0006
 
000282292,000000000,000000000,0104.381,0001.476,-000.903,0167
 
000282312,000000000,000000000,0104.391,0001.466,-000.891,0167
 
000282332,000000000,000000000,0104.397,0001.455,-000.880,0006
 
000282352,000000000,000000000,0104.398,0001.446,-000.914,0167
 
000282372,000000000,000000000,0104.400,0001.437,-000.945,0171
 
000282392,000000000,000000000,0104.397,0001.430,-000.930,0006
 
000282412,000000000,000000000,0104.397,0001.401,-000.936,0169
 
000282432,000000000,000000000,0104.410,0001.398,-000.898,0166
 
000282452,000000000,000000000,0104.403,0001.418,-000.908,0006
 
000282472,000000000,000000000,0104.406,0001.373,-000.940,0167
 
000282492,000000000,000000000,0104.401,0001.396,-000.945,0179
 
000282512,000000000,000000000,0104.388,0001.394,-000.976,0006
 
000282532,000000000,000000000,0104.401,0001.369,-000.981,0179
 
000282552,000000000,000000000,0104.411,0001.392,-000.961,0179
 
000282572,000000000,000000000,0104.411,0001.412,-000.989,0006
 
000282592,000000000,000000000,0104.410,0001.429,-000.946,0006
 
000282612,000000000,000000000,0104.417,0001.422,-000.910,0006
 
000282632,000000000,000000000,0104.402,0001.416,-000.897,0166
 
000282652,000000000,000000000,0104.409,0001.413,-000.864,0179
 
000282672,000000000,000000000,0104.412,0001.411,-000.858,0167
 
000282692,000000000,000000000,0104.404,0001.429,-000.871,0006
 
000282712,000000000,000000000,0104.406,0001.447,-000.884,0179
 
000282732,000000000,000000000,0104.392,0001.437,-000.898,0006
 
000282752,000000000,000000000,0104.385,0001.429,-000.932,0173
 
000282772,000000000,000000000,0104.386,0001.424,-000.917,0179
 
000282792,000000000,000000000,0104.387,0001.395,-000.927,0006
 
000282812,000000000,000000000,0104.397,0001.417,-000.934,0006
 
000282832,000000000,000000000,0104.391,0001.412,-000.897,0006
 
000282852,000000000,000000000,0104.397,0001.407,-000.909,0007
 
000282872,000000000,000000000,0104.399,0001.424,-000.851,0006
 
000282892,000000000,000000000,0104.391,0001.417,-000.867,0006
 
000282912,000000000,000000000,0104.392,0001.456,-000.858,0006
 
000282932,000000000,000000000,0104.387,0001.470,-000.872,0006
 
000282952,000000000,000000000,0104.385,0001.481,-000.862,0166
 
000282972,000000000,000000000,0104.385,0001.446,-000.854,0167
 
000282992,000000000,000000000,0104.400,0001.413,-000.846,0179
 
000283012,000000000,000000000,0104.391,0001.407,-000.862,0174
 
000283032,000000000,000000000,0104.379,0001.447,-000.854,0167
 
000283052,000000000,000000000,0104.387,0001.439,-000.824,0179
 
000283072,000000000,000000000,0104.383,0001.453,-000.821,0179
 
000283092,000000000,000000000,0104.397,0001.446,-000.818,0167
 
000283112,000000000,000000000,0104.396,0001.460,-000.792,0006
 
000283132,000000000,000000000,0104.400,0001.452,-000.812,0167
 
000283152,000000000,000000000,0104.403,0001.467,-000.833,0171
 
000283172,000000000,000000000,0104.383,0001.432,-000.851,0006
 
000283192,000000000,000000000,0104.384,0001.404,-000.844,0167
 
000283212,000000000,000000000,0104.375,0001.420,-000.837,0179
 
000283232,000000000,000000000,0104.372,0001.438,-000.831,0006
 
000283252,000000000,000000000,0104.374,0001.453,-000.850,0167
 
000283272,000000000,000000000,0104.378,0001.490,-000.843,0178
 
000283292,000000000,000000000,0104.378,0001.479,-000.836,0006
 
000283312,000000000,000000000,0104.371,0001.445,-000.785,0167
 
000283332,000000000,000000000,0104.372,0001.436,-000.784,0179
 
000283352,000000000,000000000,0104.371,0001.431,-000.807,0006
 
000283372,000000000,000000000,0104.379,0001.426,-000.804,0179
 
000283392,000000000,000000000,0104.385,0001.443,-000.802,0178
 
000283412,000000000,000000000,0104.382,0001.437,-000.799,0006
 
000283432,000000000,000000000,0104.385,0001.431,-000.794,0179
 
000283452,000000000,000000000,0104.377,0001.422,-000.815,0006
 
000283472,000000000,000000000,0104.366,0001.440,-000.857,0006
 
000283492,000000000,000000000,0104.370,0001.433,-000.850,0006
 
000283512,000000000,000000000,0104.351,0001.404,-000.843,0006
 
000283532,000000000,000000000,0104.346,0001.401,-000.881,0006
 
000283552,000000000,000000000,0104.343,0001.443,-000.872,0006
 
000283572,000000000,000000000,0104.345,0001.458,-000.885,0007
 
000283592,000000000,000000000,0104.344,0001.426,-000.898,0006
 
000283612,000000000,000000000,0104.326,0001.421,-000.886,0006
 
000283632,000000000,000000000,0104.330,0001.437,-000.875,0167
 
000283652,000000000,000000000,0104.329,0001.430,-000.887,0006
 
000283672,000000000,000000000,0104.314,0001.446,-000.899,0006
 
000283692,000000000,000000000,0104.312,0001.438,-000.909,0007
 
000283712,000000000,000000000,0104.307,0001.409,-000.919,0006
 
000283732,000000000,000000000,0104.305,0001.428,-000.927,0006
 
000283752,000000000,000000000,0104.305,0001.466,-000.936,0166
 
000283772,000000000,000000000,0104.317,0001.501,-000.945,0179
 
000283792,000000000,000000000,0104.318,0001.510,-000.908,0179
 
000283812,000000000,000000000,0104.328,0001.472,-000.896,0167
 
000283832,000000000,000000000,0104.336,0001.484,-000.906,0006
 
000283852,000000000,000000000,0104.337,0001.496,-000.916,0166
 
000283872,000000000,000000000,0104.333,0001.437,-000.902,0172
 
000283892,000000000,000000000,0104.319,0001.407,-000.891,0006
 
000283912,000000000,000000000,0104.319,0001.403,-000.881,0173
 
000283932,000000000,000000000,0104.336,0001.376,-000.894,0171
 
000283952,000000000,000000000,0104.328,0001.395,-000.903,0006
 
000283972,000000000,000000000,0104.326,0001.412,-000.889,0167
 
000283992,000000000,000000000,0104.329,0001.383,-000.879,0179
 
000284012,000000000,000000000,0104.316,0001.338,-000.869,0006
 
000284032,000000000,000000000,0104.319,0001.359,-000.861,0006
 
000284052,000000000,000000000,0104.332,0001.360,-000.877,0179
 
000284072,000000000,000000000,0104.344,0001.360,-000.868,0006
 
000284092,000000000,000000000,0104.336,0001.360,-000.882,0169
 
000284112,000000000,000000000,0104.339,0001.337,-000.895,0006
 
000284132,000000000,000000000,0104.338,0001.362,-000.885,0006
 
000284152,000000000,000000000,0104.343,0001.362,-000.898,0179
 
000284172,000000000,000000000,0104.351,0001.430,-000.909,0178
 
000284192,000000000,000000000,0104.354,0001.469,-000.897,0006
 
000284212,000000000,000000000,0104.363,0001.460,-000.909,0006
 
000284232,000000000,000000000,0104.364,0001.474,-000.897,0006
 
000284252,000000000,000000000,0104.368,0001.440,-000.909,0166
 
000284272,000000000,000000000,0104.363,0001.433,-000.918,0179
 
000284292,000000000,000000000,0104.366,0001.429,-000.927,0167
 
000284312,000000000,000000000,0104.368,0001.465,-000.912,0006
 
000284332,000000000,000000000,0104.366,0001.453,-000.876,0006
 
000284352,000000000,000000000,0104.370,0001.424,-000.890,0006
 
000284372,000000000,000000000,0104.359,0001.420,-000.902,0006
 
000284392,000000000,000000000,0104.374,0001.414,-000.891,0006
 
000284412,000000000,000000000,0104.380,0001.409,-000.902,0006
 
000284432,000000000,000000000,0104.381,0001.428,-000.913,0006
 
000284452,000000000,000000000,0104.377,0001.399,-000.899,0166
 
000284472,000000000,000000000,0104.391,0001.419,-000.907,0167
 
000284492,000000000,000000000,0104.403,0001.411,-000.917,0179
 
000284512,000000000,000000000,0104.407,0001.406,-000.882,0169
 
000284532,000000000,000000000,0104.397,0001.380,-000.875,0167
 
000284552,000000000,000000000,0104.400,0001.332,-000.889,0006
 
000284572,000000000,000000000,0104.404,0001.359,-000.901,0167
 
000284592,000000000,000000000,0104.399,0001.362,-000.912,0172
 
000284612,000000000,000000000,0104.382,0001.383,-000.921,0006
 
000284632,000000000,000000000,0104.381,0001.381,-000.908,0006
 
000284652,000000000,000000000,0104.378,0001.401,-000.897,0167
 
000284672,000000000,000000000,0104.380,0001.440,-000.888,0006
 
000284692,000000000,000000000,0104.365,0001.477,-000.899,0169
 
000284712,000000000,000000000,0104.363,0001.444,-000.889,0178
 
000284732,000000000,000000000,0104.370,0001.415,-000.902,0006
 
