000348552,000000000,000000000,0122.632,0001.327,-001.012,0007
 
000348572,000000000,000000000,0122.619,0001.345,-001.012,0007
 
000348592,000000000,000000000,0122.608,0001.345,-001.057,0007
 
000348612,000000000,000000000,0122.575,0001.323,-001.082,0173
 
000348632,000000000,000000000,0122.558,0001.344,-001.076,0166
 
000348652,000000000,000000000,0122.558,0001.344,-001.069,0007
 
000348672,000000000,000000000,0122.566,0001.318,-001.067,0007
 
000348692,000000000,000000000,0122.580,0001.319,-001.062,0173
 
000348712,000000000,000000000,0122.582,0001.342,-001.081,0007
 
000348732,000000000,000000000,0122.597,0001.339,-001.057,0007
 
000348752,000000000,000000000,0122.619,0001.340,-001.077,0178
 
000348772,000000000,000000000,0122.639,0001.337,-001.072,0007
 
000348792,000000000,000000000,0122.648,0001.357,-001.051,0179
 
000348812,000000000,000000000,0122.647,0001.355,-001.069,0167
 
000348832,000000000,000000000,0122.654,0001.350,-001.090,0166
 
000348852,000000000,000000000,0122.633,0001.371,-001.084,0169
 
000348872,000000000,000000000,0122.655,0001.366,-001.053,0167
 
000348892,000000000,000000000,0122.675,0001.339,-001.052,0166
 
000348912,000000000,000000000,0122.661,0001.359,-001.054,0169
 
000348932,000000000,000000000,0122.657,0001.355,-001.049,0167
 
000348952,000000000,000000000,0122.639,0001.353,-001.050,0166
 
000348972,000000000,000000000,0122.660,0001.351,-001.049,0007
 
000348992,000000000,000000000,0122.668,0001.325,-001.045,0007
 
000349012,000000000,000000000,0122.663,0001.347,-001.046,0007
 
000349032,000000000,000000000,0122.651,0001.344,-001.045,0169
 
000349052,000000000,000000000,0122.648,0001.389,-001.042,0166
 
000349072,000000000,000000000,0122.667,0001.403,-001.041,0166
 
000349092,000000000,000000000,0122.663,0001.375,-001.039,0177
 
000349112,000000000,000000000,0122.672,0001.375,-000.975,0167
 
000349132,000000000,000000000,0122.679,0001.371,-000.942,0167
 
000349152,000000000,000000000,0122.659,0001.364,-000.948,0169
 
000349172,000000000,000000000,0122.641,0001.359,-000.978,0007
 
000349192,000000000,000000000,0122.632,0001.332,-000.984,0180
 
000349212,000000000,000000000,0122.625,0001.331,-000.986,0174
 
000349232,000000000,000000000,0122.641,0001.331,-001.012,0007
 
000349252,000000000,000000000,0122.620,0001.353,-000.973,0007
 
000349272,000000000,000000000,0122.594,0001.372,-000.978,0179
 
000349292,000000000,000000000,0122.595,0001.369,-001.008,0007
 
000349312,000000000,000000000,0122.589,0001.362,-001.010,0007
 
000349332,000000000,000000000,0122.618,0001.335,-000.965,0173
 
000349352,000000000,000000000,0122.618,0001.356,-000.950,0007
 
000349372,000000000,000000000,0122.612,0001.351,-000.914,0007
 
000349392,000000000,000000000,0122.604,0001.373,-000.924,0007
 
000349412,000000000,000000000,0122.593,0001.366,-000.936,0178
 
000349432,000000000,000000000,0122.615,0001.339,-000.922,0007
 
000349452,000000000,000000000,0122.611,0001.361,-000.932,0173
 
000349472,000000000,000000000,0122.626,0001.357,-000.921,0166
 
000349492,000000000,000000000,0122.598,0001.378,-000.888,0007
 
000349512,000000000,000000000,0122.601,0001.374,-000.879,0007
 
000349532,000000000,000000000,0122.576,0001.392,-000.898,0007
 
000349552,000000000,000000000,0122.576,0001.386,-000.909,0007
 
000349572,000000000,000000000,0122.568,0001.380,-000.898,0180
 
000349592,000000000,000000000,0122.571,0001.397,-000.915,0167
 
000349612,000000000,000000000,0122.587,0001.367,-000.948,0166
 
000349632,000000000,000000000,0122.591,0001.386,-000.935,0169
 
000349652,000000000,000000000,0122.601,0001.380,-000.946,0166
 
000349672,000000000,000000000,0122.589,0001.375,-000.954,0166
 
000349692,000000000,000000000,0122.597,0001.350,-000.962,0167
 
000349712,000000000,000000000,0122.577,0001.323,-000.970,0167
 
000349732,000000000,000000000,0122.535,0001.324,-000.974,0167
 
000349752,000000000,000000000,0122.559,0001.301,-000.983,0169
 
000349772,000000000,000000000,0122.549,0001.326,-000.988,0168
 
000349792,000000000,000000000,0122.549,0001.326,-000.989,0167
 
000349812,000000000,000000000,0122.543,0001.302,-000.973,0169
 
000349832,000000000,000000000,0122.517,0001.281,-000.978,0168
 
000349852,000000000,000000000,0122.522,0001.287,-001.004,0167
 
000349872,000000000,000000000,0122.538,0001.312,-001.009,0167
 
000349892,000000000,000000000,0122.547,0001.336,-001.011,0166
 
000349912,000000000,000000000,0122.561,0001.335,-001.033,0007
 
000349932,000000000,000000000,0122.558,0001.311,-001.014,0175
 
000349952,000000000,000000000,0122.573,0001.290,-000.994,0007
 
000349972,000000000,000000000,0122.575,0001.293,-001.000,0180
 
000349992,000000000,000000000,0122.582,0001.296,-000.983,0169
 
000350012,000000000,000000000,0122.618,0001.301,-000.984,0007
 
000350032,000000000,000000000,0122.628,0001.304,-000.968,0007
 
000350052,000000000,000000000,0122.615,0001.306,-000.975,0180
 
000350072,000000000,000000000,0122.628,0001.285,-000.980,0167
 
000350092,000000000,000000000,0122.628,0001.288,-000.942,0007
 
000350112,000000000,000000000,0122.627,0001.314,-000.950,0007
 
000350132,000000000,000000000,0122.616,0001.318,-000.958,0171
 
000350152,000000000,000000000,0122.606,0001.319,-000.941,0007
 
000350172,000000000,000000000,0122.612,0001.339,-000.929,0173
 
000350192,000000000,000000000,0122.631,0001.339,-000.891,0167
 
000350212,000000000,000000000,0122.625,0001.337,-000.907,0007
 
000350232,000000000,000000000,0122.629,0001.382,-000.941,0007
 
000350252,000000000,000000000,0122.612,0001.354,-000.970,0180
 
000350272,000000000,000000000,0122.590,0001.353,-000.999,0007
 
000350292,000000000,000000000,0122.600,0001.352,-001.003,0007
 
000350312,000000000,000000000,0122.584,0001.372,-000.983,0007
 
000350332,000000000,000000000,0122.589,0001.367,-001.014,0007
 
000350352,000000000,000000000,0122.592,0001.388,-001.016,0169
 
000350372,000000000,000000000,0122.572,0001.407,-001.016,0167
 
000350392,000000000,000000000,0122.592,0001.420,-000.975,0167
 
000350412,000000000,000000000,0122.584,0001.410,-000.932,0170
 
000350432,000000000,000000000,0122.606,0001.402,-000.965,0167
 
000350452,000000000,000000000,0122.594,0001.394,-000.949,0166
 
000350472,000000000,000000000,0122.572,0001.410,-000.955,0169
 
000350492,000000000,000000000,0122.562,0001.403,-000.985,0168
 
000350512,000000000,000000000,0122.539,0001.395,-000.992,0166
 
000350532,000000000,000000000,0122.554,0001.366,-000.949,0169
 
000350552,000000000,000000000,0122.569,0001.338,-000.960,0168
 
000350572,000000000,000000000,0122.585,0001.314,-000.967,0167
 
000350592,000000000,000000000,0122.583,0001.317,-000.950,0169
 
000350612,000000000,000000000,0122.566,0001.339,-000.959,0167
 
000350632,000000000,000000000,0122.584,0001.361,-000.943,0007
 
000350652,000000000,000000000,0122.581,0001.336,-000.950,0175
 
000350672,000000000,000000000,0122.585,0001.358,-000.938,0007
 
000350692,000000000,000000000,0122.553,0001.399,-000.922,0180
 
000350712,000000000,000000000,0122.532,0001.393,-000.912,0179
 
000350732,000000000,000000000,0122.536,0001.343,-000.904,0007
 
000350752,000000000,000000000,0122.514,0001.340,-000.915,0180
 
000350772,000000000,000000000,0122.512,0001.293,-000.927,0007
 
000350792,000000000,000000000,0122.531,0001.297,-000.939,0167
 
000350812,000000000,000000000,0122.525,0001.322,-000.925,0007
 
000350832,000000000,000000000,0122.529,0001.320,-000.935,0179
 
000350852,000000000,000000000,0122.529,0001.321,-000.947,0167
 
000350872,000000000,000000000,0122.529,0001.300,-000.976,0007
 
000350892,000000000,000000000,0122.555,0001.300,-000.959,0173
 
000350912,000000000,000000000,0122.561,0001.324,-000.943,0007
 
000350932,000000000,000000000,0122.567,0001.325,-000.951,0007
 
000350952,000000000,000000000,0122.571,0001.281,-000.940,0173
 
000350972,000000000,000000000,0122.572,0001.328,-000.971,0166
 
000350992,000000000,000000000,0122.580,0001.308,-000.975,0007
 
000351012,000000000,000000000,0122.591,0001.287,-000.960,0007
 
000351032,000000000,000000000,0122.560,0001.333,-000.966,0179
 
000351052,000000000,000000000,0122.551,0001.356,-000.972,0007
 
000351072,000000000,000000000,0122.541,0001.354,-000.980,0179
 
000351092,000000000,000000000,0122.537,0001.352,-000.985,0167
 
000351112,000000000,000000000,0122.547,0001.328,-000.989,0166
 
000351132,000000000,000000000,0122.556,0001.305,-000.994,0169
 
000351152,000000000,000000000,0122.559,0001.329,-001.017,0167
 
000351172,000000000,000000000,0122.578,0001.352,-000.999,0166
 
000351192,000000000,000000000,0122.573,0001.350,-001.004,0166
 
000351212,000000000,000000000,0122.581,0001.370,-001.005,0167
 
000351232,000000000,000000000,0122.580,0001.365,-001.009,0166
 
000351252,000000000,000000000,0122.588,0001.341,-000.968,0169
 
000351272,000000000,000000000,0122.585,0001.338,-000.974,0167
 
000351292,000000000,000000000,0122.583,0001.339,-000.959,0007
 
000351312,000000000,000000000,0122.580,0001.315,-000.968,0179
 
000351332,000000000,000000000,0122.588,0001.341,-000.973,0168
 
000351352,000000000,000000000,0122.584,0001.363,-000.959,0167
 
000351372,000000000,000000000,0122.562,0001.356,-000.964,0170
 
000351392,000000000,000000000,0122.533,0001.377,-000.969,0008
 
000351412,000000000,000000000,0122.546,0001.372,-000.954,0180
 
000351432,000000000,000000000,0122.573,0001.369,-000.963,0180
 
000351452,000000000,000000000,0122.573,0001.367,-000.968,0168
 
000351472,000000000,000000000,0122.563,0001.361,-000.954,0180
 
000351492,000000000,000000000,0122.572,0001.357,-000.937,0175
 
000351512,000000000,000000000,0122.559,0001.355,-000.946,0008
 
000351532,000000000,000000000,0122.541,0001.374,-000.958,0007
 
000351552,000000000,000000000,0122.561,0001.371,-000.988,0180
 
000351572,000000000,000000000,0122.563,0001.345,-000.949,0008
 
000351592,000000000,000000000,0122.570,0001.366,-000.960,0007
 
000351612,000000000,000000000,0122.575,0001.362,-000.964,0173
 
000351632,000000000,000000000,0122.579,0001.360,-000.972,0007
 
000351652,000000000,000000000,0122.598,0001.380,-000.981,0007
 
000351672,000000000,000000000,0122.620,0001.353,-001.007,0173
 
000351692,000000000,000000000,0122.641,0001.350,-000.987,0167
 
000351712,000000000,000000000,0122.670,0001.347,-001.016,0007
 
000351732,000000000,000000000,0122.664,0001.369,-000.993,0007
 
000351752,000000000,000000000,0122.651,0001.367,-000.974,0168
 
000351772,000000000,000000000,0122.658,0001.363,-001.025,0007
 
000351792,000000000,000000000,0122.662,0001.361,-001.067,0007
 
000351812,000000000,000000000,0122.654,0001.355,-001.042,0007
 
000351832,000000000,000000000,0122.652,0001.353,-001.018,0007
 
000351852,000000000,000000000,0122.640,0001.351,-001.043,0007
 
000351872,000000000,000000000,0122.644,0001.325,-001.022,0008
 
000351892,000000000,000000000,0122.655,0001.325,-001.023,0166
 
000351912,000000000,000000000,0122.639,0001.306,-001.002,0167
 
000351932,000000000,000000000,0122.658,0001.330,-000.987,0167
 
000351952,000000000,000000000,0122.670,0001.330,-000.969,0166
 
000351972,000000000,000000000,0122.653,0001.331,-000.934,0169
 
000351992,000000000,000000000,0122.662,0001.332,-000.902,0167
 
000352012,000000000,000000000,0122.655,0001.333,-000.914,0167
 
000352032,000000000,000000000,0122.653,0001.289,-000.947,0169
 
000352052,000000000,000000000,0122.644,0001.269,-000.909,0168
 
000352072,000000000,000000000,0122.622,0001.253,-000.919,0173
 
000352092,000000000,000000000,0122.616,0001.263,-000.912,0007
 
000352112,000000000,000000000,0122.631,0001.247,-000.926,0167
 
000352132,000000000,000000000,0122.636,0001.279,-000.934,0007
 
000352152,000000000,000000000,0122.641,0001.284,-000.944,0174
 
000352172,000000000,000000000,0122.651,0001.311,-000.952,0007
 
000352192,000000000,000000000,0122.647,0001.313,-000.937,0179
 
000352212,000000000,000000000,0122.656,0001.294,-000.948,0179
 
000352232,000000000,000000000,0122.667,0001.319,-000.958,0168
 
000352252,000000000,000000000,0122.669,0001.300,-000.984,0007
 
000352272,000000000,000000000,0122.655,0001.282,-000.992,0179
 
000352292,000000000,000000000,0122.650,0001.285,-000.994,0167
 
000352312,000000000,000000000,0122.643,0001.291,-000.973,0180
 
000352332,000000000,000000000,0122.641,0001.273,-000.959,0007
 
000352352,000000000,000000000,0122.642,0001.300,-000.966,0173
 
000352372,000000000,000000000,0122.629,0001.304,-000.995,0007
 
000352392,000000000,000000000,0122.630,0001.306,-000.978,0173
 
000352412,000000000,000000000,0122.617,0001.307,-000.979,0166
 
000352432,000000000,000000000,0122.624,0001.333,-000.964,0007
 
000352452,000000000,000000000,0122.602,0001.310,-000.927,0179
 
000352472,000000000,000000000,0122.628,0001.334,-000.934,0166
 
000352492,000000000,000000000,0122.611,0001.379,-000.922,0007
 
000352512,000000000,000000000,0122.612,0001.372,-000.935,0007
 
000352532,000000000,000000000,0122.595,0001.391,-000.964,0167
 
000352552,000000000,000000000,0122.602,0001.386,-000.995,0007
 
000352572,000000000,000000000,0122.605,0001.380,-000.977,0169
 
000352592,000000000,000000000,0122.600,0001.377,-000.981,0167
 
000352612,000000000,000000000,0122.620,0001.351,-000.987,0166
 
000352632,000000000,000000000,0122.608,0001.327,-000.992,0169
 
000352652,000000000,000000000,0122.614,0001.304,-000.997,0167
 
000352672,000000000,000000000,0122.629,0001.330,-000.979,0166
 
000352692,000000000,000000000,0122.639,0001.329,-000.985,0167
 
000352712,000000000,000000000,0122.649,0001.330,-000.988,0167
 
000352732,000000000,000000000,0122.646,0001.331,-001.016,0167
 
000352752,000000000,000000000,0122.624,0001.330,-000.994,0169
 
000352772,000000000,000000000,0122.624,0001.310,-000.997,0168
 
000352792,000000000,000000000,0122.625,0001.313,-001.002,0167
 
000352812,000000000,000000000,0122.637,0001.338,-001.003,0169
 
000352832,000000000,000000000,0122.620,0001.340,-000.982,0167
 
000352852,000000000,000000000,0122.620,0001.338,-000.988,0007
 
000352872,000000000,000000000,0122.619,0001.338,-000.966,0169
 
000352892,000000000,000000000,0122.602,0001.337,-000.927,0167
 
000352912,000000000,000000000,0122.606,0001.337,-000.940,0167
 
000352932,000000000,000000000,0122.611,0001.358,-000.947,0175
 
000352952,000000000,000000000,0122.619,0001.377,-000.956,0007
 
000352972,000000000,000000000,0122.611,0001.374,-000.986,0180
 
000352992,000000000,000000000,0122.593,0001.371,-001.011,0007
 
000353012,000000000,000000000,0122.583,0001.322,-000.991,0167
 
000353032,000000000,000000000,0122.583,0001.345,-000.997,0007
 
000353052,000000000,000000000,0122.591,0001.367,-000.999,0179
 
000353072,000000000,000000000,0122.604,0001.339,-001.004,0007
 
000353092,000000000,000000000,0122.609,0001.360,-000.986,0007
 
000353112,000000000,000000000,0122.597,0001.357,-000.990,0173
 
000353132,000000000,000000000,0122.591,0001.332,-000.974,0007
 
000353152,000000000,000000000,0122.595,0001.333,-001.001,0007
 
000353172,000000000,000000000,0122.590,0001.334,-001.002,0173
 
000353192,000000000,000000000,0122.581,0001.334,-001.006,0167
 
000353212,000000000,000000000,0122.599,0001.334,-001.008,0007
 
000353232,000000000,000000000,0122.583,0001.334,-000.989,0007
 
000353252,000000000,000000000,0122.603,0001.310,-000.996,0007
 
000353272,000000000,000000000,0122.593,0001.311,-000.976,0007
 
000353292,000000000,000000000,0122.584,0001.315,-000.979,0179
 
000353312,000000000,000000000,0122.588,0001.316,-000.985,0167
 
000353332,000000000,000000000,0122.616,0001.294,-000.967,0007
 
000353352,000000000,000000000,0122.599,0001.278,-000.975,0170
 
000353372,000000000,000000000,0122.607,0001.287,-000.962,0166
 
000353392,000000000,000000000,0122.637,0001.291,-000.947,0166
 
000353412,000000000,000000000,0122.632,0001.274,-000.956,0170
 
000353432,000000000,000000000,0122.636,0001.280,-000.986,0167
 
000353452,000000000,000000000,0122.667,0001.285,-001.011,0166
 
000353472,000000000,000000000,0122.682,0001.288,-000.990,0167
 
000353492,000000000,000000000,0122.666,0001.314,-001.015,0168
 
000353512,000000000,000000000,0122.673,0001.337,-001.017,0166
 
000353532,000000000,000000000,0122.675,0001.314,-001.019,0169
 
000353552,000000000,000000000,0122.672,0001.338,-001.018,0167
 
000353572,000000000,000000000,0122.691,0001.362,-001.019,0007
 
000353592,000000000,000000000,0122.688,0001.313,-001.021,0169
 
000353612,000000000,000000000,0122.665,0001.315,-000.999,0167
 
000353632,000000000,000000000,0122.683,0001.319,-001.002,0167
 
000353652,000000000,000000000,0122.690,0001.299,-001.006,0175
 
000353672,000000000,000000000,0122.689,0001.299,-001.029,0179
 
000353692,000000000,000000000,0122.699,0001.300,-001.029,0007
 
000353712,000000000,000000000,0122.679,0001.304,-001.009,0175
 
000353732,000000000,000000000,0122.681,0001.328,-001.010,0167
 
000353752,000000000,000000000,0122.697,0001.373,-000.989,0007
 
000353772,000000000,000000000,0122.714,0001.347,-000.971,0179
 
000353792,000000000,000000000,0122.720,0001.323,-000.976,0167
 
000353812,000000000,000000000,0122.724,0001.302,-000.982,0007
 
000353832,000000000,000000000,0122.717,0001.307,-000.966,0179
 
000353852,000000000,000000000,0122.729,0001.309,-000.952,0007
 
000353872,000000000,000000000,0122.735,0001.313,-000.963,0007
 
000353892,000000000,000000000,0122.736,0001.336,-000.970,0173
 
000353912,000000000,000000000,0122.720,0001.315,-000.978,0008
 
000353932,000000000,000000000,0122.710,0001.317,-000.961,0007
 
000353952,000000000,000000000,0122.714,0001.343,-000.967,0007
 
000353972,000000000,000000000,0122.739,0001.317,-000.974,0180
 
000353992,000000000,000000000,0122.724,0001.321,-000.982,0007
 
000354012,000000000,000000000,0122.742,0001.323,-000.986,0179
 
000354032,000000000,000000000,0122.739,0001.346,-000.969,0167
 
000354052,000000000,000000000,0122.726,0001.347,-000.976,0007
 
000354072,000000000,000000000,0122.742,0001.346,-000.959,0180
 
000354092,000000000,000000000,0122.726,0001.366,-000.968,0167
 
000354112,000000000,000000000,0122.731,0001.387,-000.954,0007
 
000354132,000000000,000000000,0122.750,0001.380,-000.960,0007
 
000354152,000000000,000000000,0122.742,0001.377,-000.947,0180
 
000354172,000000000,000000000,0122.735,0001.351,-000.957,0166
 
000354192,000000000,000000000,0122.724,0001.395,-000.965,0167
 
000354212,000000000,000000000,0122.726,0001.387,-000.971,0167
 
000354232,000000000,000000000,0122.696,0001.385,-001.000,0167
 
000354252,000000000,000000000,0122.709,0001.380,-000.981,0169
 
000354272,000000000,000000000,0122.706,0001.354,-000.985,0166
 
000354292,000000000,000000000,0122.677,0001.353,-000.991,0167
 
000354312,000000000,000000000,0122.657,0001.351,-000.995,0169
 
000354332,000000000,000000000,0122.660,0001.372,-000.997,0167
 
000354352,000000000,000000000,0122.645,0001.391,-001.000,0166
 
000354372,000000000,000000000,0122.634,0001.384,-000.983,0169
 
000354392,000000000,000000000,0122.622,0001.380,-000.988,0168
 
000354412,000000000,000000000,0122.605,0001.374,-000.991,0173
 
000354432,000000000,000000000,0122.584,0001.394,-000.998,0169
 
000354452,000000000,000000000,0122.565,0001.386,-001.002,0007
 
000354472,000000000,000000000,0122.577,0001.406,-000.985,0007
 
000354493,000000000,000000000,0122.549,0001.392,-000.987,1023
 
000354513,000000000,000000000,0122.514,0001.383,-000.993,1023
 
000354533,000000000,000000000,0122.494,0001.384,-000.978,1023
 
000354553,000000000,000000000,0122.460,0001.397,-000.984,1023
 
000354573,000000000,000000000,0122.411,0001.434,-001.010,1023
 
000354593,000000000,000000000,0122.364,0001.448,-000.992,1023
 
000354613,000000000,000000000,0122.149,0001.548,-000.996,1023
 
000354632,000000000,000000000,0121.902,0001.635,-001.000,1023
 
000354652,000000000,000000000,0121.485,0001.763,-000.992,0007
 
000354672,000000000,000000000,0120.997,0001.941,-000.964,0174
 
000354692,000000000,000000000,0120.326,0001.974,-001.007,0166
 
000354712,000000000,000000000,0119.554,0002.125,-000.999,0007
 
000354732,000000000,000000000,0118.704,0002.086,-000.996,0007
 
000354752,000000000,000000000,0117.788,0002.146,-000.999,0179
 
000354772,000000000,000000000,0116.944,0002.231,-000.976,0006
 
000354792,000000000,000000000,0116.213,0002.098,-000.952,0173
 
000354812,000000000,000000000,0115.495,0001.853,-000.967,0166
 
000354832,000000000,000000000,0114.820,0001.798,-000.974,0166
 
000354852,000000000,000000000,0114.218,0001.725,-000.971,0167
 
000354872,000000000,000000000,0113.646,0001.481,-000.985,0167
 
000354892,000000000,000000000,0113.132,0001.448,-000.919,0166
 
000354912,000000000,000000000,0112.613,0001.299,-000.931,0169
 
000354932,000000000,000000000,0112.107,0001.329,-000.939,0166
 
000354952,000000000,000000000,0111.539,0001.291,-000.952,0166
 
000354972,000000000,000000000,0111.007,0001.397,-000.963,0169
 
000354992,000000000,000000000,0110.444,0001.357,-000.970,0167
 
000355012,000000000,000000000,0109.885,0001.429,-000.955,0166
 
000355032,000000000,000000000,0109.266,0001.341,-000.915,0169
 
000355052,000000000,000000000,0108.693,0001.436,-000.929,0007
 
000355072,000000000,000000000,0108.126,0001.456,-000.896,0007
 
000355092,000000000,000000000,0107.673,0001.278,-000.908,0007
 
000355112,000000000,000000000,0107.258,0001.230,-000.913,0007
 
000355132,000000000,000000000,0106.906,0001.166,-000.902,0007
 
000355152,000000000,000000000,0106.499,0001.200,-000.872,0007
 
000355172,000000000,000000000,0106.126,0001.239,-000.866,0007
 
000355192,000000000,000000000,0105.810,0001.191,-000.909,0007
 
000355212,000000000,000000000,0105.550,0001.110,-000.897,0007
 
000355232,000000000,000000000,0105.353,0001.056,-000.905,0166
 
000355252,000000000,000000000,0105.199,0001.067,-000.913,0179
 
000355272,000000000,000000000,0105.058,0000.991,-000.877,0179
 
000355292,000000000,000000000,0104.947,0001.044,-000.845,0171
 
000355312,000000000,000000000,0104.856,0001.064,-000.859,0007
 
000355332,000000000,000000000,0104.787,0001.082,-000.870,0007
 
000355352,000000000,000000000,0104.736,0001.108,-000.883,0166
 
000355372,000000000,000000000,0104.675,0001.124,-000.892,0007
 
000355392,000000000,000000000,0104.683,0001.098,-000.858,0167
 
000355412,000000000,000000000,0104.652,0001.119,-000.872,0179
 
000355432,000000000,000000000,0104.622,0001.160,-000.885,0007
 
000355452,000000000,000000000,0104.598,0001.198,-000.898,0177
 
000355472,000000000,000000000,0104.585,0001.252,-000.910,0179
 
000355492,000000000,000000000,0104.540,0001.258,-000.920,0007
 
000355512,000000000,000000000,0104.489,0001.258,-000.904,0179
 
000355532,000000000,000000000,0104.447,0001.241,-000.914,0007
 
000355552,000000000,000000000,0104.442,0001.298,-000.923,0007
 
000355572,000000000,000000000,0104.406,0001.301,-000.932,0179
 
000355592,000000000,000000000,0104.364,0001.344,-000.941,0007
 
000355612,000000000,000000000,0104.350,0001.387,-000.904,0006
 
000355632,000000000,000000000,0104.309,0001.354,-000.891,0179
 
000355652,000000000,000000000,0104.253,0001.351,-000.902,0167
 
000355672,000000000,000000000,0104.226,0001.352,-000.890,0006
 
000355692,000000000,000000000,0104.231,0001.325,-000.900,0174
 
000355712,000000000,000000000,0104.239,0001.345,-000.934,0007
 
000355732,000000000,000000000,0104.287,0001.342,-000.919,0007
 
000355752,000000000,000000000,0104.319,0001.320,-000.861,0007
 
000355772,000000000,000000000,0104.323,0001.342,-000.875,0007
 
000355792,000000000,000000000,0104.335,0001.386,-000.867,0007
 
000355812,000000000,000000000,0104.393,0001.401,-000.856,0007
 
000355832,000000000,000000000,0104.396,0001.393,-000.850,0166
 
000355852,000000000,000000000,0104.434,0001.408,-000.821,0167
 
000355872,000000000,000000000,0104.431,0001.399,-000.837,0174
 
000355892,000000000,000000000,0104.448,0001.389,-000.876,0167
 
000355912,000000000,000000000,0104.438,0001.405,-000.910,0179
 
000355932,000000000,000000000,0104.440,0001.395,-000.919,0007
 
000355952,000000000,000000000,0104.433,0001.389,-000.928,0007
 
000355972,000000000,000000000,0104.420,0001.360,-000.912,0007
 
000355992,000000000,000000000,0104.432,0001.355,-000.900,0007
 
000356012,000000000,000000000,0104.428,0001.374,-000.890,0166
 
000356032,000000000,000000000,0104.427,0001.372,-000.904,0007
 
000356052,000000000,000000000,0104.407,0001.366,-000.913,0167
 
000356072,000000000,000000000,0104.371,0001.363,-000.900,0171
 
000356092,000000000,000000000,0104.361,0001.358,-000.890,0007
 
000356112,000000000,000000000,0104.372,0001.334,-000.903,0167
 
000356132,000000000,000000000,0104.375,0001.241,-000.890,0179
 
000356152,000000000,000000000,0104.383,0001.247,-000.901,0007
 
000356172,000000000,000000000,0104.395,0001.277,-000.937,0169
 
000356192,000000000,000000000,0104.424,0001.308,-000.945,0179
 
000356212,000000000,000000000,0104.424,0001.307,-000.929,0007
 
000356232,000000000,000000000,0104.422,0001.310,-000.936,0167
 
000356252,000000000,000000000,0104.416,0001.291,-000.902,0180
 
000356272,000000000,000000000,0104.433,0001.339,-000.911,0007
 
000356292,000000000,000000000,0104.424,0001.337,-000.919,0179
 
000356312,000000000,000000000,0104.437,0001.268,-000.926,0179
 
000356332,000000000,000000000,0104.426,0001.251,-000.936,0007
 
000356352,000000000,000000000,0104.414,0001.261,-000.943,0169
 
000356372,000000000,000000000,0104.423,0001.224,-000.928,0180
 
000356392,000000000,000000000,0104.417,0001.232,-000.915,0166
 
000356412,000000000,000000000,0104.438,0001.241,-000.925,0169
 
000356432,000000000,000000000,0104.445,0001.248,-000.911,0007
 
000356452,000000000,000000000,0104.463,0001.254,-000.875,0007
 
000356472,000000000,000000000,0104.458,0001.262,-000.910,0007
 
000356492,000000000,000000000,0104.465,0001.270,-000.942,0007
 
000356512,000000000,000000000,0104.461,0001.297,-000.948,0007
 
000356532,000000000,000000000,0104.467,0001.301,-000.954,0007
 
000356552,000000000,000000000,0104.478,0001.281,-000.958,0167
 
000356572,000000000,000000000,0104.471,0001.287,-000.943,0166
 
000356592,000000000,000000000,0104.489,0001.291,-000.949,0169
 
000356612,000000000,000000000,0104.478,0001.315,-000.955,0167
 
000356632,000000000,000000000,0104.465,0001.316,-000.962,0179
 
000356652,000000000,000000000,0104.467,0001.341,-000.989,0007
 
000356672,000000000,000000000,0104.468,0001.363,-000.992,0166
 
000356692,000000000,000000000,0104.460,0001.382,-000.995,0179
 
000356712,000000000,000000000,0104.460,0001.401,-000.995,0174
 
000356732,000000000,000000000,0104.493,0001.414,-000.997,0167
 
000356752,000000000,000000000,0104.500,0001.406,-000.998,0179
 
000356772,000000000,000000000,0104.505,0001.420,-000.955,0007
 
000356792,000000000,000000000,0104.520,0001.455,-000.962,0166
 
000356812,000000000,000000000,0104.505,0001.442,-000.943,0007
 
000356832,000000000,000000000,0104.511,0001.433,-000.928,0173
 
000356852,000000000,000000000,0104.497,0001.467,-000.936,0171
 
000356872,000000000,000000000,0104.503,0001.455,-000.942,0007
 
000356892,000000000,000000000,0104.476,0001.419,-000.927,0169
 
000356912,000000000,000000000,0104.486,0001.386,-000.955,0178
 
000356932,000000000,000000000,0104.477,0001.383,-000.961,0007
 
000356952,000000000,000000000,0104.481,0001.400,-000.944,0169
 
000356972,000000000,000000000,0104.462,0001.393,-000.950,0007
 
000356992,000000000,000000000,0104.441,0001.409,-000.933,0167
 
000357012,000000000,000000000,0104.448,0001.400,-000.942,0173
 
000357032,000000000,000000000,0104.463,0001.390,-000.904,0007
 
000357052,000000000,000000000,0104.476,0001.383,-000.916,0007
 
000357072,000000000,000000000,0104.469,0001.379,-000.925,0179
 
000357092,000000000,000000000,0104.475,0001.396,-000.936,0007
 
000357112,000000000,000000000,0104.469,0001.388,-000.943,0006
 
000357132,000000000,000000000,0104.462,0001.381,-000.906,0179
 
000357152,000000000,000000000,0104.467,0001.373,-000.893,0007
 
000357172,000000000,000000000,0104.443,0001.391,-000.903,0007
 
000357192,000000000,000000000,0104.430,0001.364,-000.915,0179
 
000357212,000000000,000000000,0104.423,0001.360,-000.922,0007
 
000357232,000000000,000000000,0104.441,0001.358,-000.932,0007
 
000357252,000000000,000000000,0104.452,0001.379,-000.939,0007
 
000357272,000000000,000000000,0104.452,0001.350,-000.902,0007
 
000357292,000000000,000000000,0104.460,0001.349,-000.911,0006
 
000357312,000000000,000000000,0104.457,0001.346,-000.922,0007
 
000357332,000000000,000000000,0104.454,0001.344,-000.931,0166
 
000357352,000000000,000000000,0104.485,0001.365,-000.937,0007
 
000357372,000000000,000000000,0104.503,0001.359,-000.943,0007
 
000357392,000000000,000000000,0104.524,0001.355,-000.927,0007
 
000357412,000000000,000000000,0104.485,0001.352,-000.937,0007
 
000357432,000000000,000000000,0104.467,0001.349,-000.921,0166
 
000357452,000000000,000000000,0104.494,0001.348,-000.906,0167
 
000357472,000000000,000000000,0104.510,0001.344,-000.916,0006
 
000357492,000000000,000000000,0104.511,0001.344,-000.925,0167
 
000357512,000000000,000000000,0104.520,0001.344,-000.889,0173
 
000357532,000000000,000000000,0104.540,0001.296,-000.880,0007
 
000357552,000000000,000000000,0104.530,0001.299,-000.892,0169
 
000357572,000000000,000000000,0104.566,0001.303,-000.905,0171
 
000357592,000000000,000000000,0104.612,0001.237,-000.892,0007
 
000357612,000000000,000000000,0104.619,0001.245,-000.881,0167
 
000357632,000000000,000000000,0104.617,0001.229,-000.872,0178
 
000357652,000000000,000000000,0104.625,0001.216,-000.886,0007
 
000357672,000000000,000000000,0104.629,0001.250,-000.899,0169
 
000357692,000000000,000000000,0104.630,0001.278,-000.910,0173
 
000357712,000000000,000000000,0104.652,0001.261,-000.922,0007
 
000357732,000000000,000000000,0104.658,0001.268,-000.909,0179
 
000357752,000000000,000000000,0104.631,0001.271,-000.896,0007
 
000357772,000000000,000000000,0104.611,0001.276,-000.821,0007
 
000357792,000000000,000000000,0104.619,0001.304,-000.818,0179
 
000357812,000000000,000000000,0104.633,0001.330,-000.836,0007
 
000357832,000000000,000000000,0104.633,0001.351,-000.832,0006
 
000357852,000000000,000000000,0104.617,0001.328,-000.850,0179
 
000357872,000000000,000000000,0104.594,0001.328,-000.889,0007
 
000357892,000000000,000000000,0104.593,0001.329,-000.857,0007
 
000357912,000000000,000000000,0104.597,0001.328,-000.849,0007
 
000357932,000000000,000000000,0104.601,0001.372,-000.865,0007
 
000357952,000000000,000000000,0104.610,0001.391,-000.856,0007
 
000357972,000000000,000000000,0104.607,0001.384,-000.870,0007
 
000357992,000000000,000000000,0104.559,0001.357,-000.861,0007
 
000358012,000000000,000000000,0104.549,0001.356,-000.832,0007
 
000358032,000000000,000000000,0104.545,0001.331,-000.849,0007
 
000358052,000000000,000000000,0104.524,0001.353,-000.865,0007
 
000358072,000000000,000000000,0104.537,0001.348,-000.858,0007
 
000358092,000000000,000000000,0104.530,0001.347,-000.829,0007
 
000358112,000000000,000000000,0104.526,0001.368,-000.846,0166
 
000358132,000000000,000000000,0104.519,0001.364,-000.864,0179
 
000358152,000000000,000000000,0104.528,0001.359,-000.879,0007
 
000358172,000000000,000000000,0104.521,0001.358,-000.870,0166
 
000358192,000000000,000000000,0104.541,0001.357,-000.863,0179
 
000358212,000000000,000000000,0104.543,0001.327,-000.831,0007
 
000358232,000000000,000000000,0104.545,0001.350,-000.850,0166
 
000358252,000000000,000000000,0104.563,0001.392,-000.843,0007
 
000358272,000000000,000000000,0104.563,0001.409,-000.858,0167
 
000358292,000000000,000000000,0104.548,0001.405,-000.894,0171
 
000358312,000000000,000000000,0104.522,0001.396,-000.885,0007
 
000358332,000000000,000000000,0104.504,0001.366,-000.877,0167
 
000358352,000000000,000000000,0104.510,0001.342,-000.890,0171
 
000358372,000000000,000000000,0104.519,0001.386,-000.858,0007
 
000358392,000000000,000000000,0104.525,0001.379,-000.873,0007
 
000358412,000000000,000000000,0104.509,0001.375,-000.885,0166
 
000358432,000000000,000000000,0104.497,0001.347,-000.876,0007
 
000358452,000000000,000000000,0104.522,0001.323,-000.866,0169
 
000358472,000000000,000000000,0104.541,0001.323,-000.859,0007
 
000358492,000000000,000000000,0104.550,0001.325,-000.875,0007
 
000358512,000000000,000000000,0104.559,0001.327,-000.868,0179
 
000358532,000000000,000000000,0104.569,0001.327,-000.881,0007
 
000358552,000000000,000000000,0104.585,0001.347,-000.872,0006
 
000358572,000000000,000000000,0104.556,0001.324,-000.863,0179
 
000358592,000000000,000000000,0104.570,0001.370,-000.855,0166
 
000358612,000000000,000000000,0104.582,0001.389,-000.872,0166
 
000358632,000000000,000000000,0104.591,0001.406,-000.886,0007
 
000358652,000000000,000000000,0104.601,0001.422,-000.899,0007
 
000358672,000000000,000000000,0104.572,0001.413,-000.911,0166
 
000358692,000000000,000000000,0104.575,0001.406,-000.920,0167
 
000358712,000000000,000000000,0104.578,0001.399,-000.928,0007
 
000358732,000000000,000000000,0104.566,0001.414,-000.938,0007
 
000358752,000000000,000000000,0104.568,0001.405,-000.924,0006
 
000358772,000000000,000000000,0104.568,0001.395,-000.933,0007
 
000358792,000000000,000000000,0104.548,0001.410,-000.942,0007
 
000358812,000000000,000000000,0104.535,0001.403,-000.929,0007
 
000358832,000000000,000000000,0104.538,0001.418,-000.940,0007
 
000358852,000000000,000000000,0104.538,0001.411,-000.947,0007
 
000358872,000000000,000000000,0104.525,0001.403,-000.953,0166
 
000358892,000000000,000000000,0104.527,0001.394,-000.935,0167
 
000358912,000000000,000000000,0104.517,0001.390,-000.899,0007
 
000358932,000000000,000000000,0104.540,0001.386,-000.909,0167
 
000358952,000000000,000000000,0104.513,0001.403,-000.899,0167
 
000358972,000000000,000000000,0104.491,0001.351,-000.932,0007
 
000358992,000000000,000000000,0104.496,0001.371,-000.939,0167
 
000359012,000000000,000000000,0104.468,0001.364,-000.948,0171
 
000359032,000000000,000000000,0104.486,0001.361,-000.932,0006
 
000359052,000000000,000000000,0104.492,0001.336,-000.941,0167
 
000359072,000000000,000000000,0104.508,0001.337,-000.950,0171
 
000359092,000000000,000000000,0104.483,0001.316,-000.954,0007
 
000359112,000000000,000000000,0104.467,0001.294,-000.938,0169
 
000359132,000000000,000000000,0104.476,0001.276,-000.945,0178
 
000359152,000000000,000000000,0104.487,0001.259,-000.929,0007
 
000359172,000000000,000000000,0104.519,0001.288,-000.914,0179
 
000359192,000000000,000000000,0104.515,0001.314,-000.925,0180
 
000359212,000000000,000000000,0104.521,0001.318,-000.932,0007
 
000359232,000000000,000000000,0104.550,0001.365,-000.919,0007
 
000359252,000000000,000000000,0104.572,0001.361,-000.907,0007
 
000359272,000000000,000000000,0104.544,0001.339,-000.894,0166
 
000359292,000000000,000000000,0104.543,0001.338,-000.906,0168
 
000359312,000000000,000000000,0104.515,0001.361,-000.915,0007
 
000359332,000000000,000000000,0104.530,0001.358,-000.926,0007
 
000359352,000000000,000000000,0104.537,0001.376,-000.936,0007
 
000359372,000000000,000000000,0104.526,0001.373,-000.944,0007
 
000359392,000000000,000000000,0104.557,0001.392,-000.904,0007
 
000359412,000000000,000000000,0104.558,0001.386,-000.916,0007
 
000359432,000000000,000000000,0104.550,0001.404,-000.926,0007
 
000359452,000000000,000000000,0104.554,0001.377,-000.911,0007
 
000359472,000000000,000000000,0104.573,0001.350,-000.944,0007
 
000359492,000000000,000000000,0104.574,0001.372,-000.951,0007
 
000359512,000000000,000000000,0104.570,0001.391,-000.914,0007
 
000359532,000000000,000000000,0104.555,0001.431,-000.901,0007
 
000359552,000000000,000000000,0104.524,0001.445,-000.912,0007
 
000359572,000000000,000000000,0104.516,0001.476,-000.922,0007
 
000359592,000000000,000000000,0104.517,0001.441,-000.932,0166
 
000359612,000000000,000000000,0104.513,0001.385,-000.941,0007
 
000359632,000000000,000000000,0104.511,0001.380,-000.926,0006
 
000359652,000000000,000000000,0104.496,0001.375,-000.936,0007
 
000359672,000000000,000000000,0104.472,0001.395,-000.943,0007
 
000359692,000000000,000000000,0104.481,0001.388,-000.927,0006
 
000359712,000000000,000000000,0104.488,0001.382,-000.915,0166
 
000359732,000000000,000000000,0104.495,0001.379,-000.927,0167
 
000359752,000000000,000000000,0104.488,0001.374,-000.935,0007
 
000359772,000000000,000000000,0104.466,0001.394,-000.945,0166
 
000359792,000000000,000000000,0104.460,0001.388,-000.929,0171
 
000359812,000000000,000000000,0104.442,0001.384,-000.938,0007
 
000359832,000000000,000000000,0104.437,0001.336,-000.945,0167
 
000359852,000000000,000000000,0104.446,0001.314,-000.908,0179
 
000359872,000000000,000000000,0104.463,0001.316,-000.920,0007
 
000359892,000000000,000000000,0104.466,0001.341,-000.883,0167
 
000359912,000000000,000000000,0104.606,0001.360,-000.875,0179
 
000359932,000000000,000000000,0104.577,0001.402,-000.890,0007
 
000359952,000000000,000000000,0104.577,0001.375,-000.900,0169
 
000359972,000000000,000000000,0104.584,0001.371,-000.912,0007
 
000359992,000000000,000000000,0104.567,0001.346,-000.922,0006
 
000360012,000000000,000000000,0104.571,0001.347,-000.885,0167
 
000360032,000000000,000000000,0104.569,0001.369,-000.878,0007
 
000360052,000000000,000000000,0104.550,0001.413,-000.892,0166
 
000360072,000000000,000000000,0104.537,0001.406,-000.904,0167
 
000360092,000000000,000000000,0104.535,0001.398,-000.938,0178
 
000360112,000000000,000000000,0104.507,0001.437,-000.925,0007
 
000360132,000000000,000000000,0104.502,0001.428,-000.888,0007
 
000360152,000000000,000000000,0104.508,0001.419,-000.900,0007
 
000360172,000000000,000000000,0104.499,0001.455,-000.935,0007
 
000360192,000000000,000000000,0104.493,0001.466,-000.920,0179
 
000360212,000000000,000000000,0104.491,0001.474,-000.930,0167
 
000360232,000000000,000000000,0104.510,0001.484,-000.940,0166
 
000360252,000000000,000000000,0104.517,0001.468,-000.877,0179
 
000360272,000000000,000000000,0104.521,0001.453,-000.892,0167
 
000360292,000000000,000000000,0104.501,0001.443,-000.907,0166
 
000360312,000000000,000000000,0104.499,0001.432,-000.916,0166
 
000360332,000000000,000000000,0104.484,0001.445,-000.905,0167
 
000360352,000000000,000000000,0104.481,0001.437,-000.916,0179
 
000360372,000000000,000000000,0104.477,0001.404,-000.904,0007
 
000360392,000000000,000000000,0104.481,0001.419,-000.846,0167
 
