000102034,000000000,000000000,0117.718,0001.707,-001.024,0180
 
000102054,000000000,000000000,0117.713,0001.732,-001.010,0007
 
000102074,000000000,000000000,0117.711,0001.753,-000.996,0175
 
000102094,000000000,000000000,0117.712,0001.752,-000.984,0006
 
000102114,000000000,000000000,0117.710,0001.770,-000.995,0179
 
000102134,000000000,000000000,0117.700,0001.787,-001.003,0179
 
000102154,000000000,000000000,0117.696,0001.782,-001.012,0007
 
000102174,000000000,000000000,0117.701,0001.731,-000.995,0007
 
000102194,000000000,000000000,0117.701,0001.711,-001.004,0173
 
000102214,000000000,000000000,0117.687,0001.735,-000.990,0171
 
000102234,000000000,000000000,0117.699,0001.735,-000.997,0007
 
000102254,000000000,000000000,0117.706,0001.711,-000.985,0173
 
000102274,000000000,000000000,0117.705,0001.691,-000.995,0166
 
000102294,000000000,000000000,0117.710,0001.695,-000.984,0007
 
000102314,000000000,000000000,0117.707,0001.677,-001.015,0173
 
000102334,000000000,000000000,0117.710,0001.659,-001.021,0166
 
000102354,000000000,000000000,0117.707,0001.643,-001.028,0007
 
000102374,000000000,000000000,0117.703,0001.652,-001.033,0173
 
000102394,000000000,000000000,0117.710,0001.661,-001.016,0167
 
000102414,000000000,000000000,0117.696,0001.667,-001.023,0007
 
000102434,000000000,000000000,0117.695,0001.650,-001.029,0179
 
000102454,000000000,000000000,0117.701,0001.657,-001.013,0167
 
000102474,000000000,000000000,0117.703,0001.644,-001.018,0006
 
000102494,000000000,000000000,0117.713,0001.651,-001.004,0179
 
000102514,000000000,000000000,0117.707,0001.657,-000.988,0166
 
000102534,000000000,000000000,0117.699,0001.642,-000.998,0166
 
000102554,000000000,000000000,0117.696,0001.631,-001.008,0167
 
000102574,000000000,000000000,0117.697,0001.642,-001.016,0167
 
000102594,000000000,000000000,0117.700,0001.628,-001.023,0166
 
000102614,000000000,000000000,0117.705,0001.616,-001.030,0169
 
000102634,000000000,000000000,0117.717,0001.650,-001.014,0167
 
000102654,000000000,000000000,0117.716,0001.656,-001.021,0166
 
000102674,000000000,000000000,0117.718,0001.664,-001.028,0169
 
000102694,000000000,000000000,0117.714,0001.646,-001.034,0167
 
000102714,000000000,000000000,0117.715,0001.654,-001.039,0166
 
000102734,000000000,000000000,0117.718,0001.640,-001.022,0169
 
000102754,000000000,000000000,0117.713,0001.647,-001.006,0167
 
000102774,000000000,000000000,0117.705,0001.656,-001.014,0166
 
000102794,000000000,000000000,0117.706,0001.665,-000.997,0169
 
000102814,000000000,000000000,0117.699,0001.647,-001.027,0007
 
000102834,000000000,000000000,0117.695,0001.654,-001.011,0007
 
000102854,000000000,000000000,0117.695,0001.663,-001.019,0179
 
000102874,000000000,000000000,0117.691,0001.669,-001.023,0167
 
000102894,000000000,000000000,0117.691,0001.676,-001.030,0007
 
000102914,000000000,000000000,0117.699,0001.679,-001.011,0179
 
000102934,000000000,000000000,0117.689,0001.683,-001.019,0007
 
000102954,000000000,000000000,0117.689,0001.666,-001.005,0006
 
000102974,000000000,000000000,0117.684,0001.626,-000.989,0007
 
000102994,000000000,000000000,0117.688,0001.589,-000.974,0173
 
000103014,000000000,000000000,0117.679,0001.647,-000.943,0007
 
000103034,000000000,000000000,0117.683,0001.632,-000.915,0179
 
000103054,000000000,000000000,0117.683,0001.639,-000.930,0007
 
000103074,000000000,000000000,0117.688,0001.602,-000.988,0007
 
000103094,000000000,000000000,0117.692,0001.612,-000.950,0006
 
000103114,000000000,000000000,0117.705,0001.642,-000.940,0171
 
000103134,000000000,000000000,0117.697,0001.650,-000.909,0006
 
000103154,000000000,000000000,0117.689,0001.655,-000.902,0179
 
000103174,000000000,000000000,0117.688,0001.683,-000.828,0166
 
000103194,000000000,000000000,0117.688,0001.711,-000.832,0007
 
000103214,000000000,000000000,0117.682,0001.735,-000.878,0169
 
000103234,000000000,000000000,0117.683,0001.733,-000.878,0167
 
000103254,000000000,000000000,0117.684,0001.755,-000.898,0166
 
000103274,000000000,000000000,0117.690,0001.728,-000.872,0007
 
000103294,000000000,000000000,0117.682,0001.683,-000.871,0167
 
000103314,000000000,000000000,0117.683,0001.689,-000.891,0166
 
000103334,000000000,000000000,0117.684,0001.694,-000.909,0167
 
000103354,000000000,000000000,0117.688,0001.676,-000.924,0167
 
000103374,000000000,000000000,0117.676,0001.660,-000.940,0167
 
000103394,000000000,000000000,0117.684,0001.665,-000.950,0169
 
000103414,000000000,000000000,0117.663,0001.693,-000.964,0166
 
000103434,000000000,000000000,0117.661,0001.695,-000.975,0007
 
000103454,000000000,000000000,0117.663,0001.696,-000.986,0169
 
000103474,000000000,000000000,0117.665,0001.677,-000.975,0179
 
000103494,000000000,000000000,0117.673,0001.678,-000.963,0167
 
000103514,000000000,000000000,0117.679,0001.684,-000.974,0007
 
000103534,000000000,000000000,0117.681,0001.711,-001.006,0167
 
000103554,000000000,000000000,0117.673,0001.711,-001.013,0179
 
000103574,000000000,000000000,0117.665,0001.691,-000.997,0180
 
000103594,000000000,000000000,0117.671,0001.714,-000.983,0167
 
000103614,000000000,000000000,0117.654,0001.737,-001.014,0180
 
000103634,000000000,000000000,0117.655,0001.736,-001.021,0179
 
000103654,000000000,000000000,0117.663,0001.757,-001.006,0007
 
000103674,000000000,000000000,0117.668,0001.753,-000.993,0007
 
000103694,000000000,000000000,0117.660,0001.707,-001.002,0179
 
000103714,000000000,000000000,0117.658,0001.730,-001.010,0007
 
000103734,000000000,000000000,0117.654,0001.728,-001.062,0007
 
000103754,000000000,000000000,0117.661,0001.750,-001.042,0173
 
000103774,000000000,000000000,0117.666,0001.748,-001.046,0007
 
000103794,000000000,000000000,0117.665,0001.743,-001.028,0007
 
000103814,000000000,000000000,0117.670,0001.716,-000.989,0007
 
000103834,000000000,000000000,0117.675,0001.716,-000.998,0178
 
000103854,000000000,000000000,0117.668,0001.738,-001.007,0007
 
000103874,000000000,000000000,0117.666,0001.737,-000.991,0179
 
000103894,000000000,000000000,0117.665,0001.713,-000.955,0166
 
000103914,000000000,000000000,0117.657,0001.714,-000.966,0006
 
000103934,000000000,000000000,0117.648,0001.714,-000.978,0166
 
000103954,000000000,000000000,0117.643,0001.690,-000.988,0167
 
000103974,000000000,000000000,0117.636,0001.693,-000.997,0007
 
000103994,000000000,000000000,0117.629,0001.696,-001.006,0169
 
000104014,000000000,000000000,0117.626,0001.676,-000.989,0167
 
000104034,000000000,000000000,0117.633,0001.682,-000.997,0166
 
000104054,000000000,000000000,0117.634,0001.684,-001.005,0169
 
000104074,000000000,000000000,0117.630,0001.688,-001.012,0167
 
000104094,000000000,000000000,0117.641,0001.690,-001.020,0166
 
000104114,000000000,000000000,0117.642,0001.715,-001.025,0169
 
000104134,000000000,000000000,0117.641,0001.691,-001.031,0167
 
000104154,000000000,000000000,0117.638,0001.673,-001.037,0166
 
000104174,000000000,000000000,0117.635,0001.722,-001.044,0169
 
000104194,000000000,000000000,0117.653,0001.721,-001.024,0167
 
000104214,000000000,000000000,0117.655,0001.699,-001.007,0166
 
000104234,000000000,000000000,0117.659,0001.701,-000.993,0167
 
000104254,000000000,000000000,0117.658,0001.679,-000.979,0168
 
000104274,000000000,000000000,0117.654,0001.684,-000.944,0007
 
000104294,000000000,000000000,0117.669,0001.687,-000.913,0177
 
000104314,000000000,000000000,0117.664,0001.691,-000.929,0168
 
000104334,000000000,000000000,0117.667,0001.630,-000.944,0166
 
000104354,000000000,000000000,0117.662,0001.639,-000.913,0180
 
000104374,000000000,000000000,0117.651,0001.647,-000.950,0007
 
000104394,000000000,000000000,0117.659,0001.653,-000.961,0179
 
000104414,000000000,000000000,0117.666,0001.658,-000.973,0180
 
000104434,000000000,000000000,0117.672,0001.663,-000.962,0007
 
000104454,000000000,000000000,0117.671,0001.646,-000.974,0180
 
000104474,000000000,000000000,0117.672,0001.630,-000.983,0006
 
000104494,000000000,000000000,0117.679,0001.639,-000.970,0171
 
000104514,000000000,000000000,0117.681,0001.670,-001.003,0007
 
000104534,000000000,000000000,0117.672,0001.652,-001.009,0173
 
000104554,000000000,000000000,0117.672,0001.593,-001.016,0007
 
000104574,000000000,000000000,0117.682,0001.584,-001.000,0007
 
000104594,000000000,000000000,0117.696,0001.596,-000.961,0179
 
000104614,000000000,000000000,0117.695,0001.586,-000.995,0166
 
000104634,000000000,000000000,0117.702,0001.621,-001.003,0007
 
000104654,000000000,000000000,0117.702,0001.651,-000.987,0007
 
000104674,000000000,000000000,0117.700,0001.612,-000.971,0179
 
000104694,000000000,000000000,0117.705,0001.622,-000.982,0006
 
000104714,000000000,000000000,0117.706,0001.632,-000.990,0007
 
000104734,000000000,000000000,0117.714,0001.662,-000.976,0007
 
000104754,000000000,000000000,0117.708,0001.668,-000.986,0006
 
000104774,000000000,000000000,0117.709,0001.650,-000.951,0173
 
000104794,000000000,000000000,0117.701,0001.634,-000.943,0167
 
000104814,000000000,000000000,0117.700,0001.686,-000.935,0166
 
000104834,000000000,000000000,0117.693,0001.687,-000.947,0169
 
000104854,000000000,000000000,0117.696,0001.668,-000.936,0167
 
000104874,000000000,000000000,0117.706,0001.651,-000.949,0166
 
000104894,000000000,000000000,0117.706,0001.657,-000.961,0169
 
000104914,000000000,000000000,0117.698,0001.686,-000.950,0167
 
000104934,000000000,000000000,0117.697,0001.688,-000.940,0166
 
000104954,000000000,000000000,0117.710,0001.691,-000.931,0167
 
000104974,000000000,000000000,0117.697,0001.716,-000.946,0166
 
000104994,000000000,000000000,0117.688,0001.693,-000.915,0166
 
000105014,000000000,000000000,0117.683,0001.652,-000.911,0169
 
000105034,000000000,000000000,0117.674,0001.658,-000.905,0167
 
000105054,000000000,000000000,0117.675,0001.639,-000.922,0166
 
000105074,000000000,000000000,0117.669,0001.624,-000.936,0179
 
000105094,000000000,000000000,0117.686,0001.611,-000.950,0007
 
000105114,000000000,000000000,0117.687,0001.619,-000.940,0180
 
000105134,000000000,000000000,0117.691,0001.605,-000.931,0169
 
000105154,000000000,000000000,0117.706,0001.616,-000.921,0167
 
000105174,000000000,000000000,0117.706,0001.601,-000.936,0007
 
000105194,000000000,000000000,0117.696,0001.587,-000.928,0179
 
000105214,000000000,000000000,0117.691,0001.576,-000.963,0167
 
000105234,000000000,000000000,0117.687,0001.588,-000.973,0007
 
000105254,000000000,000000000,0117.690,0001.621,-001.004,0179
 
000105274,000000000,000000000,0117.698,0001.630,-001.011,0006
 
000105294,000000000,000000000,0117.702,0001.639,-001.018,0007
 
000105314,000000000,000000000,0117.716,0001.644,-001.001,0173
 
000105334,000000000,000000000,0117.712,0001.626,-000.985,0171
 
000105354,000000000,000000000,0117.704,0001.634,-000.993,0007
 
000105374,000000000,000000000,0117.704,0001.640,-001.001,0173
 
000105394,000000000,000000000,0117.716,0001.647,-000.986,0166
 
000105414,000000000,000000000,0117.711,0001.653,-000.994,0007
 
000105434,000000000,000000000,0117.703,0001.636,-001.000,0179
 
000105454,000000000,000000000,0117.707,0001.643,-000.983,0166
 
000105474,000000000,000000000,0117.715,0001.650,-000.992,0006
 
000105494,000000000,000000000,0117.710,0001.633,-001.023,0007
 
000105514,000000000,000000000,0117.708,0001.662,-001.006,0173
 
000105534,000000000,000000000,0117.706,0001.642,-000.966,0007
 
000105554,000000000,000000000,0117.704,0001.668,-000.956,0179
 
000105574,000000000,000000000,0117.704,0001.649,-000.920,0167
 
000105594,000000000,000000000,0117.698,0001.655,-000.936,0166
 
000105614,000000000,000000000,0117.700,0001.682,-000.950,0167
 
000105634,000000000,000000000,0117.692,0001.662,-000.961,0166
 
000105654,000000000,000000000,0117.694,0001.644,-000.927,0166
 
000105674,000000000,000000000,0117.686,0001.627,-000.896,0167
 
000105694,000000000,000000000,0117.673,0001.610,-000.936,0167
 
000105714,000000000,000000000,0117.677,0001.621,-000.972,0167
 
000105734,000000000,000000000,0117.674,0001.674,-000.961,0168
 
000105754,000000000,000000000,0117.672,0001.699,-000.972,0166
 
000105774,000000000,000000000,0117.662,0001.723,-000.981,0007
 
000105794,000000000,000000000,0117.659,0001.720,-000.989,0169
 
000105814,000000000,000000000,0117.662,0001.698,-000.999,0167
 
000105834,000000000,000000000,0117.659,0001.678,-001.028,0166
 
000105854,000000000,000000000,0117.659,0001.659,-001.010,0179
 
000105874,000000000,000000000,0117.676,0001.640,-000.949,0167
 
000105894,000000000,000000000,0117.675,0001.625,-001.070,0006
 
000105914,000000000,000000000,0117.681,0001.630,-001.092,0174
 
000105934,000000000,000000000,0117.681,0001.659,-001.045,0007
 
000105954,000000000,000000000,0117.689,0001.639,-001.025,0007
 
000105974,000000000,000000000,0117.684,0001.647,-001.030,0179
 
000105994,000000000,000000000,0117.691,0001.630,-001.034,0167
 
000106014,000000000,000000000,0117.693,0001.637,-001.061,0007
 
000106034,000000000,000000000,0117.708,0001.664,-001.038,0179
 
000106054,000000000,000000000,0117.721,0001.690,-001.018,0007
 
000106074,000000000,000000000,0117.734,0001.694,-001.005,0006
 
000106094,000000000,000000000,0117.741,0001.674,-001.012,0173
 
000106114,000000000,000000000,0117.734,0001.677,-001.018,0166
 
000106134,000000000,000000000,0117.731,0001.679,-001.001,0006
 
000106154,000000000,000000000,0117.756,0001.657,-000.962,0179
 
000106174,000000000,000000000,0117.755,0001.639,-000.950,0166
 
000106194,000000000,000000000,0117.750,0001.689,-000.939,0006
 
000106214,000000000,000000000,0117.745,0001.690,-000.953,0166
 
000106234,000000000,000000000,0117.740,0001.669,-000.964,0167
 
000106254,000000000,000000000,0117.732,0001.651,-000.954,0006
 
000106274,000000000,000000000,0117.728,0001.699,-000.943,0169
 
000106294,000000000,000000000,0117.737,0001.700,-000.955,0167
 
000106314,000000000,000000000,0117.739,0001.699,-000.987,0166
 
000106334,000000000,000000000,0117.724,0001.699,-000.951,0166
 
000106354,000000000,000000000,0117.723,0001.699,-000.942,0167
 
000106374,000000000,000000000,0117.733,0001.699,-000.952,0166
 
000106394,000000000,000000000,0117.722,0001.700,-000.965,0166
 
000106414,000000000,000000000,0117.726,0001.700,-000.975,0166
 
000106434,000000000,000000000,0117.728,0001.700,-000.985,0166
 
000106454,000000000,000000000,0117.713,0001.699,-000.993,0167
 
000106474,000000000,000000000,0117.710,0001.723,-000.979,0167
 
000106494,000000000,000000000,0117.707,0001.743,-000.987,0166
 
000106514,000000000,000000000,0117.706,0001.739,-000.993,0167
 
000106534,000000000,000000000,0117.715,0001.735,-001.000,0167
 
000106554,000000000,000000000,0117.718,0001.686,-000.985,0166
 
000106574,000000000,000000000,0117.708,0001.667,-000.994,0169
 
000106594,000000000,000000000,0117.699,0001.693,-001.001,0166
 
000106614,000000000,000000000,0117.693,0001.693,-000.984,0179
 
000106634,000000000,000000000,0117.683,0001.693,-000.994,0169
 
000106654,000000000,000000000,0117.689,0001.696,-000.979,0167
 
000106674,000000000,000000000,0117.694,0001.720,-000.966,0006
 
000106694,000000000,000000000,0117.696,0001.696,-000.954,0179
 
000106714,000000000,000000000,0117.702,0001.696,-000.941,0006
 
000106734,000000000,000000000,0117.685,0001.717,-000.954,0006
 
000106754,000000000,000000000,0117.686,0001.690,-000.966,0179
 
000106774,000000000,000000000,0117.684,0001.667,-000.976,0007
 
000106794,000000000,000000000,0117.688,0001.671,-000.985,0007
 
000106814,000000000,000000000,0117.684,0001.675,-001.014,0173
 
000106834,000000000,000000000,0117.684,0001.676,-000.974,0007
 
000106854,000000000,000000000,0117.688,0001.654,-000.983,0006
 
000106874,000000000,000000000,0117.689,0001.660,-001.013,0173
 
000106894,000000000,000000000,0117.689,0001.640,-001.017,0167
 
000106914,000000000,000000000,0117.698,0001.624,-001.023,0007
 
000106934,000000000,000000000,0117.694,0001.608,-001.004,0179
 
000106954,000000000,000000000,0117.692,0001.616,-000.988,0171
 
000106974,000000000,000000000,0117.700,0001.600,-000.996,0006
 
000106994,000000000,000000000,0117.718,0001.633,-001.005,0179
 
000107014,000000000,000000000,0117.725,0001.640,-000.990,0166
 
000107034,000000000,000000000,0117.720,0001.667,-001.000,0007
 
000107054,000000000,000000000,0117.717,0001.694,-001.006,0007
 
000107074,000000000,000000000,0117.708,0001.670,-001.011,0007
 
000107094,000000000,000000000,0117.721,0001.673,-000.995,0007
 
000107114,000000000,000000000,0117.718,0001.655,-000.982,0168
 
000107134,000000000,000000000,0117.720,0001.636,-000.969,0167
 
000107154,000000000,000000000,0117.731,0001.664,-001.001,0166
 
000107174,000000000,000000000,0117.736,0001.646,-001.031,0167
 
000107194,000000000,000000000,0117.741,0001.626,-000.967,0168
 
000107214,000000000,000000000,0117.738,0001.612,-000.955,0166
 
000107234,000000000,000000000,0117.734,0001.619,-000.920,0169
 
000107254,000000000,000000000,0117.727,0001.628,-000.890,0178
 
000107274,000000000,000000000,0117.728,0001.612,-000.929,0166
 
000107294,000000000,000000000,0117.734,0001.619,-000.920,0167
 
000107314,000000000,000000000,0117.724,0001.583,-000.935,0167
 
000107334,000000000,000000000,0117.722,0001.595,-000.947,0166
 
000107354,000000000,000000000,0117.710,0001.627,-000.983,0177
 
000107374,000000000,000000000,0117.714,0001.610,-000.992,0167
 
000107394,000000000,000000000,0117.708,0001.595,-001.000,0179
 
000107414,000000000,000000000,0117.706,0001.604,-001.007,0169
 
000107434,000000000,000000000,0117.719,0001.612,-001.011,0167
 
000107454,000000000,000000000,0117.734,0001.621,-000.996,0007
 
000107474,000000000,000000000,0117.741,0001.629,-000.981,0174
 
000107494,000000000,000000000,0117.740,0001.613,-000.989,0007
 
000107514,000000000,000000000,0117.740,0001.573,-000.952,0007
 
000107534,000000000,000000000,0117.741,0001.606,-000.963,0179
 
000107554,000000000,000000000,0117.751,0001.592,-000.973,0167
 
000107574,000000000,000000000,0117.758,0001.581,-000.983,0007
 
000107595,000000000,000000000,0117.752,0001.614,-000.968,1023
 
000107615,000000000,000000000,0117.749,0001.600,-000.979,1023
 
000107635,000000000,000000000,0117.746,0001.586,-000.942,1023
 
000107655,000000000,000000000,0117.742,0001.595,-000.954,1023
 
000107675,000000000,000000000,0117.709,0001.629,-000.944,1023
 
000107695,000000000,000000000,0117.591,0001.718,-000.933,1023
 
000107715,000000000,000000000,0117.353,0001.782,-000.928,1023
 
000107735,000000000,000000000,0117.033,0001.963,-000.934,1023
 
000107754,000000000,000000000,0116.583,0002.133,-000.933,0007
 
000107774,000000000,000000000,0115.982,0002.387,-000.948,0169
 
000107794,000000000,000000000,0115.258,0002.401,-000.948,0167
 
000107814,000000000,000000000,0114.387,0002.408,-000.918,0006
 
000107834,000000000,000000000,0113.501,0002.592,-000.926,0169
 
000107854,000000000,000000000,0112.587,0002.629,-000.947,0167
 
000107874,000000000,000000000,0111.770,0002.412,-000.953,0166
 
000107894,000000000,000000000,0111.167,0001.984,-000.953,0169
 
000107914,000000000,000000000,0110.763,0001.771,-000.927,0167
 
000107934,000000000,000000000,0110.424,0001.589,-000.926,0166
 
000107954,000000000,000000000,0110.072,0001.650,-000.973,0169
 
000107974,000000000,000000000,0109.643,0001.706,-000.954,0167
 
000107994,000000000,000000000,0109.156,0001.737,-000.956,0166
 
000108014,000000000,000000000,0108.632,0001.774,-000.945,0169
 
000108034,000000000,000000000,0108.130,0001.789,-000.946,0166
 
000108054,000000000,000000000,0107.548,0001.805,-000.931,0166
 
000108074,000000000,000000000,0107.019,0001.697,-000.922,0169
 
000108094,000000000,000000000,0106.454,0001.754,-000.946,0167
 
000108114,000000000,000000000,0105.945,0001.757,-000.959,0167
 
000108134,000000000,000000000,0105.450,0001.726,-000.980,0174
 
000108154,000000000,000000000,0104.998,0001.683,-000.982,0167
 
000108174,000000000,000000000,0104.549,0001.635,-000.977,0179
 
000108194,000000000,000000000,0104.105,0001.603,-000.938,0174
 
000108214,000000000,000000000,0103.726,0001.470,-000.933,0167
 
000108234,000000000,000000000,0103.329,0001.511,-000.948,0179
 
000108254,000000000,000000000,0102.954,0001.545,-000.934,0179
 
000108274,000000000,000000000,0102.647,0001.458,-000.909,0167
 
000108294,000000000,000000000,0102.343,0001.441,-000.880,0006
 
000108314,000000000,000000000,0102.056,0001.496,-000.905,0167
 
000108334,000000000,000000000,0101.789,0001.453,-000.915,0172
 
000108354,000000000,000000000,0101.538,0001.460,-000.936,0007
 
000108374,000000000,000000000,0101.367,0001.403,-000.898,0169
 
000108394,000000000,000000000,0101.218,0001.369,-000.895,0007
 
000108414,000000000,000000000,0101.105,0001.346,-000.907,0006
 
000108434,000000000,000000000,0100.983,0001.342,-000.927,0167
 
000108454,000000000,000000000,0100.880,0001.386,-000.914,0178
 
000108474,000000000,000000000,0100.731,0001.399,-000.912,0007
 
000108494,000000000,000000000,0100.587,0001.416,-000.901,0167
 
000108514,000000000,000000000,0100.458,0001.471,-000.853,0007
 
000108534,000000000,000000000,0100.319,0001.491,-000.853,0007
 
000108554,000000000,000000000,0100.175,0001.509,-000.850,0169
 
000108574,000000000,000000000,0100.051,0001.567,-000.872,0007
 
000108594,000000000,000000000,0099.949,0001.554,-000.869,0167
 
000108614,000000000,000000000,0099.870,0001.523,-000.822,0179
 
000108634,000000000,000000000,0099.827,0001.496,-000.847,0007
 
000108654,000000000,000000000,0099.789,0001.502,-000.848,0006
 
000108674,000000000,000000000,0099.754,0001.474,-000.845,0179
 
000108694,000000000,000000000,0099.690,0001.497,-000.825,0007
 
000108714,000000000,000000000,0099.591,0001.531,-000.847,0173
 
000108734,000000000,000000000,0099.485,0001.592,-000.849,0007
 
000108754,000000000,000000000,0099.367,0001.591,-000.867,0007
 
000108774,000000000,000000000,0099.258,0001.573,-000.841,0173
 
000108794,000000000,000000000,0099.174,0001.530,-000.839,0007
 
000108814,000000000,000000000,0099.128,0001.532,-000.865,0007
 
000108834,000000000,000000000,0099.092,0001.516,-000.859,0006
 
000108854,000000000,000000000,0099.062,0001.494,-000.883,0166
 
000108874,000000000,000000000,0099.024,0001.462,-000.895,0007
 
000108894,000000000,000000000,0099.013,0001.478,-000.910,0007
 
000108914,000000000,000000000,0098.999,0001.458,-000.905,0007
 
000108934,000000000,000000000,0099.002,0001.453,-000.897,0007
 
000108954,000000000,000000000,0099.016,0001.435,-000.913,0006
 
000108974,000000000,000000000,0099.022,0001.433,-000.906,0166
 
000108994,000000000,000000000,0099.016,0001.440,-000.922,0166
 
000109014,000000000,000000000,0099.038,0001.480,-000.936,0006
 
000109034,000000000,000000000,0099.052,0001.481,-000.926,0167
 
000109054,000000000,000000000,0099.067,0001.451,-000.938,0166
 
000109074,000000000,000000000,0099.075,0001.476,-000.952,0007
 
000109094,000000000,000000000,0099.091,0001.494,-000.961,0167
 
000109114,000000000,000000000,0099.112,0001.512,-000.949,0166
 
000109134,000000000,000000000,0099.123,0001.508,-000.959,0007
 
000109154,000000000,000000000,0099.140,0001.526,-000.947,0169
 
000109174,000000000,000000000,0099.152,0001.520,-000.958,0179
 
000109194,000000000,000000000,0099.168,0001.537,-000.946,0007
 
000109214,000000000,000000000,0099.183,0001.576,-000.935,0169
 
000109234,000000000,000000000,0099.200,0001.566,-000.947,0179
 
000109254,000000000,000000000,0099.204,0001.579,-000.957,0007
 
000109274,000000000,000000000,0099.205,0001.587,-000.922,0167
 
000109294,000000000,000000000,0099.216,0001.576,-000.912,0006
 
000109314,000000000,000000000,0099.221,0001.563,-000.902,0166
 
000109334,000000000,000000000,0099.215,0001.599,-000.874,0179
 
000109354,000000000,000000000,0099.226,0001.608,-000.870,0178
 
000109374,000000000,000000000,0099.234,0001.592,-000.869,0006
 
000109394,000000000,000000000,0099.232,0001.602,-000.888,0169
 
000109414,000000000,000000000,0099.231,0001.611,-000.906,0007
 
000109434,000000000,000000000,0099.244,0001.641,-000.898,0167
 
000109454,000000000,000000000,0099.247,0001.622,-000.913,0007
 
000109474,000000000,000000000,0099.233,0001.584,-000.905,0007
 
000109494,000000000,000000000,0099.243,0001.593,-000.920,0173
 
000109514,000000000,000000000,0099.256,0001.604,-000.931,0179
 
000109534,000000000,000000000,0099.266,0001.589,-000.920,0007
 
000109554,000000000,000000000,0099.271,0001.555,-000.910,0007
 
000109574,000000000,000000000,0099.267,0001.548,-000.902,0007
 
000109594,000000000,000000000,0099.272,0001.564,-000.897,0007
 
000109614,000000000,000000000,0099.269,0001.575,-000.912,0006
 
000109634,000000000,000000000,0099.281,0001.585,-000.904,0007
 
000109654,000000000,000000000,0099.291,0001.595,-000.897,0007
 
000109674,000000000,000000000,0099.297,0001.581,-000.867,0007
 
000109694,000000000,000000000,0099.302,0001.569,-000.888,0007
 
000109714,000000000,000000000,0099.313,0001.624,-000.905,0166
 
000109734,000000000,000000000,0099.325,0001.608,-000.921,0179
 
000109754,000000000,000000000,0099.328,0001.592,-000.889,0179
 
000109774,000000000,000000000,0099.329,0001.579,-000.905,0167
 
000109794,000000000,000000000,0099.333,0001.611,-000.921,0007
 
000109814,000000000,000000000,0099.327,0001.642,-000.936,0167
 
000109834,000000000,000000000,0099.322,0001.626,-000.926,0171
 
000109854,000000000,000000000,0099.324,0001.590,-000.940,0006
 
000109874,000000000,000000000,0099.323,0001.576,-000.929,0172
 
000109894,000000000,000000000,0099.328,0001.561,-000.919,0173
 
000109914,000000000,000000000,0099.329,0001.574,-000.909,0007
 
000109934,000000000,000000000,0099.342,0001.608,-000.923,0169
 
000109954,000000000,000000000,0099.341,0001.593,-000.936,0179
 
000109974,000000000,000000000,0099.341,0001.577,-000.926,0007
 
000109994,000000000,000000000,0099.337,0001.567,-000.916,0006
 
000110014,000000000,000000000,0099.350,0001.578,-000.951,0167
 
000110034,000000000,000000000,0099.355,0001.587,-001.007,0007
 
000110054,000000000,000000000,0099.366,0001.597,-001.013,0167
 
000110074,000000000,000000000,0099.368,0001.629,-000.996,0178
 
000110094,000000000,000000000,0099.380,0001.611,-000.977,0006
 
000110114,000000000,000000000,0099.373,0001.617,-000.940,0174
 
000110134,000000000,000000000,0099.370,0001.623,-000.930,0007
 
000110154,000000000,000000000,0099.378,0001.605,-000.898,0006
 
000110174,000000000,000000000,0099.377,0001.570,-000.869,0179
 
000110194,000000000,000000000,0099.378,0001.582,-000.865,0007
 
000110214,000000000,000000000,0099.382,0001.614,-000.861,0007
 
000110234,000000000,000000000,0099.381,0001.598,-000.878,0179
 
000110254,000000000,000000000,0099.358,0001.607,-000.874,0007
 
000110274,000000000,000000000,0099.372,0001.615,-000.893,0007
 
000110294,000000000,000000000,0099.372,0001.621,-000.866,0007
 
000110314,000000000,000000000,0099.364,0001.627,-000.863,0006
 
000110334,000000000,000000000,0099.376,0001.633,-000.860,0006
 
000110354,000000000,000000000,0099.380,0001.637,-000.836,0007
 
000110374,000000000,000000000,0099.372,0001.663,-000.815,0007
 
000110394,000000000,000000000,0099.381,0001.665,-000.841,0006
 
000110414,000000000,000000000,0099.389,0001.665,-000.862,0007
 
000110434,000000000,000000000,0099.396,0001.646,-000.860,0166
 
000110454,000000000,000000000,0099.391,0001.625,-000.857,0007
 
000110474,000000000,000000000,0099.395,0001.631,-000.876,0167
 
000110494,000000000,000000000,0099.394,0001.660,-000.893,0166
 
000110514,000000000,000000000,0099.380,0001.640,-000.908,0007
 
000110534,000000000,000000000,0099.391,0001.667,-000.923,0167
 
000110554,000000000,000000000,0099.394,0001.648,-000.935,0171
 
000110574,000000000,000000000,0099.386,0001.673,-000.923,0007
 
000110594,000000000,000000000,0099.396,0001.675,-000.937,0167
 
000110614,000000000,000000000,0099.398,0001.677,-000.928,0173
 
000110634,000000000,000000000,0099.385,0001.676,-000.918,0006
 
000110654,000000000,000000000,0099.379,0001.654,-000.908,0167
 
000110674,000000000,000000000,0099.382,0001.634,-000.922,0178
 
000110694,000000000,000000000,0099.375,0001.639,-000.957,0007
 
000110714,000000000,000000000,0099.369,0001.645,-000.923,0007
 
000110734,000000000,000000000,0099.372,0001.694,-000.915,0180
 
000110754,000000000,000000000,0099.370,0001.692,-000.907,0007
 
000110774,000000000,000000000,0099.375,0001.713,-000.901,0169
 
000110794,000000000,000000000,0099.374,0001.687,-000.917,0007
 
000110814,000000000,000000000,0099.371,0001.664,-000.930,0007
 
000110834,000000000,000000000,0099.378,0001.665,-000.920,0177
 
000110854,000000000,000000000,0099.372,0001.642,-000.933,0178
 
000110874,000000000,000000000,0099.375,0001.647,-000.946,0007
 
000110894,000000000,000000000,0099.376,0001.651,-000.913,0169
 
000110914,000000000,000000000,0099.381,0001.676,-000.904,0007
 
000110934,000000000,000000000,0099.381,0001.651,-000.896,0173
 
000110954,000000000,000000000,0099.372,0001.633,-000.890,0179
 
000110974,000000000,000000000,0099.363,0001.659,-000.929,0007
 
000110994,000000000,000000000,0099.366,0001.663,-000.941,0006
 
000111014,000000000,000000000,0099.364,0001.687,-000.929,0006
 
000111034,000000000,000000000,0099.361,0001.708,-000.920,0007
 
000111054,000000000,000000000,0099.345,0001.683,-000.912,0006
 
000111074,000000000,000000000,0099.342,0001.705,-000.901,0179
 
000111094,000000000,000000000,0099.350,0001.703,-000.917,0007
 
000111114,000000000,000000000,0099.343,0001.679,-000.931,0007
 
000111134,000000000,000000000,0099.351,0001.654,-000.920,0007
 
000111154,000000000,000000000,0099.361,0001.657,-000.933,0007
 
000111174,000000000,000000000,0099.350,0001.639,-000.945,0006
 
000111194,000000000,000000000,0099.336,0001.622,-000.955,0166
 
000111214,000000000,000000000,0099.339,0001.582,-000.965,0007
 
000111234,000000000,000000000,0099.350,0001.573,-000.998,0007
 
000111254,000000000,000000000,0099.335,0001.582,-000.980,0167
 
000111274,000000000,000000000,0099.344,0001.567,-000.989,0167
 
000111294,000000000,000000000,0099.349,0001.579,-000.952,0007
 
000111314,000000000,000000000,0099.362,0001.591,-000.919,0007
 
000111334,000000000,000000000,0099.379,0001.574,-000.911,0166
 
000111354,000000000,000000000,0099.389,0001.564,-000.926,0006
 
000111374,000000000,000000000,0099.401,0001.575,-000.917,0169
 
000111394,000000000,000000000,0099.380,0001.589,-000.932,0166
 
000111414,000000000,000000000,0099.391,0001.552,-000.944,0007
 
000111434,000000000,000000000,0099.393,0001.540,-000.911,0169
 
000111454,000000000,000000000,0099.395,0001.552,-000.901,0179
 
000111474,000000000,000000000,0099.408,0001.566,-000.917,0007
 
000111494,000000000,000000000,0099.404,0001.555,-000.931,0169
 
000111514,000000000,000000000,0099.414,0001.547,-000.942,0178
 
000111534,000000000,000000000,0099.425,0001.560,-000.932,0007
 
000111554,000000000,000000000,0099.435,0001.593,-000.920,0179
 
000111574,000000000,000000000,0099.440,0001.579,-000.934,0006
 
000111594,000000000,000000000,0099.442,0001.587,-000.923,0167
 
000111614,000000000,000000000,0099.438,0001.576,-000.934,0179
 
000111634,000000000,000000000,0099.442,0001.562,-000.945,0180
 
000111654,000000000,000000000,0099.464,0001.526,-000.887,0006
 
000111674,000000000,000000000,0099.475,0001.541,-000.902,0174
 
000111694,000000000,000000000,0099.487,0001.555,-000.918,0007
 
000111714,000000000,000000000,0099.496,0001.543,-000.932,0007
 
000111734,000000000,000000000,0099.500,0001.576,-000.965,0007
 
000111754,000000000,000000000,0099.517,0001.607,-000.951,0007
 
000111774,000000000,000000000,0099.510,0001.612,-000.917,0007
 
000111794,000000000,000000000,0099.509,0001.597,-000.931,0177
 
000111814,000000000,000000000,0099.509,0001.585,-000.922,0167
 
000111834,000000000,000000000,0099.518,0001.571,-000.934,0007
 
000111854,000000000,000000000,0099.519,0001.557,-000.900,0007
 
000111874,000000000,000000000,0099.533,0001.569,-000.894,0007
 
000111894,000000000,000000000,0099.537,0001.603,-000.887,0007
 
000111914,000000000,000000000,0099.535,0001.588,-000.906,0007
 
000111934,000000000,000000000,0099.524,0001.575,-000.899,0166
 
000111954,000000000,000000000,0099.518,0001.584,-000.915,0179
 
000111974,000000000,000000000,0099.515,0001.549,-000.886,0179
 
000111994,000000000,000000000,0099.509,0001.582,-000.881,0167
 
000112014,000000000,000000000,0099.514,0001.591,-000.921,0007
 
000112034,000000000,000000000,0099.521,0001.578,-000.911,0167
 
000112054,000000000,000000000,0099.525,0001.543,-000.880,0171
 
000112074,000000000,000000000,0099.523,0001.531,-000.897,0007
 
000112094,000000000,000000000,0099.537,0001.567,-000.913,0167
 
000112114,000000000,000000000,0099.537,0001.555,-000.904,0171
 
000112134,000000000,000000000,0099.538,0001.564,-000.895,0006
 
000112154,000000000,000000000,0099.530,0001.574,-000.889,0169
 
000112174,000000000,000000000,0099.539,0001.563,-000.904,0180
 
000112194,000000000,000000000,0099.536,0001.551,-000.917,0007
 
000112214,000000000,000000000,0099.541,0001.563,-000.930,0169
 
000112234,000000000,000000000,0099.544,0001.573,-000.943,0178
 
000112254,000000000,000000000,0099.530,0001.561,-000.911,0007
 
000112274,000000000,000000000,0099.537,0001.572,-000.903,0169
 
000112294,000000000,000000000,0099.538,0001.582,-000.916,0007
 
000112314,000000000,000000000,0099.537,0001.613,-000.906,0166
 
000112334,000000000,000000000,0099.530,0001.575,-000.875,0179
 
000112354,000000000,000000000,0099.535,0001.585,-000.870,0178
 
000112374,000000000,000000000,0099.535,0001.571,-000.865,0006
 
000112394,000000000,000000000,0099.533,0001.579,-000.860,0169
 
000112414,000000000,000000000,0099.537,0001.545,-000.900,0006
 
000112434,000000000,000000000,0099.546,0001.514,-000.892,0173
 
000112454,000000000,000000000,0099.546,0001.506,-000.840,0007
 
000112474,000000000,000000000,0099.554,0001.523,-000.859,0167
 
000112494,000000000,000000000,0099.552,0001.559,-000.879,0007
 
000112514,000000000,000000000,0099.562,0001.547,-000.874,0007
 
000112534,000000000,000000000,0099.563,0001.538,-000.871,0007
 
000112554,000000000,000000000,0099.562,0001.551,-000.888,0007
 
000112574,000000000,000000000,0099.560,0001.563,-000.903,0007
 
000112594,000000000,000000000,0099.563,0001.550,-000.895,0007
 
000112614,000000000,000000000,0099.559,0001.563,-000.890,0007
 
000112634,000000000,000000000,0099.552,0001.573,-000.883,0007
 
000112654,000000000,000000000,0099.554,0001.583,-000.880,0166
 
000112674,000000000,000000000,0099.542,0001.571,-000.876,0007
 
000112694,000000000,000000000,0099.552,0001.559,-000.892,0166
 
000112714,000000000,000000000,0099.544,0001.593,-000.908,0166
 
000112734,000000000,000000000,0099.535,0001.579,-000.902,0007
 
000112754,000000000,000000000,0099.534,0001.563,-000.893,0167
 
000112774,000000000,000000000,0099.530,0001.552,-000.930,0167
 
000112794,000000000,000000000,0099.533,0001.566,-000.944,0007
 
000112814,000000000,000000000,0099.536,0001.576,-000.934,0167
 
000112834,000000000,000000000,0099.534,0001.587,-000.945,0171
 
000112854,000000000,000000000,0099.538,0001.596,-000.957,0007
 
000112874,000000000,000000000,0099.530,0001.625,-000.964,0167
 
000112894,000000000,000000000,0099.522,0001.609,-000.928,0171
 
000112914,000000000,000000000,0099.516,0001.593,-000.940,0007
 
000112934,000000000,000000000,0099.498,0001.577,-000.972,0167
 
000112954,000000000,000000000,0099.509,0001.563,-000.959,0180
 
000112974,000000000,000000000,0099.514,0001.553,-000.946,0007
 
000112994,000000000,000000000,0099.532,0001.564,-000.956,0167
 
000113014,000000000,000000000,0099.519,0001.552,-000.964,0179
 
000113034,000000000,000000000,0099.515,0001.565,-000.950,0007
 
000113054,000000000,000000000,0099.519,0001.598,-000.938,0179
 
000113074,000000000,000000000,0099.518,0001.605,-000.905,0007
 
000113094,000000000,000000000,0099.502,0001.611,-000.920,0173
 
000113114,000000000,000000000,0099.509,0001.618,-000.933,0179
 
000113134,000000000,000000000,0099.512,0001.624,-000.921,0007
 
000113154,000000000,000000000,0099.511,0001.606,-000.935,0006
 
000113174,000000000,000000000,0099.507,0001.635,-000.923,0179
 
000113194,000000000,000000000,0099.512,0001.640,-000.937,0007
 
000113214,000000000,000000000,0099.499,0001.621,-000.950,0007
 
000113234,000000000,000000000,0099.499,0001.605,-000.960,0177
 
000113254,000000000,000000000,0099.506,0001.634,-000.925,0007
 
000113274,000000000,000000000,0099.505,0001.637,-000.913,0173
 
000113294,000000000,000000000,0099.506,0001.619,-000.905,0007
 
000113314,000000000,000000000,0099.506,0001.624,-000.897,0007
 
000113334,000000000,000000000,0099.503,0001.630,-000.910,0173
 
000113354,000000000,000000000,0099.517,0001.634,-000.905,0007
 
000113374,000000000,000000000,0099.514,0001.615,-000.896,0166
 
000113394,000000000,000000000,0099.514,0001.621,-000.934,0007
 
000113414,000000000,000000000,0099.520,0001.627,-000.946,0007
 
000113434,000000000,000000000,0099.519,0001.609,-000.934,0007
 
000113454,000000000,000000000,0099.511,0001.569,-000.948,0006
 
000113474,000000000,000000000,0099.499,0001.579,-000.937,0166
 
000113494,000000000,000000000,0099.507,0001.584,-000.926,0167
 
000113514,000000000,000000000,0099.511,0001.613,-000.917,0006
 
000113534,000000000,000000000,0099.504,0001.616,-000.929,0167
 
000113554,000000000,000000000,0099.499,0001.599,-000.942,0166
 
000113574,000000000,000000000,0099.502,0001.629,-000.932,0007
 
000113594,000000000,000000000,0099.514,0001.635,-000.945,0167
 
000113614,000000000,000000000,0099.502,0001.639,-000.933,0173
 
000113634,000000000,000000000,0099.507,0001.619,-000.901,0007
 
000113654,000000000,000000000,0099.508,0001.646,-000.869,0169
 
000113674,000000000,000000000,0099.508,0001.668,-000.886,0179
 
000113694,000000000,000000000,0099.491,0001.668,-000.903,0007
 
000113714,000000000,000000000,0099.487,0001.647,-000.896,0172
 
000113734,000000000,000000000,0099.483,0001.648,-000.911,0180
 
000113754,000000000,000000000,0099.486,0001.648,-000.879,0006
 
000113774,000000000,000000000,0099.478,0001.652,-000.873,0170
 
000113794,000000000,000000000,0099.478,0001.655,-000.891,0007
 
000113814,000000000,000000000,0099.462,0001.657,-000.907,0166
 
000113834,000000000,000000000,0099.453,0001.660,-000.898,0179
 
000113854,000000000,000000000,0099.451,0001.638,-000.890,0007
 
000113874,000000000,000000000,0099.455,0001.643,-000.907,0166
 
000113894,000000000,000000000,0099.468,0001.668,-000.922,0179
 
000113914,000000000,000000000,0099.472,0001.645,-000.913,0166
 
000113934,000000000,000000000,0099.487,0001.624,-000.905,0166
 
000113954,000000000,000000000,0099.486,0001.602,-000.899,0007
 
000113974,000000000,000000000,0099.478,0001.633,-000.914,0167
 
