000882279,000000000,000000000,0113.727,0004.367,0000.485,0173
 
000882299,000000000,000000000,0113.740,0004.352,0000.445,0007
 
000882319,000000000,000000000,0113.749,0004.361,0000.448,0169
 
000882339,000000000,000000000,0113.752,0004.346,0000.474,0006
 
000882359,000000000,000000000,0113.754,0004.310,0000.519,0006
 
000882379,000000000,000000000,0113.756,0004.301,0000.495,0006
 
000882399,000000000,000000000,0113.761,0004.313,0000.497,0006
 
000882419,000000000,000000000,0113.765,0004.323,0000.476,0006
 
000882439,000000000,000000000,0113.759,0004.311,0000.500,0006
 
000882459,000000000,000000000,0113.760,0004.321,0000.499,0006
 
000882479,000000000,000000000,0113.763,0004.327,0000.499,0170
 
000882499,000000000,000000000,0113.763,0004.354,0000.499,0173
 
000882519,000000000,000000000,0113.758,0004.361,0000.520,0007
 
000882539,000000000,000000000,0113.755,0004.368,0000.539,0006
 
000882559,000000000,000000000,0113.753,0004.378,0000.536,0006
 
000882579,000000000,000000000,0113.757,0004.384,0000.533,0006
 
000882599,000000000,000000000,0113.759,0004.346,0000.574,0166
 
000882619,000000000,000000000,0113.770,0004.336,0000.548,0006
 
000882639,000000000,000000000,0113.770,0004.328,0000.524,0167
 
000882659,000000000,000000000,0113.762,0004.317,0000.522,0168
 
000882679,000000000,000000000,0113.757,0004.347,0000.540,0006
 
000882699,000000000,000000000,0113.758,0004.358,0000.539,0167
 
000882719,000000000,000000000,0113.759,0004.302,0000.513,0174
 
000882739,000000000,000000000,0113.751,0004.314,0000.511,0173
 
000882759,000000000,000000000,0113.758,0004.330,0000.471,0173
 
000882779,000000000,000000000,0113.759,0004.342,0000.473,0166
 
000882799,000000000,000000000,0113.773,0004.352,0000.454,0006
 
000882819,000000000,000000000,0113.778,0004.363,0000.439,0173
 
000882839,000000000,000000000,0113.778,0004.393,0000.444,0006
 
000882859,000000000,000000000,0113.787,0004.399,0000.449,0169
 
000882879,000000000,000000000,0113.770,0004.405,0000.454,0173
 
000882899,000000000,000000000,0113.771,0004.391,0000.479,0006
 
000882919,000000000,000000000,0113.751,0004.349,0000.501,0169
 
000882939,000000000,000000000,0113.748,0004.376,0000.503,0006
 
000882959,000000000,000000000,0113.748,0004.381,0000.503,0166
 
000882979,000000000,000000000,0113.746,0004.366,0000.503,0007
 
000882999,000000000,000000000,0113.735,0004.396,0000.501,0169
 
000883019,000000000,000000000,0113.742,0004.402,0000.503,0006
 
000883039,000000000,000000000,0113.743,0004.363,0000.504,0006
 
000883059,000000000,000000000,0113.731,0004.371,0000.484,0006
 
000883079,000000000,000000000,0113.735,0004.379,0000.487,0168
 
000883099,000000000,000000000,0113.726,0004.361,0000.507,0006
 
000883119,000000000,000000000,0113.726,0004.368,0000.486,0006
 
000883139,000000000,000000000,0113.721,0004.375,0000.488,0007
 
000883159,000000000,000000000,0113.719,0004.336,0000.490,0006
 
000883179,000000000,000000000,0113.707,0004.367,0000.513,0006
 
000883199,000000000,000000000,0113.692,0004.396,0000.491,0006
 
000883219,000000000,000000000,0113.694,0004.378,0000.490,0006
 
000883239,000000000,000000000,0113.685,0004.356,0000.534,0006
 
000883259,000000000,000000000,0113.701,0004.364,0000.533,0006
 
000883279,000000000,000000000,0113.691,0004.392,0000.510,0006
 
000883299,000000000,000000000,0113.692,0004.375,0000.511,0166
 
000883319,000000000,000000000,0113.701,0004.401,0000.509,0166
 
000883339,000000000,000000000,0113.709,0004.386,0000.530,0006
 
000883359,000000000,000000000,0113.700,0004.369,0000.528,0167
 
000883379,000000000,000000000,0113.675,0004.396,0000.529,0166
 
000883399,000000000,000000000,0113.661,0004.419,0000.526,0006
 
000883419,000000000,000000000,0113.676,0004.421,0000.523,0167
 
000883439,000000000,000000000,0113.677,0004.422,0000.521,0174
 
000883459,000000000,000000000,0113.683,0004.448,0000.518,0006
 
000883479,000000000,000000000,0113.689,0004.407,0000.518,0167
 
000883499,000000000,000000000,0113.683,0004.347,0000.579,0174
 
000883519,000000000,000000000,0113.651,0004.343,0000.554,0006
 
000883539,000000000,000000000,0113.663,0004.333,0000.550,0167
 
000883559,000000000,000000000,0113.669,0004.341,0000.525,0007
 
000883579,000000000,000000000,0113.667,0004.327,0000.523,0166
 
000883599,000000000,000000000,0113.677,0004.334,0000.521,0173
 
000883619,000000000,000000000,0113.694,0004.320,0000.522,0170
 
000883639,000000000,000000000,0113.693,0004.330,0000.522,0006
 
000883659,000000000,000000000,0113.691,0004.343,0000.521,0167
 
000883679,000000000,000000000,0113.698,0004.331,0000.519,0006
 
000883699,000000000,000000000,0113.706,0004.361,0000.518,0169
 
000883719,000000000,000000000,0113.701,0004.346,0000.494,0173
 
000883739,000000000,000000000,0113.710,0004.348,0000.493,0007
 
000883759,000000000,000000000,0113.700,0004.358,0000.454,0006
 
000883779,000000000,000000000,0113.700,0004.385,0000.438,0006
 
000883799,000000000,000000000,0113.691,0004.367,0000.424,0006
 
000883819,000000000,000000000,0113.694,0004.352,0000.408,0006
 
000883839,000000000,000000000,0113.684,0004.340,0000.396,0006
 
000883859,000000000,000000000,0113.690,0004.347,0000.384,0006
 
000883879,000000000,000000000,0113.688,0004.336,0000.374,0006
 
000883899,000000000,000000000,0113.698,0004.345,0000.383,0006
 
000883919,000000000,000000000,0113.707,0004.333,0000.393,0006
 
000883939,000000000,000000000,0113.719,0004.325,0000.383,0006
 
000883959,000000000,000000000,0113.721,0004.311,0000.373,0006
 
000883979,000000000,000000000,0113.714,0004.321,0000.406,0006
 
000883999,000000000,000000000,0113.723,0004.333,0000.415,0006
 
000884019,000000000,000000000,0113.723,0004.343,0000.423,0166
 
000884039,000000000,000000000,0113.716,0004.330,0000.428,0006
 
000884059,000000000,000000000,0113.721,0004.338,0000.434,0006
 
000884079,000000000,000000000,0113.715,0004.348,0000.421,0166
 
000884099,000000000,000000000,0113.714,0004.355,0000.429,0166
 
000884119,000000000,000000000,0113.717,0004.362,0000.436,0007
 
000884139,000000000,000000000,0113.710,0004.371,0000.423,0167
 
000884159,000000000,000000000,0113.698,0004.353,0000.429,0006
 
000884179,000000000,000000000,0113.697,0004.358,0000.459,0006
 
000884199,000000000,000000000,0113.693,0004.365,0000.464,0167
 
000884219,000000000,000000000,0113.706,0004.372,0000.443,0174
 
000884239,000000000,000000000,0113.707,0004.357,0000.428,0006
 
000884259,000000000,000000000,0113.711,0004.363,0000.412,0167
 
000884279,000000000,000000000,0113.711,0004.367,0000.420,0170
 
000884299,000000000,000000000,0113.714,0004.373,0000.428,0006
 
000884319,000000000,000000000,0113.716,0004.377,0000.455,0167
 
000884339,000000000,000000000,0113.725,0004.383,0000.458,0006
 
000884359,000000000,000000000,0113.717,0004.411,0000.461,0166
 
000884379,000000000,000000000,0113.724,0004.411,0000.464,0173
 
000884399,000000000,000000000,0113.716,0004.414,0000.468,0170
 
000884419,000000000,000000000,0113.718,0004.396,0000.471,0006
 
000884439,000000000,000000000,0113.725,0004.421,0000.494,0167
 
000884459,000000000,000000000,0113.721,0004.405,0000.475,0006
 
000884479,000000000,000000000,0113.728,0004.408,0000.477,0006
 
000884499,000000000,000000000,0113.737,0004.411,0000.479,0169
 
000884519,000000000,000000000,0113.748,0004.393,0000.479,0006
 
000884539,000000000,000000000,0113.737,0004.397,0000.481,0006
 
000884559,000000000,000000000,0113.741,0004.403,0000.503,0168
 
000884579,000000000,000000000,0113.741,0004.408,0000.483,0006
 
000884599,000000000,000000000,0113.739,0004.392,0000.465,0007
 
000884619,000000000,000000000,0113.734,0004.397,0000.468,0006
 
000884639,000000000,000000000,0113.739,0004.379,0000.472,0006
 
000884659,000000000,000000000,0113.743,0004.388,0000.453,0006
 
000884679,000000000,000000000,0113.749,0004.392,0000.457,0006
 
000884699,000000000,000000000,0113.745,0004.393,0000.460,0006
 
000884719,000000000,000000000,0113.741,0004.396,0000.483,0006
 
000884739,000000000,000000000,0113.734,0004.380,0000.504,0168
 
000884759,000000000,000000000,0113.735,0004.363,0000.502,0006
 
000884779,000000000,000000000,0113.730,0004.351,0000.499,0006
 
000884799,000000000,000000000,0113.732,0004.362,0000.478,0168
 
000884819,000000000,000000000,0113.729,0004.368,0000.480,0006
 
000884839,000000000,000000000,0113.717,0004.372,0000.483,0006
 
000884859,000000000,000000000,0113.740,0004.420,0000.483,0166
 
000884879,000000000,000000000,0113.735,0004.400,0000.485,0166
 
000884899,000000000,000000000,0113.746,0004.397,0000.508,0007
 
000884919,000000000,000000000,0113.748,0004.380,0000.488,0167
 
000884939,000000000,000000000,0113.725,0004.362,0000.468,0167
 
000884959,000000000,000000000,0113.725,0004.347,0000.451,0006
 
000884979,000000000,000000000,0113.721,0004.331,0000.434,0167
 
000884999,000000000,000000000,0113.730,0004.336,0000.460,0166
 
000885019,000000000,000000000,0113.726,0004.278,0000.463,0007
 
000885039,000000000,000000000,0113.718,0004.294,0000.446,0167
 
000885059,000000000,000000000,0113.723,0004.346,0000.471,0170
 
000885079,000000000,000000000,0113.737,0004.354,0000.475,0006
 
000885099,000000000,000000000,0113.748,0004.364,0000.479,0169
 
000885119,000000000,000000000,0113.745,0004.349,0000.479,0006
 
000885139,000000000,000000000,0113.753,0004.317,0000.483,0169
 
000885159,000000000,000000000,0113.749,0004.326,0000.462,0173
 
000885179,000000000,000000000,0113.729,0004.355,0000.465,0006
 
000885199,000000000,000000000,0113.736,0004.339,0000.490,0166
 
000885219,000000000,000000000,0113.738,0004.372,0000.492,0173
 
000885239,000000000,000000000,0113.743,0004.379,0000.493,0006
 
000885259,000000000,000000000,0113.739,0004.345,0000.514,0006
 
000885279,000000000,000000000,0113.737,0004.333,0000.493,0007
 
000885299,000000000,000000000,0113.717,0004.364,0000.473,0006
 
000885319,000000000,000000000,0113.724,0004.352,0000.455,0006
 
000885339,000000000,000000000,0113.740,0004.339,0000.437,0168
 
000885359,000000000,000000000,0113.752,0004.347,0000.442,0006
 
000885379,000000000,000000000,0113.758,0004.371,0000.491,0006
 
000885399,000000000,000000000,0113.767,0004.396,0000.471,0173
 
000885419,000000000,000000000,0113.764,0004.402,0000.474,0006
 
000885439,000000000,000000000,0113.769,0004.405,0000.475,0006
 
000885459,000000000,000000000,0113.768,0004.407,0000.477,0168
 
000885479,000000000,000000000,0113.767,0004.408,0000.478,0007
 
000885499,000000000,000000000,0113.763,0004.414,0000.478,0007
 
000885519,000000000,000000000,0113.746,0004.415,0000.479,0179
 
000885539,000000000,000000000,0113.740,0004.436,0000.438,0006
 
000885559,000000000,000000000,0113.743,0004.435,0000.443,0007
 
000885579,000000000,000000000,0113.743,0004.415,0000.426,0166
 
000885599,000000000,000000000,0113.747,0004.417,0000.430,0007
 
000885619,000000000,000000000,0113.748,0004.420,0000.436,0007
 
000885639,000000000,000000000,0113.737,0004.400,0000.443,0166
 
000885659,000000000,000000000,0113.737,0004.445,0000.446,0007
 
000885679,000000000,000000000,0113.741,0004.423,0000.449,0006
 
000885699,000000000,000000000,0113.754,0004.400,0000.476,0007
 
000885719,000000000,000000000,0113.746,0004.384,0000.478,0166
 
000885739,000000000,000000000,0113.749,0004.388,0000.478,0007
 
000885759,000000000,000000000,0113.740,0004.390,0000.459,0167
 
000885779,000000000,000000000,0113.738,0004.416,0000.443,0170
 
000885799,000000000,000000000,0113.732,0004.418,0000.447,0006
 
000885819,000000000,000000000,0113.737,0004.396,0000.430,0167
 
000885839,000000000,000000000,0113.723,0004.400,0000.415,0170
 
000885859,000000000,000000000,0113.713,0004.403,0000.422,0007
 
000885879,000000000,000000000,0113.719,0004.406,0000.409,0167
 
000885899,000000000,000000000,0113.713,0004.431,0000.417,0170
 
000885919,000000000,000000000,0113.722,0004.411,0000.425,0006
 
000885939,000000000,000000000,0113.738,0004.411,0000.474,0173
 
000885959,000000000,000000000,0113.748,0004.415,0000.477,0006
 
000885979,000000000,000000000,0113.732,0004.419,0000.479,0169
 
000885999,000000000,000000000,0113.737,0004.421,0000.479,0173
 
000886019,000000000,000000000,0113.713,0004.402,0000.459,0007
 
000886039,000000000,000000000,0113.697,0004.405,0000.462,0006
 
000886059,000000000,000000000,0113.712,0004.388,0000.467,0169
 
000886079,000000000,000000000,0113.705,0004.375,0000.448,0006
 
000886100,000000000,000000000,0113.709,0004.379,0000.432,1023
 
000886120,000000000,000000000,0113.707,0004.345,0000.416,1023
 
000886140,000000000,000000000,0113.699,0004.332,0000.421,1023
 
000886160,000000000,000000000,0113.711,0004.321,0000.428,1023
 
000886180,000000000,000000000,0113.706,0004.331,0000.437,1023
 
000886200,000000000,000000000,0113.714,0004.342,0000.441,1023
 
000886220,000000000,000000000,0113.715,0004.368,0000.425,1023
 
000886239,000000000,000000000,0113.724,0004.393,0000.410,0167
 
000886259,000000000,000000000,0113.743,0004.400,0000.417,0006
 
000886279,000000000,000000000,0113.735,0004.400,0000.424,0006
 
000886299,000000000,000000000,0113.726,0004.399,0000.407,0006
 
000886319,000000000,000000000,0113.668,0004.341,0000.412,0006
 
000886339,000000000,000000000,0113.516,0004.373,0000.411,0006
 
000886359,000000000,000000000,0113.289,0004.499,0000.383,0166
 
000886379,000000000,000000000,0113.008,0004.618,0000.375,0166
 
000886399,000000000,000000000,0112.640,0004.673,0000.364,0006
 
000886419,000000000,000000000,0112.222,0004.745,0000.333,0006
 
000886439,000000000,000000000,0111.739,0004.718,0000.316,0006
 
000886459,000000000,000000000,0111.302,0004.735,0000.307,0006
 
000886479,000000000,000000000,0110.869,0004.714,0000.268,0173
 
000886499,000000000,000000000,0110.335,0004.715,0000.279,0166
 
000886519,000000000,000000000,0109.783,0004.797,0000.249,0006
 
000886539,000000000,000000000,0109.079,0004.774,0000.224,0173
 
000886559,000000000,000000000,0108.364,0004.862,0000.230,0166
 
000886579,000000000,000000000,0107.679,0004.840,0000.209,0007
 
000886599,000000000,000000000,0107.001,0004.715,0000.183,0173
 
000886619,000000000,000000000,0106.313,0004.713,0000.188,0166
 
000886639,000000000,000000000,0105.679,0004.553,0000.137,0166
 
000886659,000000000,000000000,0105.061,0004.577,0000.115,0167
 
000886679,000000000,000000000,0104.484,0004.438,0000.109,0166
 
000886699,000000000,000000000,0103.968,0004.422,0000.122,0006
 
000886719,000000000,000000000,0103.470,0004.259,0000.121,0006
 
000886739,000000000,000000000,0102.985,0004.238,0000.133,0166
 
000886759,000000000,000000000,0102.590,0004.214,0000.136,0169
 
000886779,000000000,000000000,0102.164,0004.162,0000.171,0169
 
000886799,000000000,000000000,0101.758,0004.184,0000.175,0166
 
000886819,000000000,000000000,0101.392,0004.182,0000.176,0006
 
000886839,000000000,000000000,0100.950,0004.244,0000.207,0169
 
000886859,000000000,000000000,0100.511,0004.316,0000.206,0166
 
000886879,000000000,000000000,0100.122,0004.270,0000.232,0169
 
000886899,000000000,000000000,0099.693,0004.267,0000.251,0173
 
000886919,000000000,000000000,0099.315,0004.331,0000.275,0167
 
000886939,000000000,000000000,0098.977,0004.230,0000.290,0006
 
000886959,000000000,000000000,0098.633,0004.218,0000.318,0168
 
000886979,000000000,000000000,0098.223,0004.277,0000.328,0166
 
000886999,000000000,000000000,0097.898,0004.245,0000.352,0006
 
000887019,000000000,000000000,0097.625,0004.148,0000.344,0169
 
000887039,000000000,000000000,0097.380,0004.123,0000.330,0167
 
000887059,000000000,000000000,0097.132,0004.118,0000.333,0006
 
000887079,000000000,000000000,0096.905,0004.096,0000.359,0169
 
000887099,000000000,000000000,0096.710,0004.092,0000.339,0006
 
000887119,000000000,000000000,0096.508,0004.124,0000.364,0006
 
000887139,000000000,000000000,0096.238,0004.147,0000.364,0173
 
000887159,000000000,000000000,0095.987,0004.195,0000.365,0006
 
000887179,000000000,000000000,0095.757,0004.171,0000.389,0006
 
000887199,000000000,000000000,0095.536,0004.150,0000.387,0179
 
000887219,000000000,000000000,0095.353,0004.114,0000.391,0166
 
000887239,000000000,000000000,0095.180,0004.100,0000.412,0006
 
000887259,000000000,000000000,0095.003,0004.106,0000.434,0173
 
000887279,000000000,000000000,0094.841,0004.140,0000.432,0166
 
000887299,000000000,000000000,0094.677,0004.143,0000.471,0006
 
000887319,000000000,000000000,0094.498,0004.174,0000.443,0006
 
000887339,000000000,000000000,0094.265,0004.211,0000.420,0006
 
000887359,000000000,000000000,0094.057,0004.243,0000.413,0007
 
000887379,000000000,000000000,0093.847,0004.182,0000.410,0006
 
000887399,000000000,000000000,0093.653,0004.185,0000.410,0006
 
000887419,000000000,000000000,0093.493,0004.141,0000.450,0007
 
000887439,000000000,000000000,0093.349,0004.124,0000.429,0006
 
000887459,000000000,000000000,0093.231,0004.092,0000.388,0007
 
000887479,000000000,000000000,0093.170,0004.055,0000.393,0006
 
000887499,000000000,000000000,0093.124,0004.070,0000.401,0006
 
000887519,000000000,000000000,0093.095,0004.083,0000.408,0165
 
000887539,000000000,000000000,0093.057,0004.115,0000.436,0173
 
000887559,000000000,000000000,0093.035,0004.123,0000.439,0169
 
000887579,000000000,000000000,0092.992,0004.149,0000.422,0166
 
000887599,000000000,000000000,0092.966,0004.154,0000.427,0006
 
000887619,000000000,000000000,0092.937,0004.136,0000.414,0006
 
000887639,000000000,000000000,0092.911,0004.122,0000.399,0006
 
000887659,000000000,000000000,0092.886,0004.130,0000.427,0006
 
000887679,000000000,000000000,0092.870,0004.157,0000.434,0168
 
000887699,000000000,000000000,0092.858,0004.160,0000.439,0166
 
000887719,000000000,000000000,0092.824,0004.177,0000.422,0006
 
000887739,000000000,000000000,0092.794,0004.178,0000.430,0168
 
000887759,000000000,000000000,0092.762,0004.185,0000.454,0006
 
000887779,000000000,000000000,0092.743,0004.203,0000.501,0173
 
000887799,000000000,000000000,0092.729,0004.186,0000.459,0169
 
000887819,000000000,000000000,0092.711,0004.245,0000.483,0167
 
000887839,000000000,000000000,0092.712,0004.260,0000.505,0007
 
000887859,000000000,000000000,0092.680,0004.275,0000.504,0167
 
000887879,000000000,000000000,0092.652,0004.309,0000.544,0006
 
000887899,000000000,000000000,0092.622,0004.319,0000.521,0007
 
000887919,000000000,000000000,0092.593,0004.312,0000.497,0173
 
000887939,000000000,000000000,0092.574,0004.280,0000.514,0170
 
000887959,000000000,000000000,0092.555,0004.270,0000.554,0007
 
000887979,000000000,000000000,0092.521,0004.264,0000.549,0173
 
000887999,000000000,000000000,0092.504,0004.261,0000.545,0170
 
000888019,000000000,000000000,0092.490,0004.235,0000.541,0007
 
000888039,000000000,000000000,0092.454,0004.212,0000.558,0173
 
000888059,000000000,000000000,0092.436,0004.191,0000.554,0007
 
000888079,000000000,000000000,0092.413,0004.192,0000.552,0007
 
000888099,000000000,000000000,0092.404,0004.192,0000.569,0006
 
000888119,000000000,000000000,0092.380,0004.212,0000.582,0007
 
000888139,000000000,000000000,0092.364,0004.210,0000.574,0006
 
000888159,000000000,000000000,0092.357,0004.205,0000.609,0173
 
000888179,000000000,000000000,0092.349,0004.203,0000.600,0166
 
000888199,000000000,000000000,0092.318,0004.266,0000.592,0166
 
000888219,000000000,000000000,0092.305,0004.279,0000.603,0169
 
000888239,000000000,000000000,0092.288,0004.334,0000.594,0166
 
000888259,000000000,000000000,0092.284,0004.303,0000.563,0169
 
000888279,000000000,000000000,0092.269,0004.271,0000.556,0169
 
000888299,000000000,000000000,0092.257,0004.286,0000.552,0166
 
000888319,000000000,000000000,0092.237,0004.302,0000.548,0169
 
000888339,000000000,000000000,0092.227,0004.291,0000.543,0173
 
000888359,000000000,000000000,0092.195,0004.303,0000.540,0166
 
000888379,000000000,000000000,0092.178,0004.317,0000.535,0006
 
000888399,000000000,000000000,0092.180,0004.325,0000.551,0166
 
000888419,000000000,000000000,0092.163,0004.334,0000.546,0167
 
000888439,000000000,000000000,0092.154,0004.344,0000.562,0006
 
000888459,000000000,000000000,0092.140,0004.350,0000.574,0168
 
000888479,000000000,000000000,0092.121,0004.357,0000.567,0170
 
000888499,000000000,000000000,0092.107,0004.364,0000.580,0006
 
000888519,000000000,000000000,0092.097,0004.368,0000.575,0169
 
000888539,000000000,000000000,0092.079,0004.352,0000.568,0167
 
000888559,000000000,000000000,0092.076,0004.359,0000.560,0006
 
000888579,000000000,000000000,0092.061,0004.345,0000.554,0166
 
000888599,000000000,000000000,0092.042,0004.330,0000.570,0170
 
000888619,000000000,000000000,0092.030,0004.318,0000.586,0006
 
000888639,000000000,000000000,0092.025,0004.329,0000.559,0173
 
000888659,000000000,000000000,0092.008,0004.318,0000.576,0006
 
000888679,000000000,000000000,0092.002,0004.304,0000.589,0006
 
000888699,000000000,000000000,0091.984,0004.294,0000.561,0167
 
000888719,000000000,000000000,0091.985,0004.265,0000.556,0166
 
000888739,000000000,000000000,0091.982,0004.257,0000.530,0006
 
000888759,000000000,000000000,0091.984,0004.294,0000.528,0173
 
000888779,000000000,000000000,0091.969,0004.289,0000.527,0170
 
000888799,000000000,000000000,0091.976,0004.259,0000.544,0006
 
000888819,000000000,000000000,0091.973,0004.278,0000.542,0173
 
000888839,000000000,000000000,0091.955,0004.294,0000.538,0006
 
000888859,000000000,000000000,0091.938,0004.307,0000.555,0006
 
000888879,000000000,000000000,0091.928,0004.298,0000.551,0006
 
000888899,000000000,000000000,0091.923,0004.292,0000.567,0006
 
000888919,000000000,000000000,0091.900,0004.304,0000.560,0006
 
000888939,000000000,000000000,0091.893,0004.318,0000.553,0006
 
000888959,000000000,000000000,0091.879,0004.329,0000.548,0007
 
000888979,000000000,000000000,0091.875,0004.316,0000.543,0006
 
000888999,000000000,000000000,0091.861,0004.325,0000.517,0006
 
000889019,000000000,000000000,0091.850,0004.314,0000.536,0007
 
000889039,000000000,000000000,0091.847,0004.301,0000.553,0006
 
000889059,000000000,000000000,0091.842,0004.313,0000.567,0006
 
000889079,000000000,000000000,0091.849,0004.304,0000.561,0166
 
000889099,000000000,000000000,0091.840,0004.294,0000.556,0007
 
000889119,000000000,000000000,0091.831,0004.307,0000.593,0006
 
000889139,000000000,000000000,0091.837,0004.271,0000.561,0166
 
000889159,000000000,000000000,0091.841,0004.282,0000.578,0006
 
000889179,000000000,000000000,0091.842,0004.251,0000.592,0167
 
000889199,000000000,000000000,0091.844,0004.248,0000.583,0167
 
000889219,000000000,000000000,0091.822,0004.285,0000.555,0006
 
000889239,000000000,000000000,0091.825,0004.275,0000.572,0166
 
000889259,000000000,000000000,0091.822,0004.246,0000.587,0170
 
000889279,000000000,000000000,0091.810,0004.261,0000.602,0006
 
000889299,000000000,000000000,0091.802,0004.278,0000.593,0167
 
000889319,000000000,000000000,0091.794,0004.248,0000.584,0170
 
000889339,000000000,000000000,0091.785,0004.243,0000.577,0006
 
000889359,000000000,000000000,0091.784,0004.218,0000.589,0167
 
000889379,000000000,000000000,0091.786,0004.215,0000.581,0170
 
000889399,000000000,000000000,0091.765,0004.214,0000.596,0006
 
000889419,000000000,000000000,0091.757,0004.214,0000.588,0173
 
000889439,000000000,000000000,0091.756,0004.232,0000.580,0006
 
000889459,000000000,000000000,0091.750,0004.210,0000.573,0007
 
000889479,000000000,000000000,0091.745,0004.230,0000.608,0173
 
000889499,000000000,000000000,0091.739,0004.228,0000.599,0170
 
000889519,000000000,000000000,0091.737,0004.246,0000.590,0007
 
000889539,000000000,000000000,0091.740,0004.261,0000.580,0173
 
000889559,000000000,000000000,0091.744,0004.297,0000.595,0006
 
000889579,000000000,000000000,0091.761,0004.286,0000.587,0006
 
000889599,000000000,000000000,0091.752,0004.251,0000.600,0006
 
000889619,000000000,000000000,0091.731,0004.245,0000.591,0007
 
000889639,000000000,000000000,0091.724,0004.282,0000.583,0006
 
000889659,000000000,000000000,0091.732,0004.273,0000.576,0173
 
000889679,000000000,000000000,0091.747,0004.289,0000.569,0166
 
000889699,000000000,000000000,0091.746,0004.282,0000.584,0166
 
000889719,000000000,000000000,0091.752,0004.271,0000.619,0167
 
000889739,000000000,000000000,0091.745,0004.287,0000.588,0166
 
000889759,000000000,000000000,0091.762,0004.324,0000.601,0166
 
000889779,000000000,000000000,0091.770,0004.313,0000.592,0169
 
000889799,000000000,000000000,0091.770,0004.324,0000.586,0166
 
000889819,000000000,000000000,0091.760,0004.314,0000.598,0169
 
000889839,000000000,000000000,0091.757,0004.281,0000.634,0173
 
000889859,000000000,000000000,0091.758,0004.296,0000.624,0166
 
000889879,000000000,000000000,0091.759,0004.286,0000.611,0006
 
000889899,000000000,000000000,0091.760,0004.298,0000.603,0166
 
000889919,000000000,000000000,0091.770,0004.268,0000.614,0167
 
000889939,000000000,000000000,0091.765,0004.261,0000.603,0006
 
000889959,000000000,000000000,0091.748,0004.258,0000.593,0167
 
000889979,000000000,000000000,0091.756,0004.252,0000.584,0168
 
000889999,000000000,000000000,0091.751,0004.268,0000.556,0006
 
000890019,000000000,000000000,0091.734,0004.263,0000.532,0168
 
000890039,000000000,000000000,0091.730,0004.255,0000.590,0006
 
000890059,000000000,000000000,0091.727,0004.249,0000.561,0006
 
000890079,000000000,000000000,0091.728,0004.269,0000.535,0169
 
000890099,000000000,000000000,0091.744,0004.262,0000.532,0006
 
000890119,000000000,000000000,0091.754,0004.277,0000.508,0006
 
000890139,000000000,000000000,0091.758,0004.293,0000.529,0169
 
000890159,000000000,000000000,0091.767,0004.284,0000.545,0167
 
000890179,000000000,000000000,0091.762,0004.296,0000.522,0006
 
000890199,000000000,000000000,0091.750,0004.309,0000.519,0173
 
000890219,000000000,000000000,0091.740,0004.296,0000.518,0007
 
000890239,000000000,000000000,0091.728,0004.287,0000.517,0006
 
000890259,000000000,000000000,0091.720,0004.299,0000.535,0179
 
000890279,000000000,000000000,0091.718,0004.332,0000.513,0166
 
000890299,000000000,000000000,0091.719,0004.342,0000.491,0006
 
000890319,000000000,000000000,0091.726,0004.351,0000.489,0173
 
000890339,000000000,000000000,0091.737,0004.335,0000.511,0006
 
000890359,000000000,000000000,0091.734,0004.345,0000.511,0006
 
000890379,000000000,000000000,0091.738,0004.332,0000.509,0173
 
000890399,000000000,000000000,0091.736,0004.343,0000.508,0006
 
000890419,000000000,000000000,0091.749,0004.349,0000.526,0006
 
000890439,000000000,000000000,0091.744,0004.356,0000.544,0006
 
000890459,000000000,000000000,0091.731,0004.362,0000.541,0006
 
000890479,000000000,000000000,0091.729,0004.348,0000.517,0006
 
