000133483,000000000,000000000,0115.325,0005.267,-006.757,0166
 
000133502,000000000,000000000,0115.337,0005.134,-006.137,0006
 
000133522,000000000,000000000,0115.450,0005.035,-005.594,0167
 
000133542,000000000,000000000,0115.572,0005.002,-005.097,0167
 
000133562,000000000,000000000,0115.685,0004.932,-004.640,0006
 
000133582,000000000,000000000,0115.763,0004.872,-004.202,0166
 
000133602,000000000,000000000,0115.836,0004.813,-003.801,0171
 
000133622,000000000,000000000,0115.891,0004.758,-003.433,0006
 
000133642,000000000,000000000,0115.934,0004.712,-003.100,0167
 
000133662,000000000,000000000,0115.959,0004.666,-002.813,0171
 
000133682,000000000,000000000,0116.010,0004.606,-002.526,0006
 
000133702,000000000,000000000,0116.027,0004.521,-002.209,0167
 
000133722,000000000,000000000,0116.026,0004.490,-001.973,0179
 
000133742,000000000,000000000,0116.035,0004.487,-001.783,0006
 
000133762,000000000,000000000,0116.052,0004.441,-001.582,0169
 
000133782,000000000,000000000,0116.044,0004.440,-001.419,0006
 
000133802,000000000,000000000,0116.043,0004.421,-001.252,0166
 
000133822,000000000,000000000,0116.021,0004.379,-001.053,0179
 
000133842,000000000,000000000,0116.008,0004.364,-000.935,0006
 
000133862,000000000,000000000,0115.993,0004.350,-000.829,0167
 
000133882,000000000,000000000,0115.954,0004.315,-000.730,0179
 
000133902,000000000,000000000,0115.936,0004.279,-000.594,0006
 
000133922,000000000,000000000,0115.924,0004.270,-000.494,0006
 
000133942,000000000,000000000,0115.888,0004.286,-000.401,0006
 
000133962,000000000,000000000,0115.867,0004.299,-000.338,0006
 
000133982,000000000,000000000,0115.832,0004.249,-000.259,0006
 
000134002,000000000,000000000,0115.814,0004.223,-000.206,0006
 
000134022,000000000,000000000,0115.810,0004.199,-000.137,0167
 
000134042,000000000,000000000,0115.795,0004.199,-000.097,0006
 
000134062,000000000,000000000,0115.770,0004.219,-000.080,0007
 
000134082,000000000,000000000,0115.750,0004.194,-000.021,0007
 
000134102,000000000,000000000,0115.729,0004.171,0000.031,0007
 
000134122,000000000,000000000,0115.681,0004.171,0000.061,0173
 
000134142,000000000,000000000,0115.649,0004.195,0000.087,0007
 
000134162,000000000,000000000,0115.629,0004.216,0000.110,0006
 
000134182,000000000,000000000,0115.598,0004.190,0000.152,0006
 
000134202,000000000,000000000,0115.570,0004.192,0000.212,0166
 
000134222,000000000,000000000,0115.552,0004.171,0000.223,0006
 
000134242,000000000,000000000,0115.545,0004.156,0000.254,0006
 
000134262,000000000,000000000,0115.511,0004.181,0000.242,0166
 
000134282,000000000,000000000,0115.478,0004.161,0000.271,0006
 
000134302,000000000,000000000,0115.430,0004.122,0000.302,0167
 
000134322,000000000,000000000,0115.411,0004.108,0000.327,0006
 
000134342,000000000,000000000,0115.388,0004.090,0000.352,0166
 
000134362,000000000,000000000,0115.376,0004.097,0000.354,0173
 
000134382,000000000,000000000,0115.359,0004.086,0000.377,0171
 
000134402,000000000,000000000,0115.353,0004.095,0000.415,0006
 
000134422,000000000,000000000,0115.349,0004.120,0000.432,0167
 
000134442,000000000,000000000,0115.313,0004.108,0000.448,0170
 
000134462,000000000,000000000,0115.286,0004.091,0000.418,0006
 
000134482,000000000,000000000,0115.274,0004.120,0000.435,0169
 
000134502,000000000,000000000,0115.259,0004.106,0000.447,0178
 
000134522,000000000,000000000,0115.235,0004.111,0000.439,0006
 
000134542,000000000,000000000,0115.197,0004.118,0000.434,0169
 
000134562,000000000,000000000,0115.186,0004.130,0000.449,0007
 
000134582,000000000,000000000,0115.165,0004.132,0000.463,0167
 
000134602,000000000,000000000,0115.148,0004.116,0000.455,0006
 
000134622,000000000,000000000,0115.135,0004.121,0000.446,0006
 
000134642,000000000,000000000,0115.103,0004.146,0000.460,0006
 
000134662,000000000,000000000,0115.073,0004.129,0000.453,0172
 
000134682,000000000,000000000,0115.065,0004.134,0000.443,0006
 
000134702,000000000,000000000,0115.045,0004.118,0000.458,0167
 
000134722,000000000,000000000,0115.030,0004.125,0000.470,0007
 
000134742,000000000,000000000,0115.017,0004.111,0000.482,0167
 
000134762,000000000,000000000,0114.988,0004.118,0000.473,0007
 
000134782,000000000,000000000,0114.970,0004.106,0000.486,0006
 
000134802,000000000,000000000,0114.943,0004.113,0000.497,0006
 
000134822,000000000,000000000,0114.930,0004.119,0000.486,0006
 
000134842,000000000,000000000,0114.907,0004.125,0000.496,0007
 
000134862,000000000,000000000,0114.897,0004.129,0000.485,0006
 
000134882,000000000,000000000,0114.890,0004.115,0000.476,0006
 
000134902,000000000,000000000,0114.880,0004.122,0000.485,0006
 
000134922,000000000,000000000,0114.862,0004.085,0000.495,0007
 
000134942,000000000,000000000,0114.832,0004.095,0000.485,0006
 
000134962,000000000,000000000,0114.827,0004.086,0000.495,0006
 
000134982,000000000,000000000,0114.809,0004.094,0000.504,0166
 
000135002,000000000,000000000,0114.809,0004.081,0000.491,0007
 
000135022,000000000,000000000,0114.795,0004.073,0000.500,0167
 
000135042,000000000,000000000,0114.773,0004.082,0000.512,0166
 
000135062,000000000,000000000,0114.773,0004.072,0000.499,0166
 
000135082,000000000,000000000,0114.764,0004.059,0000.509,0179
 
000135102,000000000,000000000,0114.763,0004.068,0000.518,0167
 
000135122,000000000,000000000,0114.755,0004.056,0000.547,0006
 
000135142,000000000,000000000,0114.749,0004.069,0000.531,0006
 
000135162,000000000,000000000,0114.739,0004.078,0000.518,0173
 
000135182,000000000,000000000,0114.718,0004.088,0000.525,0006
 
000135202,000000000,000000000,0114.702,0004.074,0000.531,0169
 
000135222,000000000,000000000,0114.712,0004.065,0000.539,0178
 
000135242,000000000,000000000,0114.710,0004.077,0000.565,0006
 
000135262,000000000,000000000,0114.694,0004.086,0000.569,0167
 
000135282,000000000,000000000,0114.676,0004.096,0000.532,0166
 
000135302,000000000,000000000,0114.672,0004.083,0000.536,0006
 
000135322,000000000,000000000,0114.667,0004.090,0000.542,0177
 
000135342,000000000,000000000,0114.646,0004.097,0000.570,0007
 
000135362,000000000,000000000,0114.651,0004.128,0000.572,0166
 
000135382,000000000,000000000,0114.645,0004.131,0000.574,0179
 
000135402,000000000,000000000,0114.639,0004.116,0000.557,0006
 
000135422,000000000,000000000,0114.626,0004.123,0000.602,0006
 
000135442,000000000,000000000,0114.604,0004.107,0000.601,0179
 
000135462,000000000,000000000,0114.592,0004.094,0000.601,0006
 
000135482,000000000,000000000,0114.563,0004.103,0000.600,0173
 
000135502,000000000,000000000,0114.538,0004.088,0000.556,0006
 
000135522,000000000,000000000,0114.543,0004.074,0000.582,0006
 
000135542,000000000,000000000,0114.552,0004.062,0000.604,0007
 
000135562,000000000,000000000,0114.550,0004.010,0000.584,0179
 
000135582,000000000,000000000,0114.553,0004.026,0000.566,0167
 
000135602,000000000,000000000,0114.531,0004.000,0000.550,0166
 
000135622,000000000,000000000,0114.524,0004.017,0000.555,0007
 
000135642,000000000,000000000,0114.518,0003.998,0000.538,0171
 
000135662,000000000,000000000,0114.515,0003.993,0000.542,0166
 
000135682,000000000,000000000,0114.520,0003.967,0000.548,0007
 
000135702,000000000,000000000,0114.515,0003.967,0000.532,0007
 
000135722,000000000,000000000,0114.533,0003.943,0000.517,0006
 
000135742,000000000,000000000,0114.526,0003.964,0000.503,0166
 
000135762,000000000,000000000,0114.534,0003.981,0000.532,0167
 
000135782,000000000,000000000,0114.530,0004.019,0000.517,0006
 
000135802,000000000,000000000,0114.543,0004.032,0000.525,0167
 
000135822,000000000,000000000,0114.548,0004.045,0000.512,0167
 
000135842,000000000,000000000,0114.562,0004.059,0000.559,0007
 
000135862,000000000,000000000,0114.565,0004.049,0000.564,0167
 
000135882,000000000,000000000,0114.569,0004.018,0000.586,0171
 
000135902,000000000,000000000,0114.554,0004.034,0000.585,0007
 
000135922,000000000,000000000,0114.553,0004.070,0000.610,0167
 
000135942,000000000,000000000,0114.545,0004.060,0000.608,0173
 
000135962,000000000,000000000,0114.523,0004.047,0000.606,0006
 
000135982,000000000,000000000,0114.506,0004.040,0000.587,0169
 
000136002,000000000,000000000,0114.513,0004.052,0000.589,0179
 
000136022,000000000,000000000,0114.511,0004.061,0000.591,0006
 
000136042,000000000,000000000,0114.501,0004.092,0000.572,0169
 
000136062,000000000,000000000,0114.485,0004.100,0000.574,0179
 
000136082,000000000,000000000,0114.485,0004.130,0000.578,0007
 
000136102,000000000,000000000,0114.481,0004.136,0000.560,0169
 
000136122,000000000,000000000,0114.456,0004.139,0000.564,0006
 
000136142,000000000,000000000,0114.468,0004.123,0000.566,0166
 
000136162,000000000,000000000,0114.463,0004.106,0000.569,0179
 
000136182,000000000,000000000,0114.469,0004.091,0000.550,0007
 
000136202,000000000,000000000,0114.465,0004.142,0000.555,0167
 
000136222,000000000,000000000,0114.462,0004.147,0000.537,0006
 
000136242,000000000,000000000,0114.475,0004.170,0000.582,0007
 
000136262,000000000,000000000,0114.473,0004.173,0000.584,0006
 
000136282,000000000,000000000,0114.463,0004.176,0000.543,0172
 
000136302,000000000,000000000,0114.460,0004.158,0000.549,0007
 
000136322,000000000,000000000,0114.458,0004.161,0000.553,0007
 
000136342,000000000,000000000,0114.472,0004.162,0000.555,0007
 
000136362,000000000,000000000,0114.452,0004.144,0000.536,0007
 
000136382,000000000,000000000,0114.446,0004.148,0000.544,0006
 
000136402,000000000,000000000,0114.425,0004.154,0000.546,0006
 
000136422,000000000,000000000,0114.402,0004.159,0000.551,0006
 
000136442,000000000,000000000,0114.374,0004.142,0000.576,0007
 
000136462,000000000,000000000,0114.366,0004.151,0000.578,0166
 
000136482,000000000,000000000,0114.345,0004.157,0000.560,0007
 
000136502,000000000,000000000,0114.337,0004.178,0000.564,0006
 
000136522,000000000,000000000,0114.333,0004.178,0000.566,0166
 
000136542,000000000,000000000,0114.319,0004.179,0000.548,0167
 
000136562,000000000,000000000,0114.309,0004.160,0000.550,0179
 
000136582,000000000,000000000,0114.302,0004.144,0000.534,0006
 
000136602,000000000,000000000,0114.293,0004.145,0000.540,0166
 
000136622,000000000,000000000,0114.288,0004.132,0000.545,0006
 
000136642,000000000,000000000,0114.284,0004.138,0000.568,0169
 
000136662,000000000,000000000,0114.267,0004.144,0000.550,0172
 
000136682,000000000,000000000,0114.255,0004.149,0000.553,0006
 
000136702,000000000,000000000,0114.251,0004.132,0000.555,0167
 
000136722,000000000,000000000,0114.253,0004.139,0000.557,0178
 
000136742,000000000,000000000,0114.252,0004.126,0000.541,0006
 
000136762,000000000,000000000,0114.255,0004.154,0000.567,0169
 
000136782,000000000,000000000,0114.247,0004.137,0000.568,0178
 
000136802,000000000,000000000,0114.235,0004.165,0000.571,0007
 
000136822,000000000,000000000,0114.230,0004.169,0000.554,0006
 
000136842,000000000,000000000,0114.225,0004.151,0000.579,0166
 
000136862,000000000,000000000,0114.236,0004.156,0000.558,0007
 
000136882,000000000,000000000,0114.220,0004.160,0000.540,0167
 
000136902,000000000,000000000,0114.215,0004.163,0000.523,0007
 
000136922,000000000,000000000,0114.216,0004.166,0000.506,0166
 
000136942,000000000,000000000,0114.225,0004.151,0000.512,0179
 
000136962,000000000,000000000,0114.219,0004.157,0000.540,0006
 
000136982,000000000,000000000,0114.219,0004.162,0000.544,0006
 
000137002,000000000,000000000,0114.198,0004.125,0000.529,0006
 
000137022,000000000,000000000,0114.211,0004.156,0000.535,0167
 
000137042,000000000,000000000,0114.205,0004.160,0000.542,0007
 
000137062,000000000,000000000,0114.201,0004.180,0000.545,0006
 
000137082,000000000,000000000,0114.196,0004.183,0000.549,0007
 
000137102,000000000,000000000,0114.183,0004.143,0000.575,0006
 
000137122,000000000,000000000,0114.175,0004.129,0000.577,0007
 
000137142,000000000,000000000,0114.159,0004.133,0000.599,0007
 
000137162,000000000,000000000,0114.164,0004.158,0000.600,0006
 
000137182,000000000,000000000,0114.156,0004.184,0000.599,0006
 
000137202,000000000,000000000,0114.157,0004.167,0000.599,0007
 
000137222,000000000,000000000,0114.150,0004.173,0000.559,0006
 
000137242,000000000,000000000,0114.165,0004.137,0000.561,0006
 
000137262,000000000,000000000,0114.163,0004.165,0000.584,0166
 
000137282,000000000,000000000,0114.162,0004.191,0000.605,0179
 
000137302,000000000,000000000,0114.160,0004.170,0000.585,0179
 
000137322,000000000,000000000,0114.143,0004.153,0000.587,0167
 
000137342,000000000,000000000,0114.141,0004.157,0000.587,0006
 
000137362,000000000,000000000,0114.140,0004.182,0000.608,0167
 
000137382,000000000,000000000,0114.143,0004.184,0000.586,0006
 
000137402,000000000,000000000,0114.147,0004.188,0000.588,0006
 
000137422,000000000,000000000,0114.155,0004.190,0000.568,0167
 
000137442,000000000,000000000,0114.141,0004.193,0000.570,0166
 
000137462,000000000,000000000,0114.137,0004.176,0000.572,0007
 
000137482,000000000,000000000,0114.144,0004.178,0000.552,0169
 
000137502,000000000,000000000,0114.131,0004.180,0000.576,0178
 
000137522,000000000,000000000,0114.111,0004.185,0000.599,0006
 
000137542,000000000,000000000,0114.123,0004.186,0000.599,0169
 
000137562,000000000,000000000,0114.122,0004.185,0000.599,0007
 
000137582,000000000,000000000,0114.120,0004.165,0000.598,0006
 
000137602,000000000,000000000,0114.090,0004.169,0000.597,0177
 
000137622,000000000,000000000,0114.099,0004.174,0000.578,0007
 
000137642,000000000,000000000,0114.098,0004.180,0000.579,0173
 
000137662,000000000,000000000,0114.084,0004.163,0000.579,0179
 
000137682,000000000,000000000,0114.083,0004.165,0000.603,0007
 
000137702,000000000,000000000,0114.088,0004.171,0000.602,0166
 
000137722,000000000,000000000,0114.083,0004.197,0000.601,0179
 
000137742,000000000,000000000,0114.081,0004.182,0000.600,0007
 
000137762,000000000,000000000,0114.060,0004.182,0000.599,0007
 
000137782,000000000,000000000,0114.071,0004.184,0000.596,0179
 
000137802,000000000,000000000,0114.068,0004.189,0000.575,0167
 
000137822,000000000,000000000,0114.062,0004.194,0000.578,0006
 
000137842,000000000,000000000,0114.058,0004.217,0000.579,0007
 
000137862,000000000,000000000,0114.056,0004.200,0000.600,0006
 
000137882,000000000,000000000,0114.056,0004.180,0000.598,0173
 
000137902,000000000,000000000,0114.047,0004.164,0000.555,0007
 
000137922,000000000,000000000,0114.050,0004.172,0000.557,0007
 
000137942,000000000,000000000,0114.061,0004.133,0000.559,0007
 
000137962,000000000,000000000,0114.056,0004.119,0000.542,0006
 
000137982,000000000,000000000,0114.068,0004.129,0000.545,0166
 
000138002,000000000,000000000,0114.067,0004.139,0000.551,0006
 
000138022,000000000,000000000,0114.072,0004.146,0000.554,0167
 
000138042,000000000,000000000,0114.095,0004.172,0000.557,0007
 
000138062,000000000,000000000,0114.100,0004.174,0000.560,0006
 
000138082,000000000,000000000,0114.092,0004.156,0000.583,0167
 
000138102,000000000,000000000,0114.097,0004.124,0000.584,0007
 
000138122,000000000,000000000,0114.092,0004.152,0000.564,0007
 
000138142,000000000,000000000,0114.106,0004.136,0000.565,0167
 
000138162,000000000,000000000,0114.110,0004.098,0000.568,0173
 
000138182,000000000,000000000,0114.120,0004.127,0000.569,0007
 
000138202,000000000,000000000,0114.121,0004.179,0000.570,0167
 
000138222,000000000,000000000,0114.134,0004.203,0000.571,0178
 
000138242,000000000,000000000,0114.130,0004.202,0000.554,0006
 
000138262,000000000,000000000,0114.139,0004.207,0000.556,0169
 
000138282,000000000,000000000,0114.132,0004.164,0000.579,0178
 
000138302,000000000,000000000,0114.143,0004.123,0000.601,0007
 
000138322,000000000,000000000,0114.135,0004.136,0000.578,0006
 
000138342,000000000,000000000,0114.141,0004.164,0000.600,0166
 
000138363,000000000,000000000,0114.153,0004.171,0000.602,1023
 
000138383,000000000,000000000,0114.154,0004.109,0000.601,1023
 
000138403,000000000,000000000,0114.159,0004.141,0000.600,1023
 
000138423,000000000,000000000,0114.152,0004.148,0000.581,1023
 
000138443,000000000,000000000,0114.159,0004.156,0000.581,1023
 
000138463,000000000,000000000,0114.154,0004.161,0000.560,1023
 
000138483,000000000,000000000,0114.150,0004.186,0000.562,1023
 
000138503,000000000,000000000,0114.142,0004.145,0000.562,1023
 
000138523,000000000,000000000,0114.143,0004.111,0000.567,1023
 
000138542,000000000,000000000,0114.123,0004.122,0000.548,0006
 
000138562,000000000,000000000,0114.128,0004.131,0000.573,0007
 
000138582,000000000,000000000,0114.126,0004.134,0000.573,0006
 
000138602,000000000,000000000,0114.112,0004.142,0000.550,0006
 
000138622,000000000,000000000,0114.042,0004.172,0000.548,0006
 
000138642,000000000,000000000,0113.929,0004.229,0000.531,0006
 
000138662,000000000,000000000,0113.845,0004.331,0000.503,0006
 
000138682,000000000,000000000,0113.760,0004.315,0000.502,0006
 
000138702,000000000,000000000,0113.658,0004.316,0000.502,0006
 
000138722,000000000,000000000,0113.541,0004.323,0000.498,0007
 
000138742,000000000,000000000,0113.372,0004.332,0000.475,0006
 
000138762,000000000,000000000,0113.182,0004.392,0000.471,0166
 
000138782,000000000,000000000,0112.852,0004.415,0000.463,0179
 
000138802,000000000,000000000,0112.468,0004.521,0000.454,0179
 
000138822,000000000,000000000,0112.043,0004.597,0000.422,0167
 
000138842,000000000,000000000,0111.586,0004.603,0000.409,0006
 
000138862,000000000,000000000,0111.101,0004.636,0000.418,0179
 
000138882,000000000,000000000,0110.622,0004.588,0000.400,0166
 
000138902,000000000,000000000,0110.137,0004.607,0000.411,0166
 
000138922,000000000,000000000,0109.647,0004.556,0000.413,0167
 
000138942,000000000,000000000,0109.004,0004.645,0000.394,0166
 
000138962,000000000,000000000,0108.277,0004.846,0000.363,0166
 
000138982,000000000,000000000,0107.458,0004.961,0000.355,0167
 
000139002,000000000,000000000,0106.562,0004.853,0000.320,0166
 
000139022,000000000,000000000,0105.707,0004.839,0000.311,0166
 
000139042,000000000,000000000,0104.908,0004.804,0000.290,0169
 
000139062,000000000,000000000,0104.126,0004.630,0000.268,0167
 
000139082,000000000,000000000,0103.455,0004.576,0000.280,0167
 
000139102,000000000,000000000,0102.797,0004.557,0000.270,0169
 
000139122,000000000,000000000,0102.162,0004.343,0000.279,0167
 
000139142,000000000,000000000,0101.470,0004.425,0000.263,0006
 
000139162,000000000,000000000,0100.881,0004.262,0000.260,0177
 
000139182,000000000,000000000,0100.290,0004.272,0000.256,0167
 
000139202,000000000,000000000,0099.776,0004.123,0000.259,0173
 
000139222,000000000,000000000,0099.265,0004.157,0000.288,0179
 
000139242,000000000,000000000,0098.811,0004.074,0000.264,0167
 
000139262,000000000,000000000,0098.321,0004.133,0000.279,0006
 
000139282,000000000,000000000,0097.729,0004.256,0000.268,0174
 
000139302,000000000,000000000,0097.208,0004.194,0000.275,0167
 
000139322,000000000,000000000,0096.739,0004.155,0000.313,0006
 
000139342,000000000,000000000,0096.329,0004.031,0000.302,0173
 
000139362,000000000,000000000,0095.904,0004.029,0000.319,0178
 
000139382,000000000,000000000,0095.505,0004.021,0000.322,0006
 
000139402,000000000,000000000,0095.186,0003.924,0000.352,0176
 
000139422,000000000,000000000,0094.838,0003.999,0000.373,0171
 
000139442,000000000,000000000,0094.481,0004.009,0000.377,0006
 
000139462,000000000,000000000,0094.259,0003.872,0000.382,0176
 
000139482,000000000,000000000,0094.091,0003.773,0000.408,0166
 
000139502,000000000,000000000,0093.953,0003.786,0000.418,0006
 
000139522,000000000,000000000,0093.838,0003.810,0000.447,0179
 
000139542,000000000,000000000,0093.726,0003.802,0000.474,0178
 
000139562,000000000,000000000,0093.637,0003.823,0000.499,0166
 
000139582,000000000,000000000,0093.527,0003.858,0000.503,0173
 
000139602,000000000,000000000,0093.432,0003.866,0000.506,0167
 
000139622,000000000,000000000,0093.366,0003.857,0000.512,0006
 
000139642,000000000,000000000,0093.323,0003.845,0000.517,0006
 
000139662,000000000,000000000,0093.302,0003.856,0000.523,0006
 
000139682,000000000,000000000,0093.275,0003.867,0000.527,0006
 
000139702,000000000,000000000,0093.241,0003.898,0000.531,0179
 
000139722,000000000,000000000,0093.213,0003.908,0000.534,0166
 
000139742,000000000,000000000,0093.180,0003.896,0000.538,0166
 
000139762,000000000,000000000,0093.148,0003.885,0000.540,0169
 
000139782,000000000,000000000,0093.121,0003.874,0000.543,0167
 
000139802,000000000,000000000,0093.106,0003.907,0000.546,0167
 
000139822,000000000,000000000,0093.093,0003.938,0000.569,0169
 
000139842,000000000,000000000,0093.061,0003.901,0000.570,0167
 
000139862,000000000,000000000,0093.045,0003.869,0000.591,0167
 
000139882,000000000,000000000,0093.017,0003.902,0000.610,0172
 
000139902,000000000,000000000,0092.998,0003.971,0000.607,0167
 
000139922,000000000,000000000,0092.986,0003.977,0000.605,0173
 
000139942,000000000,000000000,0092.960,0003.979,0000.601,0177
 
000139962,000000000,000000000,0092.946,0003.980,0000.618,0167
 
000139982,000000000,000000000,0092.922,0004.003,0000.635,0173
 
000140002,000000000,000000000,0092.887,0004.001,0000.631,0179
 
000140022,000000000,000000000,0092.860,0004.044,0000.626,0167
 
000140042,000000000,000000000,0092.836,0004.063,0000.643,0173
 
000140062,000000000,000000000,0092.816,0004.038,0000.678,0179
 
000140082,000000000,000000000,0092.786,0004.037,0000.671,0171
 
000140102,000000000,000000000,0092.761,0004.056,0000.664,0006
 
000140122,000000000,000000000,0092.734,0004.049,0000.635,0174
 
000140142,000000000,000000000,0092.718,0004.042,0000.627,0178
 
000140162,000000000,000000000,0092.698,0004.061,0000.623,0006
 
000140182,000000000,000000000,0092.690,0004.054,0000.618,0167
 
000140202,000000000,000000000,0092.667,0004.049,0000.613,0178
 
000140222,000000000,000000000,0092.656,0004.108,0000.608,0006
 
000140242,000000000,000000000,0092.633,0004.099,0000.605,0176
 
000140262,000000000,000000000,0092.604,0004.093,0000.623,0179
 
000140282,000000000,000000000,0092.580,0004.108,0000.619,0006
 
000140302,000000000,000000000,0092.555,0004.101,0000.615,0179
 
000140322,000000000,000000000,0092.548,0004.113,0000.629,0166
 
000140342,000000000,000000000,0092.531,0004.105,0000.625,0006
 
000140362,000000000,000000000,0092.519,0004.116,0000.620,0179
 
000140382,000000000,000000000,0092.495,0004.129,0000.616,0167
 
000140402,000000000,000000000,0092.481,0004.119,0000.632,0006
 
000140422,000000000,000000000,0092.470,0004.130,0000.628,0179
 
000140442,000000000,000000000,0092.469,0004.143,0000.623,0167
 
000140462,000000000,000000000,0092.469,0004.135,0000.639,0166
 
000140482,000000000,000000000,0092.454,0004.125,0000.633,0167
 
000140502,000000000,000000000,0092.424,0004.158,0000.630,0166
 
000140522,000000000,000000000,0092.409,0004.141,0000.625,0166
 
000140542,000000000,000000000,0092.383,0004.132,0000.642,0169
 
000140562,000000000,000000000,0092.369,0004.141,0000.638,0167
 
000140582,000000000,000000000,0092.364,0004.174,0000.634,0167
 
000140602,000000000,000000000,0092.335,0004.139,0000.630,0177
 
000140622,000000000,000000000,0092.322,0004.127,0000.646,0167
 
000140642,000000000,000000000,0092.327,0004.140,0000.660,0179
 
000140662,000000000,000000000,0092.324,0004.153,0000.654,0177
 
000140682,000000000,000000000,0092.321,0004.143,0000.647,0167
 
000140702,000000000,000000000,0092.318,0004.150,0000.641,0167
 
000140722,000000000,000000000,0092.305,0004.141,0000.638,0173
 
000140742,000000000,000000000,0092.281,0004.129,0000.653,0167
 
000140762,000000000,000000000,0092.274,0004.160,0000.667,0006
 
000140782,000000000,000000000,0092.272,0004.170,0000.657,0006
 
000140802,000000000,000000000,0092.252,0004.155,0000.651,0171
 
000140822,000000000,000000000,0092.247,0004.142,0000.644,0006
 
000140842,000000000,000000000,0092.220,0004.152,0000.658,0173
 
000140862,000000000,000000000,0092.215,0004.163,0000.651,0167
 
000140882,000000000,000000000,0092.210,0004.150,0000.643,0179
 
000140902,000000000,000000000,0092.200,0004.141,0000.659,0173
 
000140922,000000000,000000000,0092.183,0004.152,0000.652,0178
 
000140942,000000000,000000000,0092.157,0004.139,0000.646,0006
 
000140962,000000000,000000000,0092.166,0004.129,0000.639,0176
 
000140982,000000000,000000000,0092.153,0004.140,0000.635,0006
 
000141002,000000000,000000000,0092.134,0004.133,0000.628,0006
 
000141022,000000000,000000000,0092.128,0004.125,0000.604,0176
 
000141042,000000000,000000000,0092.101,0004.136,0000.603,0166
 
000141062,000000000,000000000,0092.106,0004.147,0000.600,0166
 
000141082,000000000,000000000,0092.112,0004.154,0000.577,0177
 
000141102,000000000,000000000,0092.098,0004.140,0000.597,0166
 
000141122,000000000,000000000,0092.104,0004.150,0000.614,0006
 
000141142,000000000,000000000,0092.090,0004.136,0000.630,0179
 
000141162,000000000,000000000,0092.089,0004.148,0000.585,0167
 
000141182,000000000,000000000,0092.071,0004.136,0000.584,0166
 
000141202,000000000,000000000,0092.065,0004.146,0000.625,0169
 
000141222,000000000,000000000,0092.058,0004.120,0000.622,0166
 
000141242,000000000,000000000,0092.031,0004.091,0000.618,0167
 
000141262,000000000,000000000,0092.020,0004.085,0000.615,0169
 
000141282,000000000,000000000,0092.027,0004.075,0000.633,0167
 
000141302,000000000,000000000,0092.017,0004.072,0000.627,0166
 
000141322,000000000,000000000,0092.003,0004.089,0000.624,0177
 
000141342,000000000,000000000,0092.002,0004.064,0000.599,0167
 
000141362,000000000,000000000,0092.010,0004.100,0000.598,0173
 
000141382,000000000,000000000,0092.017,0004.092,0000.576,0177
 
000141402,000000000,000000000,0092.006,0004.086,0000.596,0167
 
000141422,000000000,000000000,0091.999,0004.058,0000.574,0173
 
000141442,000000000,000000000,0092.012,0004.074,0000.571,0179
 
000141462,000000000,000000000,0092.009,0004.110,0000.571,0167
 
000141482,000000000,000000000,0091.996,0004.119,0000.572,0006
 
000141502,000000000,000000000,0092.005,0004.066,0000.593,0166
 
000141522,000000000,000000000,0091.998,0004.084,0000.592,0171
 
000141542,000000000,000000000,0091.885,0004.099,0000.590,0006
 
000141562,000000000,000000000,0091.880,0004.136,0000.590,0173
 
000141582,000000000,000000000,0091.889,0004.125,0000.608,0171
 
000141602,000000000,000000000,0091.885,0004.138,0000.605,0006
 
000141622,000000000,000000000,0091.881,0004.170,0000.602,0176
 
000141642,000000000,000000000,0091.888,0004.157,0000.620,0178
 
000141662,000000000,000000000,0091.888,0004.169,0000.618,0006
 
000141682,000000000,000000000,0091.874,0004.176,0000.613,0176
 
000141702,000000000,000000000,0091.879,0004.163,0000.611,0166
 
000141722,000000000,000000000,0091.876,0004.172,0000.607,0006
 
000141742,000000000,000000000,0091.875,0004.164,0000.584,0179
 
000141762,000000000,000000000,0091.887,0004.129,0000.604,0178
 
000141782,000000000,000000000,0091.894,0004.120,0000.622,0006
 
000141802,000000000,000000000,0091.898,0004.173,0000.639,0179
 
000141822,000000000,000000000,0091.900,0004.182,0000.633,0167
 
000141842,000000000,000000000,0091.884,0004.149,0000.646,0006
 
000141862,000000000,000000000,0091.879,0004.118,0000.639,0179
 
000141882,000000000,000000000,0091.887,0004.129,0000.633,0167
 
000141902,000000000,000000000,0091.868,0004.121,0000.628,0166
 
000141922,000000000,000000000,0091.879,0004.113,0000.644,0169
 
000141942,000000000,000000000,0091.878,0004.125,0000.637,0166
 
000141962,000000000,000000000,0091.876,0004.159,0000.632,0166
 
000141982,000000000,000000000,0091.858,0004.147,0000.627,0169
 
000142002,000000000,000000000,0091.848,0004.159,0000.624,0167
 
000142022,000000000,000000000,0091.850,0004.168,0000.598,0166
 
000142042,000000000,000000000,0091.870,0004.154,0000.616,0169
 
000142062,000000000,000000000,0091.880,0004.122,0000.656,0167
 
000142082,000000000,000000000,0091.882,0004.154,0000.649,0173
 
000142102,000000000,000000000,0091.886,0004.164,0000.621,0177
 
000142122,000000000,000000000,0091.872,0004.154,0000.617,0167
 
000142142,000000000,000000000,0091.892,0004.143,0000.634,0173
 
000142162,000000000,000000000,0091.893,0004.135,0000.630,0179
 
000142182,000000000,000000000,0091.883,0004.146,0000.626,0167
 
000142202,000000000,000000000,0091.894,0004.137,0000.642,0173
 
000142222,000000000,000000000,0091.880,0004.128,0000.614,0179
 
000142242,000000000,000000000,0091.868,0004.118,0000.588,0178
 
000142262,000000000,000000000,0091.875,0004.151,0000.607,0006
 
000142282,000000000,000000000,0091.883,0004.141,0000.602,0169
 
000142302,000000000,000000000,0091.868,0004.128,0000.601,0171
 
000142322,000000000,000000000,0091.862,0004.139,0000.618,0006
 
000142342,000000000,000000000,0091.874,0004.125,0000.613,0173
 
000142362,000000000,000000000,0091.885,0004.115,0000.609,0006
 
000142382,000000000,000000000,0091.896,0004.107,0000.583,0006
 
000142402,000000000,000000000,0091.904,0004.097,0000.581,0176
 
000142422,000000000,000000000,0091.902,0004.088,0000.579,0171
 
000142442,000000000,000000000,0091.905,0004.059,0000.598,0006
 
000142462,000000000,000000000,0091.893,0004.058,0000.595,0177
 
000142482,000000000,000000000,0091.892,0004.057,0000.593,0006
 
000142502,000000000,000000000,0091.893,0004.013,0000.611,0006
 
000142522,000000000,000000000,0091.894,0003.987,0000.563,0179
 
000142542,000000000,000000000,0091.887,0004.010,0000.561,0167
 
000142562,000000000,000000000,0091.905,0004.050,0000.603,0166
 
000142582,000000000,000000000,0091.909,0004.068,0000.601,0177
 
000142602,000000000,000000000,0091.909,0004.067,0000.600,0007
 
000142622,000000000,000000000,0091.917,0004.083,0000.576,0006
 
000142642,000000000,000000000,0091.932,0004.101,0000.617,0179
 
