000188440,000000000,000000000,0117.357,0001.723,-000.694,0166
 
000188460,000000000,000000000,0117.360,0001.734,-000.698,0169
 
000188480,000000000,000000000,0117.370,0001.720,-000.702,0169
 
000188500,000000000,000000000,0117.360,0001.707,-000.728,0166
 
000188520,000000000,000000000,0117.349,0001.671,-000.729,0173
 
000188540,000000000,000000000,0117.348,0001.686,-000.728,0173
 
000188560,000000000,000000000,0117.353,0001.698,-000.731,0166
 
000188580,000000000,000000000,0117.356,0001.709,-000.711,0006
 
000188600,000000000,000000000,0117.344,0001.718,-000.713,0173
 
000188620,000000000,000000000,0117.346,0001.705,-000.695,0006
 
000188640,000000000,000000000,0117.352,0001.737,-000.677,0006
 
000188660,000000000,000000000,0117.362,0001.743,-000.681,0168
 
000188680,000000000,000000000,0117.368,0001.748,-000.687,0006
 
000188700,000000000,000000000,0117.369,0001.730,-000.671,0006
 
000188720,000000000,000000000,0117.377,0001.716,-000.656,0168
 
000188740,000000000,000000000,0117.372,0001.724,-000.664,0007
 
000188760,000000000,000000000,0117.385,0001.732,-000.671,0006
 
000188780,000000000,000000000,0117.384,0001.739,-000.679,0179
 
000188800,000000000,000000000,0117.375,0001.724,-000.686,0170
 
000188820,000000000,000000000,0117.374,0001.710,-000.670,0006
 
000188840,000000000,000000000,0117.375,0001.674,-000.656,0173
 
000188860,000000000,000000000,0117.376,0001.664,-000.687,0166
 
000188880,000000000,000000000,0117.367,0001.656,-000.692,0007
 
000188900,000000000,000000000,0117.353,0001.647,-000.697,0173
 
000188920,000000000,000000000,0117.360,0001.662,-000.677,0007
 
000188940,000000000,000000000,0117.360,0001.675,-000.661,0007
 
000188960,000000000,000000000,0117.357,0001.731,-000.670,0173
 
000188980,000000000,000000000,0117.347,0001.761,-000.655,0007
 
000189000,000000000,000000000,0117.353,0001.766,-000.664,0007
 
000189020,000000000,000000000,0117.348,0001.770,-000.673,0173
 
000189040,000000000,000000000,0117.337,0001.774,-000.659,0007
 
000189060,000000000,000000000,0117.336,0001.778,-000.669,0007
 
000189080,000000000,000000000,0117.332,0001.759,-000.698,0006
 
000189100,000000000,000000000,0117.331,0001.739,-000.683,0006
 
000189120,000000000,000000000,0117.326,0001.698,-000.690,0007
 
000189140,000000000,000000000,0117.331,0001.686,-000.719,0169
 
000189160,000000000,000000000,0117.328,0001.675,-000.745,0166
 
000189180,000000000,000000000,0117.329,0001.709,-000.769,0007
 
000189200,000000000,000000000,0117.327,0001.651,-000.768,0172
 
000189220,000000000,000000000,0117.342,0001.643,-000.721,0007
 
000189240,000000000,000000000,0117.332,0001.658,-000.725,0169
 
000189260,000000000,000000000,0117.332,0001.674,-000.706,0169
 
000189280,000000000,000000000,0117.336,0001.662,-000.689,0007
 
000189300,000000000,000000000,0117.348,0001.653,-000.673,0173
 
000189320,000000000,000000000,0117.351,0001.645,-000.682,0007
 
000189340,000000000,000000000,0117.359,0001.641,-000.645,0166
 
000189360,000000000,000000000,0117.354,0001.657,-000.634,0006
 
000189380,000000000,000000000,0117.360,0001.671,-000.643,0168
 
000189400,000000000,000000000,0117.360,0001.640,-000.653,0007
 
000189420,000000000,000000000,0117.356,0001.633,-000.687,0006
 
000189440,000000000,000000000,0117.358,0001.648,-000.670,0168
 
000189460,000000000,000000000,0117.357,0001.688,-000.678,0006
 
000189480,000000000,000000000,0117.361,0001.675,-000.707,0006
 
000189500,000000000,000000000,0117.363,0001.687,-000.734,0179
 
000189520,000000000,000000000,0117.372,0001.719,-000.737,0007
 
000189540,000000000,000000000,0117.366,0001.657,-000.739,0006
 
000189560,000000000,000000000,0117.362,0001.672,-000.741,0173
 
000189580,000000000,000000000,0117.374,0001.687,-000.744,0166
 
000189600,000000000,000000000,0117.378,0001.677,-000.745,0007
 
000189620,000000000,000000000,0117.391,0001.688,-000.725,0173
 
000189640,000000000,000000000,0117.399,0001.677,-000.729,0007
 
000189660,000000000,000000000,0117.396,0001.689,-000.732,0007
 
000189680,000000000,000000000,0117.401,0001.656,-000.737,0173
 
000189700,000000000,000000000,0117.405,0001.668,-000.762,0007
 
000189720,000000000,000000000,0117.411,0001.681,-000.783,0007
 
000189740,000000000,000000000,0117.414,0001.667,-000.757,0179
 
000189760,000000000,000000000,0117.419,0001.682,-000.759,0006
 
000189780,000000000,000000000,0117.432,0001.714,-000.757,0007
 
000189800,000000000,000000000,0117.414,0001.698,-000.759,0167
 
000189820,000000000,000000000,0117.421,0001.684,-000.760,0007
 
000189840,000000000,000000000,0117.421,0001.697,-000.759,0007
 
000189860,000000000,000000000,0117.417,0001.710,-000.762,0167
 
000189880,000000000,000000000,0117.435,0001.739,-000.740,0166
 
000189900,000000000,000000000,0117.423,0001.745,-000.743,0006
 
000189920,000000000,000000000,0117.419,0001.729,-000.745,0169
 
000189940,000000000,000000000,0117.426,0001.714,-000.727,0006
 
000189960,000000000,000000000,0117.419,0001.721,-000.730,0169
 
000189980,000000000,000000000,0117.412,0001.730,-000.710,0169
 
000190000,000000000,000000000,0117.413,0001.716,-000.716,0166
 
000190020,000000000,000000000,0117.419,0001.699,-000.719,0173
 
000190040,000000000,000000000,0117.422,0001.684,-000.724,0167
 
000190060,000000000,000000000,0117.426,0001.718,-000.729,0007
 
000190080,000000000,000000000,0117.427,0001.704,-000.733,0007
 
000190100,000000000,000000000,0117.429,0001.713,-000.758,0168
 
000190120,000000000,000000000,0117.435,0001.720,-000.736,0007
 
000190140,000000000,000000000,0117.432,0001.707,-000.717,0006
 
000190160,000000000,000000000,0117.433,0001.718,-000.723,0168
 
000190180,000000000,000000000,0117.438,0001.728,-000.726,0007
 
000190200,000000000,000000000,0117.435,0001.712,-000.728,0007
 
000190220,000000000,000000000,0117.420,0001.721,-000.730,0168
 
000190240,000000000,000000000,0117.432,0001.728,-000.711,0166
 
000190260,000000000,000000000,0117.430,0001.713,-000.714,0007
 
000190280,000000000,000000000,0117.421,0001.700,-000.698,0173
 
000190300,000000000,000000000,0117.411,0001.710,-000.705,0007
 
000190320,000000000,000000000,0117.408,0001.697,-000.689,0007
 
000190340,000000000,000000000,0117.411,0001.682,-000.699,0179
 
000190360,000000000,000000000,0117.411,0001.695,-000.728,0168
 
000190380,000000000,000000000,0117.431,0001.706,-000.732,0007
 
000190400,000000000,000000000,0117.437,0001.737,-000.736,0173
 
000190420,000000000,000000000,0117.440,0001.720,-000.717,0166
 
000190440,000000000,000000000,0117.438,0001.684,-000.721,0007
 
000190460,000000000,000000000,0117.442,0001.694,-000.725,0173
 
000190480,000000000,000000000,0117.447,0001.657,-000.728,0007
 
000190500,000000000,000000000,0117.433,0001.651,-000.711,0007
 
000190520,000000000,000000000,0117.431,0001.644,-000.692,0173
 
000190540,000000000,000000000,0117.424,0001.660,-000.700,0166
 
000190560,000000000,000000000,0117.422,0001.652,-000.687,0007
 
000190580,000000000,000000000,0117.427,0001.642,-000.696,0007
 
000190600,000000000,000000000,0117.442,0001.632,-000.702,0007
 
000190620,000000000,000000000,0117.443,0001.604,-000.730,0007
 
000190640,000000000,000000000,0117.454,0001.582,-000.710,0173
 
000190660,000000000,000000000,0117.462,0001.558,-000.738,0166
 
000190680,000000000,000000000,0117.462,0001.557,-000.742,0007
 
000190700,000000000,000000000,0117.461,0001.534,-000.766,0169
 
000190720,000000000,000000000,0117.472,0001.581,-000.767,0166
 
000190740,000000000,000000000,0117.478,0001.624,-000.768,0007
 
000190760,000000000,000000000,0117.479,0001.639,-000.725,0169
 
000190780,000000000,000000000,0117.487,0001.609,-000.708,0166
 
000190800,000000000,000000000,0117.488,0001.625,-000.713,0006
 
000190820,000000000,000000000,0117.507,0001.622,-000.719,0173
 
000190840,000000000,000000000,0117.497,0001.638,-000.681,0007
 
000190860,000000000,000000000,0117.509,0001.631,-000.689,0006
 
000190880,000000000,000000000,0117.514,0001.647,-000.718,0006
 
000190900,000000000,000000000,0117.522,0001.681,-000.701,0168
 
000190920,000000000,000000000,0117.529,0001.691,-000.688,0007
 
000190940,000000000,000000000,0117.515,0001.703,-000.675,0168
 
000190960,000000000,000000000,0117.503,0001.690,-000.663,0007
 
000190980,000000000,000000000,0117.490,0001.654,-000.673,0006
 
000191000,000000000,000000000,0117.504,0001.645,-000.684,0168
 
000191020,000000000,000000000,0117.500,0001.662,-000.693,0007
 
000191040,000000000,000000000,0117.505,0001.654,-000.678,0006
 
000191060,000000000,000000000,0117.505,0001.598,-000.688,0179
 
000191080,000000000,000000000,0117.503,0001.617,-000.694,0166
 
000191100,000000000,000000000,0117.498,0001.611,-000.681,0007
 
000191120,000000000,000000000,0117.505,0001.604,-000.690,0173
 
000191140,000000000,000000000,0117.516,0001.624,-000.701,0166
 
000191160,000000000,000000000,0117.514,0001.617,-000.707,0007
 
000191180,000000000,000000000,0117.504,0001.590,-000.648,0173
 
000191200,000000000,000000000,0117.503,0001.589,-000.659,0007
 
000191220,000000000,000000000,0117.497,0001.586,-000.649,0007
 
000191240,000000000,000000000,0117.507,0001.583,-000.661,0173
 
000191260,000000000,000000000,0117.499,0001.580,-000.651,0007
 
000191280,000000000,000000000,0117.491,0001.579,-000.662,0006
 
000191300,000000000,000000000,0117.485,0001.577,-000.674,0173
 
000191320,000000000,000000000,0117.472,0001.598,-000.706,0007
 
000191340,000000000,000000000,0117.467,0001.617,-000.715,0007
 
000191360,000000000,000000000,0117.468,0001.612,-000.721,0169
 
000191380,000000000,000000000,0117.473,0001.606,-000.682,0166
 
000191400,000000000,000000000,0117.473,0001.645,-000.670,0007
 
000191420,000000000,000000000,0117.473,0001.659,-000.680,0169
 
000191440,000000000,000000000,0117.478,0001.669,-000.666,0006
 
000191460,000000000,000000000,0117.482,0001.659,-000.654,0169
 
000191480,000000000,000000000,0117.457,0001.674,-000.667,0173
 
000191500,000000000,000000000,0117.459,0001.662,-000.677,0007
 
000191520,000000000,000000000,0117.468,0001.674,-000.688,0173
 
000191540,000000000,000000000,0117.463,0001.683,-000.696,0169
 
000191560,000000000,000000000,0117.454,0001.646,-000.683,0166
 
000191580,000000000,000000000,0117.458,0001.638,-000.671,0007
 
000191600,000000000,000000000,0117.459,0001.651,-000.681,0173
 
000191620,000000000,000000000,0117.458,0001.642,-000.691,0168
 
000191640,000000000,000000000,0117.458,0001.653,-000.701,0007
 
000191660,000000000,000000000,0117.461,0001.645,-000.708,0168
 
000191680,000000000,000000000,0117.447,0001.661,-000.715,0166
 
000191700,000000000,000000000,0117.454,0001.695,-000.720,0007
 
000191720,000000000,000000000,0117.455,0001.701,-000.703,0168
 
000191740,000000000,000000000,0117.460,0001.710,-000.712,0007
 
000191760,000000000,000000000,0117.454,0001.673,-000.718,0007
 
000191780,000000000,000000000,0117.451,0001.637,-000.704,0168
 
000191800,000000000,000000000,0117.447,0001.651,-000.713,0166
 
000191820,000000000,000000000,0117.456,0001.662,-000.742,0007
 
000191840,000000000,000000000,0117.465,0001.674,-000.725,0168
 
000191860,000000000,000000000,0117.466,0001.684,-000.709,0166
 
000191880,000000000,000000000,0117.466,0001.694,-000.716,0007
 
000191900,000000000,000000000,0117.471,0001.703,-000.723,0173
 
000191920,000000000,000000000,0117.459,0001.687,-000.730,0007
 
000191940,000000000,000000000,0117.457,0001.678,-000.757,0007
 
000191960,000000000,000000000,0117.454,0001.663,-000.759,0007
 
000191980,000000000,000000000,0117.445,0001.653,-000.741,0007
 
000192000,000000000,000000000,0117.445,0001.664,-000.770,0007
 
000192020,000000000,000000000,0117.446,0001.653,-000.772,0173
 
000192040,000000000,000000000,0117.453,0001.646,-000.751,0166
 
000192060,000000000,000000000,0117.448,0001.636,-000.734,0007
 
000192080,000000000,000000000,0117.444,0001.628,-000.739,0169
 
000192100,000000000,000000000,0117.456,0001.642,-000.744,0007
 
000192120,000000000,000000000,0117.454,0001.656,-000.728,0007
 
000192140,000000000,000000000,0117.440,0001.648,-000.736,0167
 
000192160,000000000,000000000,0117.439,0001.636,-000.742,0166
 
000192180,000000000,000000000,0117.443,0001.671,-000.747,0007
 
000192200,000000000,000000000,0117.443,0001.638,-000.750,0169
 
000192220,000000000,000000000,0117.445,0001.652,-000.752,0007
 
000192240,000000000,000000000,0117.453,0001.688,-000.756,0173
 
000192260,000000000,000000000,0117.454,0001.675,-000.762,0169
 
000192280,000000000,000000000,0117.456,0001.662,-000.742,0166
 
000192300,000000000,000000000,0117.464,0001.653,-000.749,0007
 
000192320,000000000,000000000,0117.469,0001.664,-000.754,0173
 
000192340,000000000,000000000,0117.469,0001.652,-000.758,0007
 
000192360,000000000,000000000,0117.470,0001.642,-000.763,0007
 
000192380,000000000,000000000,0117.459,0001.631,-000.767,0168
 
000192400,000000000,000000000,0117.470,0001.623,-000.768,0007
 
000192420,000000000,000000000,0117.473,0001.616,-000.770,0006
 
000192440,000000000,000000000,0117.464,0001.611,-000.751,0168
 
000192460,000000000,000000000,0117.473,0001.626,-000.733,0170
 
000192480,000000000,000000000,0117.476,0001.595,-000.741,0007
 
000192500,000000000,000000000,0117.481,0001.613,-000.724,0173
 
000192520,000000000,000000000,0117.475,0001.629,-000.730,0007
 
000192540,000000000,000000000,0117.484,0001.623,-000.713,0007
 
000192560,000000000,000000000,0117.486,0001.638,-000.722,0168
 
000192580,000000000,000000000,0117.485,0001.628,-000.706,0166
 
000192600,000000000,000000000,0117.475,0001.621,-000.690,0007
 
000192620,000000000,000000000,0117.487,0001.614,-000.701,0173
 
000192640,000000000,000000000,0117.485,0001.629,-000.710,0166
 
000192660,000000000,000000000,0117.483,0001.622,-000.718,0007
 
000192680,000000000,000000000,0117.489,0001.635,-000.702,0179
 
000192700,000000000,000000000,0117.493,0001.627,-000.691,0007
 
000192720,000000000,000000000,0117.493,0001.642,-000.678,0007
 
000192740,000000000,000000000,0117.487,0001.631,-000.688,0167
 
000192760,000000000,000000000,0117.489,0001.623,-000.699,0007
 
000192780,000000000,000000000,0117.483,0001.658,-000.709,0006
 
000192800,000000000,000000000,0117.488,0001.670,-000.740,0167
 
000192820,000000000,000000000,0117.478,0001.681,-000.726,0006
 
000192840,000000000,000000000,0117.467,0001.667,-000.733,0007
 
000192860,000000000,000000000,0117.478,0001.655,-000.739,0173
 
000192880,000000000,000000000,0117.483,0001.666,-000.744,0166
 
000192900,000000000,000000000,0117.484,0001.607,-000.750,0007
 
000192920,000000000,000000000,0117.494,0001.645,-000.731,0169
 
000192940,000000000,000000000,0117.494,0001.680,-000.762,0166
 
000192960,000000000,000000000,0117.498,0001.711,-000.743,0173
 
000192980,000000000,000000000,0117.498,0001.716,-000.727,0169
 
000193001,000000000,000000000,0117.505,0001.699,-000.733,1023
 
000193021,000000000,000000000,0117.511,0001.662,-000.717,1023
 
000193041,000000000,000000000,0117.493,0001.674,-000.704,1023
 
000193061,000000000,000000000,0117.486,0001.683,-000.693,1023
 
000193081,000000000,000000000,0117.484,0001.668,-000.704,1023
 
000193100,000000000,000000000,0117.473,0001.704,-000.669,1023
 
000193120,000000000,000000000,0117.393,0001.817,-000.682,0166
 
000193140,000000000,000000000,0117.237,0001.900,-000.695,0006
 
000193160,000000000,000000000,0116.957,0002.003,-000.704,0168
 
000193180,000000000,000000000,0116.619,0002.143,-000.697,0006
 
000193200,000000000,000000000,0116.159,0002.262,-000.705,0006
 
000193220,000000000,000000000,0115.636,0002.291,-000.722,0168
 
000193240,000000000,000000000,0114.993,0002.474,-000.726,0006
 
000193260,000000000,000000000,0114.214,0002.654,-000.731,0006
 
000193280,000000000,000000000,0113.413,0002.700,-000.753,0168
 
000193300,000000000,000000000,0112.558,0002.470,-000.754,0166
 
000193320,000000000,000000000,0111.743,0002.569,-000.736,0006
 
000193340,000000000,000000000,0111.041,0002.471,-000.730,0173
 
000193360,000000000,000000000,0110.416,0002.118,-000.729,0166
 
000193380,000000000,000000000,0109.905,0002.069,-000.705,0006
 
000193400,000000000,000000000,0109.393,0001.848,-000.719,0173
 
000193420,000000000,000000000,0108.875,0001.860,-000.676,0006
 
000193440,000000000,000000000,0108.294,0001.849,-000.690,0006
 
000193460,000000000,000000000,0107.708,0001.941,-000.696,0174
 
000193480,000000000,000000000,0107.068,0001.934,-000.769,0006
 
000193500,000000000,000000000,0106.520,0001.973,-000.721,0006
 
000193520,000000000,000000000,0106.060,0001.910,-000.697,0173
 
000193540,000000000,000000000,0105.651,0001.809,-000.649,0006
 
000193560,000000000,000000000,0105.223,0001.714,-000.681,0006
 
000193580,000000000,000000000,0104.832,0001.694,-000.659,0006
 
000193600,000000000,000000000,0104.443,0001.695,-000.710,0006
 
000193620,000000000,000000000,0104.006,0001.635,-000.710,0006
 
000193640,000000000,000000000,0103.601,0001.729,-000.681,0006
 
000193660,000000000,000000000,0103.226,0001.640,-000.715,0006
 
000193680,000000000,000000000,0102.819,0001.642,-000.703,0006
 
000193700,000000000,000000000,0102.475,0001.667,-000.673,0006
 
000193720,000000000,000000000,0102.108,0001.570,-000.663,0006
 
000193740,000000000,000000000,0101.791,0001.598,-000.633,0006
 
000193760,000000000,000000000,0101.535,0001.523,-000.651,0166
 
000193780,000000000,000000000,0101.323,0001.421,-000.674,0166
 
000193800,000000000,000000000,0101.084,0001.465,-000.638,0006
 
000193820,000000000,000000000,0100.829,0001.537,-000.610,0006
 
000193840,000000000,000000000,0100.607,0001.530,-000.607,0166
 
000193860,000000000,000000000,0100.385,0001.475,-000.632,0006
 
000193880,000000000,000000000,0100.160,0001.507,-000.599,0167
 
000193900,000000000,000000000,0099.895,0001.566,-000.624,0170
 
000193920,000000000,000000000,0099.651,0001.567,-000.591,0006
 
000193940,000000000,000000000,0099.428,0001.547,-000.571,0167
 
000193960,000000000,000000000,0099.209,0001.560,-000.573,0170
 
000193980,000000000,000000000,0099.021,0001.554,-000.574,0006
 
000194000,000000000,000000000,0098.852,0001.535,-000.594,0167
 
000194020,000000000,000000000,0098.738,0001.461,-000.588,0174
 
000194040,000000000,000000000,0098.712,0001.361,-000.588,0006
 
000194060,000000000,000000000,0098.736,0001.266,-000.608,0167
 
000194080,000000000,000000000,0098.799,0001.267,-000.628,0170
 
000194100,000000000,000000000,0098.945,0001.198,-000.606,0006
 
000194120,000000000,000000000,0099.056,0001.172,-000.629,0169
 
000194140,000000000,000000000,0099.088,0001.443,-000.618,0170
 
000194160,000000000,000000000,0099.101,0001.479,-000.616,0006
 
000194180,000000000,000000000,0099.101,0001.499,-000.610,0173
 
000194200,000000000,000000000,0099.121,0001.551,-000.608,0007
 
000194220,000000000,000000000,0099.145,0001.577,-000.605,0169
 
000194240,000000000,000000000,0099.158,0001.545,-000.623,0006
 
000194260,000000000,000000000,0099.167,0001.550,-000.619,0006
 
000194280,000000000,000000000,0099.193,0001.610,-000.613,0006
 
000194300,000000000,000000000,0099.204,0001.608,-000.610,0006
 
000194320,000000000,000000000,0099.209,0001.640,-000.605,0168
 
000194340,000000000,000000000,0099.221,0001.630,-000.626,0006
 
000194360,000000000,000000000,0099.235,0001.640,-000.599,0006
 
000194380,000000000,000000000,0099.249,0001.632,-000.622,0006
 
000194400,000000000,000000000,0099.264,0001.643,-000.618,0006
 
000194420,000000000,000000000,0099.286,0001.655,-000.591,0173
 
000194440,000000000,000000000,0099.289,0001.640,-000.590,0006
 
000194460,000000000,000000000,0099.295,0001.652,-000.609,0006
 
000194480,000000000,000000000,0099.288,0001.664,-000.607,0006
 
000194500,000000000,000000000,0099.301,0001.694,-000.605,0007
 
000194520,000000000,000000000,0099.312,0001.679,-000.626,0006
 
000194540,000000000,000000000,0099.313,0001.663,-000.645,0006
 
000194560,000000000,000000000,0099.326,0001.674,-000.617,0006
 
000194580,000000000,000000000,0099.339,0001.658,-000.635,0006
 
000194600,000000000,000000000,0099.339,0001.669,-000.632,0006
 
000194620,000000000,000000000,0099.351,0001.655,-000.671,0166
 
000194640,000000000,000000000,0099.356,0001.645,-000.706,0006
 
000194660,000000000,000000000,0099.363,0001.631,-000.694,0167
 
000194680,000000000,000000000,0099.365,0001.618,-000.707,0166
 
000194700,000000000,000000000,0099.389,0001.634,-000.696,0006
 
000194720,000000000,000000000,0099.397,0001.599,-000.686,0167
 
000194740,000000000,000000000,0099.405,0001.590,-000.699,0006
 
000194760,000000000,000000000,0099.423,0001.562,-000.710,0006
 
000194780,000000000,000000000,0099.423,0001.535,-000.677,0179
 
000194800,000000000,000000000,0099.433,0001.534,-000.711,0166
 
000194820,000000000,000000000,0099.441,0001.579,-000.723,0006
 
000194840,000000000,000000000,0099.449,0001.593,-000.733,0167
 
000194860,000000000,000000000,0099.458,0001.607,-000.719,0166
 
000194880,000000000,000000000,0099.465,0001.600,-000.686,0006
 
000194900,000000000,000000000,0099.470,0001.614,-000.676,0169
 
000194920,000000000,000000000,0099.482,0001.650,-000.712,0166
 
000194940,000000000,000000000,0099.478,0001.659,-000.655,0006
 
000194960,000000000,000000000,0099.489,0001.690,-000.670,0169
 
000194980,000000000,000000000,0099.504,0001.675,-000.683,0166
 
000195000,000000000,000000000,0099.516,0001.640,-000.672,0169
 
000195020,000000000,000000000,0099.529,0001.650,-000.685,0169
 
000195040,000000000,000000000,0099.536,0001.637,-000.677,0166
 
000195060,000000000,000000000,0099.531,0001.627,-000.668,0169
 
000195080,000000000,000000000,0099.550,0001.592,-000.681,0173
 
000195100,000000000,000000000,0099.543,0001.565,-000.694,0166
 
000195120,000000000,000000000,0099.550,0001.630,-000.662,0006
 
000195140,000000000,000000000,0099.553,0001.642,-000.655,0173
 
000195160,000000000,000000000,0099.559,0001.629,-000.672,0168
 
000195180,000000000,000000000,0099.562,0001.621,-000.687,0006
 
000195200,000000000,000000000,0099.564,0001.587,-000.678,0168
 
000195220,000000000,000000000,0099.577,0001.606,-000.690,0167
 
000195240,000000000,000000000,0099.592,0001.598,-000.680,0006
 
000195260,000000000,000000000,0099.586,0001.613,-000.691,0168
 
000195280,000000000,000000000,0099.598,0001.625,-000.703,0174
 
000195300,000000000,000000000,0099.603,0001.594,-000.691,0006
 
000195320,000000000,000000000,0099.602,0001.608,-000.702,0173
 
000195340,000000000,000000000,0099.615,0001.578,-000.690,0006
 
000195360,000000000,000000000,0099.626,0001.570,-000.702,0006
 
000195380,000000000,000000000,0099.635,0001.564,-000.691,0173
 
000195400,000000000,000000000,0099.644,0001.518,-000.682,0006
 
000195420,000000000,000000000,0099.659,0001.518,-000.694,0007
 
000195440,000000000,000000000,0099.681,0001.541,-000.707,0173
 
000195460,000000000,000000000,0099.685,0001.560,-000.716,0006
 
000195480,000000000,000000000,0099.697,0001.556,-000.725,0006
 
000195500,000000000,000000000,0099.704,0001.575,-000.734,0173
 
000195520,000000000,000000000,0099.711,0001.592,-000.719,0006
 
000195540,000000000,000000000,0099.724,0001.586,-000.729,0006
 
000195560,000000000,000000000,0099.718,0001.603,-000.739,0173
 
000195580,000000000,000000000,0099.723,0001.595,-000.746,0006
 
000195600,000000000,000000000,0099.737,0001.586,-000.729,0006
 
000195620,000000000,000000000,0099.736,0001.625,-000.739,0006
 
000195640,000000000,000000000,0099.741,0001.638,-000.726,0006
 
000195660,000000000,000000000,0099.751,0001.626,-000.736,0007
 
000195680,000000000,000000000,0099.753,0001.571,-000.764,0006
 
000195700,000000000,000000000,0099.766,0001.523,-000.769,0006
 
000195720,000000000,000000000,0099.759,0001.545,-000.753,0006
 
000195740,000000000,000000000,0099.766,0001.586,-000.716,0006
 
000195760,000000000,000000000,0099.774,0001.601,-000.749,0007
 
000195780,000000000,000000000,0099.769,0001.590,-000.735,0006
 
000195800,000000000,000000000,0099.764,0001.561,-000.700,0166
 
000195820,000000000,000000000,0099.770,0001.578,-000.710,0006
 
000195840,000000000,000000000,0099.776,0001.572,-000.720,0006
 
000195860,000000000,000000000,0099.769,0001.587,-000.710,0166
 
000195880,000000000,000000000,0099.770,0001.626,-000.722,0168
 
000195900,000000000,000000000,0099.777,0001.636,-000.709,0006
 
000195920,000000000,000000000,0099.773,0001.603,-000.677,0167
 
000195940,000000000,000000000,0099.775,0001.614,-000.690,0168
 
000195960,000000000,000000000,0099.769,0001.647,-000.703,0006
 
000195980,000000000,000000000,0099.795,0001.635,-000.694,0167
 
000196000,000000000,000000000,0099.783,0001.623,-000.682,0174
 
000196020,000000000,000000000,0099.773,0001.615,-000.697,0006
 
000196040,000000000,000000000,0099.774,0001.629,-000.690,0167
 
000196060,000000000,000000000,0099.773,0001.617,-000.680,0170
 
000196080,000000000,000000000,0099.763,0001.611,-000.696,0006
 
000196100,000000000,000000000,0099.770,0001.601,-000.710,0167
 
000196120,000000000,000000000,0099.760,0001.589,-000.698,0006
 
000196140,000000000,000000000,0099.764,0001.579,-000.711,0166
 
000196160,000000000,000000000,0099.772,0001.576,-000.700,0173
 
000196180,000000000,000000000,0099.774,0001.592,-000.732,0006
 
000196200,000000000,000000000,0099.782,0001.586,-000.743,0166
 
000196220,000000000,000000000,0099.789,0001.558,-000.728,0173
 
000196240,000000000,000000000,0099.792,0001.598,-000.737,0006
 
000196260,000000000,000000000,0099.795,0001.590,-000.701,0173
 
000196280,000000000,000000000,0099.801,0001.558,-000.712,0173
 
000196300,000000000,000000000,0099.804,0001.555,-000.723,0006
 
000196320,000000000,000000000,0099.805,0001.554,-000.690,0006
 
000196340,000000000,000000000,0099.805,0001.550,-000.658,0173
 
000196360,000000000,000000000,0099.804,0001.548,-000.674,0006
 
000196380,000000000,000000000,0099.818,0001.567,-000.691,0006
 
000196400,000000000,000000000,0099.822,0001.584,-000.683,0169
 
000196420,000000000,000000000,0099.832,0001.601,-000.676,0006
 
000196440,000000000,000000000,0099.837,0001.617,-000.690,0006
 
000196460,000000000,000000000,0099.842,0001.605,-000.660,0173
 
000196480,000000000,000000000,0099.845,0001.642,-000.676,0007
 
000196500,000000000,000000000,0099.844,0001.653,-000.690,0006
 
000196520,000000000,000000000,0099.859,0001.639,-000.727,0006
 
000196540,000000000,000000000,0099.860,0001.649,-000.690,0006
 
000196560,000000000,000000000,0099.849,0001.658,-000.684,0006
 
000196580,000000000,000000000,0099.853,0001.645,-000.698,0006
 
000196600,000000000,000000000,0099.860,0001.631,-000.691,0006
 
000196620,000000000,000000000,0099.866,0001.618,-000.682,0006
 
000196640,000000000,000000000,0099.854,0001.628,-000.695,0006
 
000196660,000000000,000000000,0099.862,0001.618,-000.687,0166
 
000196680,000000000,000000000,0099.866,0001.630,-000.679,0006
 
000196700,000000000,000000000,0099.853,0001.661,-000.671,0167
 
000196720,000000000,000000000,0099.858,0001.670,-000.664,0174
 
000196740,000000000,000000000,0099.854,0001.653,-000.659,0006
 
000196760,000000000,000000000,0099.847,0001.640,-000.677,0167
 
000196780,000000000,000000000,0099.843,0001.649,-000.672,0170
 
000196800,000000000,000000000,0099.843,0001.659,-000.667,0006
 
000196820,000000000,000000000,0099.851,0001.689,-000.684,0167
 
000196840,000000000,000000000,0099.848,0001.672,-000.678,0006
 
000196860,000000000,000000000,0099.852,0001.657,-000.693,0007
 
000196880,000000000,000000000,0099.848,0001.665,-000.709,0167
 
000196900,000000000,000000000,0099.848,0001.673,-000.702,0006
 
000196920,000000000,000000000,0099.855,0001.657,-000.712,0173
 
000196940,000000000,000000000,0099.837,0001.644,-000.725,0173
 
000196960,000000000,000000000,0099.849,0001.608,-000.713,0006
 
000196980,000000000,000000000,0099.852,0001.620,-000.724,0007
 
000197000,000000000,000000000,0099.854,0001.610,-000.735,0173
 
000197020,000000000,000000000,0099.854,0001.623,-000.723,0006
 
000197040,000000000,000000000,0099.852,0001.635,-000.713,0166
 
000197060,000000000,000000000,0099.860,0001.623,-000.680,0006
 
000197080,000000000,000000000,0099.868,0001.589,-000.672,0006
 
000197100,000000000,000000000,0099.870,0001.604,-000.687,0006
 
000197120,000000000,000000000,0099.879,0001.619,-000.681,0169
 
000197140,000000000,000000000,0099.884,0001.609,-000.720,0006
 
000197160,000000000,000000000,0099.878,0001.622,-000.731,0006
 
000197180,000000000,000000000,0099.876,0001.634,-000.719,0169
 
000197200,000000000,000000000,0099.872,0001.643,-000.730,0166
 
000197220,000000000,000000000,0099.870,0001.653,-000.740,0007
 
000197240,000000000,000000000,0099.875,0001.640,-000.728,0006
 
000197260,000000000,000000000,0099.874,0001.627,-000.736,0168
 
000197280,000000000,000000000,0099.877,0001.591,-000.702,0173
 
000197300,000000000,000000000,0099.865,0001.606,-000.694,0173
 
000197320,000000000,000000000,0099.883,0001.619,-000.707,0006
 
000197340,000000000,000000000,0099.890,0001.631,-000.721,0006
 
000197360,000000000,000000000,0099.874,0001.596,-000.711,0006
 
000197380,000000000,000000000,0099.872,0001.564,-000.700,0166
 
000197400,000000000,000000000,0099.872,0001.581,-000.713,0006
 
000197420,000000000,000000000,0099.878,0001.573,-000.680,0167
 
000197440,000000000,000000000,0099.879,0001.591,-000.673,0168
 
000197460,000000000,000000000,0099.883,0001.606,-000.668,0006
 
000197480,000000000,000000000,0099.892,0001.595,-000.662,0167
 
000197500,000000000,000000000,0099.878,0001.541,-000.656,0174
 
000197520,000000000,000000000,0099.883,0001.561,-000.696,0006
 
000197540,000000000,000000000,0099.894,0001.578,-000.709,0167
 
000197560,000000000,000000000,0099.906,0001.598,-000.680,0174
 
000197580,000000000,000000000,0099.911,0001.567,-000.697,0006
 
