000074832,000000000,000000000,0117.788,0001.506,-000.829,0168
 
000074851,000000000,000000000,0117.780,0001.513,-000.855,0166
 
000074871,000000000,000000000,0117.781,0001.519,-000.880,0169
 
000074891,000000000,000000000,0117.781,0001.548,-000.903,0173
 
000074911,000000000,000000000,0117.776,0001.548,-000.902,0006
 
000074931,000000000,000000000,0117.781,0001.596,-000.924,0006
 
000074951,000000000,000000000,0117.787,0001.615,-000.900,0168
 
000074971,000000000,000000000,0117.783,0001.610,-000.876,0166
 
000074991,000000000,000000000,0117.781,0001.628,-000.876,0006
 
000075011,000000000,000000000,0117.774,0001.645,-000.901,0173
 
000075031,000000000,000000000,0117.771,0001.658,-000.921,0007
 
000075051,000000000,000000000,0117.766,0001.651,-000.939,0006
 
000075071,000000000,000000000,0117.771,0001.647,-000.979,0173
 
000075091,000000000,000000000,0117.783,0001.664,-000.992,0166
 
000075111,000000000,000000000,0117.795,0001.654,-001.003,0006
 
000075131,000000000,000000000,0117.786,0001.688,-000.990,0173
 
000075151,000000000,000000000,0117.785,0001.676,-001.003,0170
 
000075171,000000000,000000000,0117.783,0001.687,-000.992,0006
 
000075191,000000000,000000000,0117.776,0001.675,-001.003,0173
 
000075211,000000000,000000000,0117.778,0001.708,-001.015,0007
 
000075231,000000000,000000000,0117.772,0001.694,-001.026,0007
 
000075251,000000000,000000000,0117.764,0001.683,-001.034,0173
 
000075271,000000000,000000000,0117.768,0001.672,-001.040,0006
 
000075291,000000000,000000000,0117.761,0001.662,-001.048,0006
 
000075311,000000000,000000000,0117.772,0001.653,-001.055,0006
 
000075331,000000000,000000000,0117.758,0001.664,-001.036,0007
 
000075351,000000000,000000000,0117.757,0001.653,-001.021,0007
 
000075371,000000000,000000000,0117.745,0001.664,-001.052,0173
 
000075391,000000000,000000000,0117.736,0001.677,-001.036,0166
 
000075411,000000000,000000000,0117.742,0001.665,-001.042,0006
 
000075431,000000000,000000000,0117.748,0001.676,-001.027,0007
 
000075451,000000000,000000000,0117.748,0001.687,-001.082,0006
 
000075471,000000000,000000000,0117.747,0001.698,-001.086,0173
 
000075491,000000000,000000000,0117.732,0001.687,-001.088,0169
 
000075511,000000000,000000000,0117.741,0001.697,-001.049,0166
 
000075531,000000000,000000000,0117.746,0001.661,-001.033,0173
 
000075551,000000000,000000000,0117.749,0001.697,-001.020,0169
 
000075571,000000000,000000000,0117.764,0001.706,-001.030,0006
 
000075591,000000000,000000000,0117.764,0001.714,-001.036,0166
 
000075611,000000000,000000000,0117.765,0001.678,-001.021,0168
 
000075631,000000000,000000000,0117.761,0001.666,-001.007,0166
 
000075651,000000000,000000000,0117.778,0001.678,-001.040,0006
 
000075671,000000000,000000000,0117.772,0001.689,-001.071,0006
 
000075691,000000000,000000000,0117.765,0001.701,-001.077,0168
 
000075711,000000000,000000000,0117.764,0001.686,-001.058,0006
 
000075731,000000000,000000000,0117.765,0001.627,-001.062,0179
 
000075751,000000000,000000000,0117.762,0001.597,-001.068,0006
 
000075771,000000000,000000000,0117.773,0001.617,-001.073,0007
 
000075791,000000000,000000000,0117.771,0001.631,-001.099,0179
 
000075811,000000000,000000000,0117.770,0001.624,-001.101,0166
 
000075831,000000000,000000000,0117.769,0001.639,-001.103,0007
 
000075851,000000000,000000000,0117.772,0001.608,-001.079,0173
 
000075871,000000000,000000000,0117.770,0001.624,-001.084,0166
 
000075891,000000000,000000000,0117.766,0001.639,-001.107,0007
 
000075911,000000000,000000000,0117.769,0001.633,-001.111,0173
 
000075931,000000000,000000000,0117.775,0001.666,-001.043,0006
 
000075951,000000000,000000000,0117.772,0001.699,-001.029,0007
 
000075971,000000000,000000000,0117.775,0001.686,-001.060,0006
 
000075991,000000000,000000000,0117.782,0001.695,-001.064,0006
 
000076011,000000000,000000000,0117.781,0001.703,-001.067,0006
 
000076031,000000000,000000000,0117.782,0001.711,-001.051,0173
 
000076051,000000000,000000000,0117.780,0001.673,-001.034,0166
 
000076071,000000000,000000000,0117.792,0001.663,-001.041,0007
 
000076091,000000000,000000000,0117.796,0001.676,-001.048,0007
 
000076111,000000000,000000000,0117.790,0001.663,-001.032,0007
 
000076131,000000000,000000000,0117.792,0001.675,-001.041,0006
 
000076151,000000000,000000000,0117.788,0001.684,-001.028,0007
 
000076171,000000000,000000000,0117.773,0001.715,-001.036,0006
 
000076191,000000000,000000000,0117.776,0001.721,-001.043,0167
 
000076211,000000000,000000000,0117.775,0001.703,-001.050,0169
 
000076231,000000000,000000000,0117.771,0001.712,-001.057,0166
 
000076251,000000000,000000000,0117.771,0001.700,-001.064,0169
 
000076271,000000000,000000000,0117.767,0001.706,-001.069,0173
 
000076291,000000000,000000000,0117.756,0001.712,-001.073,0166
 
000076311,000000000,000000000,0117.751,0001.696,-001.079,0006
 
000076331,000000000,000000000,0117.752,0001.659,-001.039,0006
 
000076351,000000000,000000000,0117.746,0001.672,-001.046,0168
 
000076371,000000000,000000000,0117.740,0001.663,-001.052,0006
 
000076391,000000000,000000000,0117.748,0001.676,-001.037,0168
 
000076411,000000000,000000000,0117.754,0001.685,-001.046,0007
 
000076431,000000000,000000000,0117.753,0001.674,-001.032,0007
 
000076451,000000000,000000000,0117.739,0001.684,-001.016,0168
 
000076471,000000000,000000000,0117.739,0001.674,-001.027,0171
 
000076491,000000000,000000000,0117.741,0001.664,-001.036,0006
 
000076511,000000000,000000000,0117.728,0001.653,-001.044,0179
 
000076531,000000000,000000000,0117.715,0001.667,-001.028,0170
 
000076551,000000000,000000000,0117.710,0001.676,-001.016,0007
 
000076571,000000000,000000000,0117.715,0001.686,-001.025,0179
 
000076591,000000000,000000000,0117.710,0001.672,-001.012,0166
 
000076611,000000000,000000000,0117.721,0001.661,-001.001,0007
 
000076631,000000000,000000000,0117.718,0001.649,-001.011,0173
 
000076651,000000000,000000000,0117.733,0001.641,-001.022,0166
 
000076671,000000000,000000000,0117.722,0001.635,-001.031,0007
 
000076691,000000000,000000000,0117.726,0001.627,-001.060,0007
 
000076711,000000000,000000000,0117.725,0001.621,-001.066,0007
 
000076731,000000000,000000000,0117.714,0001.615,-001.093,0007
 
000076751,000000000,000000000,0117.731,0001.630,-001.072,0173
 
000076771,000000000,000000000,0117.748,0001.623,-001.075,0166
 
000076791,000000000,000000000,0117.744,0001.637,-001.077,0007
 
000076811,000000000,000000000,0117.745,0001.650,-001.058,0173
 
000076831,000000000,000000000,0117.748,0001.686,-001.019,0007
 
000076851,000000000,000000000,0117.743,0001.717,-001.005,0006
 
000076871,000000000,000000000,0117.741,0001.722,-001.015,0169
 
000076891,000000000,000000000,0117.734,0001.682,-001.003,0166
 
000076911,000000000,000000000,0117.726,0001.691,-001.015,0007
 
000076931,000000000,000000000,0117.713,0001.722,-001.024,0007
 
000076951,000000000,000000000,0117.706,0001.727,-001.033,0007
 
000076971,000000000,000000000,0117.704,0001.733,-001.064,0007
 
000076991,000000000,000000000,0117.709,0001.713,-001.069,0006
 
000077011,000000000,000000000,0117.713,0001.698,-001.073,0007
 
000077031,000000000,000000000,0117.709,0001.682,-001.099,0169
 
000077051,000000000,000000000,0117.704,0001.667,-001.123,0173
 
000077071,000000000,000000000,0117.718,0001.659,-001.145,0007
 
000077091,000000000,000000000,0117.698,0001.646,-001.120,0007
 
000077111,000000000,000000000,0117.695,0001.637,-001.120,0173
 
000077131,000000000,000000000,0117.709,0001.694,-001.077,0168
 
000077151,000000000,000000000,0117.716,0001.700,-001.080,0006
 
000077171,000000000,000000000,0117.704,0001.710,-001.085,0007
 
000077191,000000000,000000000,0117.695,0001.696,-001.087,0166
 
000077211,000000000,000000000,0117.692,0001.703,-001.090,0173
 
000077231,000000000,000000000,0117.694,0001.691,-001.092,0168
 
000077251,000000000,000000000,0117.684,0001.679,-001.093,0007
 
000077271,000000000,000000000,0117.680,0001.686,-001.095,0007
 
000077291,000000000,000000000,0117.677,0001.654,-001.097,0179
 
000077311,000000000,000000000,0117.681,0001.644,-001.056,0166
 
000077331,000000000,000000000,0117.694,0001.634,-001.061,0007
 
000077351,000000000,000000000,0117.691,0001.623,-001.043,0173
 
000077371,000000000,000000000,0117.691,0001.638,-001.003,0166
 
000077391,000000000,000000000,0117.681,0001.673,-000.992,0006
 
000077411,000000000,000000000,0117.691,0001.639,-000.982,0173
 
000077431,000000000,000000000,0117.694,0001.631,-000.994,0007
 
000077451,000000000,000000000,0117.688,0001.620,-001.027,0007
 
000077471,000000000,000000000,0117.688,0001.658,-001.017,0173
 
000077491,000000000,000000000,0117.688,0001.668,-001.047,0006
 
000077511,000000000,000000000,0117.705,0001.676,-001.031,0007
 
000077531,000000000,000000000,0117.717,0001.642,-001.016,0173
 
000077551,000000000,000000000,0117.713,0001.633,-001.047,0007
 
000077571,000000000,000000000,0117.723,0001.623,-001.031,0007
 
000077591,000000000,000000000,0117.718,0001.615,-001.038,0007
 
000077611,000000000,000000000,0117.713,0001.629,-001.021,0007
 
000077631,000000000,000000000,0117.734,0001.643,-001.051,0166
 
000077651,000000000,000000000,0117.734,0001.679,-001.057,0167
 
000077671,000000000,000000000,0117.730,0001.663,-001.038,0166
 
000077691,000000000,000000000,0117.726,0001.631,-001.023,0007
 
000077711,000000000,000000000,0117.727,0001.667,-001.033,0173
 
000077731,000000000,000000000,0117.727,0001.697,-001.018,0166
 
000077751,000000000,000000000,0117.715,0001.704,-001.027,0173
 
000077771,000000000,000000000,0117.712,0001.709,-001.034,0173
 
000077791,000000000,000000000,0117.711,0001.716,-001.042,0166
 
000077811,000000000,000000000,0117.711,0001.677,-001.027,0006
 
000077831,000000000,000000000,0117.700,0001.685,-001.057,0166
 
000077851,000000000,000000000,0117.695,0001.671,-001.061,0171
 
000077871,000000000,000000000,0117.698,0001.657,-001.021,0173
 
000077891,000000000,000000000,0117.698,0001.645,-001.008,0173
 
000077911,000000000,000000000,0117.694,0001.680,-001.019,0168
 
000077931,000000000,000000000,0117.698,0001.667,-001.027,0006
 
000077951,000000000,000000000,0117.688,0001.674,-001.034,0168
 
000077971,000000000,000000000,0117.685,0001.664,-001.062,0168
 
000077991,000000000,000000000,0117.699,0001.654,-001.044,0007
 
000078011,000000000,000000000,0117.701,0001.620,-000.981,0168
 
000078031,000000000,000000000,0117.705,0001.633,-000.992,0175
 
000078051,000000000,000000000,0117.695,0001.646,-000.983,0005
 
000078071,000000000,000000000,0117.700,0001.634,-000.949,0179
 
000078091,000000000,000000000,0117.704,0001.599,-000.942,0168
 
000078111,000000000,000000000,0117.697,0001.615,-000.978,0006
 
000078131,000000000,000000000,0117.689,0001.651,-000.988,0173
 
000078151,000000000,000000000,0117.694,0001.639,-000.997,0166
 
000078171,000000000,000000000,0117.699,0001.626,-001.028,0006
 
000078191,000000000,000000000,0117.684,0001.640,-001.035,0173
 
000078211,000000000,000000000,0117.685,0001.675,-001.044,0007
 
000078231,000000000,000000000,0117.691,0001.682,-001.049,0007
 
000078251,000000000,000000000,0117.682,0001.690,-001.056,0173
 
000078271,000000000,000000000,0117.689,0001.677,-001.040,0166
 
000078291,000000000,000000000,0117.700,0001.662,-001.023,0007
 
000078311,000000000,000000000,0117.703,0001.650,-001.031,0007
 
000078331,000000000,000000000,0117.697,0001.686,-001.040,0007
 
000078351,000000000,000000000,0117.704,0001.648,-001.047,0006
 
000078371,000000000,000000000,0117.703,0001.658,-001.053,0007
 
000078391,000000000,000000000,0117.724,0001.670,-001.061,0007
 
000078411,000000000,000000000,0117.703,0001.681,-001.066,0007
 
000078431,000000000,000000000,0117.702,0001.712,-001.093,0007
 
000078451,000000000,000000000,0117.711,0001.718,-001.094,0007
 
000078471,000000000,000000000,0117.711,0001.699,-001.096,0007
 
000078491,000000000,000000000,0117.717,0001.688,-001.098,0006
 
000078511,000000000,000000000,0117.718,0001.631,-001.123,0007
 
000078531,000000000,000000000,0117.735,0001.601,-001.123,0173
 
000078551,000000000,000000000,0117.713,0001.593,-001.144,0168
 
000078571,000000000,000000000,0117.724,0001.608,-001.117,0166
 
000078591,000000000,000000000,0117.725,0001.622,-001.069,0006
 
000078611,000000000,000000000,0117.716,0001.635,-001.094,0173
 
000078631,000000000,000000000,0117.728,0001.649,-001.119,0166
 
000078651,000000000,000000000,0117.727,0001.637,-001.119,0006
 
000078671,000000000,000000000,0117.744,0001.650,-001.119,0007
 
000078691,000000000,000000000,0117.746,0001.617,-001.097,0170
 
000078711,000000000,000000000,0117.751,0001.609,-001.052,0006
 
000078731,000000000,000000000,0117.758,0001.603,-001.057,0168
 
000078751,000000000,000000000,0117.753,0001.620,-001.083,0170
 
000078771,000000000,000000000,0117.759,0001.634,-001.084,0007
 
000078791,000000000,000000000,0117.764,0001.602,-001.061,0173
 
000078811,000000000,000000000,0117.773,0001.618,-001.043,0007
 
000078831,000000000,000000000,0117.781,0001.653,-001.030,0007
 
000078851,000000000,000000000,0117.759,0001.619,-001.059,0173
 
000078871,000000000,000000000,0117.763,0001.587,-001.085,0166
 
000078891,000000000,000000000,0117.773,0001.607,-001.088,0006
 
000078911,000000000,000000000,0117.764,0001.622,-001.088,0173
 
000078931,000000000,000000000,0117.767,0001.634,-001.089,0166
 
000078951,000000000,000000000,0117.766,0001.649,-001.092,0007
 
000078971,000000000,000000000,0117.775,0001.637,-001.093,0173
 
000078991,000000000,000000000,0117.778,0001.627,-001.073,0007
 
000079011,000000000,000000000,0117.783,0001.619,-001.076,0007
 
000079031,000000000,000000000,0117.785,0001.612,-001.057,0179
 
000079051,000000000,000000000,0117.784,0001.605,-001.084,0007
 
000079071,000000000,000000000,0117.788,0001.597,-001.064,0007
 
000079091,000000000,000000000,0117.795,0001.612,-001.069,0007
 
000079111,000000000,000000000,0117.793,0001.605,-001.050,0007
 
000079131,000000000,000000000,0117.793,0001.619,-001.034,0006
 
000079151,000000000,000000000,0117.787,0001.654,-001.040,0173
 
000079171,000000000,000000000,0117.790,0001.618,-001.045,0166
 
000079191,000000000,000000000,0117.784,0001.630,-001.051,0007
 
000079211,000000000,000000000,0117.785,0001.644,-001.057,0006
 
000079231,000000000,000000000,0117.781,0001.677,-001.038,0007
 
000079251,000000000,000000000,0117.782,0001.685,-001.043,0007
 
000079271,000000000,000000000,0117.783,0001.693,-001.050,0169
 
000079291,000000000,000000000,0117.789,0001.675,-001.054,0166
 
000079311,000000000,000000000,0117.784,0001.659,-001.036,0169
 
000079331,000000000,000000000,0117.787,0001.668,-001.042,0168
 
000079351,000000000,000000000,0117.803,0001.699,-001.025,0166
 
000079371,000000000,000000000,0117.787,0001.705,-001.011,0006
 
000079391,000000000,000000000,0117.783,0001.711,-000.996,0173
 
000079411,000000000,000000000,0117.779,0001.738,-000.984,0171
 
000079431,000000000,000000000,0117.774,0001.717,-000.996,0006
 
000079451,000000000,000000000,0117.773,0001.720,-001.005,0168
 
000079471,000000000,000000000,0117.787,0001.682,-001.037,0171
 
000079491,000000000,000000000,0117.788,0001.669,-001.043,0169
 
000079511,000000000,000000000,0117.793,0001.678,-001.049,0168
 
000079531,000000000,000000000,0117.800,0001.663,-001.009,0166
 
000079551,000000000,000000000,0117.791,0001.647,-001.018,0006
 
000079571,000000000,000000000,0117.793,0001.656,-001.028,0173
 
000079591,000000000,000000000,0117.787,0001.664,-001.012,0170
 
000079611,000000000,000000000,0117.793,0001.674,-000.997,0007
 
000079631,000000000,000000000,0117.790,0001.681,-001.008,0173
 
000079651,000000000,000000000,0117.794,0001.688,-000.996,0007
 
000079671,000000000,000000000,0117.792,0001.672,-001.008,0007
 
000079692,000000000,000000000,0117.784,0001.681,-001.019,1023
 
000079712,000000000,000000000,0117.783,0001.667,-001.026,1023
 
000079732,000000000,000000000,0117.788,0001.673,-001.011,1023
 
000079752,000000000,000000000,0117.785,0001.681,-001.021,1023
 
000079772,000000000,000000000,0117.769,0001.706,-001.007,1023
 
000079791,000000000,000000000,0117.738,0001.741,-000.998,0007
 
000079811,000000000,000000000,0117.626,0001.730,-001.008,0173
 
000079831,000000000,000000000,0117.390,0001.868,-001.058,0166
 
000079851,000000000,000000000,0117.111,0001.902,-001.054,0006
 
000079871,000000000,000000000,0116.693,0002.036,-001.064,0006
 
000079891,000000000,000000000,0116.248,0002.148,-001.077,0006
 
000079911,000000000,000000000,0115.720,0002.109,-001.072,0006
 
000079931,000000000,000000000,0115.186,0002.137,-000.990,0006
 
000079951,000000000,000000000,0114.544,0002.035,-000.995,0166
 
000079971,000000000,000000000,0113.887,0002.101,-000.986,0006
 
000079991,000000000,000000000,0113.110,0002.083,-001.038,0006
 
000080011,000000000,000000000,0112.342,0002.155,-001.053,0007
 
000080031,000000000,000000000,0111.506,0002.132,-001.076,0173
 
000080051,000000000,000000000,0110.606,0001.981,-001.044,0168
 
000080071,000000000,000000000,0109.676,0002.009,-001.023,0166
 
000080091,000000000,000000000,0108.758,0002.091,-000.997,0006
 
000080111,000000000,000000000,0107.893,0002.066,-001.022,0007
 
000080131,000000000,000000000,0107.103,0001.848,-000.969,0166
 
000080151,000000000,000000000,0106.378,0001.553,-000.970,0006
 
000080171,000000000,000000000,0105.781,0001.504,-000.988,0169
 
000080191,000000000,000000000,0105.173,0001.435,-000.976,0168
 
000080211,000000000,000000000,0104.584,0001.490,-001.014,0006
 
000080231,000000000,000000000,0103.961,0001.474,-001.040,0167
 
000080251,000000000,000000000,0103.353,0001.411,-001.030,0174
 
000080271,000000000,000000000,0102.804,0001.398,-000.966,0006
 
000080291,000000000,000000000,0102.261,0001.260,-000.980,0167
 
000080311,000000000,000000000,0101.762,0001.275,-000.990,0170
 
000080331,000000000,000000000,0101.395,0001.028,-000.981,0007
 
000080351,000000000,000000000,0101.057,0000.979,-000.962,0167
 
000080371,000000000,000000000,0100.846,0000.979,-000.976,0006
 
000080391,000000000,000000000,0100.688,0000.911,-001.006,0166
 
000080411,000000000,000000000,0100.549,0000.911,-000.989,0173
 
000080431,000000000,000000000,0100.430,0000.953,-001.000,0007
 
000080451,000000000,000000000,0100.343,0000.978,-000.984,0173
 
000080471,000000000,000000000,0100.265,0001.033,-000.972,0173
 
000080491,000000000,000000000,0100.191,0001.094,-000.982,0007
 
000080511,000000000,000000000,0100.119,0001.158,-000.990,0173
 
000080531,000000000,000000000,0100.084,0001.190,-000.976,0173
 
000080551,000000000,000000000,0100.034,0001.199,-000.965,0007
 
000080571,000000000,000000000,0099.971,0001.273,-000.954,0006
 
000080591,000000000,000000000,0099.912,0001.341,-000.968,0173
 
000080611,000000000,000000000,0099.866,0001.357,-000.956,0007
 
000080631,000000000,000000000,0099.825,0001.349,-000.969,0007
 
000080651,000000000,000000000,0099.782,0001.367,-000.961,0179
 
000080671,000000000,000000000,0099.754,0001.424,-000.950,0007
 
000080691,000000000,000000000,0099.731,0001.453,-000.943,0007
 
000080711,000000000,000000000,0099.714,0001.483,-000.957,0007
 
000080731,000000000,000000000,0099.681,0001.486,-000.945,0007
 
000080751,000000000,000000000,0099.622,0001.485,-000.890,0007
 
000080771,000000000,000000000,0099.556,0001.487,-000.908,0006
 
000080791,000000000,000000000,0099.498,0001.508,-000.922,0170
 
000080811,000000000,000000000,0099.421,0001.554,-000.891,0007
 
000080831,000000000,000000000,0099.364,0001.573,-000.866,0007
 
000080851,000000000,000000000,0099.314,0001.587,-000.887,0170
 
000080871,000000000,000000000,0099.261,0001.606,-000.887,0169
 
000080891,000000000,000000000,0099.213,0001.614,-000.883,0007
 
000080911,000000000,000000000,0099.181,0001.630,-000.905,0166
 
000080931,000000000,000000000,0099.180,0001.595,-000.877,0006
 
000080951,000000000,000000000,0099.190,0001.567,-000.878,0167
 
000080971,000000000,000000000,0099.197,0001.579,-000.895,0168
 
000080991,000000000,000000000,0099.217,0001.595,-000.914,0006
 
000081011,000000000,000000000,0099.238,0001.610,-000.907,0167
 
000081031,000000000,000000000,0099.252,0001.642,-000.902,0171
 
000081051,000000000,000000000,0099.251,0001.633,-000.921,0166
 
000081071,000000000,000000000,0099.260,0001.618,-000.912,0167
 
000081091,000000000,000000000,0099.264,0001.632,-000.930,0007
 
000081111,000000000,000000000,0099.268,0001.616,-000.945,0166
 
000081131,000000000,000000000,0099.260,0001.631,-000.961,0173
 
000081151,000000000,000000000,0099.266,0001.639,-000.927,0006
 
000081171,000000000,000000000,0099.289,0001.650,-000.899,0169
 
000081191,000000000,000000000,0099.295,0001.657,-000.893,0173
 
000081211,000000000,000000000,0099.288,0001.647,-000.891,0006
 
000081231,000000000,000000000,0099.296,0001.594,-000.910,0169
 
000081251,000000000,000000000,0099.302,0001.563,-000.926,0006
 
000081271,000000000,000000000,0099.313,0001.584,-000.920,0006
 
000081291,000000000,000000000,0099.323,0001.554,-000.892,0169
 
000081311,000000000,000000000,0099.336,0001.552,-000.891,0173
 
000081331,000000000,000000000,0099.334,0001.570,-000.909,0006
 
000081351,000000000,000000000,0099.334,0001.567,-000.925,0006
 
000081371,000000000,000000000,0099.333,0001.560,-000.896,0168
 
000081391,000000000,000000000,0099.339,0001.620,-000.870,0006
 
000081411,000000000,000000000,0099.347,0001.630,-000.892,0169
 
000081431,000000000,000000000,0099.349,0001.643,-000.910,0006
 
000081451,000000000,000000000,0099.349,0001.627,-000.928,0006
 
000081471,000000000,000000000,0099.353,0001.638,-000.943,0006
 
000081491,000000000,000000000,0099.354,0001.626,-000.934,0006
 
000081511,000000000,000000000,0099.360,0001.592,-000.948,0170
 
000081531,000000000,000000000,0099.364,0001.584,-000.982,0006
 
000081551,000000000,000000000,0099.365,0001.598,-000.993,0006
 
000081571,000000000,000000000,0099.365,0001.591,-000.980,0006
 
000081591,000000000,000000000,0099.377,0001.584,-000.968,0006
 
000081611,000000000,000000000,0099.376,0001.576,-001.001,0006
 
000081631,000000000,000000000,0099.386,0001.591,-000.988,0166
 
000081651,000000000,000000000,0099.392,0001.559,-000.975,0006
 
000081671,000000000,000000000,0099.392,0001.552,-000.987,0167
 
000081691,000000000,000000000,0099.390,0001.548,-000.974,0006
 
000081711,000000000,000000000,0099.387,0001.567,-000.941,0007
 
000081731,000000000,000000000,0099.390,0001.563,-000.956,0167
 
000081751,000000000,000000000,0099.407,0001.580,-000.968,0166
 
000081771,000000000,000000000,0099.415,0001.596,-000.978,0166
 
000081791,000000000,000000000,0099.413,0001.586,-000.966,0007
 
000081811,000000000,000000000,0099.416,0001.581,-000.955,0007
 
000081831,000000000,000000000,0099.420,0001.573,-000.921,0166
 
000081851,000000000,000000000,0099.422,0001.568,-000.916,0173
 
000081871,000000000,000000000,0099.427,0001.562,-000.910,0006
 
000081891,000000000,000000000,0099.443,0001.579,-000.926,0166
 
000081911,000000000,000000000,0099.445,0001.595,-000.917,0173
 
000081931,000000000,000000000,0099.449,0001.609,-000.933,0006
 
000081951,000000000,000000000,0099.452,0001.603,-000.927,0169
 
000081971,000000000,000000000,0099.448,0001.616,-000.920,0169
 
000081991,000000000,000000000,0099.452,0001.603,-000.890,0007
 
000082011,000000000,000000000,0099.455,0001.617,-000.908,0169
 
000082031,000000000,000000000,0099.453,0001.585,-000.925,0006
 
000082051,000000000,000000000,0099.459,0001.599,-000.917,0168
 
000082071,000000000,000000000,0099.465,0001.634,-000.911,0007
 
000082091,000000000,000000000,0099.461,0001.641,-000.906,0170
 
000082111,000000000,000000000,0099.470,0001.603,-000.900,0007
 
000082131,000000000,000000000,0099.469,0001.616,-000.917,0006
 
000082151,000000000,000000000,0099.487,0001.650,-000.911,0168
 
000082171,000000000,000000000,0099.496,0001.659,-000.906,0006
 
000082191,000000000,000000000,0099.488,0001.620,-000.923,0006
 
000082211,000000000,000000000,0099.500,0001.634,-000.938,0006
 
000082231,000000000,000000000,0099.495,0001.599,-000.929,0170
 
000082251,000000000,000000000,0099.495,0001.612,-000.922,0007
 
000082271,000000000,000000000,0099.500,0001.647,-000.917,0168
 
000082291,000000000,000000000,0099.504,0001.632,-000.911,0007
 
000082311,000000000,000000000,0099.509,0001.618,-000.881,0007
 
000082331,000000000,000000000,0099.499,0001.628,-000.901,0169
 
000082351,000000000,000000000,0099.499,0001.661,-000.942,0007
 
000082371,000000000,000000000,0099.498,0001.669,-000.934,0007
 
000082391,000000000,000000000,0099.490,0001.676,-000.948,0166
 
000082411,000000000,000000000,0099.493,0001.681,-000.916,0008
 
000082431,000000000,000000000,0099.502,0001.684,-000.888,0006
 
000082451,000000000,000000000,0099.507,0001.688,-000.886,0167
 
000082471,000000000,000000000,0099.524,0001.671,-000.928,0166
 
000082491,000000000,000000000,0099.515,0001.676,-000.920,0006
 
000082511,000000000,000000000,0099.513,0001.634,-000.892,0167
 
000082531,000000000,000000000,0099.518,0001.599,-000.868,0174
 
000082551,000000000,000000000,0099.529,0001.611,-000.888,0007
 
000082571,000000000,000000000,0099.526,0001.624,-000.907,0167
 
000082591,000000000,000000000,0099.521,0001.610,-000.924,0006
 
000082611,000000000,000000000,0099.523,0001.642,-000.917,0167
 
000082631,000000000,000000000,0099.529,0001.650,-000.887,0173
 
000082651,000000000,000000000,0099.525,0001.636,-000.886,0007
 
000082671,000000000,000000000,0099.530,0001.645,-000.882,0169
 
000082691,000000000,000000000,0099.529,0001.633,-000.901,0167
 
000082711,000000000,000000000,0099.510,0001.620,-000.941,0007
 
000082731,000000000,000000000,0099.509,0001.608,-000.911,0169
 
000082751,000000000,000000000,0099.496,0001.666,-000.928,0006
 
000082771,000000000,000000000,0099.484,0001.694,-000.965,0168
 
000082791,000000000,000000000,0099.480,0001.676,-000.957,0007
 
000082811,000000000,000000000,0099.485,0001.656,-000.946,0168
 
000082831,000000000,000000000,0099.492,0001.664,-000.936,0006
 
000082851,000000000,000000000,0099.490,0001.670,-000.928,0006
 
000082871,000000000,000000000,0099.498,0001.655,-000.921,0173
 
000082891,000000000,000000000,0099.487,0001.642,-000.915,0007
 
000082911,000000000,000000000,0099.479,0001.604,-000.930,0006
 
000082931,000000000,000000000,0099.482,0001.617,-000.922,0007
 
000082951,000000000,000000000,0099.487,0001.606,-000.937,0168
 
000082971,000000000,000000000,0099.486,0001.618,-000.951,0007
 
000082991,000000000,000000000,0099.493,0001.631,-000.963,0007
 
000083011,000000000,000000000,0099.484,0001.617,-000.953,0007
 
000083031,000000000,000000000,0099.479,0001.628,-000.990,0006
 
000083051,000000000,000000000,0099.480,0001.661,-000.999,0179
 
000083071,000000000,000000000,0099.490,0001.642,-000.984,0007
 
000083091,000000000,000000000,0099.477,0001.628,-000.993,0006
 
000083111,000000000,000000000,0099.484,0001.613,-001.000,0006
 
000083131,000000000,000000000,0099.473,0001.626,-001.009,0006
 
000083151,000000000,000000000,0099.481,0001.614,-001.015,0007
 
000083171,000000000,000000000,0099.484,0001.602,-001.022,0167
 
000083191,000000000,000000000,0099.479,0001.614,-001.027,0166
 
000083211,000000000,000000000,0099.480,0001.605,-001.011,0006
 
000083231,000000000,000000000,0099.466,0001.594,-001.017,0167
 
000083251,000000000,000000000,0099.460,0001.605,-001.023,0007
 
000083271,000000000,000000000,0099.465,0001.593,-000.985,0166
 
000083291,000000000,000000000,0099.465,0001.584,-000.970,0179
 
000083311,000000000,000000000,0099.463,0001.599,-001.002,0166
 
000083331,000000000,000000000,0099.467,0001.590,-000.986,0006
 
000083351,000000000,000000000,0099.478,0001.605,-000.974,0169
 
000083371,000000000,000000000,0099.475,0001.596,-000.984,0007
 
000083391,000000000,000000000,0099.474,0001.588,-000.993,0169
 
000083411,000000000,000000000,0099.484,0001.579,-000.979,0173
 
000083431,000000000,000000000,0099.493,0001.570,-000.967,0007
 
000083451,000000000,000000000,0099.515,0001.542,-000.958,0169
 
000083471,000000000,000000000,0099.520,0001.559,-000.947,0173
 
000083491,000000000,000000000,0099.534,0001.553,-000.917,0007
 
000083511,000000000,000000000,0099.550,0001.571,-000.911,0006
 
000083531,000000000,000000000,0099.534,0001.563,-000.949,0169
 
000083551,000000000,000000000,0099.521,0001.601,-000.962,0007
 
000083571,000000000,000000000,0099.512,0001.590,-000.950,0169
 
000083591,000000000,000000000,0099.510,0001.601,-000.940,0006
 
000083611,000000000,000000000,0099.499,0001.612,-000.932,0168
 
000083631,000000000,000000000,0099.500,0001.624,-000.924,0007
 
000083651,000000000,000000000,0099.501,0001.635,-000.920,0168
 
000083671,000000000,000000000,0099.499,0001.622,-000.912,0006
 
000083691,000000000,000000000,0099.500,0001.612,-000.906,0007
 
000083711,000000000,000000000,0099.508,0001.646,-000.923,0169
 
000083731,000000000,000000000,0099.506,0001.654,-000.914,0006
 
000083751,000000000,000000000,0099.517,0001.660,-000.908,0006
 
000083771,000000000,000000000,0099.521,0001.622,-000.945,0168
 
000083791,000000000,000000000,0099.530,0001.633,-000.936,0007
 
000083811,000000000,000000000,0099.535,0001.643,-000.950,0006
 
000083831,000000000,000000000,0099.540,0001.653,-000.961,0169
 
000083851,000000000,000000000,0099.530,0001.636,-000.948,0166
 
000083871,000000000,000000000,0099.530,0001.624,-000.959,0007
 
000083891,000000000,000000000,0099.533,0001.633,-000.970,0167
 
000083911,000000000,000000000,0099.540,0001.641,-000.983,0166
 
000083931,000000000,000000000,0099.545,0001.626,-001.014,0007
 
000083951,000000000,000000000,0099.531,0001.635,-001.018,0167
 
000083971,000000000,000000000,0099.533,0001.643,-001.004,0007
 
000083991,000000000,000000000,0099.534,0001.630,-001.011,0007
 
000084011,000000000,000000000,0099.534,0001.573,-001.018,0167
 
000084031,000000000,000000000,0099.533,0001.586,-001.024,0166
 
000084051,000000000,000000000,0099.533,0001.598,-001.007,0007
 
000084071,000000000,000000000,0099.532,0001.588,-001.015,0168
 
000084091,000000000,000000000,0099.522,0001.533,-001.020,0170
 
000084111,000000000,000000000,0099.522,0001.508,-001.027,0006
 
000084131,000000000,000000000,0099.520,0001.529,-000.988,0169
 
000084151,000000000,000000000,0099.535,0001.525,-000.997,0007
 
000084171,000000000,000000000,0099.544,0001.565,-000.982,0169
 
000084191,000000000,000000000,0099.544,0001.579,-000.970,0173
 
000084211,000000000,000000000,0099.549,0001.593,-000.937,0007
 
000084231,000000000,000000000,0099.552,0001.604,-000.929,0006
 
000084251,000000000,000000000,0099.548,0001.615,-000.921,0173
 
000084271,000000000,000000000,0099.538,0001.600,-000.890,0007
 
000084291,000000000,000000000,0099.540,0001.546,-000.906,0007
 
000084311,000000000,000000000,0099.534,0001.589,-000.899,0173
 
000084331,000000000,000000000,0099.539,0001.603,-000.938,0007
 
000084351,000000000,000000000,0099.542,0001.590,-000.949,0006
 
000084371,000000000,000000000,0099.559,0001.580,-000.918,0006
 
000084391,000000000,000000000,0099.557,0001.616,-000.909,0006
 
000084411,000000000,000000000,0099.557,0001.604,-000.927,0007
 
000084431,000000000,000000000,0099.549,0001.591,-000.942,0173
 
000084451,000000000,000000000,0099.542,0001.604,-000.975,0166
 
000084471,000000000,000000000,0099.558,0001.593,-000.962,0007
 
000084491,000000000,000000000,0099.554,0001.606,-000.953,0006
 
000084511,000000000,000000000,0099.553,0001.594,-000.986,0007
 
000084531,000000000,000000000,0099.555,0001.607,-000.996,0007
 
000084551,000000000,000000000,0099.555,0001.618,-000.981,0169
 
000084571,000000000,000000000,0099.554,0001.581,-000.987,0006
 
000084591,000000000,000000000,0099.557,0001.572,-000.973,0006
 
000084611,000000000,000000000,0099.558,0001.586,-000.962,0166
 
000084631,000000000,000000000,0099.540,0001.575,-000.972,0166
 
000084651,000000000,000000000,0099.538,0001.565,-000.961,0006
 
