000147972,000000000,000000000,0114.391,0004.398,0000.735,0007
 
000147999,000000000,000000000,0114.578,0004.173,0000.246,0170
 
000148025,000000000,000000000,0114.225,0004.155,0000.735,0007
 
000148051,000000000,000000000,0114.534,0003.895,0000.244,0007
 
000148077,000000000,000000000,0113.532,0004.436,0000.494,0179
 
000148103,000000000,000000000,0113.934,0004.120,0000.728,0166
 
000148129,000000000,000000000,0114.077,0004.137,0000.731,0169
 
000148155,000000000,000000000,0114.782,0003.928,0000.492,0167
 
000148181,000000000,000000000,0113.920,0004.417,0000.492,0166
 
000148207,000000000,000000000,0114.391,0004.417,0000.492,0167
 
000148233,000000000,000000000,0114.024,0004.398,0000.979,0167
 
000148259,000000000,000000000,0114.916,0004.155,0000.490,0166
 
000148285,000000000,000000000,0113.862,0004.173,0000.492,0169
 
000148311,000000000,000000000,0114.145,0003.911,0000.490,0167
 
000148337,000000000,000000000,0114.426,0004.417,0000.492,0166
 
000148363,000000000,000000000,0113.956,0004.173,0000.492,0173
 
000148389,000000000,000000000,0113.414,0004.642,0000.735,0167
 
000148415,000000000,000000000,0114.400,0004.155,0000.490,0166
 
000148441,000000000,000000000,0114.145,0003.652,0000.488,0006
 
000148467,000000000,000000000,0113.731,0004.399,0000.490,0170
 
000148493,000000000,000000000,0114.872,0004.155,0000.490,0006
 
000148519,000000000,000000000,0114.155,0004.137,0000.731,0179
 
000148545,000000000,000000000,0114.471,0004.380,0000.244,0006
 
000148571,000000000,000000000,0114.052,0004.399,0000.490,0007
 
000148597,000000000,000000000,0115.661,0003.668,0000.490,0007
 
000148623,000000000,000000000,0113.644,0004.380,0000.731,0179
 
000148649,000000000,000000000,0114.317,0004.137,0000.731,0007
 
000148675,000000000,000000000,0113.892,0004.622,0000.488,0006
 
000148701,000000000,000000000,0114.086,0004.191,0000.741,0179
 
000148727,000000000,000000000,0114.535,0004.120,0000.728,0007
 
000148753,000000000,000000000,0113.674,0004.436,0000.247,0179
 
000148779,000000000,000000000,0114.508,0004.155,0000.490,0166
 
000148805,000000000,000000000,0114.065,0004.173,0000.492,0007
 
000148831,000000000,000000000,0114.400,0004.155,0000.490,0006
 
000148857,000000000,000000000,0115.095,0004.120,0000.486,0179
 
000148883,000000000,000000000,0113.899,0004.173,0000.738,0166
 
000148909,000000000,000000000,0113.546,0004.155,0000.490,0173
 
000148935,000000000,000000000,0114.795,0004.155,0000.490,0167
 
000148961,000000000,000000000,0114.001,0004.173,0000.738,0166
 
000148987,000000000,000000000,0115.262,0003.912,0000.245,0169
 
000149013,000000000,000000000,0113.982,0004.399,0000.490,0167
 
000149039,000000000,000000000,0113.692,0004.642,0000.490,0166
 
000149065,000000000,000000000,0114.220,0004.380,0000.488,0173
 
000149091,000000000,000000000,0113.491,0004.417,0000.492,0167
 
000149117,000000000,000000000,0114.418,0004.155,0000.490,0167
 
000149143,000000000,000000000,0114.523,0004.155,0000.490,0006
 
000149169,000000000,000000000,0114.916,0004.155,0000.490,0167
 
000149195,000000000,000000000,0114.456,0004.191,0000.494,0166
 
000149221,000000000,000000000,0113.706,0004.455,0000.496,0173
 
000149247,000000000,000000000,0113.606,0004.622,0000.731,0006
 
000149273,000000000,000000000,0113.930,0004.155,0000.490,0006
 
000149299,000000000,000000000,0114.218,0004.155,0000.735,0179
 
000149325,000000000,000000000,0113.841,0004.399,0000.490,0007
 
000149351,000000000,000000000,0113.418,0004.120,0000.728,0007
 
000149377,000000000,000000000,0114.293,0004.155,0000.245,0007
 
000149403,000000000,000000000,0114.294,0004.137,0000.975,0179
 
000149429,000000000,000000000,0114.890,0004.137,0000.488,0006
 
000149455,000000000,000000000,0113.498,0004.398,0000.735,0167
 
000149481,000000000,000000000,0113.294,0004.642,0000.735,0167
 
000149507,000000000,000000000,0114.299,0004.155,0000.735,0007
 
000149533,000000000,000000000,0115.007,0003.928,0000.492,0179
 
000149559,000000000,000000000,0113.328,0004.155,0000.490,0167
 
000149585,000000000,000000000,0113.808,0004.380,0000.731,0166
 
000149611,000000000,000000000,0115.057,0003.652,0000.488,0169
 
000149637,000000000,000000000,0114.437,0004.155,0000.735,0167
 
000149663,000000000,000000000,0113.830,0004.662,0000.492,0166
 
000149689,000000000,000000000,0114.169,0004.155,0000.245,0169
 
000149715,000000000,000000000,0114.098,0004.155,0000.490,0167
 
000149741,000000000,000000000,0114.296,0004.155,0000.490,0167
 
000149767,000000000,000000000,0114.771,0004.380,0000.488,0169
 
000149793,000000000,000000000,0114.370,0004.173,0000.738,0167
 
000149819,000000000,000000000,0114.535,0003.895,0000.731,0007
 
000149845,000000000,000000000,0114.296,0004.155,0000.490,0179
 
000149871,000000000,000000000,0113.614,0004.622,0000.731,0007
 
000149897,000000000,000000000,0113.654,0004.155,0000.979,0007
 
000149923,000000000,000000000,0114.698,0004.120,0000.728,0179
 
000149949,000000000,000000000,0114.013,0004.173,0000.492,0006
 
000149975,000000000,000000000,0113.297,0004.642,0000.490,0007
 
000150001,000000000,000000000,0113.991,0004.418,0000.000,0179
 
000150027,000000000,000000000,0114.430,0004.173,0000.492,0166
 
000150053,000000000,000000000,0113.907,0004.417,0000.738,0006
 
000150079,000000000,000000000,0113.380,0004.642,0000.735,0006
 
000150105,000000000,000000000,0114.416,0004.380,0000.731,0179
 
000150131,000000000,000000000,0114.722,0004.137,0000.488,0006
 
000150157,000000000,000000000,0114.540,0004.137,0000.488,0179
 
000150183,000000000,000000000,0114.002,0004.120,0000.728,0166
 
000150209,000000000,000000000,0113.967,0004.380,0000.488,0006
 
000150235,000000000,000000000,0114.334,0004.417,0000.492,0006
 
000150261,000000000,000000000,0113.958,0004.417,0000.492,0179
 
000150287,000000000,000000000,0114.292,0004.417,0000.492,0006
 
000150313,000000000,000000000,0114.430,0004.155,0000.490,0169
 
000150339,000000000,000000000,0113.900,0004.120,0000.971,0167
 
000150365,000000000,000000000,0114.302,0004.173,0000.246,0166
 
000150391,000000000,000000000,0114.264,0004.417,0000.738,0169
 
000150417,000000000,000000000,0113.429,0004.399,0000.490,0167
 
000150443,000000000,000000000,0114.022,0004.417,0000.738,0166
 
000150469,000000000,000000000,0113.639,0004.155,0000.490,0169
 
000150495,000000000,000000000,0114.182,0004.398,0000.735,0167
 
000150521,000000000,000000000,0113.428,0004.398,0000.735,0166
 
000150547,000000000,000000000,0114.758,0004.120,0000.728,0179
 
000150573,000000000,000000000,0113.548,0004.436,0000.494,0006
 
000150599,000000000,000000000,0114.322,0004.155,0000.490,0173
 
000150625,000000000,000000000,0115.179,0004.120,0000.728,0007
 
000150651,000000000,000000000,0114.062,0004.399,0000.000,0167
 
000150677,000000000,000000000,0114.208,0004.173,0000.738,0006
 
000150703,000000000,000000000,0113.253,0004.682,0000.494,0006
 
000150729,000000000,000000000,0115.218,0003.683,0000.738,0171
 
000150755,000000000,000000000,0114.674,0004.155,0000.490,0007
 
000150781,000000000,000000000,0114.090,0004.662,0000.246,0172
 
000150807,000000000,000000000,0113.712,0004.417,0000.492,0177
 
000150833,000000000,000000000,0113.712,0004.398,0000.735,0007
 
000150859,000000000,000000000,0113.991,0004.662,0000.246,0179
 
000150885,000000000,000000000,0114.883,0004.173,0000.492,0170
 
000150911,000000000,000000000,0114.156,0004.343,0000.483,0007
 
000150937,000000000,000000000,0114.322,0003.895,0000.731,0007
 
000150963,000000000,000000000,0113.899,0004.380,0000.488,0180
 
000150989,000000000,000000000,0114.695,0004.436,0000.494,0007
 
000151015,000000000,000000000,0114.402,0004.399,0000.490,0006
 
000151041,000000000,000000000,0113.596,0004.399,0000.490,0179
 
000151067,000000000,000000000,0113.728,0004.681,0000.741,0166
 
000151093,000000000,000000000,0113.945,0004.380,0000.488,0167
 
000151119,000000000,000000000,0115.282,0004.120,0000.486,0167
 
000151145,000000000,000000000,0114.923,0003.878,0000.486,0166
 
000151171,000000000,000000000,0114.622,0004.417,0000.492,0169
 
000151197,000000000,000000000,0113.607,0004.417,0000.738,0167
 
000151223,000000000,000000000,0113.811,0004.155,0000.490,0167
 
000151249,000000000,000000000,0113.447,0004.380,0000.731,0169
 
000151275,000000000,000000000,0113.971,0004.436,0000.247,0167
 
000151301,000000000,000000000,0114.301,0004.380,0000.244,0179
 
000151327,000000000,000000000,0114.148,0004.155,0000.490,0169
 
000151353,000000000,000000000,0115.252,0003.894,0000.975,0167
 
000151379,000000000,000000000,0114.507,0004.138,0000.244,0166
 
000151405,000000000,000000000,0114.665,0003.911,0000.735,0173
 
000151431,000000000,000000000,0114.355,0004.361,0000.486,0167
 
000151457,000000000,000000000,0114.321,0004.173,0000.246,0179
 
000151483,000000000,000000000,0113.946,0004.436,0000.247,0179
 
000151509,000000000,000000000,0114.510,0004.155,0000.490,0167
 
000151535,000000000,000000000,0113.568,0004.361,0000.728,0007
 
000151561,000000000,000000000,0114.010,0004.137,0000.731,0179
 
000151587,000000000,000000000,0114.436,0004.137,0000.488,0179
 
000151613,000000000,000000000,0114.117,0004.399,0000.490,0007
 
000151639,000000000,000000000,0114.887,0004.155,0000.735,0007
 
000151665,000000000,000000000,0114.477,0003.962,0000.248,0179
 
000151691,000000000,000000000,0114.396,0004.137,0000.731,0007
 
000151717,000000000,000000000,0113.054,0004.622,0000.731,0179
 
000151743,000000000,000000000,0114.583,0004.399,0000.490,0006
 
000151769,000000000,000000000,0114.278,0004.137,0000.731,0006
 
000151795,000000000,000000000,0114.154,0004.399,0000.490,0007
 
000151821,000000000,000000000,0113.802,0004.417,0000.738,0007
 
000151848,000000000,000000000,0113.487,0004.137,0000.731,0007
 
000151874,000000000,000000000,0113.094,0004.622,0000.731,1023
 
000151900,000000000,000000000,0115.051,0004.380,0000.244,1023
 
000151926,000000000,000000000,0115.380,0003.928,0000.492,1023
 
000151951,000000000,000000000,0114.225,0004.155,0000.735,1023
 
000151977,000000000,000000000,0114.007,0004.398,0000.735,0006
 
000152003,000000000,000000000,0114.083,0004.417,0000.492,0006
 
000152029,000000000,000000000,0111.478,0005.519,0000.722,0006
 
000152055,000000000,000000000,0110.751,0005.957,0000.498,0006
 
000152081,000000000,000000000,0111.014,0005.661,0000.494,0006
 
000152107,000000000,000000000,0113.069,0004.173,0000.738,0166
 
000152133,000000000,000000000,0108.660,0005.881,0000.492,0006
 
000152159,000000000,000000000,0112.812,0003.424,0000.735,0006
 
000152185,000000000,000000000,0108.869,0005.150,0000.738,0006
 
000152211,000000000,000000000,0108.672,0004.783,0000.479,0166
 
000152237,000000000,000000000,0107.954,0004.763,0000.503,0006
 
000152263,000000000,000000000,0106.749,0005.259,0000.959,0167
 
000152289,000000000,000000000,0110.458,0002.280,0000.761,0166
 
000152315,000000000,000000000,0108.511,0003.193,0000.492,0007
 
000152341,000000000,000000000,0104.713,0004.398,0000.979,0167
 
000152367,000000000,000000000,0106.770,0003.338,0000.716,0167
 
000152393,000000000,000000000,0103.839,0004.173,0000.738,0166
 
000152419,000000000,000000000,0102.945,0004.209,0000.496,0169
 
000152445,000000000,000000000,0102.885,0003.878,0000.728,0167
 
000152471,000000000,000000000,0100.106,0004.885,0000.735,0166
 
000152497,000000000,000000000,0100.183,0004.155,0000.979,0169
 
000152523,000000000,000000000,0098.572,0004.906,0000.492,0167
 
000152549,000000000,000000000,0099.945,0003.911,0000.490,0173
 
000152575,000000000,000000000,0097.588,0004.661,0000.738,0173
 
000152601,000000000,000000000,0097.884,0004.120,0000.971,0170
 
000152627,000000000,000000000,0096.933,0004.475,0000.747,0006
 
000152653,000000000,000000000,0097.977,0003.352,0000.479,0173
 
000152679,000000000,000000000,0096.861,0004.155,0000.490,0166
 
000152705,000000000,000000000,0096.573,0003.911,0000.735,0007
 
000152731,000000000,000000000,0097.214,0003.636,0000.728,0173
 
000152757,000000000,000000000,0094.792,0004.417,0000.492,0170
 
000152783,000000000,000000000,0094.617,0003.928,0000.738,0007
 
000152809,000000000,000000000,0094.841,0003.945,0000.741,0172
 
000152835,000000000,000000000,0095.569,0003.667,0000.735,0179
 
000152861,000000000,000000000,0094.015,0003.895,0000.731,0006
 
000152887,000000000,000000000,0092.629,0004.661,0000.738,0006
 
000152913,000000000,000000000,0091.501,0004.622,0000.975,0179
 
000152939,000000000,000000000,0093.373,0003.683,0000.492,0007
 
000152965,000000000,000000000,0092.542,0004.380,0000.488,0179
 
000152991,000000000,000000000,0091.958,0004.662,0000.492,0179
 
000153017,000000000,000000000,0092.425,0004.417,0000.738,0006
 
000153043,000000000,000000000,0093.933,0003.606,0000.722,0006
 
000153069,000000000,000000000,0093.648,0003.652,0000.488,0007
 
000153095,000000000,000000000,0094.624,0003.424,0000.490,0006
 
000153121,000000000,000000000,0092.103,0004.456,0000.248,0006
 
000153147,000000000,000000000,0091.647,0004.343,0000.725,0007
 
000153173,000000000,000000000,0092.513,0004.379,0000.975,0006
 
000153199,000000000,000000000,0093.188,0003.911,0000.735,0006
 
000153225,000000000,000000000,0093.490,0003.409,0000.488,0006
 
000153251,000000000,000000000,0091.792,0004.380,0000.488,0006
 
000153277,000000000,000000000,0092.080,0004.173,0000.492,0006
 
000153303,000000000,000000000,0092.582,0004.137,0000.488,0006
 
000153329,000000000,000000000,0093.518,0003.637,0000.486,0006
 
000153355,000000000,000000000,0092.661,0004.155,0000.490,0006
 
000153381,000000000,000000000,0091.760,0004.398,0000.735,0166
 
000153407,000000000,000000000,0091.001,0004.927,0000.741,0007
 
000153433,000000000,000000000,0091.730,0004.642,0000.490,0167
 
000153459,000000000,000000000,0091.946,0004.436,0000.741,0167
 
000153485,000000000,000000000,0093.179,0003.911,0000.735,0007
 
000153511,000000000,000000000,0091.273,0004.436,0000.988,0167
 
000153537,000000000,000000000,0092.685,0004.173,0000.738,0167
 
000153563,000000000,000000000,0093.084,0004.155,0000.735,0007
 
000153589,000000000,000000000,0092.041,0004.173,0000.492,0169
 
000153615,000000000,000000000,0091.766,0004.417,0000.492,0166
 
000153641,000000000,000000000,0092.045,0004.380,0000.731,0007
 
000153667,000000000,000000000,0091.154,0004.380,0000.488,0169
 
000153693,000000000,000000000,0092.051,0004.172,0000.984,0179
 
000153719,000000000,000000000,0091.605,0004.398,0000.735,0007
 
000153745,000000000,000000000,0091.475,0004.417,0000.738,0169
 
000153771,000000000,000000000,0092.151,0004.120,0000.728,0007
 
000153797,000000000,000000000,0092.753,0004.155,0000.490,0166
 
000153823,000000000,000000000,0092.567,0003.878,0000.728,0006
 
000153849,000000000,000000000,0092.703,0004.173,0000.492,0007
 
000153875,000000000,000000000,0093.167,0003.895,0000.731,0006
 
000153901,000000000,000000000,0092.226,0004.155,0000.490,0173
 
000153927,000000000,000000000,0091.800,0004.417,0000.738,0006
 
000153953,000000000,000000000,0091.172,0004.642,0000.490,0006
 
000153979,000000000,000000000,0093.456,0003.878,0000.971,0007
 
000154005,000000000,000000000,0091.716,0004.417,0000.492,0167
 
000154031,000000000,000000000,0091.424,0004.417,0000.492,0006
 
000154057,000000000,000000000,0091.987,0004.398,0000.979,0179
 
000154083,000000000,000000000,0092.325,0004.120,0000.486,0006
 
000154109,000000000,000000000,0091.749,0004.398,0000.735,0006
 
000154135,000000000,000000000,0092.418,0004.399,0000.490,0167
 
000154161,000000000,000000000,0093.010,0004.120,0000.728,0166
 
000154187,000000000,000000000,0092.506,0004.155,0000.490,0006
 
000154213,000000000,000000000,0092.433,0004.417,0000.492,0167
 
000154239,000000000,000000000,0091.920,0004.417,0000.492,0170
 
000154265,000000000,000000000,0092.760,0003.911,0000.735,0007
 
000154291,000000000,000000000,0091.814,0004.155,0000.490,0167
 
000154317,000000000,000000000,0090.899,0004.661,0000.984,0176
 
000154343,000000000,000000000,0091.855,0004.380,0000.731,0006
 
000154369,000000000,000000000,0091.741,0004.642,0000.735,0169
 
000154395,000000000,000000000,0091.805,0004.137,0000.731,0167
 
000154421,000000000,000000000,0091.762,0004.417,0000.492,0006
 
000154447,000000000,000000000,0092.076,0004.155,0000.735,0169
 
000154473,000000000,000000000,0092.013,0004.155,0000.490,0179
 
000154499,000000000,000000000,0092.051,0004.155,0000.490,0006
 
000154525,000000000,000000000,0092.032,0004.173,0000.246,0169
 
000154551,000000000,000000000,0091.861,0004.380,0000.488,0006
 
000154577,000000000,000000000,0092.039,0004.399,0000.490,0173
 
000154603,000000000,000000000,0092.694,0004.120,0000.971,0006
 
000154629,000000000,000000000,0091.237,0004.417,0000.492,0177
 
000154655,000000000,000000000,0091.802,0004.155,0000.735,0006
 
000154681,000000000,000000000,0092.133,0004.137,0000.731,0006
 
000154707,000000000,000000000,0092.197,0004.642,0000.490,0006
 
000154733,000000000,000000000,0091.540,0004.642,0000.735,0006
 
000154759,000000000,000000000,0090.923,0004.155,0000.490,0172
 
000154785,000000000,000000000,0091.989,0004.380,0000.731,0006
 
000154811,000000000,000000000,0091.748,0004.455,0000.496,0007
 
000154837,000000000,000000000,0091.027,0004.642,0000.735,0006
 
000154863,000000000,000000000,0091.636,0004.380,0000.488,0179
 
000154889,000000000,000000000,0092.903,0004.137,0000.731,0006
 
000154915,000000000,000000000,0091.556,0004.622,0000.731,0167
 
000154941,000000000,000000000,0092.757,0004.137,0000.731,0167
 
000154967,000000000,000000000,0092.068,0004.155,0000.735,0006
 
000154993,000000000,000000000,0092.434,0004.155,0000.490,0167
 
000155019,000000000,000000000,0091.957,0004.399,0000.490,0166
 
000155045,000000000,000000000,0091.691,0004.436,0000.494,0007
 
000155071,000000000,000000000,0091.601,0004.380,0000.488,0169
 
000155097,000000000,000000000,0091.895,0004.399,0000.245,0166
 
000155123,000000000,000000000,0092.413,0004.173,0000.492,0006
 
000155149,000000000,000000000,0091.920,0004.417,0000.984,0169
 
000155175,000000000,000000000,0092.031,0004.602,0000.971,0179
 
000155201,000000000,000000000,0091.484,0004.661,0000.738,0006
 
000155227,000000000,000000000,0091.602,0004.173,0000.492,0169
 
000155253,000000000,000000000,0091.348,0004.642,0000.490,0166
 
000155279,000000000,000000000,0092.260,0004.379,0000.975,0006
 
000155305,000000000,000000000,0092.047,0004.417,0000.738,0169
 
000155331,000000000,000000000,0091.823,0004.398,0000.735,0006
 
000155357,000000000,000000000,0091.869,0004.120,0000.728,0006
 
000155383,000000000,000000000,0091.583,0004.399,0000.490,0169
 
000155409,000000000,000000000,0092.718,0003.928,0000.492,0006
 
000155435,000000000,000000000,0092.598,0004.155,0000.735,0006
 
000155461,000000000,000000000,0092.686,0003.911,0000.735,0173
 
000155487,000000000,000000000,0092.219,0004.155,0000.735,0006
 
000155513,000000000,000000000,0091.755,0004.417,0000.492,0006
 
000155539,000000000,000000000,0092.572,0004.137,0000.975,0006
 
000155565,000000000,000000000,0093.377,0004.137,0000.731,0006
 
000155591,000000000,000000000,0091.698,0004.417,0000.738,0007
 
000155617,000000000,000000000,0092.968,0004.155,0000.735,0167
 
000155643,000000000,000000000,0091.803,0004.398,0000.735,0166
 
000155669,000000000,000000000,0092.956,0003.911,0000.735,0167
 
000155695,000000000,000000000,0091.862,0004.398,0000.735,0006
 
000155721,000000000,000000000,0092.008,0004.622,0000.975,0166
 
000155747,000000000,000000000,0091.803,0004.155,0000.490,0007
 
000155773,000000000,000000000,0092.475,0004.155,0000.490,0167
 
000155799,000000000,000000000,0092.351,0004.138,0000.244,0166
 
000155825,000000000,000000000,0092.548,0004.155,0000.735,0007
 
000155851,000000000,000000000,0092.655,0004.417,0000.738,0169
 
000155877,000000000,000000000,0092.654,0004.137,0000.731,0179
 
000155903,000000000,000000000,0092.882,0004.137,0001.219,0007
 
000155929,000000000,000000000,0092.429,0004.173,0000.492,0169
 
000155955,000000000,000000000,0092.960,0004.155,0000.490,0166
 
000155981,000000000,000000000,0092.257,0003.928,0000.246,0006
 
000156007,000000000,000000000,0092.448,0004.380,0000.488,0169
 
000156033,000000000,000000000,0091.334,0004.864,0000.975,0007
 
000156059,000000000,000000000,0091.957,0004.417,0000.738,0166
 
000156085,000000000,000000000,0091.937,0004.436,0000.741,0006
 
000156111,000000000,000000000,0091.426,0004.417,0000.738,0006
 
000156137,000000000,000000000,0091.344,0004.417,0000.492,0173
 
000156163,000000000,000000000,0092.621,0004.120,0000.971,0007
 
000156189,000000000,000000000,0092.492,0004.362,0000.243,0170
 
000156215,000000000,000000000,0091.089,0004.642,0000.490,0006
 
000156241,000000000,000000000,0092.045,0004.380,0000.731,0172
 
000156267,000000000,000000000,0091.833,0004.173,0000.492,0006
 
000156293,000000000,000000000,0092.781,0003.911,0000.490,0007
 
000156319,000000000,000000000,0092.259,0004.155,0000.490,0172
 
000156345,000000000,000000000,0092.392,0004.155,0000.735,0006
 
000156371,000000000,000000000,0091.867,0004.137,0000.975,0007
 
000156397,000000000,000000000,0092.698,0004.155,0000.735,0167
 
000156423,000000000,000000000,0092.102,0004.682,0000.494,0166
 
000156449,000000000,000000000,0092.004,0004.417,0000.492,0006
 
000156475,000000000,000000000,0091.085,0004.642,0000.735,0167
 
000156501,000000000,000000000,0092.044,0004.155,0000.735,0167
 
000156527,000000000,000000000,0092.086,0004.137,0000.488,0007
 
000156553,000000000,000000000,0091.547,0004.417,0000.738,0169
 
000156579,000000000,000000000,0091.819,0004.398,0000.735,0179
 
000156605,000000000,000000000,0092.698,0004.380,0000.731,0007
 
000156631,000000000,000000000,0092.043,0004.380,0000.488,0169
 
000156657,000000000,000000000,0091.617,0004.173,0000.738,0179
 
000156683,000000000,000000000,0092.256,0004.398,0000.735,0007
 
