000195831,000000000,000000000,0122.455,0001.098,-001.007,0169
 
000195851,000000000,000000000,0122.442,0001.128,-001.027,0166
 
000195871,000000000,000000000,0122.435,0001.077,-001.044,0007
 
000195891,000000000,000000000,0122.437,0001.111,-001.053,0173
 
000195911,000000000,000000000,0122.441,0001.128,-001.046,0007
 
000195931,000000000,000000000,0122.439,0001.134,-001.013,0173
 
000195951,000000000,000000000,0122.437,0001.161,-001.029,0166
 
000195971,000000000,000000000,0122.441,0001.178,-001.023,0007
 
000195991,000000000,000000000,0122.439,0001.179,-000.996,0173
 
000196011,000000000,000000000,0122.433,0001.149,-000.988,0166
 
000196031,000000000,000000000,0122.427,0001.172,-001.009,0007
 
000196051,000000000,000000000,0122.424,0001.192,-001.000,0007
 
000196071,000000000,000000000,0122.418,0001.161,-001.038,0178
 
000196091,000000000,000000000,0122.418,0001.183,-001.078,0007
 
000196111,000000000,000000000,0122.426,0001.200,-001.086,0179
 
000196131,000000000,000000000,0122.428,0001.193,-001.095,0167
 
000196151,000000000,000000000,0122.414,0001.212,-001.105,0166
 
000196171,000000000,000000000,0122.410,0001.224,-001.089,0169
 
000196191,000000000,000000000,0122.411,0001.221,-001.099,0166
 
000196211,000000000,000000000,0122.413,0001.215,-001.110,0166
 
000196231,000000000,000000000,0122.406,0001.208,-001.095,0169
 
000196251,000000000,000000000,0122.401,0001.205,-001.080,0167
 
000196271,000000000,000000000,0122.406,0001.189,-001.064,0166
 
000196291,000000000,000000000,0122.407,0001.205,-001.073,0169
 
000196311,000000000,000000000,0122.404,0001.174,-001.108,0168
 
000196331,000000000,000000000,0122.402,0001.171,-001.112,0166
 
000196351,000000000,000000000,0122.407,0001.167,-001.099,0169
 
000196371,000000000,000000000,0122.399,0001.173,-001.064,0167
 
000196391,000000000,000000000,0122.385,0001.228,-001.070,0166
 
000196411,000000000,000000000,0122.381,0001.267,-001.079,0179
 
000196431,000000000,000000000,0122.371,0001.251,-001.091,0007
 
000196451,000000000,000000000,0122.372,0001.240,-001.073,0007
 
000196471,000000000,000000000,0122.370,0001.215,-001.084,0007
 
000196491,000000000,000000000,0122.382,0001.182,-001.047,0167
 
000196511,000000000,000000000,0122.382,0001.205,-001.059,0006
 
000196531,000000000,000000000,0122.373,0001.244,-001.053,0179
 
000196551,000000000,000000000,0122.369,0001.207,-001.065,0007
 
000196571,000000000,000000000,0122.368,0001.203,-001.073,0006
 
000196591,000000000,000000000,0122.368,0001.217,-001.084,0179
 
000196611,000000000,000000000,0122.359,0001.235,-001.093,0007
 
000196631,000000000,000000000,0122.358,0001.227,-001.101,0007
 
000196651,000000000,000000000,0122.372,0001.261,-001.111,0173
 
000196671,000000000,000000000,0122.364,0001.274,-001.096,0007
 
000196691,000000000,000000000,0122.369,0001.283,-001.082,0007
 
000196711,000000000,000000000,0122.363,0001.271,-001.068,0173
 
000196731,000000000,000000000,0122.362,0001.260,-001.079,0166
 
000196751,000000000,000000000,0122.367,0001.248,-001.088,0007
 
000196771,000000000,000000000,0122.365,0001.261,-001.076,0007
 
000196791,000000000,000000000,0122.362,0001.274,-001.086,0167
 
000196811,000000000,000000000,0122.349,0001.258,-001.118,0006
 
000196831,000000000,000000000,0122.341,0001.273,-001.100,0166
 
000196851,000000000,000000000,0122.346,0001.259,-001.130,0167
 
000196871,000000000,000000000,0122.343,0001.246,-001.114,0166
 
000196891,000000000,000000000,0122.345,0001.261,-001.118,0179
 
000196911,000000000,000000000,0122.355,0001.225,-001.100,0166
 
000196931,000000000,000000000,0122.361,0001.218,-001.107,0166
 
000196951,000000000,000000000,0122.368,0001.234,-001.114,0169
 
000196971,000000000,000000000,0122.367,0001.247,-001.098,0166
 
000196991,000000000,000000000,0122.362,0001.261,-001.105,0166
 
000197011,000000000,000000000,0122.369,0001.227,-001.111,0167
 
000197031,000000000,000000000,0122.374,0001.222,-001.073,0167
 
000197051,000000000,000000000,0122.373,0001.215,-001.081,0173
 
000197071,000000000,000000000,0122.370,0001.212,-001.092,0169
 
000197091,000000000,000000000,0122.375,0001.205,-001.077,0166
 
000197111,000000000,000000000,0122.390,0001.199,-001.086,0166
 
000197131,000000000,000000000,0122.386,0001.217,-001.074,0167
 
000197151,000000000,000000000,0122.398,0001.233,-001.060,0007
 
000197171,000000000,000000000,0122.390,0001.248,-001.092,0166
 
000197191,000000000,000000000,0122.388,0001.239,-001.078,0179
 
000197211,000000000,000000000,0122.384,0001.252,-001.066,0007
 
000197231,000000000,000000000,0122.386,0001.197,-001.076,0179
 
000197251,000000000,000000000,0122.400,0001.171,-001.063,0169
 
000197271,000000000,000000000,0122.393,0001.169,-001.074,0167
 
000197291,000000000,000000000,0122.390,0001.147,-001.105,0007
 
000197311,000000000,000000000,0122.395,0001.124,-001.113,0179
 
000197331,000000000,000000000,0122.397,0001.128,-001.097,0007
 
000197351,000000000,000000000,0122.396,0001.155,-001.082,0007
 
000197371,000000000,000000000,0122.393,0001.133,-001.091,0173
 
000197391,000000000,000000000,0122.386,0001.135,-001.119,0007
 
000197411,000000000,000000000,0122.396,0001.139,-001.125,0007
 
000197431,000000000,000000000,0122.404,0001.118,-001.130,0173
 
000197451,000000000,000000000,0122.395,0001.145,-001.156,0166
 
000197471,000000000,000000000,0122.397,0001.145,-001.135,0006
 
000197491,000000000,000000000,0122.413,0001.144,-001.140,0179
 
000197511,000000000,000000000,0122.408,0001.168,-001.144,0166
 
000197531,000000000,000000000,0122.413,0001.144,-001.146,0006
 
000197551,000000000,000000000,0122.405,0001.169,-001.126,0007
 
000197571,000000000,000000000,0122.412,0001.124,-001.150,0178
 
000197591,000000000,000000000,0122.410,0001.148,-001.132,0007
 
000197611,000000000,000000000,0122.419,0001.194,-001.136,0007
 
000197631,000000000,000000000,0122.415,0001.190,-001.141,0167
 
000197651,000000000,000000000,0122.416,0001.186,-001.146,0166
 
000197671,000000000,000000000,0122.402,0001.161,-001.171,0169
 
000197691,000000000,000000000,0122.408,0001.137,-001.123,0178
 
000197711,000000000,000000000,0122.405,0001.142,-001.130,0166
 
000197731,000000000,000000000,0122.404,0001.165,-001.133,0169
 
000197751,000000000,000000000,0122.405,0001.164,-001.137,0166
 
000197771,000000000,000000000,0122.405,0001.164,-001.165,0166
 
000197791,000000000,000000000,0122.414,0001.162,-001.163,0169
 
000197811,000000000,000000000,0122.405,0001.140,-001.140,0167
 
000197831,000000000,000000000,0122.406,0001.140,-001.143,0166
 
000197851,000000000,000000000,0122.409,0001.120,-001.146,0179
 
000197871,000000000,000000000,0122.431,0001.125,-001.125,0167
 
000197891,000000000,000000000,0122.441,0001.127,-001.105,0180
 
000197911,000000000,000000000,0122.442,0001.131,-001.111,0175
 
000197931,000000000,000000000,0122.448,0001.156,-001.074,0167
 
000197951,000000000,000000000,0122.445,0001.181,-001.105,0007
 
000197971,000000000,000000000,0122.460,0001.202,-001.131,0174
 
000197991,000000000,000000000,0122.462,0001.197,-001.114,0007
 
000198011,000000000,000000000,0122.455,0001.171,-001.118,0179
 
000198031,000000000,000000000,0122.449,0001.173,-001.145,0007
 
000198051,000000000,000000000,0122.442,0001.195,-001.170,0167
 
000198071,000000000,000000000,0122.440,0001.190,-001.169,0007
 
000198091,000000000,000000000,0122.445,0001.188,-001.168,0179
 
000198111,000000000,000000000,0122.440,0001.186,-001.168,0007
 
000198131,000000000,000000000,0122.433,0001.184,-001.168,0006
 
000198151,000000000,000000000,0122.421,0001.159,-001.167,0173
 
000198171,000000000,000000000,0122.415,0001.161,-001.145,0167
 
000198191,000000000,000000000,0122.425,0001.184,-001.167,0007
 
000198211,000000000,000000000,0122.430,0001.183,-001.167,0173
 
000198231,000000000,000000000,0122.412,0001.203,-001.189,0166
 
000198251,000000000,000000000,0122.413,0001.199,-001.166,0007
 
000198271,000000000,000000000,0122.418,0001.196,-001.166,0007
 
000198291,000000000,000000000,0122.414,0001.175,-001.189,0173
 
000198311,000000000,000000000,0122.416,0001.193,-001.208,0007
 
000198331,000000000,000000000,0122.410,0001.189,-001.202,0179
 
000198351,000000000,000000000,0122.404,0001.186,-001.201,0166
 
000198371,000000000,000000000,0122.398,0001.207,-001.198,0166
 
000198391,000000000,000000000,0122.396,0001.225,-001.150,0168
 
000198411,000000000,000000000,0122.405,0001.219,-001.151,0167
 
000198431,000000000,000000000,0122.402,0001.214,-001.151,0166
 
000198451,000000000,000000000,0122.396,0001.232,-001.153,0169
 
000198471,000000000,000000000,0122.397,0001.181,-001.132,0166
 
000198491,000000000,000000000,0122.398,0001.202,-001.133,0180
 
000198511,000000000,000000000,0122.401,0001.220,-001.134,0169
 
000198531,000000000,000000000,0122.397,0001.213,-001.136,0167
 
000198551,000000000,000000000,0122.393,0001.207,-001.114,0166
 
000198571,000000000,000000000,0122.397,0001.203,-001.120,0167
 
000198591,000000000,000000000,0122.396,0001.198,-001.103,0167
 
000198611,000000000,000000000,0122.399,0001.194,-001.129,0166
 
000198631,000000000,000000000,0122.392,0001.192,-001.135,0179
 
000198651,000000000,000000000,0122.389,0001.168,-001.136,0167
 
000198671,000000000,000000000,0122.397,0001.143,-001.114,0007
 
000198691,000000000,000000000,0122.407,0001.145,-001.140,0175
 
000198711,000000000,000000000,0122.401,0001.190,-001.164,0168
 
000198731,000000000,000000000,0122.406,0001.211,-001.162,0166
 
000198751,000000000,000000000,0122.403,0001.230,-001.163,0179
 
000198771,000000000,000000000,0122.400,0001.224,-001.138,0167
 
000198791,000000000,000000000,0122.396,0001.197,-001.138,0007
 
000198811,000000000,000000000,0122.390,0001.217,-001.141,0179
 
000198831,000000000,000000000,0122.380,0001.235,-001.167,0178
 
000198851,000000000,000000000,0122.377,0001.252,-001.145,0007
 
000198871,000000000,000000000,0122.363,0001.243,-001.122,0179
 
000198891,000000000,000000000,0122.350,0001.259,-001.126,0007
 
000198911,000000000,000000000,0122.364,0001.296,-001.131,0007
 
000198931,000000000,000000000,0122.362,0001.306,-001.135,0173
 
000198951,000000000,000000000,0122.364,0001.293,-001.139,0166
 
000198971,000000000,000000000,0122.372,0001.282,-001.118,0007
 
000198991,000000000,000000000,0122.376,0001.274,-001.123,0007
 
000199011,000000000,000000000,0122.370,0001.243,-001.126,0166
 
000199031,000000000,000000000,0122.373,0001.237,-001.154,0007
 
000199051,000000000,000000000,0122.354,0001.207,-001.134,0173
 
000199071,000000000,000000000,0122.363,0001.206,-001.159,0167
 
000199091,000000000,000000000,0122.373,0001.180,-001.159,0006
 
000199111,000000000,000000000,0122.378,0001.179,-001.137,0007
 
000199131,000000000,000000000,0122.380,0001.179,-001.137,0007
 
000199151,000000000,000000000,0122.383,0001.156,-001.163,0007
 
000199171,000000000,000000000,0122.363,0001.156,-001.139,0179
 
000199191,000000000,000000000,0122.356,0001.136,-001.096,0167
 
000199211,000000000,000000000,0122.351,0001.118,-001.103,0167
 
000199231,000000000,000000000,0122.358,0001.100,-001.087,0170
 
000199251,000000000,000000000,0122.373,0001.109,-001.093,0168
 
000199271,000000000,000000000,0122.373,0001.114,-001.122,0166
 
000199291,000000000,000000000,0122.375,0001.121,-001.128,0179
 
000199311,000000000,000000000,0122.378,0001.103,-001.107,0168
 
000199331,000000000,000000000,0122.381,0001.088,-001.115,0173
 
000199351,000000000,000000000,0122.390,0001.097,-001.118,0169
 
000199371,000000000,000000000,0122.398,0001.105,-001.122,0007
 
000199391,000000000,000000000,0122.409,0001.112,-001.126,0167
 
000199411,000000000,000000000,0122.416,0001.141,-001.104,0177
 
000199431,000000000,000000000,0122.406,0001.145,-001.088,0007
 
000199451,000000000,000000000,0122.389,0001.148,-001.117,0007
 
000199471,000000000,000000000,0122.394,0001.151,-001.119,0174
 
000199491,000000000,000000000,0122.391,0001.154,-001.101,0007
 
000199511,000000000,000000000,0122.395,0001.157,-001.085,0179
 
000199531,000000000,000000000,0122.401,0001.178,-001.091,0175
 
000199551,000000000,000000000,0122.395,0001.179,-001.079,0007
 
000199571,000000000,000000000,0122.399,0001.177,-001.088,0007
 
000199591,000000000,000000000,0122.400,0001.156,-001.072,0179
 
000199611,000000000,000000000,0122.400,0001.159,-001.105,0007
 
000199631,000000000,000000000,0122.394,0001.161,-001.113,0007
 
000199651,000000000,000000000,0122.388,0001.116,-001.116,0173
 
000199671,000000000,000000000,0122.385,0001.099,-001.098,0007
 
000199691,000000000,000000000,0122.392,0001.107,-001.103,0007
 
000199711,000000000,000000000,0122.402,0001.116,-001.085,0173
 
000199731,000000000,000000000,0122.415,0001.121,-001.115,0167
 
000199751,000000000,000000000,0122.429,0001.104,-001.116,0167
 
000199771,000000000,000000000,0122.445,0001.136,-001.121,0166
 
000199791,000000000,000000000,0122.458,0001.118,-001.123,0167
 
000199811,000000000,000000000,0122.457,0001.125,-001.105,0007
 
000199831,000000000,000000000,0122.445,0001.130,-001.065,0167
 
000199851,000000000,000000000,0122.431,0001.136,-001.053,0166
 
000199871,000000000,000000000,0122.424,0001.096,-000.994,0166
 
000199891,000000000,000000000,0122.426,0001.081,-001.034,0168
 
000199911,000000000,000000000,0122.436,0001.112,-001.048,0167
 
000199931,000000000,000000000,0122.417,0001.141,-001.058,0007
 
000199951,000000000,000000000,0122.410,0001.189,-001.066,0169
 
000199971,000000000,000000000,0122.416,0001.164,-001.075,0167
 
000199991,000000000,000000000,0122.411,0001.142,-001.059,0167
 
000200011,000000000,000000000,0122.406,0001.148,-001.070,0169
 
000200031,000000000,000000000,0122.413,0001.174,-001.101,0167
 
000200051,000000000,000000000,0122.418,0001.175,-001.084,0166
 
000200071,000000000,000000000,0122.425,0001.177,-001.090,0177
 
000200091,000000000,000000000,0122.426,0001.200,-001.095,0167
 
000200111,000000000,000000000,0122.421,0001.221,-001.122,0167
 
000200131,000000000,000000000,0122.440,0001.218,-001.104,0169
 
000200151,000000000,000000000,0122.434,0001.214,-001.111,0168
 
000200171,000000000,000000000,0122.435,0001.189,-001.093,0007
 
000200191,000000000,000000000,0122.427,0001.188,-001.078,0174
 
000200211,000000000,000000000,0122.426,0001.210,-001.066,0007
 
000200231,000000000,000000000,0122.434,0001.209,-001.073,0179
 
000200251,000000000,000000000,0122.443,0001.185,-001.104,0007
 
000200271,000000000,000000000,0122.442,0001.206,-001.109,0167
 
000200291,000000000,000000000,0122.445,0001.205,-001.090,0179
 
000200311,000000000,000000000,0122.449,0001.179,-001.051,0179
 
000200331,000000000,000000000,0122.454,0001.181,-001.062,0171
 
000200351,000000000,000000000,0122.452,0001.181,-001.069,0007
 
000200371,000000000,000000000,0122.453,0001.183,-001.054,0007
 
000200391,000000000,000000000,0122.448,0001.183,-001.062,0173
 
000200411,000000000,000000000,0122.455,0001.208,-001.092,0007
 
000200431,000000000,000000000,0122.452,0001.207,-001.098,0173
 
000200451,000000000,000000000,0122.441,0001.204,-001.104,0167
 
000200471,000000000,000000000,0122.443,0001.225,-001.086,0007
 
000200491,000000000,000000000,0122.444,0001.244,-001.069,0007
 
000200511,000000000,000000000,0122.446,0001.217,-001.056,0180
 
000200531,000000000,000000000,0122.448,0001.238,-001.043,0007
 
000200551,000000000,000000000,0122.439,0001.234,-001.053,0007
 
000200571,000000000,000000000,0122.434,0001.230,-001.060,0007
 
000200591,000000000,000000000,0122.434,0001.204,-001.069,0007
 
000200611,000000000,000000000,0122.431,0001.203,-001.077,0179
 
000200631,000000000,000000000,0122.423,0001.203,-001.085,0168
 
000200651,000000000,000000000,0122.424,0001.202,-001.090,0007
 
000200671,000000000,000000000,0122.412,0001.223,-001.119,0007
 
000200691,000000000,000000000,0122.410,0001.220,-001.121,0167
 
000200711,000000000,000000000,0122.420,0001.216,-001.099,0006
 
000200731,000000000,000000000,0122.429,0001.235,-001.083,0180
 
000200751,000000000,000000000,0122.438,0001.274,-001.069,0167
 
000200771,000000000,000000000,0122.439,0001.289,-001.076,0006
 
000200791,000000000,000000000,0122.444,0001.279,-001.085,0007
 
000200811,000000000,000000000,0122.443,0001.270,-001.089,0007
 
000200831,000000000,000000000,0122.433,0001.264,-001.096,0007
 
000200851,000000000,000000000,0122.430,0001.279,-001.101,0007
 
000200871,000000000,000000000,0122.417,0001.271,-001.107,0007
 
000200891,000000000,000000000,0122.421,0001.286,-001.113,0166
 
000200911,000000000,000000000,0122.421,0001.299,-001.116,0175
 
000200931,000000000,000000000,0122.412,0001.312,-001.120,0007
 
000200951,000000000,000000000,0122.426,0001.256,-001.123,0007
 
000200971,000000000,000000000,0122.422,0001.227,-001.123,0007
 
000200991,000000000,000000000,0122.417,0001.223,-001.126,0166
 
000201011,000000000,000000000,0122.435,0001.219,-001.129,0007
 
000201031,000000000,000000000,0122.428,0001.216,-001.110,0007
 
000201051,000000000,000000000,0122.425,0001.190,-001.090,0166
 
000201071,000000000,000000000,0122.420,0001.144,-001.094,0006
 
000201091,000000000,000000000,0122.410,0001.147,-001.052,0007
 
000201111,000000000,000000000,0122.415,0001.172,-001.040,0167
 
000201131,000000000,000000000,0122.414,0001.154,-001.073,0006
 
000201151,000000000,000000000,0122.408,0001.137,-001.103,0169
 
000201171,000000000,000000000,0122.408,0001.165,-001.084,0167
 
000201191,000000000,000000000,0122.421,0001.212,-001.068,0166
 
000201211,000000000,000000000,0122.432,0001.210,-001.097,0169
 
000201231,000000000,000000000,0122.431,0001.253,-001.079,0167
 
000201251,000000000,000000000,0122.432,0001.270,-001.108,0166
 
000201271,000000000,000000000,0122.432,0001.261,-001.090,0169
 
000201291,000000000,000000000,0122.432,0001.277,-001.071,0167
 
000201311,000000000,000000000,0122.432,0001.293,-001.079,0166
 
000201331,000000000,000000000,0122.424,0001.327,-001.086,0169
 
000201351,000000000,000000000,0122.418,0001.314,-001.115,0167
 
000201371,000000000,000000000,0122.412,0001.324,-001.139,0166
 
000201391,000000000,000000000,0122.417,0001.334,-001.141,0179
 
000201411,000000000,000000000,0122.406,0001.343,-001.143,0167
 
000201431,000000000,000000000,0122.395,0001.307,-001.165,0007
 
000201451,000000000,000000000,0122.397,0001.296,-001.141,0177
 
000201471,000000000,000000000,0122.399,0001.287,-001.120,0007
 
000201491,000000000,000000000,0122.398,0001.256,-001.099,0179
 
000201512,000000000,000000000,0122.394,0001.227,-001.124,0169
 
000201532,000000000,000000000,0122.391,0001.245,-001.125,1023
 
000201552,000000000,000000000,0122.386,0001.263,-001.126,1023
 
000201572,000000000,000000000,0122.382,0001.255,-001.149,1023
 
000201592,000000000,000000000,0122.380,0001.272,-001.104,1023
 
000201612,000000000,000000000,0122.380,0001.311,-001.130,1023
 
000201631,000000000,000000000,0122.364,0001.322,-001.110,0166
 
000201651,000000000,000000000,0122.351,0001.290,-001.113,0007
 
000201671,000000000,000000000,0122.282,0001.284,-001.120,0006
 
000201691,000000000,000000000,0122.170,0001.361,-001.104,0173
 
000201711,000000000,000000000,0121.966,0001.459,-001.142,0166
 
000201731,000000000,000000000,0121.634,0001.577,-001.128,0006
 
000201751,000000000,000000000,0121.047,0001.821,-001.115,0173
 
000201771,000000000,000000000,0120.310,0001.945,-001.129,0166
 
000201791,000000000,000000000,0119.445,0002.139,-001.145,0006
 
000201811,000000000,000000000,0118.502,0002.167,-001.140,0179
 
000201831,000000000,000000000,0117.530,0001.956,-001.138,0166
 
000201851,000000000,000000000,0116.542,0001.858,-001.125,0006
 
000201871,000000000,000000000,0115.653,0001.824,-001.094,0169
 
000201891,000000000,000000000,0114.805,0001.802,-001.089,0167
 
000201911,000000000,000000000,0113.972,0001.694,-001.056,0166
 
000201931,000000000,000000000,0113.128,0001.543,-001.070,0169
 
000201951,000000000,000000000,0112.277,0001.434,-001.080,0166
 
000201971,000000000,000000000,0111.464,0001.496,-001.065,0166
 
000201991,000000000,000000000,0110.653,0001.544,-001.030,0169
 
000202011,000000000,000000000,0109.847,0001.385,-001.021,0167
 
000202031,000000000,000000000,0109.093,0001.294,-000.990,0166
 
000202051,000000000,000000000,0108.356,0001.248,-000.981,0169
 
000202071,000000000,000000000,0107.658,0001.233,-000.975,0167
 
000202091,000000000,000000000,0107.038,0001.077,-000.990,0166
 
000202111,000000000,000000000,0106.442,0001.041,-000.957,0169
 
000202131,000000000,000000000,0105.967,0000.926,-000.949,0167
 
000202151,000000000,000000000,0105.531,0000.878,-000.966,0173
 
000202171,000000000,000000000,0105.213,0000.770,-000.979,0006
 
000202191,000000000,000000000,0104.936,0000.787,-000.993,0006
 
000202211,000000000,000000000,0104.701,0000.751,-000.981,0006
 
000202231,000000000,000000000,0104.518,0000.719,-000.968,0006
 
000202251,000000000,000000000,0104.414,0000.675,-000.980,0166
 
000202271,000000000,000000000,0104.315,0000.723,-000.992,0179
 
000202291,000000000,000000000,0104.213,0000.763,-000.982,0179
 
000202311,000000000,000000000,0104.132,0000.779,-000.993,0167
 
000202331,000000000,000000000,0104.043,0000.792,-001.005,0007
 
000202351,000000000,000000000,0103.980,0000.828,-001.014,0167
 
000202371,000000000,000000000,0103.895,0000.864,-001.024,0171
 
000202391,000000000,000000000,0103.787,0000.935,-001.055,0006
 
000202411,000000000,000000000,0103.657,0001.016,-001.057,0167
 
000202431,000000000,000000000,0103.565,0001.048,-000.996,0173
 
000202451,000000000,000000000,0103.512,0001.056,-000.939,0007
 
000202471,000000000,000000000,0103.484,0000.983,-000.957,0169
 
000202491,000000000,000000000,0103.514,0000.914,-000.927,0179
 
000202511,000000000,000000000,0103.543,0000.915,-000.942,0006
 
000202531,000000000,000000000,0103.593,0000.943,-000.911,0006
 
000202551,000000000,000000000,0103.635,0000.986,-000.929,0167
 
000202571,000000000,000000000,0103.658,0001.006,-000.925,0006
 
000202591,000000000,000000000,0103.693,0001.025,-000.942,0006
 
000202611,000000000,000000000,0103.716,0001.039,-000.935,0006
 
000202631,000000000,000000000,0103.731,0001.055,-000.909,0006
 
000202651,000000000,000000000,0103.760,0001.067,-000.928,0179
 
000202671,000000000,000000000,0103.785,0001.100,-000.945,0166
 
000202691,000000000,000000000,0103.805,0001.132,-000.961,0006
 
000202711,000000000,000000000,0103.803,0001.180,-000.977,0006
 
000202731,000000000,000000000,0103.835,0001.225,-001.013,0007
 
000202751,000000000,000000000,0103.855,0001.223,-001.024,0006
 
000202771,000000000,000000000,0103.867,0001.197,-001.055,0179
 
000202791,000000000,000000000,0103.882,0001.197,-001.061,0007
 
000202811,000000000,000000000,0103.895,0001.218,-001.069,0006
 
000202831,000000000,000000000,0103.910,0001.216,-001.074,0006
 
000202851,000000000,000000000,0103.916,0001.236,-001.056,0007
 
000202871,000000000,000000000,0103.933,0001.229,-001.016,0006
 
000202891,000000000,000000000,0103.940,0001.226,-001.004,0007
 
000202911,000000000,000000000,0103.947,0001.223,-001.014,0007
 
000202931,000000000,000000000,0103.962,0001.245,-001.023,0006
 
000202951,000000000,000000000,0103.980,0001.241,-001.012,0006
 
000202971,000000000,000000000,0103.986,0001.239,-001.023,0166
 
000202991,000000000,000000000,0104.002,0001.235,-001.032,0179
 
000203011,000000000,000000000,0103.984,0001.207,-000.995,0166
 
000203031,000000000,000000000,0103.987,0001.208,-000.985,0167
 
000203051,000000000,000000000,0104.043,0001.229,-000.999,0006
 
000203071,000000000,000000000,0104.064,0001.248,-000.989,0167
 
000203091,000000000,000000000,0104.078,0001.221,-001.000,0172
 
000203111,000000000,000000000,0104.067,0001.218,-001.011,0006
 
000203131,000000000,000000000,0104.076,0001.193,-001.021,0167
 
000203151,000000000,000000000,0104.079,0001.217,-001.054,0173
 
000203171,000000000,000000000,0104.086,0001.238,-001.060,0006
 
000203191,000000000,000000000,0104.094,0001.235,-001.043,0169
 
000203211,000000000,000000000,0104.099,0001.252,-001.028,0178
 
000203231,000000000,000000000,0104.113,0001.246,-001.038,0006
 
000203251,000000000,000000000,0104.126,0001.285,-001.046,0006
 
000203271,000000000,000000000,0104.132,0001.276,-001.052,0178
 
000203291,000000000,000000000,0104.133,0001.267,-001.058,0006
 
000203311,000000000,000000000,0104.135,0001.259,-001.065,0006
 
000203331,000000000,000000000,0104.143,0001.253,-001.025,0167
 
000203351,000000000,000000000,0104.143,0001.268,-001.013,0006
 
000203371,000000000,000000000,0104.149,0001.263,-001.025,0167
 
000203391,000000000,000000000,0104.152,0001.256,-001.010,0006
 
000203411,000000000,000000000,0104.154,0001.225,-000.997,0173
 
000203431,000000000,000000000,0104.168,0001.222,-000.987,0169
 
000203451,000000000,000000000,0104.178,0001.221,-001.001,0006
 
000203471,000000000,000000000,0104.175,0001.261,-001.013,0173
 
000203491,000000000,000000000,0104.177,0001.255,-001.022,0169
 
000203511,000000000,000000000,0104.185,0001.270,-001.031,0007
 
000203531,000000000,000000000,0104.192,0001.262,-001.039,0166
 
000203551,000000000,000000000,0104.186,0001.255,-001.045,0179
 
000203571,000000000,000000000,0104.200,0001.270,-001.029,0007
 
000203591,000000000,000000000,0104.202,0001.263,-001.038,0006
 
000203611,000000000,000000000,0104.216,0001.280,-001.043,0007
 
000203631,000000000,000000000,0104.218,0001.271,-001.029,0007
 
000203651,000000000,000000000,0104.220,0001.285,-001.017,0006
 
000203671,000000000,000000000,0104.229,0001.278,-001.026,0166
 
000203691,000000000,000000000,0104.229,0001.246,-001.034,0167
 
000203711,000000000,000000000,0104.219,0001.240,-001.043,0179
 
000203731,000000000,000000000,0104.223,0001.237,-001.049,0174
 
000203751,000000000,000000000,0104.219,0001.232,-001.032,0167
 
000203771,000000000,000000000,0104.215,0001.229,-001.018,0179
 
000203791,000000000,000000000,0104.227,0001.226,-001.027,0179
 
000203811,000000000,000000000,0104.229,0001.202,-001.014,0167
 
000203831,000000000,000000000,0104.230,0001.247,-001.024,0006
 
000203851,000000000,000000000,0104.244,0001.288,-001.033,0167
 
000203871,000000000,000000000,0104.251,0001.277,-000.995,0172
 
000203891,000000000,000000000,0104.247,0001.315,-001.029,0006
 
000203911,000000000,000000000,0104.246,0001.305,-001.015,0167
 
000203931,000000000,000000000,0104.227,0001.294,-001.023,0172
 
000203951,000000000,000000000,0104.238,0001.288,-001.032,0006
 
000203971,000000000,000000000,0104.246,0001.280,-001.039,0169
 
000203991,000000000,000000000,0104.261,0001.295,-001.023,0179
 
000204011,000000000,000000000,0104.254,0001.262,-001.032,0007
 
000204031,000000000,000000000,0104.248,0001.280,-001.041,0006
 
000204051,000000000,000000000,0104.244,0001.272,-001.047,0006
 
000204071,000000000,000000000,0104.251,0001.266,-001.030,0166
 
000204091,000000000,000000000,0104.253,0001.238,-001.019,0179
 
000204111,000000000,000000000,0104.250,0001.256,-001.009,0171
 
000204131,000000000,000000000,0104.242,0001.250,-001.020,0006
 
000204151,000000000,000000000,0104.248,0001.244,-001.028,0173
 
000204171,000000000,000000000,0104.241,0001.263,-001.014,0006
 
000204191,000000000,000000000,0104.248,0001.259,-001.022,0167
 
000204211,000000000,000000000,0104.259,0001.229,-000.986,0167
 
000204231,000000000,000000000,0104.269,0001.250,-000.997,0006
 
000204251,000000000,000000000,0104.270,0001.248,-001.028,0006
 
000204271,000000000,000000000,0104.261,0001.221,-001.034,0179
 
000204291,000000000,000000000,0104.263,0001.242,-001.019,0006
 
000204311,000000000,000000000,0104.263,0001.236,-000.980,0006
 
000204331,000000000,000000000,0104.269,0001.255,-000.971,0007
 
000204351,000000000,000000000,0104.265,0001.251,-000.985,0007
 
000204371,000000000,000000000,0104.267,0001.291,-000.973,0006
 
000204391,000000000,000000000,0104.279,0001.306,-000.942,0006
 
000204411,000000000,000000000,0104.272,0001.298,-000.960,0006
 
000204431,000000000,000000000,0104.273,0001.310,-000.951,0006
 
000204451,000000000,000000000,0104.285,0001.298,-000.943,0006
 
000204471,000000000,000000000,0104.281,0001.315,-000.937,0166
 
000204491,000000000,000000000,0104.284,0001.306,-000.953,0006
 
000204511,000000000,000000000,0104.278,0001.319,-000.969,0167
 
000204531,000000000,000000000,0104.270,0001.310,-000.936,0167
 
000204551,000000000,000000000,0104.277,0001.344,-000.911,0179
 
000204571,000000000,000000000,0104.274,0001.333,-000.908,0179
 
000204591,000000000,000000000,0104.267,0001.323,-000.907,0167
 
000204611,000000000,000000000,0104.260,0001.333,-000.904,0006
 
000204631,000000000,000000000,0104.256,0001.322,-000.925,0167
 
000204651,000000000,000000000,0104.276,0001.288,-000.897,0171
 
000204671,000000000,000000000,0104.286,0001.281,-000.917,0006
 
000204691,000000000,000000000,0104.278,0001.321,-000.916,0169
 
000204711,000000000,000000000,0104.269,0001.311,-000.911,0179
 
000204731,000000000,000000000,0104.261,0001.323,-000.932,0006
 
000204751,000000000,000000000,0104.267,0001.336,-000.906,0179
 
000204771,000000000,000000000,0104.267,0001.301,-000.925,0178
 
000204791,000000000,000000000,0104.266,0001.314,-000.946,0006
 
000204811,000000000,000000000,0104.252,0001.327,-000.940,0169
 
000204831,000000000,000000000,0104.258,0001.294,-000.956,0178
 
000204851,000000000,000000000,0104.257,0001.288,-000.971,0006
 
000204871,000000000,000000000,0104.266,0001.302,-000.962,0174
 
000204891,000000000,000000000,0104.274,0001.314,-000.931,0179
 
000204911,000000000,000000000,0104.259,0001.326,-000.949,0166
 
000204931,000000000,000000000,0104.261,0001.314,-000.964,0179
 
000204951,000000000,000000000,0104.270,0001.260,-000.957,0166
 
000204971,000000000,000000000,0104.265,0001.231,-000.993,0166
 
000204991,000000000,000000000,0104.264,0001.231,-000.984,0169
 
000205011,000000000,000000000,0104.270,0001.228,-000.975,0006
 
000205031,000000000,000000000,0104.277,0001.250,-000.988,0006
 
000205051,000000000,000000000,0104.279,0001.271,-000.978,0177
 
000205071,000000000,000000000,0104.281,0001.265,-000.991,0167
 
000205091,000000000,000000000,0104.277,0001.283,-000.956,0006
 
000205111,000000000,000000000,0104.282,0001.299,-000.925,0006
 
000205131,000000000,000000000,0104.287,0001.333,-000.944,0006
 
000205151,000000000,000000000,0104.275,0001.366,-000.962,0006
 
000205171,000000000,000000000,0104.289,0001.375,-000.976,0166
 
000205191,000000000,000000000,0104.277,0001.360,-000.969,0166
 
000205211,000000000,000000000,0104.282,0001.346,-000.982,0179
 
000205231,000000000,000000000,0104.286,0001.422,-000.993,0174
 
000205251,000000000,000000000,0104.281,0001.403,-000.982,0167
 
000205271,000000000,000000000,0104.277,0001.408,-000.973,0006
 
000205291,000000000,000000000,0104.274,0001.435,-000.965,0167
 
000205311,000000000,000000000,0104.263,0001.437,-000.980,0006
 
000205331,000000000,000000000,0104.263,0001.396,-000.970,0006
 
000205351,000000000,000000000,0104.258,0001.377,-000.962,0169
 
000205371,000000000,000000000,0104.264,0001.385,-000.955,0171
 
000205391,000000000,000000000,0104.259,0001.392,-000.993,0006
 
000205411,000000000,000000000,0104.243,0001.376,-000.981,0169
 
000205431,000000000,000000000,0104.237,0001.337,-000.972,0178
 
000205451,000000000,000000000,0104.240,0001.326,-000.986,0006
 
000205471,000000000,000000000,0104.248,0001.272,-000.954,0167
 
000205491,000000000,000000000,0104.246,0001.268,-000.949,0179
 
000205511,000000000,000000000,0104.245,0001.264,-000.963,0006
 
000205531,000000000,000000000,0104.259,0001.238,-000.955,0167
 
000205551,000000000,000000000,0104.261,0001.235,-000.993,0172
 
000205571,000000000,000000000,0104.251,0001.212,-001.003,0006
 
000205591,000000000,000000000,0104.260,0001.234,-000.991,0176
 
000205611,000000000,000000000,0104.273,0001.257,-001.026,0179
 
000205631,000000000,000000000,0104.270,0001.276,-001.057,0006
 
000205651,000000000,000000000,0104.280,0001.293,-001.040,0179
 
000205671,000000000,000000000,0104.293,0001.264,-001.024,0006
 
000205691,000000000,000000000,0104.292,0001.282,-001.010,0006
 
000205711,000000000,000000000,0104.302,0001.275,-000.998,0006
 
000205731,000000000,000000000,0104.315,0001.271,-001.010,0006
 
000205751,000000000,000000000,0104.322,0001.265,-001.019,0006
 
000205771,000000000,000000000,0104.313,0001.235,-001.005,0006
 
000205791,000000000,000000000,0104.321,0001.236,-000.971,0006
 
000205811,000000000,000000000,0104.327,0001.256,-000.941,0173
 
000205831,000000000,000000000,0104.327,0001.297,-000.979,0006
 
000205851,000000000,000000000,0104.320,0001.290,-000.992,0006
 
000205871,000000000,000000000,0104.316,0001.305,-000.979,0006
 
000205891,000000000,000000000,0104.313,0001.318,-000.970,0006
 
000205911,000000000,000000000,0104.307,0001.309,-000.959,0006
 
000205931,000000000,000000000,0104.291,0001.299,-000.975,0006
 
000205951,000000000,000000000,0104.304,0001.313,-000.989,0166
 
000205971,000000000,000000000,0104.286,0001.327,-000.978,0006
 
000205991,000000000,000000000,0104.291,0001.314,-000.992,0006
 
000206011,000000000,000000000,0104.294,0001.306,-000.982,0166
 
000206031,000000000,000000000,0104.306,0001.299,-000.950,0167
 
000206051,000000000,000000000,0104.302,0001.314,-000.943,0179
 
000206071,000000000,000000000,0104.292,0001.327,-000.959,0179
 
000206091,000000000,000000000,0104.290,0001.316,-000.951,0167
 
000206111,000000000,000000000,0104.278,0001.329,-000.945,0006
 
000206131,000000000,000000000,0104.270,0001.343,-000.938,0167
 
000206151,000000000,000000000,0104.269,0001.309,-000.955,0172
 
000206171,000000000,000000000,0104.268,0001.299,-000.969,0006
 
000206191,000000000,000000000,0104.263,0001.315,-000.959,0172
 
000206211,000000000,000000000,0104.258,0001.284,-000.951,0171
 
000206231,000000000,000000000,0104.250,0001.322,-000.965,0006
 
000206251,000000000,000000000,0104.254,0001.336,-000.978,0166
 
000206271,000000000,000000000,0104.257,0001.347,-000.947,0178
 
000206291,000000000,000000000,0104.262,0001.358,-000.963,0006
 
000206311,000000000,000000000,0104.254,0001.368,-000.954,0006
 
000206331,000000000,000000000,0104.262,0001.375,-000.967,0166
 
000206351,000000000,000000000,0104.248,0001.358,-000.980,0006
 
000206371,000000000,000000000,0104.242,0001.389,-000.968,0169
 
000206391,000000000,000000000,0104.248,0001.393,-000.959,0006
 
000206411,000000000,000000000,0104.237,0001.355,-000.996,0006
 
000206431,000000000,000000000,0104.235,0001.366,-000.984,0179
 
000206451,000000000,000000000,0104.248,0001.351,-000.997,0179
 
000206471,000000000,000000000,0104.255,0001.339,-000.987,0006
 
000206491,000000000,000000000,0104.259,0001.328,-000.998,0006
 
000206511,000000000,000000000,0104.262,0001.341,-000.988,0006
 
000206531,000000000,000000000,0104.257,0001.330,-000.978,0006
 
000206551,000000000,000000000,0104.259,0001.319,-000.967,0006
 
000206571,000000000,000000000,0104.260,0001.309,-000.958,0007
 
000206591,000000000,000000000,0104.258,0001.280,-000.972,0007
 
000206611,000000000,000000000,0104.258,0001.295,-000.942,0006
 
000206631,000000000,000000000,0104.250,0001.331,-000.934,0007
 
000206651,000000000,000000000,0104.251,0001.366,-000.930,0006
 
000206671,000000000,000000000,0104.263,0001.352,-000.924,0006
 
000206691,000000000,000000000,0104.267,0001.317,-000.944,0006
 
000206711,000000000,000000000,0104.266,0001.307,-000.959,0006
 
000206731,000000000,000000000,0104.262,0001.229,-000.928,0006
 
000206751,000000000,000000000,0104.247,0001.207,-000.945,0166
 
000206771,000000000,000000000,0104.243,0001.211,-000.961,0006
 
000206791,000000000,000000000,0104.237,0001.234,-000.953,0167
 
000206811,000000000,000000000,0104.248,0001.256,-000.967,0167
 
000206831,000000000,000000000,0104.246,0001.254,-000.936,0179
 
000206851,000000000,000000000,0104.245,0001.273,-000.908,0179
 
000206871,000000000,000000000,0104.247,0001.270,-000.904,0167
 
000206891,000000000,000000000,0104.256,0001.291,-000.923,0006
 
000206911,000000000,000000000,0104.252,0001.284,-000.941,0169
 
000206931,000000000,000000000,0104.257,0001.258,-000.981,0172
 
000206951,000000000,000000000,0104.270,0001.208,-000.991,0006
 
000206971,000000000,000000000,0104.270,0001.189,-000.981,0167
 
000206991,000000000,000000000,0104.256,0001.195,-000.972,0178
 
000207011,000000000,000000000,0104.257,0001.198,-000.985,0006
 
000207031,000000000,000000000,0104.238,0001.202,-000.972,0167
 
000207051,000000000,000000000,0104.247,0001.206,-000.964,0178
 
000207071,000000000,000000000,0104.258,0001.208,-000.956,0006
 
000207091,000000000,000000000,0104.259,0001.188,-000.947,0169
 
000207111,000000000,000000000,0104.269,0001.193,-000.962,0006
 
000207131,000000000,000000000,0104.275,0001.219,-000.953,0166
 
000207151,000000000,000000000,0104.291,0001.220,-000.969,0179
 
000207171,000000000,000000000,0104.304,0001.267,-000.936,0006
 
000207191,000000000,000000000,0104.311,0001.285,-000.910,0006
 
000207211,000000000,000000000,0104.313,0001.323,-000.931,0179
 
