000305923,000000000,000000000,0123.026,0001.328,-001.086,0007
 
000305943,000000000,000000000,0123.035,0001.383,-001.053,0166
 
000305963,000000000,000000000,0123.018,0001.409,-001.042,0007
 
000305983,000000000,000000000,0123.018,0001.410,-001.058,0169
 
000306003,000000000,000000000,0123.009,0001.456,-001.050,0167
 
000306023,000000000,000000000,0123.008,0001.432,-001.062,0006
 
000306043,000000000,000000000,0123.015,0001.387,-001.031,0007
 
000306063,000000000,000000000,0122.998,0001.390,-001.047,0171
 
000306083,000000000,000000000,0122.999,0001.416,-001.061,0007
 
000306103,000000000,000000000,0122.995,0001.394,-001.076,0173
 
000306123,000000000,000000000,0122.992,0001.399,-001.090,0167
 
000306143,000000000,000000000,0122.997,0001.401,-001.102,0007
 
000306163,000000000,000000000,0122.998,0001.404,-001.088,0173
 
000306183,000000000,000000000,0122.996,0001.387,-001.099,0166
 
000306203,000000000,000000000,0122.982,0001.436,-001.110,0007
 
000306223,000000000,000000000,0122.977,0001.413,-001.118,0179
 
000306243,000000000,000000000,0122.983,0001.391,-001.099,0166
 
000306263,000000000,000000000,0122.978,0001.395,-001.107,0006
 
000306283,000000000,000000000,0122.979,0001.420,-001.094,0169
 
000306303,000000000,000000000,0122.984,0001.420,-001.104,0166
 
000306323,000000000,000000000,0122.982,0001.421,-001.116,0166
 
000306343,000000000,000000000,0122.983,0001.400,-001.125,0168
 
000306363,000000000,000000000,0122.979,0001.380,-001.130,0167
 
000306383,000000000,000000000,0122.999,0001.385,-001.138,0166
 
000306403,000000000,000000000,0123.001,0001.413,-001.145,0179
 
000306423,000000000,000000000,0123.003,0001.414,-001.126,0167
 
000306443,000000000,000000000,0123.017,0001.438,-001.133,0167
 
000306463,000000000,000000000,0123.014,0001.460,-001.117,0169
 
000306483,000000000,000000000,0123.009,0001.435,-001.125,0007
 
000306503,000000000,000000000,0123.013,0001.413,-001.132,0007
 
000306523,000000000,000000000,0123.011,0001.436,-001.115,0169
 
000306543,000000000,000000000,0123.011,0001.391,-001.144,0178
 
000306563,000000000,000000000,0123.012,0001.395,-001.127,0179
 
000306583,000000000,000000000,0123.007,0001.398,-001.157,0179
 
000306603,000000000,000000000,0123.012,0001.400,-001.159,0167
 
000306623,000000000,000000000,0123.019,0001.403,-001.184,0166
 
000306643,000000000,000000000,0123.027,0001.428,-001.182,0174
 
000306663,000000000,000000000,0123.030,0001.427,-001.183,0167
 
000306683,000000000,000000000,0123.034,0001.403,-001.160,0166
 
000306703,000000000,000000000,0123.040,0001.406,-001.184,0007
 
000306723,000000000,000000000,0123.031,0001.408,-001.185,0167
 
000306743,000000000,000000000,0123.030,0001.386,-001.186,0007
 
000306763,000000000,000000000,0123.018,0001.391,-001.163,0179
 
000306783,000000000,000000000,0123.017,0001.394,-001.167,0171
 
000306803,000000000,000000000,0123.013,0001.418,-001.166,0007
 
000306823,000000000,000000000,0123.012,0001.420,-001.168,0173
 
000306843,000000000,000000000,0123.010,0001.421,-001.149,0167
 
000306863,000000000,000000000,0123.011,0001.420,-001.154,0007
 
000306883,000000000,000000000,0123.021,0001.419,-001.112,0173
 
000306903,000000000,000000000,0123.026,0001.421,-001.120,0167
 
000306923,000000000,000000000,0123.022,0001.421,-001.127,0007
 
000306943,000000000,000000000,0123.020,0001.422,-001.109,0007
 
000306963,000000000,000000000,0123.024,0001.443,-001.118,0178
 
000306983,000000000,000000000,0123.037,0001.443,-001.124,0007
 
000307003,000000000,000000000,0123.042,0001.443,-001.132,0173
 
000307023,000000000,000000000,0123.045,0001.463,-001.137,0178
 
000307043,000000000,000000000,0123.034,0001.503,-001.139,0007
 
000307063,000000000,000000000,0123.029,0001.543,-001.167,0173
 
000307083,000000000,000000000,0123.031,0001.509,-001.169,0167
 
000307103,000000000,000000000,0123.039,0001.523,-001.125,0007
 
000307123,000000000,000000000,0123.032,0001.514,-001.131,0007
 
000307143,000000000,000000000,0123.028,0001.528,-001.135,0167
 
000307163,000000000,000000000,0123.035,0001.518,-001.118,0007
 
000307183,000000000,000000000,0123.020,0001.510,-001.127,0006
 
000307203,000000000,000000000,0123.017,0001.502,-001.133,0167
 
000307223,000000000,000000000,0123.016,0001.475,-001.141,0007
 
000307243,000000000,000000000,0123.021,0001.472,-001.127,0007
 
000307263,000000000,000000000,0123.012,0001.489,-001.132,0007
 
000307283,000000000,000000000,0123.014,0001.504,-001.135,0007
 
000307303,000000000,000000000,0123.009,0001.498,-001.140,0007
 
000307323,000000000,000000000,0123.013,0001.491,-001.144,0007
 
000307343,000000000,000000000,0123.010,0001.462,-001.146,0007
 
000307363,000000000,000000000,0123.018,0001.436,-001.106,0179
 
000307383,000000000,000000000,0123.011,0001.456,-001.112,0007
 
000307403,000000000,000000000,0123.018,0001.453,-001.097,0007
 
000307423,000000000,000000000,0123.022,0001.429,-001.085,0007
 
000307443,000000000,000000000,0123.022,0001.430,-001.073,0166
 
000307463,000000000,000000000,0123.027,0001.406,-001.059,0007
 
000307483,000000000,000000000,0123.027,0001.408,-001.073,0166
 
000307503,000000000,000000000,0123.039,0001.477,-001.059,0166
 
000307523,000000000,000000000,0123.033,0001.493,-001.072,0007
 
000307543,000000000,000000000,0123.029,0001.488,-001.083,0166
 
000307563,000000000,000000000,0123.027,0001.506,-001.116,0167
 
000307583,000000000,000000000,0123.035,0001.542,-001.122,0006
 
000307603,000000000,000000000,0123.044,0001.554,-001.104,0169
 
000307623,000000000,000000000,0123.036,0001.540,-001.109,0166
 
000307643,000000000,000000000,0123.018,0001.552,-001.117,0166
 
000307663,000000000,000000000,0123.007,0001.518,-001.145,0169
 
000307683,000000000,000000000,0123.004,0001.461,-001.100,0167
 
000307703,000000000,000000000,0122.995,0001.458,-001.108,0166
 
000307723,000000000,000000000,0122.986,0001.476,-001.136,0167
 
000307743,000000000,000000000,0122.983,0001.470,-001.141,0178
 
000307763,000000000,000000000,0122.991,0001.489,-001.146,0007
 
000307783,000000000,000000000,0122.989,0001.482,-001.126,0169
 
000307803,000000000,000000000,0122.995,0001.432,-001.130,0167
 
000307823,000000000,000000000,0122.999,0001.453,-001.135,0007
 
000307843,000000000,000000000,0123.002,0001.472,-001.139,0169
 
000307863,000000000,000000000,0123.008,0001.467,-001.143,0167
 
000307883,000000000,000000000,0123.005,0001.485,-001.170,0166
 
000307903,000000000,000000000,0123.002,0001.480,-001.196,0169
 
000307923,000000000,000000000,0122.996,0001.449,-001.148,0167
 
000307943,000000000,000000000,0122.991,0001.425,-001.174,0166
 
000307963,000000000,000000000,0122.997,0001.447,-001.176,0179
 
000307983,000000000,000000000,0122.988,0001.445,-001.156,0007
 
000308003,000000000,000000000,0122.992,0001.442,-001.156,0179
 
000308023,000000000,000000000,0122.983,0001.462,-001.160,0007
 
000308043,000000000,000000000,0122.982,0001.435,-001.139,0167
 
000308063,000000000,000000000,0122.979,0001.435,-001.141,0007
 
000308083,000000000,000000000,0122.981,0001.479,-001.145,0173
 
000308103,000000000,000000000,0122.986,0001.473,-001.127,0007
 
000308123,000000000,000000000,0122.971,0001.487,-001.153,0007
 
000308143,000000000,000000000,0122.963,0001.459,-001.156,0173
 
000308163,000000000,000000000,0122.950,0001.456,-001.137,0166
 
000308183,000000000,000000000,0122.963,0001.476,-001.141,0007
 
000308203,000000000,000000000,0122.970,0001.471,-001.146,0007
 
000308223,000000000,000000000,0122.969,0001.468,-001.150,0178
 
000308243,000000000,000000000,0122.953,0001.464,-001.152,0007
 
000308263,000000000,000000000,0122.954,0001.504,-001.156,0007
 
000308283,000000000,000000000,0122.951,0001.474,-001.157,0179
 
000308303,000000000,000000000,0122.946,0001.469,-001.160,0007
 
000308323,000000000,000000000,0122.941,0001.488,-001.164,0179
 
000308343,000000000,000000000,0122.943,0001.480,-001.187,0167
 
000308363,000000000,000000000,0122.942,0001.429,-001.164,0006
 
000308383,000000000,000000000,0122.951,0001.428,-001.164,0169
 
000308403,000000000,000000000,0122.950,0001.426,-001.166,0166
 
000308423,000000000,000000000,0122.958,0001.471,-001.167,0166
 
000308443,000000000,000000000,0122.968,0001.467,-001.146,0167
 
000308463,000000000,000000000,0122.983,0001.441,-001.170,0167
 
000308483,000000000,000000000,0122.988,0001.440,-001.173,0166
 
000308503,000000000,000000000,0122.992,0001.395,-001.171,0169
 
000308523,000000000,000000000,0122.983,0001.398,-001.171,0178
 
000308543,000000000,000000000,0122.985,0001.398,-001.149,0166
 
000308563,000000000,000000000,0122.992,0001.399,-001.127,0169
 
000308583,000000000,000000000,0122.992,0001.401,-001.155,0167
 
000308603,000000000,000000000,0122.987,0001.401,-001.158,0166
 
000308623,000000000,000000000,0122.992,0001.380,-001.090,0169
 
000308643,000000000,000000000,0123.001,0001.407,-001.053,0007
 
000308663,000000000,000000000,0123.001,0001.411,-001.067,0007
 
000308683,000000000,000000000,0122.999,0001.436,-001.079,0175
 
000308703,000000000,000000000,0123.010,0001.433,-001.087,0007
 
000308723,000000000,000000000,0122.999,0001.454,-001.075,0179
 
000308743,000000000,000000000,0123.005,0001.450,-001.085,0173
 
000308763,000000000,000000000,0123.007,0001.469,-001.071,0167
 
000308783,000000000,000000000,0123.019,0001.463,-001.104,0007
 
000308803,000000000,000000000,0123.008,0001.435,-001.111,0179
 
000308823,000000000,000000000,0123.007,0001.411,-001.116,0007
 
000308843,000000000,000000000,0123.016,0001.432,-001.098,0007
 
000308863,000000000,000000000,0123.003,0001.453,-001.105,0173
 
000308883,000000000,000000000,0123.001,0001.449,-001.113,0167
 
000308903,000000000,000000000,0122.981,0001.467,-001.119,0180
 
000308923,000000000,000000000,0122.974,0001.418,-001.145,0006
 
000308943,000000000,000000000,0122.968,0001.372,-001.148,0173
 
000308963,000000000,000000000,0122.970,0001.374,-001.151,0007
 
000308983,000000000,000000000,0122.982,0001.357,-001.134,0166
 
000309003,000000000,000000000,0122.976,0001.364,-001.115,0166
 
000309023,000000000,000000000,0122.988,0001.369,-001.122,0007
 
000309043,000000000,000000000,0122.985,0001.353,-001.126,0179
 
000309063,000000000,000000000,0122.990,0001.334,-001.109,0167
 
000309083,000000000,000000000,0122.993,0001.342,-001.137,0166
 
000309103,000000000,000000000,0123.001,0001.372,-001.139,0169
 
000309123,000000000,000000000,0123.008,0001.353,-001.141,0167
 
000309143,000000000,000000000,0123.002,0001.361,-001.164,0166
 
000309163,000000000,000000000,0122.991,0001.366,-001.163,0169
 
000309183,000000000,000000000,0122.976,0001.326,-001.187,0166
 
000309203,000000000,000000000,0122.974,0001.335,-001.184,0006
 
000309223,000000000,000000000,0122.982,0001.344,-001.184,0007
 
000309243,000000000,000000000,0122.992,0001.353,-001.184,0167
 
000309263,000000000,000000000,0122.996,0001.336,-001.204,0166
 
000309283,000000000,000000000,0123.009,0001.343,-001.179,0169
 
000309303,000000000,000000000,0123.003,0001.374,-001.180,0167
 
000309323,000000000,000000000,0123.008,0001.401,-001.156,0166
 
000309343,000000000,000000000,0123.005,0001.405,-001.159,0169
 
000309363,000000000,000000000,0123.003,0001.428,-001.136,0167
 
000309383,000000000,000000000,0123.000,0001.425,-001.116,0167
 
000309403,000000000,000000000,0122.994,0001.401,-001.122,0169
 
000309423,000000000,000000000,0123.014,0001.426,-001.127,0167
 
000309443,000000000,000000000,0123.026,0001.402,-001.130,0006
 
000309463,000000000,000000000,0123.017,0001.424,-001.113,0175
 
000309483,000000000,000000000,0123.022,0001.421,-001.117,0007
 
000309503,000000000,000000000,0123.028,0001.419,-001.121,0007
 
000309523,000000000,000000000,0123.038,0001.419,-001.126,0179
 
000309543,000000000,000000000,0123.036,0001.445,-001.131,0007
 
000309563,000000000,000000000,0123.035,0001.444,-001.113,0007
 
000309583,000000000,000000000,0123.041,0001.461,-001.118,0173
 
000309603,000000000,000000000,0123.050,0001.458,-001.141,0171
 
000309623,000000000,000000000,0123.044,0001.454,-001.123,0007
 
000309643,000000000,000000000,0123.043,0001.473,-001.129,0173
 
000309663,000000000,000000000,0123.041,0001.492,-001.132,0166
 
000309683,000000000,000000000,0123.043,0001.463,-001.137,0007
 
000309703,000000000,000000000,0123.048,0001.436,-001.142,0179
 
000309723,000000000,000000000,0123.044,0001.455,-001.118,0166
 
000309743,000000000,000000000,0123.047,0001.473,-001.147,0007
 
000309763,000000000,000000000,0123.052,0001.467,-001.150,0007
 
000309783,000000000,000000000,0123.051,0001.462,-001.152,0006
 
000309803,000000000,000000000,0123.048,0001.458,-001.153,0007
 
000309823,000000000,000000000,0123.054,0001.455,-001.155,0179
 
000309843,000000000,000000000,0123.044,0001.450,-001.153,0167
 
000309863,000000000,000000000,0123.051,0001.469,-001.113,0166
 
000309883,000000000,000000000,0123.050,0001.443,-001.116,0169
 
000309903,000000000,000000000,0123.052,0001.442,-001.125,0166
 
000309923,000000000,000000000,0123.047,0001.438,-001.110,0166
 
000309943,000000000,000000000,0123.043,0001.457,-001.091,0169
 
000309963,000000000,000000000,0123.043,0001.432,-001.122,0167
 
000309983,000000000,000000000,0123.054,0001.408,-001.061,0166
 
000310003,000000000,000000000,0123.052,0001.452,-001.071,0169
 
000310023,000000000,000000000,0123.049,0001.446,-001.056,0167
 
000310043,000000000,000000000,0123.052,0001.419,-001.065,0167
 
000310063,000000000,000000000,0123.054,0001.393,-001.048,0169
 
000310083,000000000,000000000,0123.068,0001.441,-001.038,0167
 
000310103,000000000,000000000,0123.056,0001.461,-001.074,0166
 
000310123,000000000,000000000,0123.049,0001.481,-001.057,0177
 
000310143,000000000,000000000,0123.052,0001.496,-001.046,0167
 
000310163,000000000,000000000,0123.049,0001.510,-001.058,0166
 
000310183,000000000,000000000,0123.044,0001.521,-001.022,0174
 
000310203,000000000,000000000,0123.049,0001.556,-001.037,0167
 
000310223,000000000,000000000,0123.031,0001.541,-001.071,0006
 
000310243,000000000,000000000,0123.020,0001.530,-001.078,0179
 
000310263,000000000,000000000,0123.011,0001.543,-001.086,0007
 
000310283,000000000,000000000,0123.001,0001.534,-001.094,0007
 
000310303,000000000,000000000,0122.994,0001.543,-001.101,0179
 
000310323,000000000,000000000,0122.996,0001.531,-001.130,0007
 
000310343,000000000,000000000,0123.007,0001.520,-001.132,0179
 
000310363,000000000,000000000,0123.008,0001.510,-001.134,0007
 
000310383,000000000,000000000,0123.011,0001.500,-001.092,0173
 
000310403,000000000,000000000,0122.999,0001.491,-001.099,0007
 
000310423,000000000,000000000,0122.986,0001.485,-001.127,0173
 
000310443,000000000,000000000,0122.973,0001.479,-001.133,0166
 
000310463,000000000,000000000,0122.984,0001.496,-001.134,0006
 
000310483,000000000,000000000,0122.981,0001.465,-001.138,0173
 
000310503,000000000,000000000,0122.977,0001.460,-001.140,0167
 
000310523,000000000,000000000,0122.983,0001.457,-001.162,0007
 
000310543,000000000,000000000,0122.989,0001.498,-001.185,0169
 
000310563,000000000,000000000,0122.996,0001.488,-001.162,0166
 
000310583,000000000,000000000,0123.005,0001.458,-001.161,0006
 
000310603,000000000,000000000,0123.003,0001.431,-001.164,0179
 
000310623,000000000,000000000,0123.005,0001.407,-001.164,0167
 
000310643,000000000,000000000,0123.010,0001.409,-001.141,0166
 
000310663,000000000,000000000,0123.015,0001.430,-001.166,0169
 
000310683,000000000,000000000,0123.013,0001.428,-001.165,0166
 
000310703,000000000,000000000,0123.010,0001.425,-001.116,0166
 
000310723,000000000,000000000,0123.015,0001.446,-001.122,0169
 
000310743,000000000,000000000,0123.019,0001.465,-001.126,0167
 
000310763,000000000,000000000,0123.020,0001.460,-001.129,0166
 
000310783,000000000,000000000,0123.013,0001.478,-001.134,0169
 
000310803,000000000,000000000,0123.010,0001.472,-001.134,0167
 
000310823,000000000,000000000,0123.011,0001.443,-001.135,0173
 
000310843,000000000,000000000,0123.014,0001.419,-001.160,0169
 
000310863,000000000,000000000,0123.013,0001.418,-001.161,0167
 
000310883,000000000,000000000,0123.017,0001.438,-001.136,0173
 
000310903,000000000,000000000,0123.027,0001.437,-001.162,0169
 
000310923,000000000,000000000,0123.028,0001.437,-001.140,0167
 
000310943,000000000,000000000,0123.029,0001.391,-001.120,0167
 
000310963,000000000,000000000,0123.037,0001.418,-001.124,0169
 
000310983,000000000,000000000,0123.036,0001.414,-001.151,0167
 
000311003,000000000,000000000,0123.040,0001.413,-001.130,0179
 
000311023,000000000,000000000,0123.029,0001.416,-001.133,0007
 
000311043,000000000,000000000,0123.040,0001.481,-001.114,0171
 
000311063,000000000,000000000,0123.035,0001.452,-001.097,0180
 
000311083,000000000,000000000,0123.033,0001.451,-001.105,0007
 
000311103,000000000,000000000,0123.037,0001.469,-001.110,0171
 
000311123,000000000,000000000,0123.031,0001.443,-001.114,0007
 
000311143,000000000,000000000,0123.031,0001.438,-001.094,0173
 
000311163,000000000,000000000,0123.021,0001.458,-001.101,0007
 
000311183,000000000,000000000,0123.013,0001.455,-001.151,0007
 
000311203,000000000,000000000,0123.018,0001.432,-001.151,0173
 
000311223,000000000,000000000,0123.020,0001.409,-001.155,0166
 
000311243,000000000,000000000,0123.024,0001.455,-001.155,0007
 
000311263,000000000,000000000,0123.022,0001.472,-001.111,0007
 
000311283,000000000,000000000,0123.014,0001.469,-001.091,0178
 
000311303,000000000,000000000,0123.007,0001.487,-001.097,0007
 
000311323,000000000,000000000,0123.002,0001.501,-001.102,0168
 
000311343,000000000,000000000,0122.995,0001.470,-001.108,0007
 
000311363,000000000,000000000,0122.994,0001.462,-001.110,0007
 
000311383,000000000,000000000,0123.000,0001.456,-001.090,0007
 
000311403,000000000,000000000,0123.003,0001.427,-001.097,0007
 
000311423,000000000,000000000,0123.010,0001.382,-001.101,0006
 
000311443,000000000,000000000,0123.013,0001.407,-001.083,0007
 
000311463,000000000,000000000,0123.007,0001.361,-001.089,0007
 
000311483,000000000,000000000,0123.006,0001.366,-001.092,0007
 
000311503,000000000,000000000,0123.015,0001.370,-001.098,0169
 
000311523,000000000,000000000,0123.021,0001.373,-001.103,0167
 
000311543,000000000,000000000,0123.019,0001.376,-001.107,0166
 
000311563,000000000,000000000,0123.026,0001.382,-001.111,0169
 
000311583,000000000,000000000,0123.035,0001.381,-001.091,0167
 
000311603,000000000,000000000,0123.043,0001.365,-001.096,0166
 
000311623,000000000,000000000,0123.040,0001.369,-001.104,0179
 
000311643,000000000,000000000,0123.047,0001.393,-001.106,0167
 
000311663,000000000,000000000,0123.043,0001.374,-001.086,0007
 
000311683,000000000,000000000,0123.048,0001.355,-001.070,0174
 
000311703,000000000,000000000,0123.053,0001.338,-001.101,0167
 
000311723,000000000,000000000,0123.057,0001.345,-001.081,0166
 
000311743,000000000,000000000,0123.057,0001.372,-001.090,0179
 
000311763,000000000,000000000,0123.071,0001.378,-001.095,0007
 
000311783,000000000,000000000,0123.062,0001.380,-001.097,0007
 
000311803,000000000,000000000,0123.060,0001.357,-001.079,0179
 
000311823,000000000,000000000,0123.060,0001.385,-001.087,0167
 
000311843,000000000,000000000,0123.051,0001.388,-001.094,0007
 
000311863,000000000,000000000,0123.041,0001.412,-001.099,0173
 
000311883,000000000,000000000,0123.048,0001.412,-001.102,0007
 
000311903,000000000,000000000,0123.052,0001.411,-001.106,0006
 
000311923,000000000,000000000,0123.052,0001.433,-001.087,0179
 
000311943,000000000,000000000,0123.046,0001.432,-001.067,0166
 
000311963,000000000,000000000,0123.057,0001.431,-001.074,0007
 
000311983,000000000,000000000,0123.064,0001.451,-001.080,0007
 
000312004,000000000,000000000,0123.063,0001.445,-001.086,1023
 
000312024,000000000,000000000,0123.067,0001.423,-001.095,1023
 
000312044,000000000,000000000,0123.058,0001.435,-001.121,1023
 
000312064,000000000,000000000,0123.052,0001.441,-001.146,1023
 
000312084,000000000,000000000,0123.023,0001.436,-001.127,1023
 
000312103,000000000,000000000,0122.896,0001.459,-001.108,1023
 
000312123,000000000,000000000,0122.730,0001.609,-001.093,0167
 
000312143,000000000,000000000,0122.476,0001.709,-001.044,0166
 
000312163,000000000,000000000,0122.007,0001.932,-001.067,0169
 
000312183,000000000,000000000,0121.440,0002.075,-001.084,0166
 
000312203,000000000,000000000,0120.679,0002.185,-001.087,0166
 
000312223,000000000,000000000,0119.861,0002.220,-001.108,0167
 
000312243,000000000,000000000,0118.981,0002.412,-001.106,0167
 
000312263,000000000,000000000,0118.003,0002.455,-001.111,0166
 
000312283,000000000,000000000,0117.033,0002.267,-001.114,0167
 
000312303,000000000,000000000,0116.045,0002.034,-001.112,0166
 
000312323,000000000,000000000,0115.140,0001.890,-001.108,0166
 
000312343,000000000,000000000,0114.319,0001.913,-001.097,0179
 
000312363,000000000,000000000,0113.494,0001.889,-001.065,0167
 
000312383,000000000,000000000,0112.701,0001.782,-001.109,0166
 
000312403,000000000,000000000,0111.926,0001.631,-001.115,0169
 
000312423,000000000,000000000,0111.159,0001.704,-001.107,0167
 
000312443,000000000,000000000,0110.396,0001.746,-001.071,0173
 
000312463,000000000,000000000,0109.684,0001.521,-001.031,0177
 
000312483,000000000,000000000,0108.968,0001.577,-001.024,0167
 
000312503,000000000,000000000,0108.236,0001.619,-001.063,0179
 
000312523,000000000,000000000,0107.523,0001.515,-001.051,0179
 
000312543,000000000,000000000,0106.847,0001.474,-001.083,0167
 
000312563,000000000,000000000,0106.238,0001.392,-001.065,0179
 
000312583,000000000,000000000,0105.688,0001.250,-001.051,0179
 
000312603,000000000,000000000,0105.275,0001.195,-001.017,0173
 
000312623,000000000,000000000,0104.919,0001.135,-000.976,0179
 
000312643,000000000,000000000,0104.663,0001.080,-001.013,0179
 
000312663,000000000,000000000,0104.486,0000.967,-000.985,0171
 
000312683,000000000,000000000,0104.299,0000.877,-000.994,0006
 
000312703,000000000,000000000,0104.127,0000.885,-001.000,0169
 
000312723,000000000,000000000,0103.997,0000.956,-000.970,0179
 
000312743,000000000,000000000,0103.891,0000.918,-000.961,0006
 
000312763,000000000,000000000,0103.804,0000.919,-000.956,0179
 
000312783,000000000,000000000,0103.775,0000.920,-000.928,0006
 
000312803,000000000,000000000,0103.788,0000.923,-000.925,0006
 
000312823,000000000,000000000,0103.769,0000.974,-000.988,0174
 
000312843,000000000,000000000,0103.722,0001.053,-000.978,0179
 
000312863,000000000,000000000,0103.660,0001.122,-000.965,0006
 
000312883,000000000,000000000,0103.627,0001.148,-000.936,0179
 
000312903,000000000,000000000,0103.624,0001.101,-000.932,0006
 
000312923,000000000,000000000,0103.644,0001.112,-000.948,0006
 
000312943,000000000,000000000,0103.672,0001.117,-000.942,0007
 
000312963,000000000,000000000,0103.695,0001.117,-000.959,0007
 
000312983,000000000,000000000,0103.717,0001.170,-000.971,0007
 
000313003,000000000,000000000,0103.737,0001.210,-000.964,0006
 
000313023,000000000,000000000,0103.768,0001.251,-001.000,0006
 
000313043,000000000,000000000,0103.809,0001.287,-001.009,0006
 
000313063,000000000,000000000,0103.834,0001.249,-000.996,0006
 
000313083,000000000,000000000,0103.862,0001.305,-001.008,0007
 
000313103,000000000,000000000,0103.885,0001.314,-001.019,0006
 
000313123,000000000,000000000,0103.899,0001.298,-001.029,0006
 
000313143,000000000,000000000,0103.914,0001.309,-001.016,0007
 
000313163,000000000,000000000,0103.934,0001.319,-001.025,0006
 
000313183,000000000,000000000,0103.953,0001.345,-001.033,0166
 
000313203,000000000,000000000,0103.961,0001.352,-001.043,0167
 
000313223,000000000,000000000,0103.981,0001.355,-001.026,0006
 
000313243,000000000,000000000,0104.005,0001.357,-001.034,0166
 
000313263,000000000,000000000,0104.023,0001.364,-001.065,0166
 
000313283,000000000,000000000,0104.033,0001.345,-001.048,0006
 
000313303,000000000,000000000,0104.031,0001.370,-001.055,0167
 
000313323,000000000,000000000,0104.039,0001.375,-001.060,0167
 
000313343,000000000,000000000,0104.048,0001.396,-001.040,0006
 
000313363,000000000,000000000,0104.070,0001.395,-001.049,0167
 
000313383,000000000,000000000,0104.095,0001.396,-001.031,0172
 
000313403,000000000,000000000,0104.087,0001.418,-001.016,0006
 
000313423,000000000,000000000,0104.098,0001.438,-001.029,0172
 
000313443,000000000,000000000,0104.098,0001.433,-001.034,0178
 
000313463,000000000,000000000,0104.113,0001.426,-001.017,0006
 
000313483,000000000,000000000,0104.117,0001.423,-001.005,0006
 
000313503,000000000,000000000,0104.115,0001.422,-001.016,0166
 
000313523,000000000,000000000,0104.134,0001.439,-001.002,0006
 
000313543,000000000,000000000,0104.134,0001.435,-000.991,0179
 
000313563,000000000,000000000,0104.133,0001.410,-001.001,0178
 
000313583,000000000,000000000,0104.130,0001.429,-000.992,0006
 
000313603,000000000,000000000,0104.146,0001.452,-000.983,0179
 
000313623,000000000,000000000,0104.157,0001.448,-000.995,0172
 
000313643,000000000,000000000,0104.151,0001.443,-001.029,0006
 
000313663,000000000,000000000,0104.156,0001.439,-001.038,0179
 
000313683,000000000,000000000,0104.142,0001.432,-000.999,0006
 
000313703,000000000,000000000,0104.137,0001.449,-001.010,0006
 
000313723,000000000,000000000,0104.146,0001.468,-001.020,0006
 
000313743,000000000,000000000,0104.156,0001.460,-001.029,0006
 
000313763,000000000,000000000,0104.144,0001.475,-001.038,0006
 
000313783,000000000,000000000,0104.136,0001.471,-001.023,0006
 
000313803,000000000,000000000,0104.142,0001.461,-001.011,0167
 
000313823,000000000,000000000,0104.143,0001.475,-001.022,0006
 
000313843,000000000,000000000,0104.163,0001.492,-001.030,0006
 
000313863,000000000,000000000,0104.173,0001.505,-000.993,0006
 
000313883,000000000,000000000,0104.170,0001.473,-000.985,0006
 
000313903,000000000,000000000,0104.177,0001.489,-000.995,0006
 
000313923,000000000,000000000,0104.189,0001.478,-000.984,0006
 
000313943,000000000,000000000,0104.184,0001.472,-000.996,0006
 
000313963,000000000,000000000,0104.189,0001.487,-001.007,0006
 
000313983,000000000,000000000,0104.206,0001.493,-000.994,0166
 
000314003,000000000,000000000,0104.211,0001.480,-000.981,0179
 
000314023,000000000,000000000,0104.207,0001.476,-000.971,0179
 
000314043,000000000,000000000,0104.209,0001.441,-000.987,0167
 
000314063,000000000,000000000,0104.212,0001.467,-000.977,0006
 
000314083,000000000,000000000,0104.229,0001.464,-000.990,0166
 
000314103,000000000,000000000,0104.232,0001.475,-000.959,0172
 
000314123,000000000,000000000,0104.234,0001.451,-000.974,0006
 
000314143,000000000,000000000,0104.225,0001.441,-000.943,0169
 
000314163,000000000,000000000,0104.218,0001.460,-000.938,0172
 
000314183,000000000,000000000,0104.213,0001.520,-000.956,0006
 
000314203,000000000,000000000,0104.223,0001.551,-000.994,0173
 
000314223,000000000,000000000,0104.235,0001.560,-001.006,0178
 
000314243,000000000,000000000,0104.237,0001.522,-001.038,0006
 
000314263,000000000,000000000,0104.216,0001.531,-001.024,0173
 
000314283,000000000,000000000,0104.213,0001.540,-001.032,0178
 
000314303,000000000,000000000,0104.220,0001.505,-001.041,0006
 
000314323,000000000,000000000,0104.217,0001.493,-001.003,0169
 
000314343,000000000,000000000,0104.219,0001.483,-000.993,0178
 
000314363,000000000,000000000,0104.238,0001.475,-000.961,0006
 
000314383,000000000,000000000,0104.246,0001.467,-000.955,0177
 
000314403,000000000,000000000,0104.253,0001.505,-000.971,0006
 
000314423,000000000,000000000,0104.261,0001.470,-000.983,0006
 
000314443,000000000,000000000,0104.252,0001.484,-000.954,0179
 
000314463,000000000,000000000,0104.253,0001.476,-000.949,0166
 
000314483,000000000,000000000,0104.262,0001.469,-000.921,0006
 
000314503,000000000,000000000,0104.273,0001.481,-000.919,0179
 
000314523,000000000,000000000,0104.281,0001.495,-000.937,0006
 
000314543,000000000,000000000,0104.274,0001.486,-000.909,0006
 
000314563,000000000,000000000,0104.277,0001.453,-000.861,0006
 
000314583,000000000,000000000,0104.291,0001.472,-000.886,0006
 
000314603,000000000,000000000,0104.294,0001.485,-000.864,0006
 
000314623,000000000,000000000,0104.289,0001.500,-000.890,0006
 
000314643,000000000,000000000,0104.277,0001.491,-000.912,0006
 
000314663,000000000,000000000,0104.264,0001.460,-000.887,0006
 
000314683,000000000,000000000,0104.265,0001.428,-000.886,0166
 
000314703,000000000,000000000,0104.260,0001.451,-000.909,0167
 
000314723,000000000,000000000,0104.263,0001.443,-000.929,0006
 
000314743,000000000,000000000,0104.275,0001.463,-000.926,0166
 
000314763,000000000,000000000,0104.276,0001.458,-000.921,0167
 
000314783,000000000,000000000,0104.285,0001.452,-000.939,0179
 
000314803,000000000,000000000,0104.288,0001.492,-000.956,0179
 
000314823,000000000,000000000,0104.290,0001.483,-000.948,0167
 
000314843,000000000,000000000,0104.284,0001.496,-000.943,0006
 
000314863,000000000,000000000,0104.295,0001.463,-000.939,0169
 
000314883,000000000,000000000,0104.303,0001.432,-000.933,0171
 
000314903,000000000,000000000,0104.301,0001.429,-000.951,0006
 
000314923,000000000,000000000,0104.301,0001.449,-000.990,0167
 
000314943,000000000,000000000,0104.307,0001.443,-000.980,0178
 
000314963,000000000,000000000,0104.316,0001.416,-000.991,0006
 
000314983,000000000,000000000,0104.311,0001.439,-001.004,0169
 
000315003,000000000,000000000,0104.308,0001.458,-001.039,0179
 
000315023,000000000,000000000,0104.309,0001.496,-001.046,0006
 
000315043,000000000,000000000,0104.310,0001.491,-001.055,0179
 
000315063,000000000,000000000,0104.319,0001.480,-001.038,0006
 
000315083,000000000,000000000,0104.310,0001.473,-001.046,0166
 
000315103,000000000,000000000,0104.299,0001.489,-001.008,0179
 
000315123,000000000,000000000,0104.299,0001.525,-001.019,0006
 
000315143,000000000,000000000,0104.294,0001.511,-001.007,0006
 
000315163,000000000,000000000,0104.294,0001.502,-000.994,0179
 
000315183,000000000,000000000,0104.291,0001.512,-000.986,0006
 
000315203,000000000,000000000,0104.290,0001.503,-000.978,0006
 
000315223,000000000,000000000,0104.290,0001.516,-000.970,0006
 
000315243,000000000,000000000,0104.283,0001.503,-000.985,0006
 
000315263,000000000,000000000,0104.273,0001.447,-000.976,0007
 
000315283,000000000,000000000,0104.277,0001.421,-000.969,0179
 
000315303,000000000,000000000,0104.282,0001.419,-000.984,0166
 
000315323,000000000,000000000,0104.282,0001.440,-000.999,0166
 
000315343,000000000,000000000,0104.289,0001.435,-000.987,0169
 
000315363,000000000,000000000,0104.284,0001.452,-000.999,0167
 
000315383,000000000,000000000,0104.279,0001.469,-001.011,0173
 
000315403,000000000,000000000,0104.287,0001.528,-000.999,0006
 
000315423,000000000,000000000,0104.286,0001.582,-000.990,0006
 
000315443,000000000,000000000,0104.292,0001.519,-001.002,0006
 
000315463,000000000,000000000,0104.296,0001.506,-000.991,0166
 
000315483,000000000,000000000,0104.305,0001.473,-000.981,0167
 
000315503,000000000,000000000,0104.308,0001.444,-000.972,0179
 
000315523,000000000,000000000,0104.290,0001.416,-000.965,0179
 
000315543,000000000,000000000,0104.296,0001.413,-000.958,0167
 
000315563,000000000,000000000,0104.305,0001.433,-000.973,0006
 
000315583,000000000,000000000,0104.308,0001.472,-000.963,0167
 
000315603,000000000,000000000,0104.287,0001.463,-001.000,0172
 
000315623,000000000,000000000,0104.274,0001.432,-000.987,0006
 
000315643,000000000,000000000,0104.272,0001.426,-000.978,0167
 
000315663,000000000,000000000,0104.285,0001.424,-001.011,0166
 
000315683,000000000,000000000,0104.277,0001.422,-001.000,0006
 
000315703,000000000,000000000,0104.278,0001.419,-000.968,0169
 
000315723,000000000,000000000,0104.296,0001.439,-000.961,0179
 
000315743,000000000,000000000,0104.296,0001.410,-000.953,0006
 
000315763,000000000,000000000,0104.310,0001.408,-000.945,0167
 
000315783,000000000,000000000,0104.313,0001.430,-000.962,0178
 
000315803,000000000,000000000,0104.310,0001.425,-000.934,0006
 
000315823,000000000,000000000,0104.312,0001.421,-000.952,0179
 
000315843,000000000,000000000,0104.318,0001.396,-000.968,0167
 
000315863,000000000,000000000,0104.323,0001.396,-000.961,0006
 
000315883,000000000,000000000,0104.339,0001.395,-000.932,0174
 
000315903,000000000,000000000,0104.327,0001.418,-000.927,0006
 
000315923,000000000,000000000,0104.329,0001.439,-000.923,0173
 
000315943,000000000,000000000,0104.326,0001.458,-000.941,0006
 
000315963,000000000,000000000,0104.320,0001.432,-000.956,0006
 
000315983,000000000,000000000,0104.320,0001.427,-000.948,0006
 
000316003,000000000,000000000,0104.316,0001.424,-000.965,0179
 
000316023,000000000,000000000,0104.311,0001.400,-000.957,0006
 
000316043,000000000,000000000,0104.309,0001.399,-000.950,0006
 
000316063,000000000,000000000,0104.308,0001.421,-000.944,0006
 
000316083,000000000,000000000,0104.304,0001.396,-000.936,0006
 
000316103,000000000,000000000,0104.308,0001.393,-000.930,0006
 
000316123,000000000,000000000,0104.307,0001.415,-000.925,0006
 
000316143,000000000,000000000,0104.328,0001.414,-000.920,0006
 
000316163,000000000,000000000,0104.323,0001.387,-000.938,0006
 
000316183,000000000,000000000,0104.336,0001.387,-000.954,0166
 
000316203,000000000,000000000,0104.341,0001.388,-000.947,0167
 
000316223,000000000,000000000,0104.347,0001.365,-000.941,0179
 
000316243,000000000,000000000,0104.350,0001.391,-000.937,0177
 
000316263,000000000,000000000,0104.360,0001.414,-000.954,0167
 
000316283,000000000,000000000,0104.357,0001.435,-000.926,0179
 
000316303,000000000,000000000,0104.357,0001.453,-000.920,0179
 
000316323,000000000,000000000,0104.348,0001.424,-000.893,0006
 
000316343,000000000,000000000,0104.338,0001.445,-000.916,0006
 
000316363,000000000,000000000,0104.333,0001.460,-000.934,0167
 
000316383,000000000,000000000,0104.348,0001.453,-000.975,0171
 
000316403,000000000,000000000,0104.342,0001.448,-001.011,0006
 
000316423,000000000,000000000,0104.327,0001.444,-000.998,0167
 
000316443,000000000,000000000,0104.335,0001.418,-001.009,0178
 
000316463,000000000,000000000,0104.343,0001.416,-001.020,0006
 
000316483,000000000,000000000,0104.338,0001.392,-001.029,0169
 
000316503,000000000,000000000,0104.342,0001.368,-001.017,0178
 
000316523,000000000,000000000,0104.352,0001.325,-000.959,0006
 
000316543,000000000,000000000,0104.360,0001.354,-000.975,0006
 
000316563,000000000,000000000,0104.352,0001.380,-000.989,0179
 
000316583,000000000,000000000,0104.343,0001.381,-001.000,0006
 
000316603,000000000,000000000,0104.364,0001.381,-000.988,0169
 
000316623,000000000,000000000,0104.375,0001.360,-000.976,0178
 
000316643,000000000,000000000,0104.380,0001.342,-000.965,0006
 
000316663,000000000,000000000,0104.381,0001.369,-001.001,0179
 
000316683,000000000,000000000,0104.399,0001.373,-001.014,0178
 
000316703,000000000,000000000,0104.407,0001.375,-001.024,0006
 
000316723,000000000,000000000,0104.411,0001.330,-000.986,0169
 
000316743,000000000,000000000,0104.403,0001.358,-000.976,0178
 
000316763,000000000,000000000,0104.402,0001.383,-000.987,0006
 
000316783,000000000,000000000,0104.395,0001.383,-000.979,0179
 
000316803,000000000,000000000,0104.400,0001.386,-000.969,0167
 
000316823,000000000,000000000,0104.415,0001.387,-000.963,0166
 
000316843,000000000,000000000,0104.421,0001.388,-000.976,0169
 
000316863,000000000,000000000,0104.433,0001.389,-000.946,0006
 
000316883,000000000,000000000,0104.430,0001.390,-000.919,0006
 
000316903,000000000,000000000,0104.434,0001.411,-000.939,0006
 
000316923,000000000,000000000,0104.427,0001.389,-000.955,0006
 
000316943,000000000,000000000,0104.431,0001.388,-000.924,0006
 
