000275729,000000000,000000000,0114.535,0003.682,0001.254,0007
 
000275749,000000000,000000000,0114.531,0003.706,0001.202,0179
 
000275769,000000000,000000000,0114.513,0003.746,0001.133,0007
 
000275789,000000000,000000000,0114.510,0003.787,0001.091,0166
 
000275809,000000000,000000000,0114.505,0003.845,0001.054,0179
 
000275829,000000000,000000000,0114.487,0003.855,0001.017,0171
 
000275849,000000000,000000000,0114.463,0003.843,0000.982,0006
 
000275869,000000000,000000000,0114.455,0003.856,0000.932,0167
 
000275889,000000000,000000000,0114.457,0003.908,0000.886,0167
 
000275909,000000000,000000000,0114.458,0003.934,0000.865,0006
 
000275929,000000000,000000000,0114.453,0003.889,0000.844,0167
 
000275949,000000000,000000000,0114.433,0003.897,0000.827,0171
 
000275969,000000000,000000000,0114.441,0003.925,0000.812,0006
 
000275989,000000000,000000000,0114.439,0003.927,0000.776,0169
 
000276009,000000000,000000000,0114.452,0003.973,0000.766,0179
 
000276029,000000000,000000000,0114.455,0004.015,0000.736,0006
 
000276049,000000000,000000000,0114.436,0004.032,0000.747,0169
 
000276069,000000000,000000000,0114.435,0004.027,0000.716,0006
 
000276089,000000000,000000000,0114.423,0004.044,0000.711,0166
 
000276109,000000000,000000000,0114.427,0004.060,0000.703,0179
 
000276129,000000000,000000000,0114.425,0004.072,0000.675,0006
 
000276149,000000000,000000000,0114.433,0004.085,0000.649,0173
 
000276169,000000000,000000000,0114.426,0004.096,0000.625,0006
 
000276189,000000000,000000000,0114.405,0004.085,0000.625,0006
 
000276209,000000000,000000000,0114.410,0004.074,0000.647,0006
 
000276229,000000000,000000000,0114.416,0004.084,0000.623,0176
 
000276249,000000000,000000000,0114.408,0004.138,0000.624,0006
 
000276269,000000000,000000000,0114.399,0004.189,0000.623,0006
 
000276289,000000000,000000000,0114.381,0004.191,0000.625,0007
 
000276309,000000000,000000000,0114.382,0004.170,0000.667,0006
 
000276329,000000000,000000000,0114.381,0004.153,0000.644,0006
 
000276349,000000000,000000000,0114.365,0004.146,0000.644,0006
 
000276369,000000000,000000000,0114.338,0004.130,0000.598,0167
 
000276389,000000000,000000000,0114.332,0004.099,0000.581,0006
 
000276409,000000000,000000000,0114.313,0004.130,0000.583,0166
 
000276429,000000000,000000000,0114.310,0004.117,0000.565,0006
 
000276449,000000000,000000000,0114.319,0004.107,0000.550,0006
 
000276469,000000000,000000000,0114.313,0004.114,0000.557,0006
 
000276489,000000000,000000000,0114.325,0004.101,0000.543,0166
 
000276509,000000000,000000000,0114.318,0004.112,0000.548,0006
 
000276529,000000000,000000000,0114.344,0004.096,0000.534,0167
 
000276549,000000000,000000000,0114.325,0004.109,0000.521,0167
 
000276569,000000000,000000000,0114.303,0004.116,0000.550,0179
 
000276589,000000000,000000000,0114.306,0004.082,0000.538,0166
 
000276609,000000000,000000000,0114.310,0004.093,0000.543,0171
 
000276629,000000000,000000000,0114.311,0004.104,0000.548,0006
 
000276649,000000000,000000000,0114.315,0004.111,0000.511,0169
 
000276669,000000000,000000000,0114.318,0004.098,0000.520,0172
 
000276689,000000000,000000000,0114.316,0004.108,0000.526,0179
 
000276709,000000000,000000000,0114.319,0004.078,0000.495,0173
 
000276729,000000000,000000000,0114.329,0004.090,0000.505,0179
 
000276749,000000000,000000000,0114.323,0004.079,0000.536,0006
 
000276769,000000000,000000000,0114.318,0004.092,0000.541,0169
 
000276789,000000000,000000000,0114.318,0004.124,0000.549,0179
 
000276809,000000000,000000000,0114.324,0004.134,0000.555,0006
 
000276829,000000000,000000000,0114.322,0004.140,0000.582,0006
 
000276849,000000000,000000000,0114.327,0004.168,0000.585,0006
 
000276869,000000000,000000000,0114.334,0004.195,0000.589,0173
 
000276889,000000000,000000000,0114.350,0004.156,0000.572,0179
 
000276909,000000000,000000000,0114.343,0004.140,0000.576,0006
 
000276929,000000000,000000000,0114.316,0004.124,0000.557,0166
 
000276949,000000000,000000000,0114.321,0004.155,0000.586,0179
 
000276969,000000000,000000000,0114.327,0004.158,0000.568,0006
 
000276989,000000000,000000000,0114.320,0004.165,0000.573,0006
 
000277009,000000000,000000000,0114.320,0004.169,0000.576,0006
 
000277029,000000000,000000000,0114.310,0004.153,0000.558,0006
 
000277049,000000000,000000000,0114.315,0004.159,0000.563,0006
 
000277069,000000000,000000000,0114.317,0004.185,0000.567,0006
 
000277089,000000000,000000000,0114.313,0004.189,0000.572,0007
 
000277109,000000000,000000000,0114.286,0004.148,0000.577,0173
 
000277129,000000000,000000000,0114.283,0004.157,0000.601,0006
 
000277149,000000000,000000000,0114.288,0004.141,0000.580,0007
 
000277169,000000000,000000000,0114.293,0004.147,0000.562,0006
 
000277189,000000000,000000000,0114.307,0004.111,0000.565,0166
 
000277209,000000000,000000000,0114.299,0004.100,0000.570,0007
 
000277229,000000000,000000000,0114.291,0004.092,0000.553,0006
 
000277249,000000000,000000000,0114.277,0004.104,0000.558,0166
 
000277269,000000000,000000000,0114.287,0004.115,0000.542,0167
 
000277289,000000000,000000000,0114.298,0004.101,0000.612,0006
 
000277309,000000000,000000000,0114.299,0004.112,0000.611,0167
 
000277329,000000000,000000000,0114.302,0004.144,0000.591,0167
 
000277349,000000000,000000000,0114.305,0004.110,0000.594,0006
 
000277369,000000000,000000000,0114.312,0004.101,0000.596,0167
 
000277389,000000000,000000000,0114.306,0004.134,0000.598,0167
 
000277409,000000000,000000000,0114.285,0004.126,0000.581,0006
 
000277429,000000000,000000000,0114.282,0004.134,0000.586,0169
 
000277449,000000000,000000000,0114.290,0004.143,0000.589,0173
 
000277469,000000000,000000000,0114.291,0004.132,0000.591,0006
 
000277489,000000000,000000000,0114.288,0004.142,0000.593,0169
 
000277509,000000000,000000000,0114.283,0004.148,0000.574,0179
 
000277529,000000000,000000000,0114.275,0004.157,0000.560,0007
 
000277549,000000000,000000000,0114.282,0004.165,0000.566,0169
 
000277569,000000000,000000000,0114.286,0004.172,0000.592,0178
 
000277589,000000000,000000000,0114.288,0004.177,0000.594,0007
 
000277609,000000000,000000000,0114.272,0004.181,0000.596,0177
 
000277629,000000000,000000000,0114.271,0004.185,0000.597,0006
 
000277649,000000000,000000000,0114.270,0004.189,0000.598,0173
 
000277669,000000000,000000000,0114.277,0004.150,0000.620,0179
 
000277689,000000000,000000000,0114.284,0004.157,0000.580,0006
 
000277709,000000000,000000000,0114.286,0004.167,0000.561,0166
 
000277729,000000000,000000000,0114.283,0004.149,0000.546,0007
 
000277749,000000000,000000000,0114.271,0004.133,0000.551,0007
 
000277769,000000000,000000000,0114.268,0004.142,0000.556,0007
 
000277789,000000000,000000000,0114.253,0004.169,0000.540,0007
 
000277809,000000000,000000000,0114.259,0004.175,0000.566,0007
 
000277829,000000000,000000000,0114.253,0004.159,0000.549,0007
 
000277849,000000000,000000000,0114.250,0004.183,0000.554,0007
 
000277869,000000000,000000000,0114.249,0004.253,0000.518,0007
 
000277889,000000000,000000000,0114.249,0004.248,0000.547,0007
 
000277909,000000000,000000000,0114.245,0004.225,0000.571,0007
 
000277929,000000000,000000000,0114.251,0004.206,0000.596,0007
 
000277949,000000000,000000000,0114.231,0004.187,0000.575,0006
 
000277969,000000000,000000000,0114.221,0004.189,0000.599,0166
 
000277989,000000000,000000000,0114.209,0004.216,0000.599,0007
 
000278009,000000000,000000000,0114.215,0004.222,0000.621,0007
 
000278029,000000000,000000000,0114.210,0004.224,0000.599,0007
 
000278049,000000000,000000000,0114.195,0004.231,0000.582,0166
 
000278069,000000000,000000000,0114.213,0004.210,0000.585,0179
 
000278089,000000000,000000000,0114.212,0004.190,0000.586,0167
 
000278109,000000000,000000000,0114.220,0004.173,0000.589,0167
 
000278129,000000000,000000000,0114.223,0004.157,0000.571,0180
 
000278149,000000000,000000000,0114.208,0004.164,0000.535,0167
 
000278169,000000000,000000000,0114.204,0004.172,0000.520,0172
 
000278189,000000000,000000000,0114.186,0004.157,0000.526,0006
 
000278209,000000000,000000000,0114.176,0004.185,0000.535,0169
 
000278229,000000000,000000000,0114.177,0004.193,0000.521,0179
 
000278249,000000000,000000000,0114.177,0004.196,0000.551,0007
 
000278269,000000000,000000000,0114.177,0004.177,0000.555,0169
 
000278289,000000000,000000000,0114.161,0004.184,0000.538,0179
 
000278309,000000000,000000000,0114.160,0004.210,0000.544,0007
 
000278329,000000000,000000000,0114.163,0004.236,0000.570,0169
 
000278349,000000000,000000000,0114.160,0004.233,0000.573,0007
 
000278369,000000000,000000000,0114.160,0004.232,0000.576,0166
 
000278389,000000000,000000000,0114.162,0004.257,0000.578,0179
 
000278409,000000000,000000000,0114.179,0004.277,0000.581,0178
 
000278429,000000000,000000000,0114.190,0004.274,0000.562,0007
 
000278449,000000000,000000000,0114.158,0004.250,0000.567,0177
 
000278469,000000000,000000000,0114.154,0004.206,0000.570,0007
 
000278489,000000000,000000000,0114.156,0004.191,0000.553,0006
 
000278509,000000000,000000000,0114.156,0004.176,0000.537,0007
 
000278529,000000000,000000000,0114.149,0004.140,0000.543,0006
 
000278549,000000000,000000000,0114.144,0004.147,0000.549,0007
 
000278569,000000000,000000000,0114.163,0004.134,0000.555,0007
 
000278589,000000000,000000000,0114.155,0004.124,0000.539,0007
 
000278609,000000000,000000000,0114.156,0004.113,0000.546,0007
 
000278629,000000000,000000000,0114.145,0004.101,0000.549,0172
 
000278649,000000000,000000000,0114.159,0004.113,0000.533,0006
 
000278669,000000000,000000000,0114.167,0004.122,0000.539,0007
 
000278689,000000000,000000000,0114.167,0004.092,0000.545,0179
 
000278709,000000000,000000000,0114.189,0004.102,0000.529,0167
 
000278729,000000000,000000000,0114.190,0004.093,0000.536,0007
 
000278749,000000000,000000000,0114.190,0004.105,0000.542,0166
 
000278769,000000000,000000000,0114.205,0004.116,0000.548,0167
 
000278789,000000000,000000000,0114.206,0004.126,0000.533,0179
 
000278809,000000000,000000000,0114.203,0004.135,0000.519,0179
 
000278829,000000000,000000000,0114.211,0004.123,0000.528,0167
 
000278849,000000000,000000000,0114.217,0004.153,0000.534,0007
 
000278869,000000000,000000000,0114.211,0004.161,0000.521,0167
 
000278889,000000000,000000000,0114.202,0004.172,0000.508,0173
 
000278909,000000000,000000000,0114.195,0004.172,0000.516,0006
 
000278929,000000000,000000000,0114.210,0004.181,0000.524,0169
 
000278949,000000000,000000000,0114.200,0004.186,0000.530,0166
 
000278969,000000000,000000000,0114.208,0004.191,0000.539,0007
 
000278989,000000000,000000000,0114.200,0004.196,0000.545,0167
 
000279010,000000000,000000000,0114.189,0004.183,0000.530,1023
 
000279030,000000000,000000000,0114.186,0004.170,0000.516,1023
 
000279050,000000000,000000000,0114.192,0004.157,0000.503,1023
 
000279070,000000000,000000000,0114.190,0004.146,0000.512,1023
 
000279090,000000000,000000000,0114.173,0004.112,0000.519,1023
 
000279110,000000000,000000000,0114.179,0004.098,0000.525,1023
 
000279130,000000000,000000000,0114.178,0004.069,0000.510,1023
 
000279149,000000000,000000000,0114.164,0004.061,0000.518,0006
 
000279169,000000000,000000000,0114.179,0004.078,0000.524,0167
 
000279189,000000000,000000000,0114.173,0004.049,0000.487,0007
 
000279209,000000000,000000000,0114.164,0004.085,0000.494,0006
 
000279229,000000000,000000000,0114.086,0004.180,0000.454,0169
 
000279249,000000000,000000000,0113.954,0004.230,0000.459,0006
 
000279269,000000000,000000000,0113.758,0004.313,0000.461,0006
 
000279289,000000000,000000000,0113.503,0004.376,0000.438,0006
 
000279309,000000000,000000000,0113.190,0004.450,0000.456,0167
 
000279329,000000000,000000000,0112.860,0004.514,0000.452,0006
 
000279349,000000000,000000000,0112.483,0004.564,0000.442,0006
 
000279369,000000000,000000000,0112.025,0004.581,0000.431,0006
 
000279389,000000000,000000000,0111.576,0004.655,0000.460,0006
 
000279409,000000000,000000000,0111.047,0004.580,0000.421,0173
 
000279429,000000000,000000000,0110.463,0004.616,0000.385,0006
 
000279449,000000000,000000000,0109.945,0004.647,0000.391,0006
 
000279469,000000000,000000000,0109.301,0004.661,0000.395,0173
 
000279489,000000000,000000000,0108.749,0004.721,0000.394,0006
 
000279509,000000000,000000000,0108.176,0004.686,0000.386,0006
 
000279529,000000000,000000000,0107.654,0004.704,0000.365,0176
 
000279549,000000000,000000000,0107.110,0004.710,0000.368,0166
 
000279569,000000000,000000000,0106.545,0004.752,0000.379,0006
 
000279589,000000000,000000000,0105.917,0004.689,0000.356,0179
 
000279609,000000000,000000000,0105.290,0004.695,0000.351,0167
 
000279629,000000000,000000000,0104.609,0004.603,0000.327,0006
 
000279649,000000000,000000000,0103.948,0004.636,0000.343,0006
 
000279669,000000000,000000000,0103.284,0004.589,0000.316,0006
 
000279689,000000000,000000000,0102.668,0004.555,0000.336,0006
 
000279709,000000000,000000000,0101.965,0004.580,0000.332,0179
 
000279729,000000000,000000000,0101.309,0004.554,0000.307,0166
 
000279749,000000000,000000000,0100.595,0004.606,0000.332,0166
 
000279769,000000000,000000000,0099.947,0004.485,0000.344,0169
 
000279789,000000000,000000000,0099.241,0004.556,0000.347,0167
 
000279809,000000000,000000000,0098.633,0004.374,0000.360,0166
 
000279829,000000000,000000000,0098.061,0004.329,0000.353,0169
 
000279849,000000000,000000000,0097.552,0004.180,0000.365,0167
 
000279869,000000000,000000000,0097.138,0004.159,0000.392,0166
 
000279889,000000000,000000000,0096.772,0004.026,0000.395,0177
 
000279909,000000000,000000000,0096.481,0003.963,0000.395,0167
 
000279929,000000000,000000000,0096.184,0003.968,0000.421,0173
 
000279949,000000000,000000000,0095.861,0004.067,0000.419,0177
 
000279969,000000000,000000000,0095.571,0004.114,0000.442,0167
 
000279989,000000000,000000000,0095.258,0004.086,0000.441,0173
 
000280009,000000000,000000000,0094.951,0004.119,0000.484,0179
 
000280029,000000000,000000000,0094.623,0004.115,0000.497,0167
 
000280049,000000000,000000000,0094.321,0004.098,0000.492,0006
 
000280069,000000000,000000000,0094.078,0004.058,0000.466,0166
 
000280089,000000000,000000000,0093.859,0003.993,0000.490,0171
 
000280109,000000000,000000000,0093.658,0003.976,0000.491,0006
 
000280129,000000000,000000000,0093.452,0004.021,0000.491,0173
 
000280149,000000000,000000000,0093.268,0004.002,0000.492,0178
 
000280169,000000000,000000000,0093.127,0003.961,0000.517,0006
 
000280189,000000000,000000000,0093.023,0003.943,0000.543,0176
 
000280209,000000000,000000000,0092.935,0003.931,0000.564,0178
 
000280229,000000000,000000000,0092.848,0003.917,0000.564,0006
 
000280249,000000000,000000000,0092.792,0003.904,0000.564,0176
 
000280269,000000000,000000000,0092.774,0003.894,0000.567,0178
 
000280289,000000000,000000000,0092.760,0003.924,0000.570,0006
 
000280309,000000000,000000000,0092.758,0003.955,0000.593,0179
 
000280329,000000000,000000000,0092.751,0003.961,0000.592,0166
 
000280349,000000000,000000000,0092.723,0003.966,0000.592,0006
 
000280369,000000000,000000000,0092.713,0003.995,0000.594,0179
 
000280389,000000000,000000000,0092.683,0003.974,0000.613,0167
 
000280409,000000000,000000000,0092.665,0003.977,0000.630,0006
 
000280429,000000000,000000000,0092.650,0004.000,0000.627,0179
 
000280449,000000000,000000000,0092.637,0004.043,0000.602,0167
 
000280469,000000000,000000000,0092.622,0004.024,0000.581,0166
 
000280489,000000000,000000000,0092.590,0004.042,0000.604,0169
 
000280509,000000000,000000000,0092.569,0004.037,0000.644,0167
 
000280529,000000000,000000000,0092.564,0004.077,0000.660,0166
 
000280549,000000000,000000000,0092.537,0004.071,0000.634,0169
 
000280569,000000000,000000000,0092.513,0004.024,0000.671,0167
 
000280589,000000000,000000000,0092.488,0004.047,0000.664,0167
 
000280609,000000000,000000000,0092.480,0004.088,0000.718,0172
 
000280629,000000000,000000000,0092.474,0004.058,0000.728,0167
 
000280649,000000000,000000000,0092.462,0004.076,0000.717,0173
 
000280669,000000000,000000000,0092.435,0004.073,0000.727,0177
 
000280689,000000000,000000000,0092.424,0004.088,0000.736,0167
 
000280709,000000000,000000000,0092.391,0004.081,0000.723,0173
 
000280729,000000000,000000000,0092.364,0004.119,0000.730,0179
 
000280749,000000000,000000000,0092.352,0004.089,0000.718,0167
 
000280769,000000000,000000000,0092.342,0004.083,0000.709,0006
 
000280789,000000000,000000000,0092.333,0004.058,0000.741,0179
 
000280809,000000000,000000000,0092.331,0004.095,0000.729,0171
 
000280829,000000000,000000000,0092.318,0004.112,0000.717,0006
 
000280849,000000000,000000000,0092.283,0004.127,0000.707,0173
 
000280869,000000000,000000000,0092.254,0004.138,0000.697,0171
 
000280889,000000000,000000000,0092.233,0004.151,0000.690,0006
 
000280909,000000000,000000000,0092.214,0004.119,0000.724,0173
 
000280929,000000000,000000000,0092.191,0004.111,0000.694,0166
 
000280949,000000000,000000000,0092.180,0004.106,0000.667,0006
 
000280969,000000000,000000000,0092.168,0004.099,0000.681,0176
 
000280989,000000000,000000000,0092.127,0004.114,0000.673,0166
 
000281009,000000000,000000000,0092.116,0004.108,0000.668,0006
 
000281029,000000000,000000000,0092.101,0004.121,0000.681,0176
 
000281049,000000000,000000000,0092.064,0004.131,0000.694,0178
 
000281069,000000000,000000000,0092.057,0004.102,0000.706,0166
 
000281089,000000000,000000000,0092.041,0004.116,0000.718,0176
 
000281109,000000000,000000000,0092.045,0004.128,0000.687,0167
 
000281129,000000000,000000000,0092.036,0004.120,0000.697,0006
 
000281149,000000000,000000000,0092.021,0004.107,0000.730,0179
 
000281169,000000000,000000000,0092.010,0004.121,0000.718,0167
 
000281189,000000000,000000000,0091.980,0004.135,0000.728,0006
 
000281209,000000000,000000000,0091.977,0004.123,0000.737,0179
 
000281229,000000000,000000000,0091.952,0004.115,0000.726,0167
 
000281249,000000000,000000000,0091.935,0004.130,0000.755,0166
 
000281269,000000000,000000000,0091.921,0004.120,0000.742,0169
 
000281289,000000000,000000000,0091.912,0004.112,0000.729,0166
 
000281309,000000000,000000000,0091.891,0004.126,0000.738,0167
 
000281329,000000000,000000000,0091.879,0004.118,0000.748,0169
 
000281349,000000000,000000000,0091.867,0004.129,0000.755,0167
 
000281369,000000000,000000000,0091.861,0004.143,0000.764,0166
 
000281389,000000000,000000000,0091.854,0004.133,0000.771,0172
 
000281409,000000000,000000000,0091.831,0004.122,0000.775,0167
 
000281429,000000000,000000000,0091.837,0004.132,0000.781,0006
 
000281449,000000000,000000000,0091.829,0004.123,0000.766,0172
 
000281469,000000000,000000000,0091.820,0004.136,0000.728,0167
 
000281489,000000000,000000000,0091.804,0004.148,0000.718,0166
 
000281509,000000000,000000000,0091.805,0004.135,0000.728,0179
 
000281529,000000000,000000000,0091.791,0004.144,0000.716,0167
 
000281549,000000000,000000000,0091.774,0004.156,0000.686,0173
 
000281569,000000000,000000000,0091.775,0004.167,0000.700,0177
 
000281589,000000000,000000000,0091.767,0004.196,0000.732,0171
 
000281609,000000000,000000000,0091.749,0004.226,0000.720,0173
 
000281629,000000000,000000000,0091.744,0004.211,0000.730,0173
 
000281649,000000000,000000000,0091.746,0004.217,0000.737,0171
 
000281669,000000000,000000000,0091.737,0004.224,0000.727,0173
 
000281689,000000000,000000000,0091.722,0004.204,0000.735,0179
 
000281709,000000000,000000000,0091.708,0004.167,0000.723,0171
 
000281729,000000000,000000000,0091.703,0004.134,0000.711,0006
 
000281749,000000000,000000000,0091.681,0004.145,0000.699,0177
 
000281769,000000000,000000000,0091.685,0004.157,0000.711,0171
 
000281789,000000000,000000000,0091.686,0004.125,0000.701,0006
 
000281809,000000000,000000000,0091.692,0004.136,0000.731,0179
 
000281829,000000000,000000000,0091.695,0004.081,0000.718,0166
 
000281849,000000000,000000000,0091.680,0004.098,0000.707,0166
 
000281869,000000000,000000000,0091.662,0004.048,0000.675,0179
 
000281889,000000000,000000000,0091.670,0004.066,0000.709,0179
 
000281909,000000000,000000000,0091.655,0004.066,0000.719,0006
 
000281929,000000000,000000000,0091.659,0004.063,0000.710,0179
 
000281949,000000000,000000000,0091.645,0004.040,0000.722,0167
 
000281969,000000000,000000000,0091.650,0004.041,0000.691,0006
 
000281989,000000000,000000000,0091.644,0004.016,0000.661,0179
 
000282009,000000000,000000000,0091.661,0004.018,0000.655,0166
 
000282029,000000000,000000000,0091.665,0004.019,0000.651,0166
 
000282049,000000000,000000000,0091.668,0004.038,0000.646,0169
 
000282069,000000000,000000000,0091.656,0004.036,0000.663,0166
 
000282089,000000000,000000000,0091.670,0004.055,0000.636,0167
 
000282109,000000000,000000000,0091.666,0004.075,0000.630,0169
 
000282129,000000000,000000000,0091.669,0004.072,0000.627,0167
 
000282149,000000000,000000000,0091.684,0004.070,0000.623,0167
 
000282169,000000000,000000000,0091.682,0004.067,0000.621,0177
 
000282189,000000000,000000000,0091.672,0004.064,0000.640,0167
 
000282209,000000000,000000000,0091.657,0004.062,0000.637,0167
 
000282229,000000000,000000000,0091.658,0004.077,0000.654,0179
 
000282249,000000000,000000000,0091.653,0004.096,0000.628,0167
 
000282269,000000000,000000000,0091.645,0004.111,0000.624,0006
 
000282289,000000000,000000000,0091.639,0004.099,0000.662,0179
 
000282309,000000000,000000000,0091.656,0004.115,0000.656,0171
 
000282329,000000000,000000000,0091.649,0004.129,0000.631,0006
 
000282349,000000000,000000000,0091.633,0004.122,0000.629,0173
 
000282369,000000000,000000000,0091.633,0004.136,0000.628,0167
 
000282389,000000000,000000000,0091.636,0004.168,0000.623,0006
 
000282409,000000000,000000000,0091.633,0004.159,0000.640,0173
 
000282429,000000000,000000000,0091.628,0004.150,0000.615,0178
 
000282449,000000000,000000000,0091.600,0004.162,0000.613,0006
 
000282469,000000000,000000000,0091.598,0004.151,0000.609,0176
 
000282489,000000000,000000000,0091.601,0004.142,0000.605,0006
 
000282509,000000000,000000000,0091.604,0004.154,0000.601,0006
 
000282529,000000000,000000000,0091.605,0004.142,0000.579,0176
 
000282549,000000000,000000000,0091.589,0004.153,0000.582,0166
 
000282569,000000000,000000000,0091.578,0004.161,0000.603,0006
 
000282589,000000000,000000000,0091.572,0004.170,0000.602,0179
 
000282609,000000000,000000000,0091.572,0004.182,0000.600,0178
 
000282629,000000000,000000000,0091.584,0004.167,0000.621,0006
 
000282649,000000000,000000000,0091.575,0004.157,0000.598,0179
 
000282669,000000000,000000000,0091.579,0004.147,0000.598,0166
 
000282689,000000000,000000000,0091.572,0004.179,0000.597,0166
 
000282709,000000000,000000000,0091.547,0004.185,0000.595,0167
 
000282729,000000000,000000000,0091.551,0004.212,0000.595,0167
 
000282749,000000000,000000000,0091.561,0004.201,0000.617,0166
 
000282769,000000000,000000000,0091.553,0004.187,0000.615,0169
 
000282789,000000000,000000000,0091.565,0004.172,0000.612,0166
 
000282809,000000000,000000000,0091.554,0004.181,0000.610,0167
 
000282829,000000000,000000000,0091.553,0004.171,0000.630,0169
 
000282849,000000000,000000000,0091.530,0004.137,0000.646,0167
 
000282869,000000000,000000000,0091.514,0004.126,0000.642,0166
 
000282889,000000000,000000000,0091.528,0004.161,0000.659,0172
 
000282909,000000000,000000000,0091.526,0004.173,0000.673,0167
 
000282929,000000000,000000000,0091.525,0004.163,0000.687,0173
 
000282949,000000000,000000000,0091.518,0004.130,0000.676,0177
 
000282969,000000000,000000000,0091.507,0004.143,0000.670,0171
 
000282989,000000000,000000000,0091.517,0004.179,0000.644,0173
 
000283009,000000000,000000000,0091.515,0004.169,0000.639,0172
 
000283029,000000000,000000000,0091.520,0004.174,0000.633,0167
 
000283049,000000000,000000000,0091.507,0004.205,0000.610,0166
 
000283069,000000000,000000000,0091.503,0004.190,0000.628,0173
 
000283089,000000000,000000000,0091.500,0004.179,0000.605,0171
 
000283109,000000000,000000000,0091.501,0004.167,0000.586,0006
 
000283129,000000000,000000000,0091.485,0004.156,0000.585,0173
 
000283149,000000000,000000000,0091.491,0004.121,0000.585,0006
 
000283169,000000000,000000000,0091.494,0004.099,0000.608,0006
 
000283189,000000000,000000000,0091.498,0004.156,0000.628,0177
 
000283209,000000000,000000000,0091.503,0004.167,0000.667,0006
 
000283229,000000000,000000000,0091.509,0004.155,0000.657,0006
 
000283249,000000000,000000000,0091.502,0004.141,0000.627,0176
 
000283269,000000000,000000000,0091.511,0004.128,0000.646,0179
 
000283289,000000000,000000000,0091.513,0004.122,0000.642,0006
 
000283309,000000000,000000000,0091.526,0004.133,0000.657,0179
 
000283329,000000000,000000000,0091.523,0004.127,0000.652,0166
 
000283349,000000000,000000000,0091.507,0004.144,0000.647,0166
 
000283369,000000000,000000000,0091.507,0004.138,0000.681,0167
 
000283389,000000000,000000000,0091.503,0004.150,0000.674,0179
 
000283409,000000000,000000000,0091.500,0004.160,0000.646,0006
 
000283429,000000000,000000000,0091.509,0004.193,0000.663,0179
 
000283449,000000000,000000000,0091.504,0004.177,0000.656,0167
 
000283469,000000000,000000000,0091.504,0004.169,0000.630,0166
 
000283489,000000000,000000000,0091.505,0004.179,0000.605,0167
 
000283509,000000000,000000000,0091.496,0004.167,0000.602,0166
 
000283529,000000000,000000000,0091.487,0004.135,0000.601,0167
 
000283549,000000000,000000000,0091.484,0004.148,0000.578,0169
 
000283569,000000000,000000000,0091.496,0004.159,0000.579,0167
 
000283589,000000000,000000000,0091.501,0004.152,0000.598,0166
 
000283609,000000000,000000000,0091.504,0004.162,0000.617,0169
 
000283629,000000000,000000000,0091.488,0004.151,0000.595,0167
 
000283649,000000000,000000000,0091.487,0004.183,0000.614,0173
 
000283669,000000000,000000000,0091.493,0004.192,0000.611,0177
 
000283689,000000000,000000000,0091.501,0004.178,0000.587,0167
 
000283709,000000000,000000000,0091.485,0004.171,0000.568,0173
 
000283729,000000000,000000000,0091.476,0004.159,0000.568,0179
 
000283749,000000000,000000000,0091.477,0004.151,0000.569,0167
 
000283769,000000000,000000000,0091.474,0004.162,0000.570,0006
 
000283789,000000000,000000000,0091.490,0004.173,0000.591,0006
 
000283809,000000000,000000000,0091.490,0004.143,0000.590,0006
 
000283829,000000000,000000000,0091.491,0004.155,0000.587,0006
 
000283849,000000000,000000000,0091.491,0004.187,0000.590,0173
 
000283869,000000000,000000000,0091.475,0004.175,0000.590,0167
 
000283889,000000000,000000000,0091.482,0004.143,0000.610,0006
 
000283909,000000000,000000000,0091.489,0004.157,0000.629,0166
 
000283929,000000000,000000000,0091.497,0004.170,0000.625,0171
 
000283949,000000000,000000000,0091.501,0004.179,0000.622,0006
 
000283969,000000000,000000000,0091.501,0004.187,0000.640,0167
 
000283989,000000000,000000000,0091.512,0004.175,0000.655,0178
 
000284009,000000000,000000000,0091.499,0004.186,0000.650,0006
 
000284029,000000000,000000000,0091.489,0004.173,0000.645,0179
 
000284049,000000000,000000000,0091.486,0004.181,0000.639,0166
 
000284069,000000000,000000000,0091.478,0004.168,0000.613,0166
 
000284089,000000000,000000000,0091.473,0004.179,0000.611,0167
 
000284109,000000000,000000000,0091.481,0004.188,0000.629,0167
 
000284129,000000000,000000000,0091.475,0004.176,0000.604,0006
 
000284149,000000000,000000000,0091.470,0004.168,0000.603,0179
 
000284169,000000000,000000000,0091.487,0004.177,0000.663,0167
 
000284189,000000000,000000000,0091.492,0004.185,0000.657,0166
 
000284209,000000000,000000000,0091.491,0004.195,0000.650,0169
 
000284229,000000000,000000000,0091.485,0004.204,0000.645,0166
 
000284249,000000000,000000000,0091.487,0004.189,0000.658,0166
 
000284269,000000000,000000000,0091.472,0004.196,0000.670,0169
 
000284289,000000000,000000000,0091.479,0004.228,0000.682,0166
 
000284309,000000000,000000000,0091.463,0004.234,0000.676,0166
 
000284329,000000000,000000000,0091.454,0004.196,0000.686,0169
 
000284349,000000000,000000000,0091.469,0004.222,0000.677,0167
 
000284369,000000000,000000000,0091.458,0004.229,0000.650,0167
 
000284389,000000000,000000000,0091.458,0004.212,0000.664,0177
 
000284409,000000000,000000000,0091.455,0004.196,0000.656,0167
 
000284429,000000000,000000000,0091.463,0004.204,0000.671,0173
 
000284449,000000000,000000000,0091.458,0004.213,0000.666,0172
 
000284469,000000000,000000000,0091.469,0004.221,0000.658,0167
 
000284489,000000000,000000000,0091.473,0004.227,0000.673,0006
 
