000010920,000000000,000000000,0121.760,0002.746,-001.447,0166
 
000010940,000000000,000000000,0121.833,0002.775,-001.449,0006
 
000010960,000000000,000000000,0121.787,0002.802,-001.433,0006
 
000010980,000000000,000000000,0121.789,0002.820,-001.438,0166
 
000011000,000000000,000000000,0121.758,0002.841,-001.444,0006
 
000011020,000000000,000000000,0121.677,0002.836,-001.450,0171
 
000011040,000000000,000000000,0121.665,0002.807,-001.431,0167
 
000011060,000000000,000000000,0121.678,0002.805,-001.459,0167
 
000011080,000000000,000000000,0121.751,0002.825,-001.484,0006
 
000011100,000000000,000000000,0121.618,0002.823,-001.483,0166
 
000011120,000000000,000000000,0121.852,0002.819,-001.485,0166
 
000011140,000000000,000000000,0121.733,0002.860,-001.489,0006
 
000011160,000000000,000000000,0121.786,0002.849,-001.487,0167
 
000011180,000000000,000000000,0121.726,0002.842,-001.487,0006
 
000011200,000000000,000000000,0121.676,0002.860,-001.487,0006
 
000011220,000000000,000000000,0121.694,0002.872,-001.460,0176
 
000011240,000000000,000000000,0121.783,0002.836,-001.439,0006
 
000011260,000000000,000000000,0121.708,0002.827,-001.445,0177
 
000011280,000000000,000000000,0121.708,0002.868,-001.448,0166
 
000011300,000000000,000000000,0121.752,0002.882,-001.431,0007
 
000011320,000000000,000000000,0121.740,0002.896,-001.415,0177
 
000011340,000000000,000000000,0121.676,0002.905,-001.400,0166
 
000011360,000000000,000000000,0121.629,0002.871,-001.386,0007
 
000011380,000000000,000000000,0121.681,0002.858,-001.328,0177
 
000011400,000000000,000000000,0121.619,0002.774,-001.336,0166
 
000011420,000000000,000000000,0121.548,0002.808,-001.370,0007
 
000011440,000000000,000000000,0121.607,0002.800,-001.357,0007
 
000011460,000000000,000000000,0121.692,0002.777,-001.391,0179
 
000011480,000000000,000000000,0121.651,0002.776,-001.423,0007
 
000011500,000000000,000000000,0121.660,0002.775,-001.405,0177
 
000011520,000000000,000000000,0121.710,0002.740,-001.427,0166
 
000011540,000000000,000000000,0121.830,0002.731,-001.473,0007
 
000011560,000000000,000000000,0121.864,0002.726,-001.470,0007
 
000011580,000000000,000000000,0121.777,0002.683,-001.446,0007
 
000011600,000000000,000000000,0121.709,0002.739,-001.407,0007
 
000011620,000000000,000000000,0121.789,0002.721,-001.414,0007
 
000011640,000000000,000000000,0121.786,0002.722,-001.416,0180
 
000011660,000000000,000000000,0121.825,0002.751,-001.404,0007
 
000011680,000000000,000000000,0121.703,0002.727,-001.386,0007
 
000011700,000000000,000000000,0121.781,0002.727,-001.327,0167
 
000011720,000000000,000000000,0121.744,0002.751,-001.300,0167
 
000011740,000000000,000000000,0121.764,0002.750,-001.336,0172
 
000011760,000000000,000000000,0121.800,0002.751,-001.372,0167
 
000011780,000000000,000000000,0121.868,0002.749,-001.380,0007
 
000011800,000000000,000000000,0121.838,0002.771,-001.367,0172
 
000011820,000000000,000000000,0121.858,0002.742,-001.355,0166
 
000011840,000000000,000000000,0121.792,0002.720,-001.367,0168
 
000011860,000000000,000000000,0121.708,0002.743,-001.375,0172
 
000011880,000000000,000000000,0121.629,0002.740,-001.364,0168
 
000011900,000000000,000000000,0121.712,0002.735,-001.371,0008
 
000011920,000000000,000000000,0121.797,0002.733,-001.381,0009
 
000011940,000000000,000000000,0121.898,0002.733,-001.391,0170
 
000011960,000000000,000000000,0121.727,0002.734,-001.398,0170
 
000011980,000000000,000000000,0121.725,0002.733,-001.426,0175
 
000012000,000000000,000000000,0121.777,0002.704,-001.405,0171
 
000012020,000000000,000000000,0121.864,0002.700,-001.407,0010
 
000012040,000000000,000000000,0121.953,0002.746,-001.414,0181
 
000012060,000000000,000000000,0121.747,0002.739,-001.419,0169
 
000012080,000000000,000000000,0121.865,0002.758,-001.401,0011
 
000012100,000000000,000000000,0121.887,0002.735,-001.432,0013
 
000012120,000000000,000000000,0121.978,0002.727,-001.433,0184
 
000012140,000000000,000000000,0121.863,0002.721,-001.433,0013
 
000012160,000000000,000000000,0121.825,0002.719,-001.414,0017
 
000012180,000000000,000000000,0121.879,0002.762,-001.397,0169
 
000012200,000000000,000000000,0121.800,0002.784,-001.380,0011
 
000012220,000000000,000000000,0121.638,0002.775,-001.389,0012
 
000012240,000000000,000000000,0121.805,0002.763,-001.394,0170
 
000012260,000000000,000000000,0121.915,0002.735,-001.399,0013
 
000012280,000000000,000000000,0121.818,0002.729,-001.406,0171
 
000012300,000000000,000000000,0121.903,0002.702,-001.410,0169
 
000012320,000000000,000000000,0121.838,0002.700,-001.411,0010
 
000012340,000000000,000000000,0121.739,0002.720,-001.416,0170
 
000012360,000000000,000000000,0121.740,0002.695,-001.418,0171
 
000012380,000000000,000000000,0121.880,0002.688,-001.396,0014
 
000012400,000000000,000000000,0121.947,0002.710,-001.382,0171
 
000012420,000000000,000000000,0121.931,0002.732,-001.387,0170
 
000012440,000000000,000000000,0121.940,0002.726,-001.393,0170
 
000012460,000000000,000000000,0121.995,0002.720,-001.422,0172
 
000012480,000000000,000000000,0121.916,0002.698,-001.422,0170
 
000012500,000000000,000000000,0121.791,0002.688,-001.402,0171
 
000012520,000000000,000000000,0121.841,0002.688,-001.407,0174
 
000012540,000000000,000000000,0121.859,0002.688,-001.431,0170
 
000012560,000000000,000000000,0121.740,0002.683,-001.433,0171
 
000012580,000000000,000000000,0121.839,0002.701,-001.411,0185
 
000012600,000000000,000000000,0121.818,0002.676,-001.415,0171
 
000012620,000000000,000000000,0121.877,0002.653,-001.397,0170
 
000012640,000000000,000000000,0121.890,0002.654,-001.404,0009
 
000012660,000000000,000000000,0121.965,0002.656,-001.429,0169
 
000012680,000000000,000000000,0121.975,0002.658,-001.411,0014
 
000012700,000000000,000000000,0121.905,0002.655,-001.390,0182
 
000012720,000000000,000000000,0121.960,0002.653,-001.392,0171
 
000012740,000000000,000000000,0121.947,0002.647,-001.396,0014
 
000012760,000000000,000000000,0121.804,0002.645,-001.399,0184
 
000012780,000000000,000000000,0121.813,0002.712,-001.381,0169
 
000012800,000000000,000000000,0121.907,0002.708,-001.365,0012
 
000012820,000000000,000000000,0121.918,0002.704,-001.371,0182
 
000012840,000000000,000000000,0121.924,0002.694,-001.332,0170
 
000012860,000000000,000000000,0121.855,0002.667,-001.342,0012
 
000012880,000000000,000000000,0121.821,0002.670,-001.374,0012
 
000012900,000000000,000000000,0121.784,0002.688,-001.381,0169
 
000012920,000000000,000000000,0121.790,0002.728,-001.386,0010
 
000012940,000000000,000000000,0121.799,0002.744,-001.391,0013
 
000012960,000000000,000000000,0121.853,0002.753,-001.371,0184
 
000012980,000000000,000000000,0122.003,0002.746,-001.357,0014
 
000013000,000000000,000000000,0121.943,0002.762,-001.366,0172
 
000013020,000000000,000000000,0121.943,0002.749,-001.352,0173
 
000013040,000000000,000000000,0121.940,0002.712,-001.336,0015
 
000013060,000000000,000000000,0121.827,0002.704,-001.301,0172
 
000013080,000000000,000000000,0121.799,0002.697,-001.293,0170
 
000013100,000000000,000000000,0121.777,0002.711,-001.307,0173
 
000013120,000000000,000000000,0121.879,0002.729,-001.320,0171
 
000013140,000000000,000000000,0121.804,0002.692,-001.330,0170
 
000013160,000000000,000000000,0121.773,0002.639,-001.318,0171
 
000013180,000000000,000000000,0121.790,0002.613,-001.327,0172
 
000013200,000000000,000000000,0121.933,0002.613,-001.359,0170
 
000013220,000000000,000000000,0121.973,0002.613,-001.366,0013
 
000013240,000000000,000000000,0122.014,0002.595,-001.351,0176
 
000013260,000000000,000000000,0122.029,0002.597,-001.360,0173
 
000013280,000000000,000000000,0121.939,0002.623,-001.344,0173
 
000013300,000000000,000000000,0122.022,0002.599,-001.352,0179
 
000013320,000000000,000000000,0121.995,0002.623,-001.358,0172
 
000013340,000000000,000000000,0122.027,0002.624,-001.384,0172
 
000013360,000000000,000000000,0122.036,0002.599,-001.366,0014
 
000013380,000000000,000000000,0122.084,0002.575,-001.348,0171
 
000013400,000000000,000000000,0122.110,0002.579,-001.354,0023
 
000013420,000000000,000000000,0122.211,0002.608,-001.341,0013
 
000013440,000000000,000000000,0122.088,0002.606,-001.327,0171
 
000013460,000000000,000000000,0122.074,0002.606,-001.336,0014
 
000013480,000000000,000000000,0121.982,0002.602,-001.321,0182
 
000013500,000000000,000000000,0121.896,0002.623,-001.332,0171
 
000013520,000000000,000000000,0121.869,0002.648,-001.341,0012
 
000013540,000000000,000000000,0121.987,0002.690,-001.374,0012
 
000013560,000000000,000000000,0121.973,0002.655,-001.377,0183
 
000013580,000000000,000000000,0121.876,0002.625,-001.334,0016
 
000013600,000000000,000000000,0121.934,0002.626,-001.324,0013
 
000013620,000000000,000000000,0121.953,0002.649,-001.356,0170
 
000013640,000000000,000000000,0121.982,0002.646,-001.362,0013
 
000013660,000000000,000000000,0121.898,0002.641,-001.370,0014
 
000013680,000000000,000000000,0121.998,0002.635,-001.373,0185
 
000013700,000000000,000000000,0122.066,0002.609,-001.378,0018
 
000013720,000000000,000000000,0121.983,0002.604,-001.381,0011
 
000013740,000000000,000000000,0121.828,0002.603,-001.385,0185
 
000013760,000000000,000000000,0121.900,0002.603,-001.389,0008
 
000013780,000000000,000000000,0121.931,0002.578,-001.348,0013
 
000013800,000000000,000000000,0121.918,0002.579,-001.376,0170
 
000013820,000000000,000000000,0121.869,0002.579,-001.404,0171
 
000013840,000000000,000000000,0121.950,0002.577,-001.382,0173
 
000013860,000000000,000000000,0122.003,0002.576,-001.361,0173
 
000013880,000000000,000000000,0121.819,0002.576,-001.367,0172
 
000013900,000000000,000000000,0121.752,0002.575,-001.373,0174
 
000013920,000000000,000000000,0121.699,0002.558,-001.401,0171
 
000013940,000000000,000000000,0121.795,0002.563,-001.427,0173
 
000013960,000000000,000000000,0121.884,0002.565,-001.425,0015
 
000013980,000000000,000000000,0121.938,0002.562,-001.398,0173
 
000014000,000000000,000000000,0122.039,0002.565,-001.400,0020
 
000014020,000000000,000000000,0121.974,0002.568,-001.423,0178
 
000014040,000000000,000000000,0122.085,0002.545,-001.421,0173
 
000014060,000000000,000000000,0122.042,0002.546,-001.444,0171
 
000014080,000000000,000000000,0122.148,0002.571,-001.439,0185
 
000014100,000000000,000000000,0122.093,0002.573,-001.392,0171
 
000014120,000000000,000000000,0122.027,0002.570,-001.394,0173
 
000014140,000000000,000000000,0121.970,0002.639,-001.418,0183
 
000014160,000000000,000000000,0122.043,0002.702,-001.443,0172
 
000014180,000000000,000000000,0122.112,0002.668,-001.419,0014
 
000014200,000000000,000000000,0122.072,0002.658,-001.418,0012
 
000014220,000000000,000000000,0121.991,0002.652,-001.397,0172
 
000014240,000000000,000000000,0121.971,0002.665,-001.378,0008
 
000014260,000000000,000000000,0122.013,0002.720,-001.378,0182
 
000014280,000000000,000000000,0121.946,0002.750,-001.382,0171
 
000014300,000000000,000000000,0121.920,0002.706,-001.339,0013
 
000014320,000000000,000000000,0121.834,0002.667,-001.366,0184
 
000014340,000000000,000000000,0122.068,0002.634,-001.393,0172
 
000014360,000000000,000000000,0122.147,0002.648,-001.395,0014
 
000014380,000000000,000000000,0122.130,0002.638,-001.372,0015
 
000014400,000000000,000000000,0121.878,0002.654,-001.334,0171
 
000014420,000000000,000000000,0121.961,0002.620,-001.338,0172
 
000014440,000000000,000000000,0121.951,0002.610,-001.299,0171
 
000014460,000000000,000000000,0121.790,0002.626,-001.288,0173
 
000014480,000000000,000000000,0121.728,0002.640,-001.300,0015
 
000014500,000000000,000000000,0121.727,0002.630,-001.287,0173
 
000014520,000000000,000000000,0121.823,0002.639,-001.229,0171
 
000014540,000000000,000000000,0121.963,0002.652,-001.223,0011
 
000014560,000000000,000000000,0121.760,0002.619,-001.217,0174
 
000014580,000000000,000000000,0121.819,0002.583,-001.235,0172
 
000014600,000000000,000000000,0121.850,0002.578,-001.250,0171
 
000014620,000000000,000000000,0121.863,0002.576,-001.266,0178
 
000014640,000000000,000000000,0121.832,0002.568,-001.254,0172
 
000014660,000000000,000000000,0121.809,0002.570,-001.267,0170
 
000014680,000000000,000000000,0121.939,0002.591,-001.280,0172
 
000014700,000000000,000000000,0121.955,0002.587,-001.294,0173
 
000014720,000000000,000000000,0121.938,0002.606,-001.324,0172
 
000014740,000000000,000000000,0122.019,0002.572,-001.355,0178
 
000014760,000000000,000000000,0122.045,0002.563,-001.359,0172
 
000014780,000000000,000000000,0121.901,0002.562,-001.364,0171
 
000014800,000000000,000000000,0121.921,0002.584,-001.369,0177
 
000014820,000000000,000000000,0121.958,0002.598,-001.349,0013
 
000014840,000000000,000000000,0121.914,0002.591,-001.376,0012
 
000014860,000000000,000000000,0121.979,0002.588,-001.360,0186
 
000014880,000000000,000000000,0121.963,0002.604,-001.343,0172
 
000014900,000000000,000000000,0122.013,0002.577,-001.348,0012
 
000014920,000000000,000000000,0122.064,0002.573,-001.354,0008
 
000014940,000000000,000000000,0121.958,0002.550,-001.358,0181
 
000014960,000000000,000000000,0121.975,0002.546,-001.361,0015
 
000014980,000000000,000000000,0121.907,0002.542,-001.342,0186
 
000015000,000000000,000000000,0121.877,0002.563,-001.326,0172
 
000015020,000000000,000000000,0121.863,0002.582,-001.356,0014
 
000015040,000000000,000000000,0121.862,0002.599,-001.360,0012
 
000015060,000000000,000000000,0121.911,0002.593,-001.362,0171
 
000015080,000000000,000000000,0121.786,0002.583,-001.341,0020
 
000015100,000000000,000000000,0121.815,0002.552,-001.323,0170
 
000015120,000000000,000000000,0121.790,0002.568,-001.330,0172
 
000015140,000000000,000000000,0121.812,0002.563,-001.317,0172
 
000015160,000000000,000000000,0121.901,0002.537,-001.348,0008
 
000015180,000000000,000000000,0122.035,0002.508,-001.372,0172
 
000015200,000000000,000000000,0121.966,0002.484,-001.373,0015
 
000015220,000000000,000000000,0122.087,0002.510,-001.376,0171
 
000015240,000000000,000000000,0122.140,0002.486,-001.399,0171
 
000015260,000000000,000000000,0121.971,0002.490,-001.399,0171
 
000015280,000000000,000000000,0121.932,0002.469,-001.399,0172
 
000015300,000000000,000000000,0121.965,0002.448,-001.398,0171
 
000015320,000000000,000000000,0121.990,0002.499,-001.354,0013
 
000015340,000000000,000000000,0121.991,0002.496,-001.355,0173
 
000015360,000000000,000000000,0121.835,0002.498,-001.359,0172
 
000015380,000000000,000000000,0121.983,0002.500,-001.362,0173
 
000015400,000000000,000000000,0121.967,0002.497,-001.341,0176
 
000015420,000000000,000000000,0122.007,0002.470,-001.299,0172
 
000015440,000000000,000000000,0121.991,0002.494,-001.309,0173
 
000015460,000000000,000000000,0121.912,0002.516,-001.318,0177
 
000015480,000000000,000000000,0121.962,0002.514,-001.326,0173
 
000015500,000000000,000000000,0122.045,0002.534,-001.333,0019
 
000015520,000000000,000000000,0121.950,0002.503,-001.336,0186
 
000015540,000000000,000000000,0122.025,0002.497,-001.340,0174
 
000015560,000000000,000000000,0121.994,0002.518,-001.344,0172
 
000015580,000000000,000000000,0122.064,0002.539,-001.347,0014
 
000015600,000000000,000000000,0122.043,0002.560,-001.353,0172
 
000015620,000000000,000000000,0121.993,0002.550,-001.333,0174
 
000015640,000000000,000000000,0122.100,0002.522,-001.381,0184
 
000015660,000000000,000000000,0122.070,0002.517,-001.337,0014
 
000015680,000000000,000000000,0122.073,0002.487,-001.317,0012
 
000015700,000000000,000000000,0122.016,0002.512,-001.323,0016
 
000015720,000000000,000000000,0122.034,0002.533,-001.305,0182
 
000015740,000000000,000000000,0122.086,0002.503,-001.289,0011
 
000015760,000000000,000000000,0122.140,0002.499,-001.319,0186
 
000015780,000000000,000000000,0122.194,0002.515,-001.279,0172
 
000015800,000000000,000000000,0122.052,0002.509,-001.220,0007
 
000015820,000000000,000000000,0122.049,0002.481,-001.235,0007
 
000015840,000000000,000000000,0122.229,0002.485,-001.274,0179
 
000015860,000000000,000000000,0122.203,0002.458,-001.284,0007
 
000015880,000000000,000000000,0122.065,0002.457,-001.269,0007
 
000015900,000000000,000000000,0121.997,0002.477,-001.256,0180
 
000015920,000000000,000000000,0121.997,0002.476,-001.223,0008
 
000015940,000000000,000000000,0122.044,0002.452,-001.238,0014
 
000015960,000000000,000000000,0121.926,0002.450,-001.252,0170
 
000015980,000000000,000000000,0121.779,0002.449,-001.262,0011
 
000016000,000000000,000000000,0121.905,0002.452,-001.273,0172
 
000016020,000000000,000000000,0122.088,0002.449,-001.259,0173
 
000016040,000000000,000000000,0122.145,0002.449,-001.223,0014
 
000016060,000000000,000000000,0122.159,0002.474,-001.239,0174
 
000016080,000000000,000000000,0122.064,0002.494,-001.272,0172
 
000016100,000000000,000000000,0122.101,0002.489,-001.257,0171
 
000016120,000000000,000000000,0121.992,0002.487,-001.271,0172
 
000016140,000000000,000000000,0121.963,0002.511,-001.281,0171
 
000016161,000000000,000000000,0121.947,0002.503,-001.291,1023
 
000016181,000000000,000000000,0121.919,0002.446,-001.297,1023
 
000016201,000000000,000000000,0121.851,0002.472,-001.326,1023
 
000016221,000000000,000000000,0121.910,0002.453,-001.332,1023
 
000016241,000000000,000000000,0121.819,0002.447,-001.313,1023
 
000016261,000000000,000000000,0121.885,0002.451,-001.318,1023
 
000016281,000000000,000000000,0121.912,0002.476,-001.327,1023
 
000016301,000000000,000000000,0121.889,0002.551,-001.320,1023
 
000016321,000000000,000000000,0121.813,0002.644,-001.335,1023
 
000016340,000000000,000000000,0121.688,0002.736,-001.342,0014
 
000016360,000000000,000000000,0121.424,0002.784,-001.310,0179
 
000016380,000000000,000000000,0121.207,0002.768,-001.323,0167
 
000016400,000000000,000000000,0120.916,0002.835,-001.315,0007
 
000016420,000000000,000000000,0120.460,0002.944,-001.341,0006
 
000016440,000000000,000000000,0120.033,0003.030,-001.365,0176
 
000016460,000000000,000000000,0119.348,0003.147,-001.366,0006
 
000016480,000000000,000000000,0118.673,0003.099,-001.368,0177
 
000016500,000000000,000000000,0117.655,0003.189,-001.361,0166
 
000016520,000000000,000000000,0116.799,0003.313,-001.371,0007
 
000016540,000000000,000000000,0115.830,0003.239,-001.380,0177
 
000016560,000000000,000000000,0114.876,0003.037,-001.412,0166
 
000016580,000000000,000000000,0114.082,0002.870,-001.409,0007
 
000016600,000000000,000000000,0113.381,0002.895,-001.389,0178
 
000016620,000000000,000000000,0112.648,0002.845,-001.382,0166
 
000016640,000000000,000000000,0112.023,0002.668,-001.419,0006
 
000016660,000000000,000000000,0111.396,0002.559,-001.429,0007
 
000016680,000000000,000000000,0110.906,0002.523,-001.419,0180
 
000016700,000000000,000000000,0110.546,0002.293,-001.399,0007
 
000016720,000000000,000000000,0110.175,0002.349,-001.385,0007
 
000016740,000000000,000000000,0109.777,0002.324,-001.389,0179
 
000016760,000000000,000000000,0109.384,0002.334,-001.371,0007
 
000016780,000000000,000000000,0108.989,0002.353,-001.353,0007
 
000016800,000000000,000000000,0108.500,0002.315,-001.385,0007
 
000016820,000000000,000000000,0108.132,0002.342,-001.366,0007
 
000016840,000000000,000000000,0107.871,0002.239,-001.308,0007
 
000016860,000000000,000000000,0107.577,0002.255,-001.318,0167
 
000016880,000000000,000000000,0107.281,0002.344,-001.305,0166
 
000016900,000000000,000000000,0106.826,0002.281,-001.312,0007
 
000016920,000000000,000000000,0106.557,0002.210,-001.324,0007
 
000016940,000000000,000000000,0106.419,0002.171,-001.302,0007
 
000016960,000000000,000000000,0106.202,0002.176,-001.289,0007
 
000016980,000000000,000000000,0106.126,0002.165,-001.299,0168
 
000017000,000000000,000000000,0105.808,0002.150,-001.305,0013
 
000017020,000000000,000000000,0105.747,0002.197,-001.291,0012
 
000017040,000000000,000000000,0105.596,0002.197,-001.296,0168
 
000017060,000000000,000000000,0105.443,0002.235,-001.278,0009
 
000017080,000000000,000000000,0105.166,0002.174,-001.307,0007
 
000017100,000000000,000000000,0104.949,0002.120,-001.287,0169
 
000017120,000000000,000000000,0104.877,0002.148,-001.293,0010
 
000017140,000000000,000000000,0104.821,0002.168,-001.274,0010
 
000017160,000000000,000000000,0104.819,0002.162,-001.256,0170
 
000017180,000000000,000000000,0104.761,0002.180,-001.243,0009
 
000017200,000000000,000000000,0104.817,0002.173,-001.251,0170
 
000017220,000000000,000000000,0104.783,0002.194,-001.261,0179
 
000017240,000000000,000000000,0104.648,0002.252,-001.269,0009
 
000017260,000000000,000000000,0104.437,0002.288,-001.298,0012
 
000017280,000000000,000000000,0104.453,0002.272,-001.299,0183
 
000017300,000000000,000000000,0104.342,0002.251,-001.298,0009
 
000017320,000000000,000000000,0104.265,0002.284,-001.278,0175
 
000017340,000000000,000000000,0104.220,0002.297,-001.281,0183
 
000017360,000000000,000000000,0104.200,0002.324,-001.263,0014
 
000017380,000000000,000000000,0104.160,0002.322,-001.266,0014
 
000017400,000000000,000000000,0104.226,0002.326,-001.248,0183
 
000017420,000000000,000000000,0104.231,0002.302,-001.231,0009
 
000017440,000000000,000000000,0103.957,0002.330,-001.238,0014
 
000017460,000000000,000000000,0104.080,0002.335,-001.267,0183
 
000017480,000000000,000000000,0104.062,0002.339,-001.248,0014
 
000017500,000000000,000000000,0104.026,0002.362,-001.256,0012
 
000017520,000000000,000000000,0103.252,0002.362,-001.240,0170
 
000017540,000000000,000000000,0103.382,0002.359,-001.225,0013
 
000017560,000000000,000000000,0103.482,0002.382,-001.213,0011
 
000017580,000000000,000000000,0103.581,0002.423,-001.201,0014
 
000017600,000000000,000000000,0103.610,0002.459,-001.218,0016
 
000017620,000000000,000000000,0103.593,0002.472,-001.206,0014
 
000017640,000000000,000000000,0103.505,0002.462,-001.217,0169
 
000017660,000000000,000000000,0103.485,0002.448,-001.226,0011
 
000017680,000000000,000000000,0103.466,0002.441,-001.214,0012
 
000017700,000000000,000000000,0103.424,0002.459,-001.204,0168
 
000017720,000000000,000000000,0103.451,0002.467,-001.214,0013
 
000017740,000000000,000000000,0103.619,0002.453,-001.245,0011
 
000017760,000000000,000000000,0103.526,0002.435,-001.226,0171
 
000017780,000000000,000000000,0103.643,0002.450,-001.213,0013
 
000017800,000000000,000000000,0103.653,0002.411,-001.198,0011
 
000017820,000000000,000000000,0103.724,0002.425,-001.164,0167
 
000017840,000000000,000000000,0103.693,0002.444,-001.178,0007
 
000017860,000000000,000000000,0103.588,0002.450,-001.164,0167
 
000017880,000000000,000000000,0103.660,0002.435,-001.130,0167
 
000017900,000000000,000000000,0103.688,0002.452,-001.148,0006
 
000017920,000000000,000000000,0103.764,0002.486,-001.186,0167
 
000017940,000000000,000000000,0103.699,0002.494,-001.175,0176
 
000017960,000000000,000000000,0103.662,0002.481,-001.190,0006
 
000017980,000000000,000000000,0103.511,0002.463,-001.178,0167
 
000018000,000000000,000000000,0103.380,0002.428,-001.167,0166
 
000018020,000000000,000000000,0103.309,0002.421,-001.181,0006
 
000018040,000000000,000000000,0103.544,0002.431,-001.192,0167
 
000018060,000000000,000000000,0103.518,0002.420,-001.202,0179
 
000018080,000000000,000000000,0103.587,0002.413,-001.213,0006
 
000018100,000000000,000000000,0103.630,0002.432,-001.202,0006
 
000018120,000000000,000000000,0103.780,0002.418,-001.184,0166
 
000018140,000000000,000000000,0103.729,0002.427,-001.178,0006
 
000018160,000000000,000000000,0103.703,0002.449,-001.197,0171
 
000018180,000000000,000000000,0103.767,0002.448,-001.182,0179
 
000018200,000000000,000000000,0103.799,0002.435,-001.195,0006
 
000018220,000000000,000000000,0103.728,0002.452,-001.207,0006
 
000018240,000000000,000000000,0103.736,0002.430,-001.194,0006
 
000018260,000000000,000000000,0103.642,0002.443,-001.185,0167
 
000018280,000000000,000000000,0103.535,0002.478,-001.199,0006
 
000018300,000000000,000000000,0103.467,0002.439,-001.209,0006
 
000018320,000000000,000000000,0103.437,0002.408,-001.172,0006
 
000018340,000000000,000000000,0103.446,0002.416,-001.161,0006
 
000018360,000000000,000000000,0103.494,0002.416,-001.199,0166
 
000018380,000000000,000000000,0103.420,0002.434,-001.188,0006
 
000018400,000000000,000000000,0103.402,0002.396,-001.177,0006
 
000018420,000000000,000000000,0103.479,0002.395,-001.167,0166
 
000018440,000000000,000000000,0103.572,0002.386,-001.158,0167
 
000018460,000000000,000000000,0103.686,0002.382,-001.151,0172
 
000018480,000000000,000000000,0103.646,0002.399,-001.165,0166
 
000018500,000000000,000000000,0103.573,0002.454,-001.200,0006
 
000018520,000000000,000000000,0103.606,0002.464,-001.232,0006
 
000018540,000000000,000000000,0103.730,0002.428,-001.219,0166
 
000018560,000000000,000000000,0103.701,0002.389,-001.225,0006
 
000018580,000000000,000000000,0103.770,0002.362,-001.167,0006
 
000018600,000000000,000000000,0103.699,0002.378,-001.179,0167
 
000018620,000000000,000000000,0103.690,0002.392,-001.189,0006
 
000018640,000000000,000000000,0103.742,0002.386,-001.177,0167
 
000018660,000000000,000000000,0103.734,0002.327,-001.166,0167
 
000018680,000000000,000000000,0103.607,0002.350,-001.179,0007
 
000018700,000000000,000000000,0103.802,0002.392,-001.168,0167
 
000018720,000000000,000000000,0103.788,0002.447,-001.159,0175
 
000018740,000000000,000000000,0103.796,0002.438,-001.197,0006
 
000018760,000000000,000000000,0103.768,0002.402,-001.208,0167
 
000018780,000000000,000000000,0103.770,0002.391,-001.195,0179
 
000018800,000000000,000000000,0103.653,0002.382,-001.181,0006
 
000018820,000000000,000000000,0103.739,0002.374,-001.195,0006
 
000018840,000000000,000000000,0103.760,0002.392,-001.206,0168
 
000018860,000000000,000000000,0103.796,0002.381,-001.213,0007
 
000018880,000000000,000000000,0103.673,0002.397,-001.202,0167
 
000018900,000000000,000000000,0103.746,0002.366,-001.190,0179
 
000018920,000000000,000000000,0103.607,0002.364,-001.180,0007
 
000018940,000000000,000000000,0103.608,0002.382,-001.170,0174
 
000018960,000000000,000000000,0103.645,0002.398,-001.161,0179
 
000018980,000000000,000000000,0103.605,0002.385,-001.174,0006
 
000019000,000000000,000000000,0103.675,0002.381,-001.166,0006
 
000019020,000000000,000000000,0103.763,0002.420,-001.158,0167
 
000019040,000000000,000000000,0103.593,0002.412,-001.173,0006
 
000019060,000000000,000000000,0103.574,0002.401,-001.182,0006
 
000019080,000000000,000000000,0103.586,0002.392,-001.169,0006
 
000019100,000000000,000000000,0103.466,0002.362,-001.159,0177
 
000019120,000000000,000000000,0103.451,0002.333,-001.172,0006
 
000019140,000000000,000000000,0103.569,0002.328,-001.161,0166
 
000019160,000000000,000000000,0103.620,0002.324,-001.152,0166
 
000019180,000000000,000000000,0103.560,0002.341,-001.143,0006
 
000019200,000000000,000000000,0103.598,0002.313,-001.138,0166
 
000019220,000000000,000000000,0103.737,0002.288,-001.128,0006
 
000019240,000000000,000000000,0103.668,0002.288,-001.144,0006
 
000019260,000000000,000000000,0103.738,0002.312,-001.157,0166
 
000019280,000000000,000000000,0103.646,0002.313,-001.149,0007
 
000019300,000000000,000000000,0103.682,0002.288,-001.142,0006
 
000019320,000000000,000000000,0103.789,0002.334,-001.133,0166
 
000019340,000000000,000000000,0103.794,0002.350,-001.104,0006
 
000019360,000000000,000000000,0103.722,0002.343,-001.122,0167
 
000019380,000000000,000000000,0103.768,0002.339,-001.138,0167
 
000019400,000000000,000000000,0103.847,0002.330,-001.108,0006
 
000019420,000000000,000000000,0103.765,0002.323,-001.105,0167
 
000019440,000000000,000000000,0103.772,0002.341,-001.123,0176
 
000019460,000000000,000000000,0103.551,0002.359,-001.140,0007
 
000019480,000000000,000000000,0103.535,0002.353,-001.155,0167
 
000019500,000000000,000000000,0103.606,0002.368,-001.170,0175
 
000019520,000000000,000000000,0103.866,0002.382,-001.182,0006
 
000019540,000000000,000000000,0103.909,0002.348,-001.192,0167
 
000019560,000000000,000000000,0103.971,0002.363,-001.177,0179
 
000019580,000000000,000000000,0103.836,0002.375,-001.211,0006
 
000019600,000000000,000000000,0103.987,0002.389,-001.197,0171
 
000019620,000000000,000000000,0103.964,0002.379,-001.205,0179
 
000019640,000000000,000000000,0103.810,0002.364,-001.169,0006
 
000019660,000000000,000000000,0103.712,0002.355,-001.160,0006
 
000019680,000000000,000000000,0103.867,0002.347,-001.173,0179
 
000019700,000000000,000000000,0103.895,0002.340,-001.186,0006
 
000019720,000000000,000000000,0103.834,0002.333,-001.196,0171
 
000019740,000000000,000000000,0103.846,0002.346,-001.159,0006
 
000019760,000000000,000000000,0103.949,0002.339,-001.171,0006
 
000019780,000000000,000000000,0103.878,0002.331,-001.182,0006
 
000019800,000000000,000000000,0104.100,0002.346,-001.169,0006
 
000019820,000000000,000000000,0104.048,0002.363,-001.181,0007
 
000019840,000000000,000000000,0103.992,0002.355,-001.192,0006
 
000019860,000000000,000000000,0103.938,0002.348,-001.201,0166
 
000019880,000000000,000000000,0103.947,0002.334,-001.187,0007
 
000019900,000000000,000000000,0103.988,0002.345,-001.151,0006
 
000019920,000000000,000000000,0103.859,0002.340,-001.163,0167
 
000019940,000000000,000000000,0103.923,0002.347,-001.173,0167
 
000019960,000000000,000000000,0103.949,0002.406,-001.184,0006
 
000019980,000000000,000000000,0103.911,0002.361,-001.171,0166
 
000020000,000000000,000000000,0103.764,0002.303,-001.160,0007
 
000020020,000000000,000000000,0103.768,0002.278,-001.150,0007
 
000020040,000000000,000000000,0103.708,0002.294,-001.116,0166
 
000020060,000000000,000000000,0103.626,0002.322,-001.135,0006
 
000020080,000000000,000000000,0103.686,0002.314,-001.170,0006
 
000020100,000000000,000000000,0103.687,0002.326,-001.159,0166
 
000020120,000000000,000000000,0103.541,0002.301,-001.151,0006
 
000020140,000000000,000000000,0103.631,0002.296,-001.143,0167
 
000020160,000000000,000000000,0103.664,0002.317,-001.134,0175
 
000020180,000000000,000000000,0103.707,0002.330,-001.104,0006
 
000020200,000000000,000000000,0103.736,0002.300,-001.120,0167
 
000020220,000000000,000000000,0103.735,0002.314,-001.135,0175
 
000020240,000000000,000000000,0103.777,0002.288,-001.148,0006
 
000020260,000000000,000000000,0103.834,0002.262,-001.117,0167
 
000020280,000000000,000000000,0103.741,0002.259,-001.133,0179
 
000020300,000000000,000000000,0103.804,0002.283,-001.148,0006
 
000020320,000000000,000000000,0103.733,0002.255,-001.138,0171
 
000020340,000000000,000000000,0103.629,0002.234,-001.155,0176
 
000020360,000000000,000000000,0103.616,0002.285,-001.146,0006
 
000020380,000000000,000000000,0103.642,0002.276,-001.136,0006
 
000020400,000000000,000000000,0103.632,0002.296,-001.175,0179
 
000020420,000000000,000000000,0103.766,0002.319,-001.187,0006
 
000020440,000000000,000000000,0103.674,0002.287,-001.174,0006
 
000020460,000000000,000000000,0103.662,0002.255,-001.160,0166
 
000020480,000000000,000000000,0103.690,0002.258,-001.149,0006
 
000020500,000000000,000000000,0103.730,0002.297,-001.163,0171
 
000020520,000000000,000000000,0103.808,0002.315,-001.176,0006
 
000020540,000000000,000000000,0103.610,0002.332,-001.188,0006
 
000020560,000000000,000000000,0103.513,0002.319,-001.150,0171
 
000020580,000000000,000000000,0103.519,0002.266,-001.162,0006
 
000020600,000000000,000000000,0103.607,0002.286,-001.150,0006
 
000020620,000000000,000000000,0103.723,0002.322,-001.163,0006
 
000020640,000000000,000000000,0103.749,0002.315,-001.174,0166
 
000020660,000000000,000000000,0103.669,0002.326,-001.163,0006
 
000020680,000000000,000000000,0103.707,0002.292,-001.154,0006
 
000020700,000000000,000000000,0103.751,0002.286,-001.098,0166
 
000020720,000000000,000000000,0103.678,0002.302,-001.094,0006
 
000020740,000000000,000000000,0103.786,0002.336,-001.136,0007
 
000020760,000000000,000000000,0103.872,0002.349,-001.149,0166
 
000020780,000000000,000000000,0103.814,0002.358,-001.162,0007
 
000020800,000000000,000000000,0103.825,0002.367,-001.177,0007
 
000020820,000000000,000000000,0103.710,0002.332,-001.162,0166
 
000020840,000000000,000000000,0103.664,0002.342,-001.152,0007
 
000020860,000000000,000000000,0103.640,0002.332,-001.166,0167
 
000020880,000000000,000000000,0103.562,0002.346,-001.177,0166
 
000020900,000000000,000000000,0103.509,0002.353,-001.163,0006
 
000020920,000000000,000000000,0103.556,0002.363,-001.176,0167
 
000020940,000000000,000000000,0103.583,0002.374,-001.164,0166
 
000020960,000000000,000000000,0103.520,0002.375,-001.175,0006
 
000020980,000000000,000000000,0103.552,0002.405,-001.186,0171
 
000021000,000000000,000000000,0103.349,0002.389,-001.152,0166
 
000021020,000000000,000000000,0103.418,0002.371,-001.165,0166
 
000021040,000000000,000000000,0103.414,0002.360,-001.176,0167
 
000021060,000000000,000000000,0103.486,0002.369,-001.161,0167
 
000021080,000000000,000000000,0103.544,0002.351,-001.150,0006
 
000021100,000000000,000000000,0103.474,0002.363,-001.142,0171
 
000021120,000000000,000000000,0103.558,0002.346,-001.132,0166
 
000021140,000000000,000000000,0103.541,0002.310,-001.103,0166
 
000021160,000000000,000000000,0103.733,0002.346,-001.119,0171
 
000021180,000000000,000000000,0103.709,0002.352,-001.111,0166
 
000021200,000000000,000000000,0103.630,0002.338,-001.128,0167
 
000021220,000000000,000000000,0103.647,0002.350,-001.141,0171
 
000021240,000000000,000000000,0103.700,0002.311,-001.154,0167
 
000021260,000000000,000000000,0103.731,0002.323,-001.143,0167
 
000021280,000000000,000000000,0103.805,0002.335,-001.135,0179
 
000021300,000000000,000000000,0103.808,0002.320,-001.148,0167
 
000021320,000000000,000000000,0103.707,0002.352,-001.159,0006
 
000021340,000000000,000000000,0103.619,0002.362,-001.169,0179
 
000021360,000000000,000000000,0103.648,0002.326,-001.200,0167
 
000021380,000000000,000000000,0103.632,0002.362,-001.166,0006
 
000021400,000000000,000000000,0103.692,0002.347,-001.154,0006
 
000021420,000000000,000000000,0103.781,0002.355,-001.100,0167
 
000021440,000000000,000000000,0103.644,0002.343,-001.095,0006
 
000021460,000000000,000000000,0103.828,0002.328,-001.090,0006
 
000021480,000000000,000000000,0103.785,0002.312,-001.085,0175
 
000021500,000000000,000000000,0103.818,0002.302,-001.103,0006
 
000021520,000000000,000000000,0103.750,0002.293,-001.119,0177
 
000021540,000000000,000000000,0103.816,0002.267,-001.136,0176
 
000021560,000000000,000000000,0103.718,0002.242,-001.149,0006
 
000021580,000000000,000000000,0103.932,0002.235,-001.139,0006
 
000021600,000000000,000000000,0103.871,0002.207,-001.152,0179
 
000021620,000000000,000000000,0103.914,0002.187,-001.164,0006
 
000021640,000000000,000000000,0103.739,0002.184,-001.175,0006
 
000021660,000000000,000000000,0103.813,0002.205,-001.140,0179
 
000021680,000000000,000000000,0103.925,0002.181,-001.151,0006
 
000021700,000000000,000000000,0103.811,0002.180,-001.139,0006
 
000021720,000000000,000000000,0103.729,0002.201,-001.106,0179
 
000021740,000000000,000000000,0103.815,0002.202,-001.145,0006
 
000021760,000000000,000000000,0103.783,0002.244,-001.136,0006
 
000021780,000000000,000000000,0103.855,0002.283,-001.080,0006
 
000021800,000000000,000000000,0103.923,0002.295,-001.075,0007
 
000021820,000000000,000000000,0103.945,0002.282,-001.094,0006
 
000021840,000000000,000000000,0104.005,0002.297,-001.090,0006
 
000021860,000000000,000000000,0103.787,0002.329,-001.061,0006
 
000021880,000000000,000000000,0103.749,0002.313,-001.059,0006
 
000021900,000000000,000000000,0103.692,0002.302,-001.078,0166
 
000021920,000000000,000000000,0103.605,0002.311,-001.051,0006
 
000021940,000000000,000000000,0103.712,0002.300,-001.072,0006
 
000021960,000000000,000000000,0103.834,0002.313,-001.092,0166
 
000021980,000000000,000000000,0103.788,0002.299,-001.086,0006
 
000022000,000000000,000000000,0103.920,0002.263,-001.125,0006
 
000022020,000000000,000000000,0103.722,0002.234,-001.138,0166
 
000022040,000000000,000000000,0103.780,0002.204,-001.127,0007
 
000022060,000000000,000000000,0103.831,0002.223,-001.139,0006
 
000022080,000000000,000000000,0103.783,0002.242,-001.151,0166
 
000022100,000000000,000000000,0103.794,0002.234,-001.139,0006
 
000022120,000000000,000000000,0103.837,0002.223,-001.129,0167
 
000022140,000000000,000000000,0103.860,0002.195,-001.118,0166
 
000022160,000000000,000000000,0103.946,0002.212,-001.085,0006
 
000022180,000000000,000000000,0103.896,0002.229,-001.080,0167
 
000022200,000000000,000000000,0103.803,0002.245,-001.098,0173
 
000022220,000000000,000000000,0103.799,0002.238,-001.114,0006
 
000022240,000000000,000000000,0103.855,0002.205,-001.127,0167
 
000022260,000000000,000000000,0103.908,0002.221,-001.096,0175
 
000022280,000000000,000000000,0103.898,0002.239,-001.112,0006
 
