000247662,000000000,000000000,0121.257,0001.421,-001.079,0006
 
000247682,000000000,000000000,0121.269,0001.394,-001.059,0167
 
000247702,000000000,000000000,0121.255,0001.392,-001.060,0006
 
000247722,000000000,000000000,0121.258,0001.412,-001.022,0179
 
000247742,000000000,000000000,0121.283,0001.430,-001.006,0167
 
000247762,000000000,000000000,0121.301,0001.424,-001.013,0166
 
000247782,000000000,000000000,0121.291,0001.440,-001.022,0169
 
000247802,000000000,000000000,0121.299,0001.431,-001.005,0166
 
000247822,000000000,000000000,0121.303,0001.380,-001.011,0166
 
000247842,000000000,000000000,0121.280,0001.403,-001.020,0169
 
000247862,000000000,000000000,0121.294,0001.399,-001.025,0167
 
000247882,000000000,000000000,0121.289,0001.396,-001.009,0166
 
000247902,000000000,000000000,0121.267,0001.417,-000.995,0169
 
000247922,000000000,000000000,0121.290,0001.412,-001.002,0167
 
000247942,000000000,000000000,0121.265,0001.384,-000.988,0166
 
000247962,000000000,000000000,0121.255,0001.382,-000.999,0169
 
000247982,000000000,000000000,0121.249,0001.404,-001.030,0167
 
000248002,000000000,000000000,0121.236,0001.401,-001.035,0166
 
000248022,000000000,000000000,0121.259,0001.396,-001.018,0174
 
000248042,000000000,000000000,0121.259,0001.397,-001.025,0167
 
000248062,000000000,000000000,0121.241,0001.394,-001.011,0006
 
000248082,000000000,000000000,0121.210,0001.391,-001.020,0174
 
000248102,000000000,000000000,0121.212,0001.388,-001.048,0167
 
000248122,000000000,000000000,0121.220,0001.364,-001.031,0166
 
000248142,000000000,000000000,0121.223,0001.342,-001.039,0006
 
000248162,000000000,000000000,0121.217,0001.343,-001.064,0167
 
000248182,000000000,000000000,0121.209,0001.366,-001.065,0006
 
000248202,000000000,000000000,0121.237,0001.343,-001.068,0179
 
000248222,000000000,000000000,0121.241,0001.325,-001.067,0006
 
000248242,000000000,000000000,0121.228,0001.329,-001.071,0006
 
000248262,000000000,000000000,0121.200,0001.286,-001.050,0173
 
000248282,000000000,000000000,0121.235,0001.293,-001.074,0166
 
000248302,000000000,000000000,0121.244,0001.322,-001.097,0006
 
000248322,000000000,000000000,0121.262,0001.347,-001.094,0173
 
000248342,000000000,000000000,0121.277,0001.372,-001.091,0166
 
000248362,000000000,000000000,0121.267,0001.373,-001.070,0006
 
000248382,000000000,000000000,0121.256,0001.370,-001.071,0006
 
000248402,000000000,000000000,0121.241,0001.370,-001.094,0006
 
000248422,000000000,000000000,0121.257,0001.370,-001.095,0006
 
000248442,000000000,000000000,0121.268,0001.391,-001.092,0006
 
000248462,000000000,000000000,0121.268,0001.389,-001.113,0179
 
000248482,000000000,000000000,0121.282,0001.407,-001.113,0166
 
000248502,000000000,000000000,0121.273,0001.403,-001.088,0169
 
000248522,000000000,000000000,0121.282,0001.422,-001.089,0166
 
000248542,000000000,000000000,0121.281,0001.439,-001.089,0006
 
000248562,000000000,000000000,0121.267,0001.432,-001.087,0006
 
000248582,000000000,000000000,0121.274,0001.405,-001.085,0006
 
000248602,000000000,000000000,0121.274,0001.400,-001.064,0166
 
000248622,000000000,000000000,0121.305,0001.373,-001.064,0169
 
000248642,000000000,000000000,0121.309,0001.372,-001.067,0166
 
000248662,000000000,000000000,0121.288,0001.370,-001.069,0166
 
000248682,000000000,000000000,0121.286,0001.368,-001.068,0177
 
000248702,000000000,000000000,0121.287,0001.368,-001.069,0167
 
000248722,000000000,000000000,0121.301,0001.367,-001.070,0006
 
000248742,000000000,000000000,0121.329,0001.347,-001.092,0006
 
000248762,000000000,000000000,0121.319,0001.372,-001.092,0167
 
000248782,000000000,000000000,0121.293,0001.394,-001.113,0006
 
000248802,000000000,000000000,0121.294,0001.368,-001.108,0174
 
000248822,000000000,000000000,0121.290,0001.369,-001.106,0006
 
000248842,000000000,000000000,0121.287,0001.368,-001.124,0006
 
000248862,000000000,000000000,0121.263,0001.369,-001.142,0179
 
000248882,000000000,000000000,0121.281,0001.391,-001.139,0006
 
000248902,000000000,000000000,0121.275,0001.409,-001.134,0179
 
000248922,000000000,000000000,0121.290,0001.425,-001.149,0173
 
000248942,000000000,000000000,0121.263,0001.441,-001.120,0006
 
000248962,000000000,000000000,0121.282,0001.388,-001.118,0006
 
000248982,000000000,000000000,0121.268,0001.364,-001.135,0179
 
000249002,000000000,000000000,0121.274,0001.364,-001.131,0006
 
000249022,000000000,000000000,0121.276,0001.342,-001.104,0006
 
000249042,000000000,000000000,0121.234,0001.322,-001.078,0173
 
000249062,000000000,000000000,0121.237,0001.346,-001.057,0167
 
000249082,000000000,000000000,0121.254,0001.349,-001.061,0006
 
000249102,000000000,000000000,0121.224,0001.329,-001.042,0006
 
000249122,000000000,000000000,0121.226,0001.331,-000.981,0178
 
000249142,000000000,000000000,0121.210,0001.380,-000.967,0006
 
000249162,000000000,000000000,0121.218,0001.357,-000.934,0006
 
000249182,000000000,000000000,0121.214,0001.311,-000.972,0171
 
000249202,000000000,000000000,0121.194,0001.315,-000.981,0006
 
000249222,000000000,000000000,0121.220,0001.343,-000.968,0006
 
000249242,000000000,000000000,0121.213,0001.344,-001.002,0178
 
000249262,000000000,000000000,0121.232,0001.346,-001.029,0166
 
000249282,000000000,000000000,0121.232,0001.348,-001.035,0167
 
000249302,000000000,000000000,0121.209,0001.370,-001.017,0166
 
000249322,000000000,000000000,0121.234,0001.369,-001.023,0166
 
000249342,000000000,000000000,0121.252,0001.368,-001.009,0167
 
000249362,000000000,000000000,0121.234,0001.343,-001.018,0166
 
000249382,000000000,000000000,0121.236,0001.345,-001.024,0166
 
000249402,000000000,000000000,0121.226,0001.369,-001.032,0169
 
000249422,000000000,000000000,0121.232,0001.390,-001.038,0167
 
000249442,000000000,000000000,0121.253,0001.388,-001.064,0166
 
000249462,000000000,000000000,0121.238,0001.363,-001.044,0179
 
000249482,000000000,000000000,0121.255,0001.407,-001.026,0167
 
000249502,000000000,000000000,0121.251,0001.403,-001.007,0166
 
000249522,000000000,000000000,0121.255,0001.424,-000.995,0169
 
000249542,000000000,000000000,0121.234,0001.418,-001.004,0166
 
000249562,000000000,000000000,0121.224,0001.456,-001.013,0179
 
000249582,000000000,000000000,0121.200,0001.445,-000.996,0169
 
000249602,000000000,000000000,0121.205,0001.436,-001.002,0006
 
000249622,000000000,000000000,0121.208,0001.451,-000.987,0006
 
000249642,000000000,000000000,0121.206,0001.464,-000.999,0179
 
000249662,000000000,000000000,0121.213,0001.455,-001.006,0167
 
000249682,000000000,000000000,0121.174,0001.446,-000.991,0179
 
000249702,000000000,000000000,0121.154,0001.438,-000.978,0174
 
000249722,000000000,000000000,0121.135,0001.431,-000.987,0007
 
000249742,000000000,000000000,0121.140,0001.401,-000.973,0006
 
000249762,000000000,000000000,0121.127,0001.396,-000.986,0172
 
000249782,000000000,000000000,0121.138,0001.394,-001.017,0006
 
000249802,000000000,000000000,0121.155,0001.391,-001.024,0006
 
000249822,000000000,000000000,0121.165,0001.367,-001.029,0173
 
000249842,000000000,000000000,0121.152,0001.346,-001.033,0166
 
000249862,000000000,000000000,0121.125,0001.304,-000.993,0006
 
000249882,000000000,000000000,0121.112,0001.331,-001.023,0006
 
000249902,000000000,000000000,0121.128,0001.334,-001.029,0179
 
000249922,000000000,000000000,0121.166,0001.336,-001.012,0006
 
000249942,000000000,000000000,0121.191,0001.315,-001.063,0179
 
000249962,000000000,000000000,0121.174,0001.364,-001.041,0167
 
000249982,000000000,000000000,0121.160,0001.386,-001.024,0166
 
000250002,000000000,000000000,0121.174,0001.408,-001.028,0169
 
000250022,000000000,000000000,0121.181,0001.426,-001.033,0167
 
000250042,000000000,000000000,0121.181,0001.419,-001.036,0166
 
000250062,000000000,000000000,0121.207,0001.391,-001.040,0169
 
000250082,000000000,000000000,0121.179,0001.388,-001.066,0166
 
000250102,000000000,000000000,0121.185,0001.384,-001.069,0166
 
000250122,000000000,000000000,0121.175,0001.403,-001.068,0169
 
000250142,000000000,000000000,0121.161,0001.420,-001.070,0167
 
000250162,000000000,000000000,0121.161,0001.415,-001.092,0166
 
000250182,000000000,000000000,0121.174,0001.386,-001.087,0169
 
000250202,000000000,000000000,0121.167,0001.362,-001.087,0166
 
000250222,000000000,000000000,0121.165,0001.384,-001.109,0167
 
000250242,000000000,000000000,0121.183,0001.381,-001.082,0169
 
000250262,000000000,000000000,0121.178,0001.378,-001.084,0167
 
000250282,000000000,000000000,0121.211,0001.377,-001.039,0166
 
000250302,000000000,000000000,0121.234,0001.355,-001.039,0174
 
000250322,000000000,000000000,0121.206,0001.332,-001.044,0167
 
000250342,000000000,000000000,0121.217,0001.358,-001.047,0166
 
000250362,000000000,000000000,0121.211,0001.402,-001.005,0006
 
000250382,000000000,000000000,0121.212,0001.374,-000.991,0167
 
000250402,000000000,000000000,0121.206,0001.418,-001.000,0179
 
000250422,000000000,000000000,0121.234,0001.373,-001.005,0007
 
000250442,000000000,000000000,0121.232,0001.326,-000.992,0171
 
000250462,000000000,000000000,0121.252,0001.331,-000.999,0006
 
000250482,000000000,000000000,0121.262,0001.312,-001.052,0173
 
000250502,000000000,000000000,0121.265,0001.317,-001.034,0006
 
000250522,000000000,000000000,0121.276,0001.322,-001.038,0007
 
000250542,000000000,000000000,0121.285,0001.281,-001.043,0173
 
000250562,000000000,000000000,0121.299,0001.266,-001.024,0166
 
000250582,000000000,000000000,0121.280,0001.275,-001.027,0007
 
000250602,000000000,000000000,0121.286,0001.327,-001.009,0006
 
000250622,000000000,000000000,0121.305,0001.330,-001.013,0179
 
000250642,000000000,000000000,0121.311,0001.354,-001.039,0006
 
000250662,000000000,000000000,0121.298,0001.353,-001.020,0179
 
000250682,000000000,000000000,0121.267,0001.331,-000.980,0167
 
000250702,000000000,000000000,0121.263,0001.334,-001.010,0006
 
000250722,000000000,000000000,0121.288,0001.360,-001.018,0179
 
000250742,000000000,000000000,0121.292,0001.359,-001.000,0167
 
000250762,000000000,000000000,0121.270,0001.339,-001.007,0166
 
000250782,000000000,000000000,0121.271,0001.342,-000.994,0169
 
000250802,000000000,000000000,0121.289,0001.345,-000.937,0167
 
000250822,000000000,000000000,0121.278,0001.327,-000.974,0166
 
000250842,000000000,000000000,0121.275,0001.331,-000.962,0166
 
000250862,000000000,000000000,0121.248,0001.334,-000.995,0167
 
000250882,000000000,000000000,0121.247,0001.315,-001.002,0166
 
000250902,000000000,000000000,0121.243,0001.322,-001.012,0169
 
000250922,000000000,000000000,0121.254,0001.328,-001.016,0167
 
000250942,000000000,000000000,0121.271,0001.332,-001.021,0166
 
000250962,000000000,000000000,0121.243,0001.359,-001.050,0167
 
000250982,000000000,000000000,0121.256,0001.383,-001.053,0166
 
000251002,000000000,000000000,0121.263,0001.383,-001.033,0007
 
000251022,000000000,000000000,0121.271,0001.381,-001.060,0174
 
000251042,000000000,000000000,0121.237,0001.379,-001.082,0167
 
000251062,000000000,000000000,0121.217,0001.377,-001.083,0007
 
000251082,000000000,000000000,0121.208,0001.375,-001.084,0179
 
000251102,000000000,000000000,0121.212,0001.396,-001.083,0167
 
000251122,000000000,000000000,0121.200,0001.393,-001.083,0007
 
000251142,000000000,000000000,0121.202,0001.390,-001.084,0179
 
000251162,000000000,000000000,0121.213,0001.409,-001.083,0167
 
000251182,000000000,000000000,0121.208,0001.405,-001.085,0007
 
000251202,000000000,000000000,0121.199,0001.401,-001.086,0179
 
000251222,000000000,000000000,0121.193,0001.396,-001.061,0171
 
000251242,000000000,000000000,0121.196,0001.393,-001.020,0179
 
000251262,000000000,000000000,0121.195,0001.412,-001.025,0007
 
000251282,000000000,000000000,0121.205,0001.408,-001.031,0171
 
000251302,000000000,000000000,0121.220,0001.425,-001.058,0006
 
000251322,000000000,000000000,0121.214,0001.442,-001.060,0173
 
000251342,000000000,000000000,0121.224,0001.436,-001.062,0166
 
000251362,000000000,000000000,0121.233,0001.409,-001.064,0006
 
000251382,000000000,000000000,0121.242,0001.404,-001.063,0007
 
000251402,000000000,000000000,0121.270,0001.425,-001.066,0167
 
000251422,000000000,000000000,0121.287,0001.419,-001.068,0006
 
000251442,000000000,000000000,0121.284,0001.411,-001.065,0179
 
000251462,000000000,000000000,0121.259,0001.406,-001.066,0167
 
000251482,000000000,000000000,0121.259,0001.402,-001.045,0166
 
000251502,000000000,000000000,0121.242,0001.399,-001.026,0169
 
000251522,000000000,000000000,0121.248,0001.415,-001.032,0166
 
000251542,000000000,000000000,0121.248,0001.411,-001.057,0166
 
000251562,000000000,000000000,0121.242,0001.430,-001.033,0169
 
000251582,000000000,000000000,0121.259,0001.446,-001.038,0166
 
000251602,000000000,000000000,0121.271,0001.437,-001.020,0006
 
000251622,000000000,000000000,0121.286,0001.451,-001.024,0179
 
000251642,000000000,000000000,0121.269,0001.466,-001.007,0178
 
000251662,000000000,000000000,0121.255,0001.453,-001.013,0166
 
000251682,000000000,000000000,0121.235,0001.444,-001.017,0167
 
000251702,000000000,000000000,0121.217,0001.437,-001.024,0167
 
000251722,000000000,000000000,0121.203,0001.431,-001.028,0166
 
000251742,000000000,000000000,0121.208,0001.402,-001.011,0169
 
000251762,000000000,000000000,0121.189,0001.421,-001.018,0167
 
000251782,000000000,000000000,0121.165,0001.394,-001.046,0166
 
000251802,000000000,000000000,0121.160,0001.369,-001.050,0179
 
000251822,000000000,000000000,0121.168,0001.368,-001.028,0167
 
000251842,000000000,000000000,0121.185,0001.366,-001.031,0006
 
000251862,000000000,000000000,0121.189,0001.386,-000.991,0179
 
000251882,000000000,000000000,0121.169,0001.408,-000.999,0007
 
000251902,000000000,000000000,0121.187,0001.406,-000.986,0006
 
000251922,000000000,000000000,0121.187,0001.399,-000.995,0179
 
000251942,000000000,000000000,0121.193,0001.375,-001.003,0007
 
000251962,000000000,000000000,0121.179,0001.374,-000.989,0006
 
000251982,000000000,000000000,0121.162,0001.327,-000.974,0173
 
000252002,000000000,000000000,0121.174,0001.354,-000.983,0007
 
000252022,000000000,000000000,0121.172,0001.333,-000.993,0007
 
000252042,000000000,000000000,0121.194,0001.337,-000.956,0173
 
000252062,000000000,000000000,0121.202,0001.338,-000.944,0166
 
000252082,000000000,000000000,0121.211,0001.340,-000.913,0006
 
000252102,000000000,000000000,0121.224,0001.344,-000.904,0173
 
000252122,000000000,000000000,0121.213,0001.367,-000.896,0166
 
000252142,000000000,000000000,0121.216,0001.410,-000.891,0006
 
000252162,000000000,000000000,0121.204,0001.427,-000.885,0179
 
000252182,000000000,000000000,0121.195,0001.421,-000.902,0167
 
000252202,000000000,000000000,0121.181,0001.439,-000.897,0166
 
000252222,000000000,000000000,0121.172,0001.432,-000.893,0169
 
000252242,000000000,000000000,0121.178,0001.449,-000.910,0166
 
000252262,000000000,000000000,0121.172,0001.464,-000.949,0166
 
000252282,000000000,000000000,0121.148,0001.477,-000.961,0169
 
000252302,000000000,000000000,0121.155,0001.488,-000.928,0167
 
000252322,000000000,000000000,0121.140,0001.455,-000.921,0166
 
000252342,000000000,000000000,0121.123,0001.448,-000.935,0169
 
000252362,000000000,000000000,0121.103,0001.418,-000.949,0168
 
000252382,000000000,000000000,0121.120,0001.413,-000.985,0166
 
000252402,000000000,000000000,0121.114,0001.409,-001.015,0167
 
000252422,000000000,000000000,0121.118,0001.403,-000.997,0167
 
000252442,000000000,000000000,0121.137,0001.354,-000.958,0166
 
000252462,000000000,000000000,0121.123,0001.380,-000.991,0179
 
000252482,000000000,000000000,0121.139,0001.378,-000.998,0166
 
000252502,000000000,000000000,0121.121,0001.399,-001.006,0166
 
000252522,000000000,000000000,0121.129,0001.394,-001.010,0177
 
000252542,000000000,000000000,0121.125,0001.390,-000.996,0166
 
000252562,000000000,000000000,0121.113,0001.364,-001.003,0179
 
000252582,000000000,000000000,0121.119,0001.343,-001.006,0174
 
000252602,000000000,000000000,0121.122,0001.368,-001.015,0006
 
000252622,000000000,000000000,0121.125,0001.368,-000.997,0007
 
000252642,000000000,000000000,0121.121,0001.368,-001.004,0179
 
000252662,000000000,000000000,0121.123,0001.366,-001.010,0167
 
000252682,000000000,000000000,0121.117,0001.365,-000.992,0179
 
000252702,000000000,000000000,0121.143,0001.343,-001.000,0006
 
000252722,000000000,000000000,0121.166,0001.344,-001.030,0171
 
000252742,000000000,000000000,0121.156,0001.346,-001.033,0007
 
000252762,000000000,000000000,0121.173,0001.349,-000.993,0173
 
000252782,000000000,000000000,0121.157,0001.348,-001.001,0173
 
000252802,000000000,000000000,0121.156,0001.351,-001.007,0007
 
000252822,000000000,000000000,0121.152,0001.331,-000.992,0006
 
000252842,000000000,000000000,0121.151,0001.356,-000.980,0166
 
000252862,000000000,000000000,0121.167,0001.358,-000.964,0006
 
000252882,000000000,000000000,0121.176,0001.356,-000.932,0166
 
000252902,000000000,000000000,0121.153,0001.379,-000.945,0167
 
000252922,000000000,000000000,0121.141,0001.425,-000.934,0006
 
000252942,000000000,000000000,0121.138,0001.441,-000.928,0179
 
000252962,000000000,000000000,0121.147,0001.435,-000.941,0167
 
000252982,000000000,000000000,0121.144,0001.426,-000.933,0006
 
000253002,000000000,000000000,0121.126,0001.397,-000.946,0169
 
000253022,000000000,000000000,0121.147,0001.417,-000.979,0167
 
000253042,000000000,000000000,0121.124,0001.390,-000.987,0166
 
000253062,000000000,000000000,0121.127,0001.388,-000.977,0179
 
000253082,000000000,000000000,0121.145,0001.405,-000.984,0167
 
000253102,000000000,000000000,0121.158,0001.381,-000.993,0166
 
000253122,000000000,000000000,0121.160,0001.356,-000.978,0167
 
000253142,000000000,000000000,0121.146,0001.329,-000.961,0167
 
000253162,000000000,000000000,0121.157,0001.332,-000.994,0166
 
000253182,000000000,000000000,0121.149,0001.359,-001.006,0167
 
000253202,000000000,000000000,0121.158,0001.333,-000.986,0167
 
000253222,000000000,000000000,0121.179,0001.362,-000.996,0166
 
000253242,000000000,000000000,0121.159,0001.313,-000.982,0169
 
000253262,000000000,000000000,0121.164,0001.296,-000.988,0167
 
000253282,000000000,000000000,0121.166,0001.303,-000.995,0007
 
000253302,000000000,000000000,0121.156,0001.350,-001.027,0175
 
000253322,000000000,000000000,0121.152,0001.354,-001.053,0007
 
000253342,000000000,000000000,0121.142,0001.353,-001.077,0179
 
000253362,000000000,000000000,0121.150,0001.331,-001.055,0177
 
000253382,000000000,000000000,0121.183,0001.338,-001.035,0167
 
000253402,000000000,000000000,0121.194,0001.361,-001.018,0007
 
000253422,000000000,000000000,0121.176,0001.384,-001.026,0173
 
000253442,000000000,000000000,0121.162,0001.380,-001.029,0007
 
000253462,000000000,000000000,0121.204,0001.355,-001.014,0007
 
000253482,000000000,000000000,0121.230,0001.355,-001.019,0173
 
000253502,000000000,000000000,0121.237,0001.399,-000.980,0166
 
000253522,000000000,000000000,0121.212,0001.418,-000.948,0007
 
000253542,000000000,000000000,0121.214,0001.414,-000.958,0173
 
000253562,000000000,000000000,0121.223,0001.433,-000.967,0166
 
000253582,000000000,000000000,0121.205,0001.427,-000.933,0006
 
000253602,000000000,000000000,0121.207,0001.420,-000.923,0179
 
000253622,000000000,000000000,0121.211,0001.437,-000.916,0167
 
000253642,000000000,000000000,0121.213,0001.430,-000.932,0007
 
000253662,000000000,000000000,0121.224,0001.445,-000.923,0179
 
000253682,000000000,000000000,0121.222,0001.438,-000.938,0166
 
000253702,000000000,000000000,0121.213,0001.431,-000.955,0007
 
000253722,000000000,000000000,0121.196,0001.471,-000.964,0169
 
000253742,000000000,000000000,0121.202,0001.464,-000.977,0166
 
000253762,000000000,000000000,0121.184,0001.476,-000.966,0166
 
000253782,000000000,000000000,0121.180,0001.466,-000.976,0169
 
000253802,000000000,000000000,0121.158,0001.436,-000.965,0167
 
000253822,000000000,000000000,0121.179,0001.406,-000.953,0166
 
000253842,000000000,000000000,0121.180,0001.380,-000.963,0169
 
000253862,000000000,000000000,0121.183,0001.378,-000.974,0167
 
000253882,000000000,000000000,0121.197,0001.375,-000.981,0166
 
000253902,000000000,000000000,0121.195,0001.419,-000.988,0169
 
000253922,000000000,000000000,0121.204,0001.414,-000.973,0166
 
000253942,000000000,000000000,0121.198,0001.430,-000.958,0167
 
000253962,000000000,000000000,0121.198,0001.422,-000.991,0171
 
000253982,000000000,000000000,0121.200,0001.441,-001.001,0170
 
000254003,000000000,000000000,0121.215,0001.412,-001.028,1023
 
000254023,000000000,000000000,0121.221,0001.388,-001.033,1023
 
000254043,000000000,000000000,0121.212,0001.379,-001.016,1023
 
000254063,000000000,000000000,0121.226,0001.401,-001.018,1023
 
000254083,000000000,000000000,0121.215,0001.417,-001.023,1023
 
000254103,000000000,000000000,0121.192,0001.437,-001.027,1023
 
000254123,000000000,000000000,0121.214,0001.428,-001.005,1023
 
000254143,000000000,000000000,0121.225,0001.401,-000.992,1023
 
000254163,000000000,000000000,0121.256,0001.420,-001.022,1023
 
000254183,000000000,000000000,0121.257,0001.412,-000.981,1023
 
000254203,000000000,000000000,0121.246,0001.412,-000.968,1023
 
000254222,000000000,000000000,0121.241,0001.427,-000.979,0009
 
000254242,000000000,000000000,0121.231,0001.444,-000.988,0007
 
000254262,000000000,000000000,0121.174,0001.439,-000.974,0173
 
000254282,000000000,000000000,0121.039,0001.522,-000.964,0166
 
000254302,000000000,000000000,0120.931,0001.586,-000.973,0006
 
000254322,000000000,000000000,0120.787,0001.640,-000.967,0179
 
000254342,000000000,000000000,0120.597,0001.708,-000.956,0166
 
000254362,000000000,000000000,0120.351,0001.717,-000.949,0006
 
000254382,000000000,000000000,0120.109,0001.745,-000.941,0179
 
000254402,000000000,000000000,0119.839,0001.749,-000.952,0167
 
000254422,000000000,000000000,0119.533,0001.781,-000.991,0166
 
000254442,000000000,000000000,0119.076,0001.960,-001.012,0169
 
000254462,000000000,000000000,0118.510,0001.994,-001.001,0166
 
000254482,000000000,000000000,0117.856,0002.014,-000.977,0166
 
000254502,000000000,000000000,0117.223,0001.954,-000.997,0167
 
000254522,000000000,000000000,0116.512,0001.983,-001.009,0166
 
000254542,000000000,000000000,0115.848,0001.823,-000.996,0167
 
000254562,000000000,000000000,0115.169,0001.673,-000.992,0169
 
000254582,000000000,000000000,0114.555,0001.737,-000.962,0166
 
000254602,000000000,000000000,0113.937,0001.627,-000.922,0166
 
000254622,000000000,000000000,0113.342,0001.641,-000.883,0169
 
000254642,000000000,000000000,0112.856,0001.581,-000.883,0166
 
000254662,000000000,000000000,0112.364,0001.396,-000.927,0166
 
000254682,000000000,000000000,0111.889,0001.340,-000.920,0179
 
000254702,000000000,000000000,0111.437,0001.316,-000.934,0167
 
000254722,000000000,000000000,0110.959,0001.346,-000.947,0166
 
000254742,000000000,000000000,0110.493,0001.412,-000.935,0169
 
000254762,000000000,000000000,0110.012,0001.364,-000.949,0167
 
000254782,000000000,000000000,0109.548,0001.444,-000.981,0179
 
000254802,000000000,000000000,0109.059,0001.379,-001.013,0174
 
000254822,000000000,000000000,0108.579,0001.423,-000.996,0167
 
000254842,000000000,000000000,0108.066,0001.316,-000.997,0179
 
000254862,000000000,000000000,0107.681,0001.352,-000.962,0179
 
000254882,000000000,000000000,0107.319,0001.159,-001.017,0167
 
000254902,000000000,000000000,0106.936,0001.125,-001.018,0179
 
000254922,000000000,000000000,0106.620,0001.120,-001.021,0173
 
000254942,000000000,000000000,0106.274,0001.072,-001.023,0171
 
000254962,000000000,000000000,0105.967,0001.102,-001.022,0006
 
000254982,000000000,000000000,0105.735,0001.108,-001.001,0173
 
000255002,000000000,000000000,0105.497,0001.046,-000.984,0179
 
000255022,000000000,000000000,0105.223,0001.067,-000.994,0006
 
000255042,000000000,000000000,0104.974,0001.115,-000.997,0167
 
000255062,000000000,000000000,0104.780,0001.127,-000.955,0172
 
000255082,000000000,000000000,0104.566,0001.121,-000.964,0006
 
000255102,000000000,000000000,0104.362,0001.140,-000.992,0006
 
000255122,000000000,000000000,0104.151,0001.155,-000.973,0006
 
000255142,000000000,000000000,0104.013,0001.169,-000.956,0006
 
000255162,000000000,000000000,0103.903,0001.137,-000.983,0169
 
000255182,000000000,000000000,0103.775,0001.132,-000.992,0006
 
000255202,000000000,000000000,0103.650,0001.129,-001.019,0167
 
000255222,000000000,000000000,0103.568,0001.171,-001.022,0006
 
000255242,000000000,000000000,0103.479,0001.140,-001.002,0006
 
000255262,000000000,000000000,0103.363,0001.204,-000.960,0166
 
000255282,000000000,000000000,0103.282,0001.243,-000.946,0006
 
000255302,000000000,000000000,0103.225,0001.272,-000.977,0006
 
000255322,000000000,000000000,0103.176,0001.254,-000.983,0006
 
000255342,000000000,000000000,0103.144,0001.243,-000.989,0006
 
000255362,000000000,000000000,0103.134,0001.227,-000.992,0006
 
000255382,000000000,000000000,0103.097,0001.216,-000.998,0006
 
000255402,000000000,000000000,0103.056,0001.248,-000.981,0172
 
000255422,000000000,000000000,0103.010,0001.276,-000.967,0167
 
000255442,000000000,000000000,0102.973,0001.306,-000.976,0166
 
000255462,000000000,000000000,0102.947,0001.332,-000.982,0177
 
000255482,000000000,000000000,0102.965,0001.332,-000.987,0167
 
000255502,000000000,000000000,0102.961,0001.336,-000.969,0006
 
000255522,000000000,000000000,0102.947,0001.358,-000.954,0166
 
000255542,000000000,000000000,0102.971,0001.381,-000.960,0167
 
000255562,000000000,000000000,0103.010,0001.378,-000.943,0006
 
000255582,000000000,000000000,0103.031,0001.353,-000.949,0167
 
000255602,000000000,000000000,0103.044,0001.374,-000.959,0167
 
000255622,000000000,000000000,0103.086,0001.348,-000.963,0006
 
000255642,000000000,000000000,0103.089,0001.504,-000.947,0167
 
000255662,000000000,000000000,0103.113,0001.529,-000.958,0171
 
000255682,000000000,000000000,0103.096,0001.515,-000.944,0006
 
000255702,000000000,000000000,0103.079,0001.497,-000.954,0167
 
000255722,000000000,000000000,0103.076,0001.505,-000.943,0172
 
000255742,000000000,000000000,0103.079,0001.517,-000.954,0006
 
000255762,000000000,000000000,0103.058,0001.539,-000.941,0169
 
000255782,000000000,000000000,0103.046,0001.546,-000.951,0179
 
000255802,000000000,000000000,0103.034,0001.529,-000.937,0006
 
000255822,000000000,000000000,0103.013,0001.509,-000.924,0169
 
000255842,000000000,000000000,0102.987,0001.520,-000.937,0006
 
000255862,000000000,000000000,0103.003,0001.525,-000.969,0166
 
000255882,000000000,000000000,0102.978,0001.530,-000.956,0179
 
000255902,000000000,000000000,0102.965,0001.535,-000.965,0006
 
000255922,000000000,000000000,0102.960,0001.516,-000.971,0167
 
000255942,000000000,000000000,0102.955,0001.501,-000.978,0179
 
000255962,000000000,000000000,0102.950,0001.488,-000.987,0006
 
000255982,000000000,000000000,0102.988,0001.497,-000.992,0166
 
000256002,000000000,000000000,0102.956,0001.528,-000.998,0006
 
000256022,000000000,000000000,0102.963,0001.533,-000.980,0167
 
000256042,000000000,000000000,0102.966,0001.537,-000.919,0166
 
000256062,000000000,000000000,0102.986,0001.477,-000.932,0169
 
000256082,000000000,000000000,0103.008,0001.466,-000.921,0167
 
000256102,000000000,000000000,0103.013,0001.475,-000.912,0006
 
000256122,000000000,000000000,0102.996,0001.465,-000.925,0006
 
000256142,000000000,000000000,0102.979,0001.452,-000.912,0006
 
000256162,000000000,000000000,0102.968,0001.440,-000.902,0006
 
000256182,000000000,000000000,0102.941,0001.453,-000.916,0006
 
000256202,000000000,000000000,0102.979,0001.466,-000.927,0006
 
000256222,000000000,000000000,0102.992,0001.477,-000.918,0006
 
000256242,000000000,000000000,0103.028,0001.467,-000.931,0006
 
000256262,000000000,000000000,0103.036,0001.457,-000.941,0167
 
000256282,000000000,000000000,0103.004,0001.424,-000.907,0006
 
000256302,000000000,000000000,0103.003,0001.419,-000.921,0167
 
000256322,000000000,000000000,0103.018,0001.433,-000.912,0006
 
000256342,000000000,000000000,0103.005,0001.403,-000.904,0006
 
000256362,000000000,000000000,0103.017,0001.402,-000.917,0167
 
000256382,000000000,000000000,0102.988,0001.420,-000.928,0172
 
000256402,000000000,000000000,0103.031,0001.456,-000.918,0006
 
000256422,000000000,000000000,0103.047,0001.446,-000.929,0169
 
000256442,000000000,000000000,0103.020,0001.414,-000.942,0171
 
000256462,000000000,000000000,0103.059,0001.433,-000.931,0006
 
000256482,000000000,000000000,0103.074,0001.403,-000.919,0169
 
000256502,000000000,000000000,0103.097,0001.377,-000.931,0179
 
000256522,000000000,000000000,0103.111,0001.376,-000.924,0006
 
000256542,000000000,000000000,0103.113,0001.332,-000.937,0169
 
000256562,000000000,000000000,0103.143,0001.333,-000.948,0179
 
000256582,000000000,000000000,0103.146,0001.336,-000.957,0006
 
000256602,000000000,000000000,0103.123,0001.315,-000.963,0169
 
000256622,000000000,000000000,0103.129,0001.340,-000.971,0179
 
000256642,000000000,000000000,0103.166,0001.387,-000.978,0006
 
000256662,000000000,000000000,0103.161,0001.405,-000.963,0179
 
000256682,000000000,000000000,0103.154,0001.400,-000.974,0006
 
000256702,000000000,000000000,0103.137,0001.373,-000.958,0166
 
000256722,000000000,000000000,0103.112,0001.349,-000.943,0179
 
000256742,000000000,000000000,0103.115,0001.327,-000.955,0178
 
000256762,000000000,000000000,0103.102,0001.330,-000.963,0006
 
000256782,000000000,000000000,0103.092,0001.307,-000.971,0172
 
000256802,000000000,000000000,0103.113,0001.356,-000.934,0006
 
000256822,000000000,000000000,0103.092,0001.357,-000.921,0006
 
000256842,000000000,000000000,0103.086,0001.380,-000.912,0006
 
000256862,000000000,000000000,0103.117,0001.379,-000.903,0006
 
000256882,000000000,000000000,0103.107,0001.400,-000.919,0006
 
000256902,000000000,000000000,0103.104,0001.417,-000.909,0006
 
000256922,000000000,000000000,0103.096,0001.389,-000.922,0006
 
000256942,000000000,000000000,0103.117,0001.387,-000.864,0006
 
000256962,000000000,000000000,0103.101,0001.384,-000.902,0006
 
000256982,000000000,000000000,0103.102,0001.404,-000.918,0006
 
000257002,000000000,000000000,0103.116,0001.421,-000.907,0006
 
000257022,000000000,000000000,0103.111,0001.435,-000.920,0006
 
000257042,000000000,000000000,0103.127,0001.428,-000.912,0167
 
000257062,000000000,000000000,0103.097,0001.421,-000.903,0179
 
000257082,000000000,000000000,0103.091,0001.437,-000.916,0179
 
000257102,000000000,000000000,0103.087,0001.452,-000.928,0178
 
000257122,000000000,000000000,0103.122,0001.440,-000.939,0006
 
000257142,000000000,000000000,0103.124,0001.453,-000.973,0167
 
000257162,000000000,000000000,0103.121,0001.469,-000.982,0171
 
000257182,000000000,000000000,0103.137,0001.437,-000.943,0006
 
000257202,000000000,000000000,0103.103,0001.449,-000.954,0173
 
000257222,000000000,000000000,0103.096,0001.443,-000.962,0178
 
000257242,000000000,000000000,0103.095,0001.455,-000.947,0006
 
000257262,000000000,000000000,0103.101,0001.423,-000.979,0006
 
000257282,000000000,000000000,0103.105,0001.439,-000.964,0006
 
000257302,000000000,000000000,0103.085,0001.430,-000.951,0167
 
000257322,000000000,000000000,0103.092,0001.445,-000.962,0006
 
000257342,000000000,000000000,0103.116,0001.459,-000.969,0167
 
000257362,000000000,000000000,0103.106,0001.448,-000.955,0006
 
000257382,000000000,000000000,0103.107,0001.439,-000.943,0179
 
000257402,000000000,000000000,0103.120,0001.432,-000.929,0167
 
000257422,000000000,000000000,0103.110,0001.443,-000.920,0006
 
000257442,000000000,000000000,0103.087,0001.458,-000.912,0006
 
000257462,000000000,000000000,0103.113,0001.470,-000.946,0006
 
000257482,000000000,000000000,0103.101,0001.459,-000.931,0006
 
000257502,000000000,000000000,0103.098,0001.448,-000.943,0006
 
000257522,000000000,000000000,0103.119,0001.439,-000.883,0006
 
000257542,000000000,000000000,0103.114,0001.430,-000.902,0006
 
000257562,000000000,000000000,0103.097,0001.446,-000.938,0179
 
000257582,000000000,000000000,0103.100,0001.437,-000.950,0167
 
000257602,000000000,000000000,0103.122,0001.431,-001.005,0006
 
000257622,000000000,000000000,0103.139,0001.402,-000.986,0006
 
000257642,000000000,000000000,0103.112,0001.421,-000.971,0006
 
000257662,000000000,000000000,0103.104,0001.434,-000.957,0006
 
000257682,000000000,000000000,0103.078,0001.449,-000.988,0166
 
000257702,000000000,000000000,0103.076,0001.439,-000.972,0006
 
000257722,000000000,000000000,0103.083,0001.452,-000.957,0166
 
000257742,000000000,000000000,0103.056,0001.441,-000.942,0006
 
000257762,000000000,000000000,0103.044,0001.453,-000.951,0166
 
000257782,000000000,000000000,0103.050,0001.443,-000.983,0166
 
000257802,000000000,000000000,0103.043,0001.458,-000.989,0166
 
000257822,000000000,000000000,0103.060,0001.471,-000.994,0166
 
000257842,000000000,000000000,0103.067,0001.459,-000.956,0006
 
000257862,000000000,000000000,0103.051,0001.472,-000.944,0167
 
000257882,000000000,000000000,0103.048,0001.482,-000.933,0167
 
000257902,000000000,000000000,0103.033,0001.470,-000.923,0006
 
000257922,000000000,000000000,0103.011,0001.480,-000.937,0169
 
000257942,000000000,000000000,0103.000,0001.489,-000.948,0166
 
000257962,000000000,000000000,0103.003,0001.453,-000.959,0166
 
000257982,000000000,000000000,0102.990,0001.488,-000.945,0169
 
000258002,000000000,000000000,0102.990,0001.475,-000.955,0166
 
000258022,000000000,000000000,0102.982,0001.488,-000.940,0166
 
000258042,000000000,000000000,0102.967,0001.474,-000.950,0167
 
000258062,000000000,000000000,0102.990,0001.439,-000.962,0166
 
000258082,000000000,000000000,0102.985,0001.434,-000.949,0166
 
000258102,000000000,000000000,0102.980,0001.428,-000.935,0167
 
000258122,000000000,000000000,0102.992,0001.442,-000.947,0166
 
000258142,000000000,000000000,0102.999,0001.457,-000.933,0166
 
000258162,000000000,000000000,0103.006,0001.446,-000.922,0169
 
000258182,000000000,000000000,0103.005,0001.437,-000.957,0167
 
000258202,000000000,000000000,0103.001,0001.430,-000.967,0166
 
000258222,000000000,000000000,0102.974,0001.442,-000.976,0174
 
000258242,000000000,000000000,0102.969,0001.435,-000.982,0167
 
000258262,000000000,000000000,0102.989,0001.427,-000.967,0179
 
000258282,000000000,000000000,0102.970,0001.421,-000.931,0174
 
000258302,000000000,000000000,0102.975,0001.416,-000.942,0167
 
000258322,000000000,000000000,0102.965,0001.434,-000.952,0179
 
000258342,000000000,000000000,0102.969,0001.426,-000.961,0179
 
000258362,000000000,000000000,0102.992,0001.419,-000.971,0167
 
000258382,000000000,000000000,0103.004,0001.436,-000.980,0006
 
000258402,000000000,000000000,0103.014,0001.430,-000.965,0179
 
000258422,000000000,000000000,0102.992,0001.445,-000.953,0171
 
000258442,000000000,000000000,0102.996,0001.459,-000.939,0006
 
000258462,000000000,000000000,0102.988,0001.448,-000.952,0173
 
000258482,000000000,000000000,0102.993,0001.461,-000.937,0171
 
000258502,000000000,000000000,0102.983,0001.452,-000.949,0006
 
000258522,000000000,000000000,0102.984,0001.486,-000.959,0173
 
000258542,000000000,000000000,0102.992,0001.473,-000.968,0166
 
000258562,000000000,000000000,0103.003,0001.485,-000.976,0006
 
000258582,000000000,000000000,0102.984,0001.474,-000.983,0179
 
000258602,000000000,000000000,0102.985,0001.462,-000.966,0179
 
000258622,000000000,000000000,0102.989,0001.475,-000.952,0006
 
000258642,000000000,000000000,0103.010,0001.487,-000.941,0006
 
000258662,000000000,000000000,0103.025,0001.499,-000.951,0006
 
000258682,000000000,000000000,0103.007,0001.484,-000.937,0006
 
000258702,000000000,000000000,0102.986,0001.492,-000.926,0179
 
000258722,000000000,000000000,0103.012,0001.480,-000.917,0006
 
000258742,000000000,000000000,0103.005,0001.467,-000.909,0006
 
000258762,000000000,000000000,0102.995,0001.482,-000.922,0179
 
