000221684,000000000,000000000,0118.085,0001.226,-002.132,0167
 
000221703,000000000,000000000,0118.086,0001.266,-001.993,0006
 
000221723,000000000,000000000,0118.136,0001.279,-001.892,0167
 
000221743,000000000,000000000,0118.171,0001.315,-001.780,0007
 
000221763,000000000,000000000,0118.198,0001.326,-001.721,0007
 
000221783,000000000,000000000,0118.224,0001.357,-001.622,0006
 
000221803,000000000,000000000,0118.232,0001.385,-001.556,0166
 
000221823,000000000,000000000,0118.247,0001.409,-001.495,0007
 
000221843,000000000,000000000,0118.274,0001.409,-001.439,0169
 
000221863,000000000,000000000,0118.272,0001.409,-001.391,0006
 
000221883,000000000,000000000,0118.283,0001.433,-001.347,0169
 
000221903,000000000,000000000,0118.294,0001.433,-001.265,0173
 
000221923,000000000,000000000,0118.300,0001.433,-001.234,0007
 
000221943,000000000,000000000,0118.310,0001.454,-001.185,0006
 
000221963,000000000,000000000,0118.317,0001.472,-001.138,0173
 
000221983,000000000,000000000,0118.319,0001.446,-001.097,0007
 
000222003,000000000,000000000,0118.305,0001.490,-001.104,0006
 
000222023,000000000,000000000,0118.307,0001.530,-001.088,0173
 
000222043,000000000,000000000,0118.325,0001.519,-001.073,0007
 
000222063,000000000,000000000,0118.317,0001.510,-001.060,0006
 
000222083,000000000,000000000,0118.309,0001.524,-001.027,0168
 
000222103,000000000,000000000,0118.310,0001.514,-000.995,0166
 
000222123,000000000,000000000,0118.319,0001.528,-000.989,0006
 
000222143,000000000,000000000,0118.319,0001.541,-000.983,0168
 
000222163,000000000,000000000,0118.324,0001.530,-000.978,0007
 
000222183,000000000,000000000,0118.327,0001.543,-000.951,0006
 
000222203,000000000,000000000,0118.322,0001.531,-000.927,0168
 
000222223,000000000,000000000,0118.313,0001.545,-000.949,0166
 
000222243,000000000,000000000,0118.310,0001.534,-000.969,0007
 
000222263,000000000,000000000,0118.311,0001.546,-000.966,0173
 
000222283,000000000,000000000,0118.310,0001.534,-000.940,0166
 
000222303,000000000,000000000,0118.295,0001.545,-000.938,0007
 
000222323,000000000,000000000,0118.295,0001.534,-000.938,0179
 
000222343,000000000,000000000,0118.291,0001.524,-000.936,0007
 
000222363,000000000,000000000,0118.278,0001.560,-000.935,0007
 
000222383,000000000,000000000,0118.267,0001.592,-000.934,0173
 
000222403,000000000,000000000,0118.272,0001.531,-000.934,0006
 
000222423,000000000,000000000,0118.276,0001.433,-000.999,0007
 
000222443,000000000,000000000,0118.278,0001.457,-000.992,0167
 
000222463,000000000,000000000,0118.271,0001.454,-000.985,0006
 
000222483,000000000,000000000,0118.267,0001.474,-001.002,0007
 
000222503,000000000,000000000,0118.278,0001.446,-000.994,0173
 
000222523,000000000,000000000,0118.283,0001.445,-000.967,0006
 
000222543,000000000,000000000,0118.272,0001.443,-000.895,0007
 
000222563,000000000,000000000,0118.263,0001.420,-000.922,0169
 
000222583,000000000,000000000,0118.267,0001.421,-000.943,0007
 
000222603,000000000,000000000,0118.259,0001.425,-000.942,0173
 
000222623,000000000,000000000,0118.267,0001.421,-000.917,0173
 
000222643,000000000,000000000,0118.273,0001.419,-000.918,0007
 
000222663,000000000,000000000,0118.265,0001.421,-000.897,0007
 
000222683,000000000,000000000,0118.259,0001.443,-000.899,0169
 
000222703,000000000,000000000,0118.262,0001.442,-000.880,0007
 
000222723,000000000,000000000,0118.264,0001.442,-000.864,0006
 
000222743,000000000,000000000,0118.255,0001.394,-000.825,0173
 
000222763,000000000,000000000,0118.248,0001.420,-000.833,0007
 
000222783,000000000,000000000,0118.245,0001.422,-000.842,0006
 
000222803,000000000,000000000,0118.234,0001.423,-000.871,0168
 
000222823,000000000,000000000,0118.235,0001.470,-000.876,0007
 
000222843,000000000,000000000,0118.236,0001.488,-000.859,0006
 
000222863,000000000,000000000,0118.244,0001.481,-000.821,0168
 
000222883,000000000,000000000,0118.244,0001.452,-000.832,0007
 
000222903,000000000,000000000,0118.226,0001.449,-000.820,0006
 
000222923,000000000,000000000,0118.222,0001.446,-000.831,0179
 
000222943,000000000,000000000,0118.205,0001.444,-000.818,0166
 
000222963,000000000,000000000,0118.214,0001.465,-000.851,0007
 
000222983,000000000,000000000,0118.207,0001.507,-000.858,0173
 
000223003,000000000,000000000,0118.210,0001.521,-000.865,0166
 
000223023,000000000,000000000,0118.207,0001.554,-000.892,0007
 
000223043,000000000,000000000,0118.199,0001.564,-000.897,0173
 
000223063,000000000,000000000,0118.193,0001.573,-000.858,0007
 
000223083,000000000,000000000,0118.201,0001.558,-000.866,0007
 
000223103,000000000,000000000,0118.198,0001.566,-000.895,0173
 
000223123,000000000,000000000,0118.190,0001.532,-000.897,0007
 
000223143,000000000,000000000,0118.188,0001.521,-000.876,0007
 
000223163,000000000,000000000,0118.175,0001.557,-000.880,0167
 
000223183,000000000,000000000,0118.176,0001.588,-000.885,0007
 
000223203,000000000,000000000,0118.166,0001.572,-000.888,0007
 
000223223,000000000,000000000,0118.170,0001.557,-000.850,0167
 
000223243,000000000,000000000,0118.165,0001.568,-000.859,0007
 
000223263,000000000,000000000,0118.158,0001.552,-000.865,0007
 
000223283,000000000,000000000,0118.157,0001.564,-000.872,0173
 
000223303,000000000,000000000,0118.157,0001.575,-000.878,0007
 
000223323,000000000,000000000,0118.154,0001.562,-000.883,0007
 
000223343,000000000,000000000,0118.143,0001.526,-000.889,0169
 
000223363,000000000,000000000,0118.131,0001.540,-000.894,0006
 
000223383,000000000,000000000,0118.125,0001.552,-000.898,0169
 
000223403,000000000,000000000,0118.118,0001.539,-000.880,0169
 
000223423,000000000,000000000,0118.113,0001.549,-000.886,0166
 
000223443,000000000,000000000,0118.112,0001.537,-000.890,0007
 
000223463,000000000,000000000,0118.119,0001.504,-000.875,0173
 
000223483,000000000,000000000,0118.111,0001.520,-000.882,0007
 
000223503,000000000,000000000,0118.109,0001.531,-000.887,0006
 
000223523,000000000,000000000,0118.107,0001.543,-000.893,0168
 
000223543,000000000,000000000,0118.107,0001.531,-000.895,0007
 
000223563,000000000,000000000,0118.118,0001.521,-000.921,0006
 
000223583,000000000,000000000,0118.124,0001.557,-000.922,0168
 
000223603,000000000,000000000,0118.122,0001.565,-000.948,0007
 
000223623,000000000,000000000,0118.125,0001.528,-000.947,0006
 
000223643,000000000,000000000,0118.117,0001.544,-000.946,0179
 
000223663,000000000,000000000,0118.116,0001.531,-000.944,0007
 
000223683,000000000,000000000,0118.117,0001.543,-000.923,0007
 
000223703,000000000,000000000,0118.112,0001.554,-000.904,0179
 
000223723,000000000,000000000,0118.109,0001.564,-000.908,0166
 
000223743,000000000,000000000,0118.106,0001.552,-000.889,0007
 
000223763,000000000,000000000,0118.102,0001.516,-000.894,0173
 
000223783,000000000,000000000,0118.088,0001.527,-000.876,0166
 
000223803,000000000,000000000,0118.080,0001.521,-000.860,0007
 
000223823,000000000,000000000,0118.078,0001.579,-000.844,0173
 
000223843,000000000,000000000,0118.089,0001.564,-000.854,0007
 
000223863,000000000,000000000,0118.084,0001.596,-000.840,0007
 
000223883,000000000,000000000,0118.083,0001.600,-000.828,0006
 
000223903,000000000,000000000,0118.077,0001.584,-000.840,0007
 
000223923,000000000,000000000,0118.063,0001.593,-000.915,0006
 
000223943,000000000,000000000,0118.073,0001.620,-000.873,0173
 
000223963,000000000,000000000,0118.075,0001.600,-000.880,0007
 
000223983,000000000,000000000,0118.068,0001.607,-000.886,0007
 
000224003,000000000,000000000,0118.062,0001.635,-000.914,0007
 
000224023,000000000,000000000,0118.056,0001.615,-000.894,0166
 
000224043,000000000,000000000,0118.054,0001.619,-000.878,0007
 
000224063,000000000,000000000,0118.062,0001.600,-000.862,0169
 
000224083,000000000,000000000,0118.061,0001.606,-000.847,0166
 
000224103,000000000,000000000,0118.038,0001.590,-000.856,0173
 
000224123,000000000,000000000,0118.031,0001.596,-000.865,0169
 
000224143,000000000,000000000,0118.035,0001.604,-000.873,0166
 
000224163,000000000,000000000,0118.040,0001.587,-000.834,0173
 
000224183,000000000,000000000,0118.042,0001.574,-000.864,0169
 
000224203,000000000,000000000,0118.054,0001.583,-000.873,0007
 
000224223,000000000,000000000,0118.050,0001.613,-000.857,0006
 
000224243,000000000,000000000,0118.064,0001.638,-000.886,0007
 
000224263,000000000,000000000,0118.054,0001.640,-000.893,0168
 
000224283,000000000,000000000,0118.049,0001.599,-000.919,0173
 
000224303,000000000,000000000,0118.048,0001.605,-000.920,0007
 
000224323,000000000,000000000,0118.044,0001.612,-000.922,0171
 
000224343,000000000,000000000,0118.039,0001.614,-000.921,0007
 
000224363,000000000,000000000,0118.041,0001.620,-000.901,0179
 
000224383,000000000,000000000,0118.043,0001.625,-000.882,0167
 
000224403,000000000,000000000,0118.039,0001.606,-000.889,0007
 
000224423,000000000,000000000,0118.040,0001.609,-000.871,0173
 
000224443,000000000,000000000,0118.051,0001.591,-000.855,0166
 
000224463,000000000,000000000,0118.052,0001.597,-000.864,0007
 
000224483,000000000,000000000,0118.039,0001.581,-000.894,0173
 
000224503,000000000,000000000,0118.039,0001.567,-000.879,0166
 
000224523,000000000,000000000,0118.044,0001.598,-000.905,0007
 
000224543,000000000,000000000,0118.043,0001.583,-000.909,0173
 
000224563,000000000,000000000,0118.037,0001.589,-000.890,0007
 
000224583,000000000,000000000,0118.023,0001.595,-000.896,0007
 
000224603,000000000,000000000,0118.021,0001.603,-000.880,0173
 
000224623,000000000,000000000,0118.028,0001.564,-000.885,0174
 
000224643,000000000,000000000,0118.015,0001.550,-000.889,0006
 
000224663,000000000,000000000,0118.008,0001.562,-000.851,0007
 
000224683,000000000,000000000,0118.005,0001.549,-000.859,0007
 
000224703,000000000,000000000,0118.004,0001.513,-000.845,0007
 
000224723,000000000,000000000,0118.016,0001.506,-000.856,0167
 
000224743,000000000,000000000,0118.022,0001.542,-000.886,0007
 
000224763,000000000,000000000,0118.024,0001.553,-000.913,0007
 
000224783,000000000,000000000,0118.012,0001.563,-000.916,0167
 
000224803,000000000,000000000,0118.024,0001.592,-000.918,0166
 
000224823,000000000,000000000,0118.036,0001.598,-000.899,0007
 
000224843,000000000,000000000,0118.033,0001.604,-000.880,0169
 
000224863,000000000,000000000,0118.038,0001.609,-000.885,0166
 
000224883,000000000,000000000,0118.040,0001.589,-000.868,0173
 
000224903,000000000,000000000,0118.054,0001.551,-000.852,0169
 
000224923,000000000,000000000,0118.053,0001.538,-000.881,0166
 
000224943,000000000,000000000,0118.054,0001.551,-000.888,0007
 
000224963,000000000,000000000,0118.055,0001.540,-000.896,0173
 
000224983,000000000,000000000,0118.050,0001.529,-000.900,0168
 
000225003,000000000,000000000,0118.044,0001.518,-000.905,0006
 
000225023,000000000,000000000,0118.044,0001.509,-000.889,0168
 
000225043,000000000,000000000,0118.056,0001.545,-000.895,0171
 
000225063,000000000,000000000,0118.063,0001.556,-000.877,0007
 
000225083,000000000,000000000,0118.076,0001.566,-000.861,0168
 
000225103,000000000,000000000,0118.088,0001.552,-000.889,0007
 
000225123,000000000,000000000,0118.082,0001.562,-000.850,0007
 
000225143,000000000,000000000,0118.074,0001.571,-000.836,0173
 
000225163,000000000,000000000,0118.067,0001.603,-000.826,0007
 
000225183,000000000,000000000,0118.066,0001.583,-000.814,0007
 
000225203,000000000,000000000,0118.058,0001.545,-000.783,0173
 
000225223,000000000,000000000,0118.067,0001.553,-000.800,0166
 
000225243,000000000,000000000,0118.074,0001.564,-000.816,0007
 
000225263,000000000,000000000,0118.058,0001.551,-000.807,0179
 
000225283,000000000,000000000,0118.061,0001.584,-000.841,0007
 
000225303,000000000,000000000,0118.057,0001.570,-000.852,0006
 
000225323,000000000,000000000,0118.050,0001.602,-000.840,0173
 
000225343,000000000,000000000,0118.053,0001.587,-000.851,0007
 
000225363,000000000,000000000,0118.066,0001.551,-000.883,0007
 
000225383,000000000,000000000,0118.057,0001.561,-000.889,0173
 
000225403,000000000,000000000,0118.065,0001.571,-000.895,0007
 
000225423,000000000,000000000,0118.052,0001.560,-000.877,0007
 
000225443,000000000,000000000,0118.048,0001.568,-000.905,0169
 
000225463,000000000,000000000,0118.049,0001.555,-000.866,0007
 
000225483,000000000,000000000,0118.038,0001.520,-000.875,0007
 
000225503,000000000,000000000,0118.032,0001.554,-000.857,0007
 
000225523,000000000,000000000,0118.024,0001.587,-000.867,0166
 
000225543,000000000,000000000,0118.020,0001.593,-000.874,0007
 
000225563,000000000,000000000,0118.015,0001.599,-000.881,0007
 
000225583,000000000,000000000,0118.018,0001.581,-000.864,0007
 
000225603,000000000,000000000,0118.022,0001.566,-000.849,0173
 
000225623,000000000,000000000,0118.018,0001.576,-000.858,0173
 
000225643,000000000,000000000,0118.006,0001.585,-000.888,0166
 
000225663,000000000,000000000,0118.008,0001.592,-000.871,0173
 
000225683,000000000,000000000,0118.001,0001.596,-000.855,0173
 
000225703,000000000,000000000,0118.002,0001.603,-000.843,0166
 
000225723,000000000,000000000,0118.004,0001.651,-000.874,0006
 
000225743,000000000,000000000,0117.997,0001.652,-000.881,0168
 
000225763,000000000,000000000,0118.005,0001.677,-000.888,0006
 
000225783,000000000,000000000,0118.008,0001.650,-000.893,0006
 
000225803,000000000,000000000,0117.993,0001.629,-000.876,0168
 
000225823,000000000,000000000,0117.983,0001.607,-000.882,0166
 
000225843,000000000,000000000,0117.979,0001.634,-000.911,0006
 
000225863,000000000,000000000,0117.989,0001.615,-000.916,0179
 
000225883,000000000,000000000,0117.987,0001.596,-000.918,0007
 
000225903,000000000,000000000,0117.986,0001.598,-000.921,0007
 
000225923,000000000,000000000,0117.997,0001.627,-000.923,0179
 
000225943,000000000,000000000,0118.001,0001.609,-000.923,0166
 
000225963,000000000,000000000,0118.001,0001.589,-000.925,0006
 
000225983,000000000,000000000,0117.997,0001.552,-000.929,0168
 
000226003,000000000,000000000,0117.995,0001.518,-000.908,0166
 
000226023,000000000,000000000,0117.995,0001.507,-000.935,0007
 
000226043,000000000,000000000,0117.982,0001.523,-000.937,0179
 
000226064,000000000,000000000,0117.982,0001.535,-000.940,0007
 
000226084,000000000,000000000,0117.970,0001.545,-000.896,1023
 
000226104,000000000,000000000,0117.950,0001.552,-000.899,1023
 
000226124,000000000,000000000,0117.939,0001.583,-000.904,1023
 
000226144,000000000,000000000,0117.900,0001.588,-000.885,1023
 
000226164,000000000,000000000,0117.800,0001.662,-000.891,1023
 
000226183,000000000,000000000,0117.702,0001.635,-000.874,0171
 
000226203,000000000,000000000,0117.535,0001.639,-000.871,0007
 
000226223,000000000,000000000,0117.273,0001.727,-000.885,0167
 
000226243,000000000,000000000,0116.968,0001.825,-000.905,0170
 
000226263,000000000,000000000,0116.588,0001.860,-000.890,0007
 
000226283,000000000,000000000,0116.171,0001.905,-000.911,0006
 
000226303,000000000,000000000,0115.703,0001.901,-000.890,0166
 
000226323,000000000,000000000,0115.267,0001.801,-000.885,0169
 
000226343,000000000,000000000,0114.751,0001.842,-000.865,0173
 
000226363,000000000,000000000,0114.243,0001.793,-000.874,0006
 
000226383,000000000,000000000,0113.673,0001.895,-000.874,0169
 
000226403,000000000,000000000,0113.083,0001.934,-000.835,0179
 
000226423,000000000,000000000,0112.431,0002.026,-000.870,0006
 
000226443,000000000,000000000,0111.844,0001.743,-000.852,0006
 
000226463,000000000,000000000,0111.231,0001.541,-000.858,0173
 
000226483,000000000,000000000,0110.662,0001.490,-000.861,0167
 
000226503,000000000,000000000,0110.089,0001.425,-000.887,0006
 
000226523,000000000,000000000,0109.549,0001.487,-000.792,0168
 
000226543,000000000,000000000,0108.923,0001.346,-000.802,0006
 
000226563,000000000,000000000,0108.280,0001.432,-000.789,0006
 
000226583,000000000,000000000,0107.609,0001.363,-000.783,0006
 
000226603,000000000,000000000,0106.967,0001.459,-000.775,0167
 
000226623,000000000,000000000,0106.351,0001.386,-000.842,0006
 
000226643,000000000,000000000,0105.775,0001.366,-000.856,0167
 
000226663,000000000,000000000,0105.249,0001.367,-000.835,0174
 
000226683,000000000,000000000,0104.778,0001.366,-000.809,0006
 
000226703,000000000,000000000,0104.308,0001.293,-000.815,0173
 
000226723,000000000,000000000,0103.870,0001.265,-000.813,0006
 
000226743,000000000,000000000,0103.387,0001.286,-000.776,0179
 
000226763,000000000,000000000,0102.932,0001.356,-000.842,0173
 
000226783,000000000,000000000,0102.448,0001.287,-000.846,0006
 
000226803,000000000,000000000,0102.012,0001.353,-000.842,0006
 
000226823,000000000,000000000,0101.589,0001.256,-000.843,0169
 
000226843,000000000,000000000,0101.202,0001.185,-000.819,0006
 
000226863,000000000,000000000,0100.916,0001.166,-000.839,0173
 
000226883,000000000,000000000,0100.681,0001.095,-000.818,0173
 
000226903,000000000,000000000,0100.488,0001.101,-000.816,0006
 
000226923,000000000,000000000,0100.347,0001.090,-000.796,0006
 
000226943,000000000,000000000,0100.223,0001.039,-000.784,0173
 
000226963,000000000,000000000,0100.111,0001.061,-000.781,0007
 
000226983,000000000,000000000,0100.018,0001.089,-000.819,0006
 
000227003,000000000,000000000,0099.951,0001.123,-000.809,0006
 
000227023,000000000,000000000,0099.859,0001.173,-000.801,0170
 
000227043,000000000,000000000,0099.787,0001.220,-000.831,0006
 
000227063,000000000,000000000,0099.721,0001.256,-000.816,0006
 
000227083,000000000,000000000,0099.689,0001.230,-000.781,0006
 
000227103,000000000,000000000,0099.647,0001.242,-000.796,0007
 
000227123,000000000,000000000,0099.650,0001.282,-000.809,0006
 
000227143,000000000,000000000,0099.657,0001.270,-000.821,0006
 
000227163,000000000,000000000,0099.675,0001.242,-000.810,0006
 
000227183,000000000,000000000,0099.697,0001.282,-000.802,0166
 
000227203,000000000,000000000,0099.713,0001.318,-000.815,0166
 
000227223,000000000,000000000,0099.730,0001.348,-000.804,0006
 
000227243,000000000,000000000,0099.772,0001.378,-000.794,0006
 
000227263,000000000,000000000,0099.789,0001.405,-000.810,0166
 
000227283,000000000,000000000,0099.809,0001.451,-000.800,0007
 
000227303,000000000,000000000,0099.830,0001.473,-000.815,0167
 
000227323,000000000,000000000,0099.848,0001.512,-000.803,0174
 
000227343,000000000,000000000,0099.854,0001.525,-000.796,0006
 
000227363,000000000,000000000,0099.849,0001.513,-000.789,0167
 
000227383,000000000,000000000,0099.864,0001.528,-000.806,0174
 
000227403,000000000,000000000,0099.867,0001.561,-000.797,0006
 
000227423,000000000,000000000,0099.858,0001.548,-000.810,0167
 
000227443,000000000,000000000,0099.852,0001.557,-000.823,0007
 
000227463,000000000,000000000,0099.854,0001.566,-000.836,0166
 
000227483,000000000,000000000,0099.851,0001.525,-000.801,0173
 
000227503,000000000,000000000,0099.859,0001.560,-000.794,0006
 
000227523,000000000,000000000,0099.866,0001.591,-000.809,0166
 
000227543,000000000,000000000,0099.865,0001.576,-000.822,0173
 
000227563,000000000,000000000,0099.870,0001.583,-000.833,0006
 
000227583,000000000,000000000,0099.878,0001.591,-000.822,0006
 
000227603,000000000,000000000,0099.881,0001.575,-000.834,0169
 
000227623,000000000,000000000,0099.879,0001.583,-000.847,0006
 
000227643,000000000,000000000,0099.889,0001.571,-000.835,0166
 
000227663,000000000,000000000,0099.881,0001.555,-000.823,0006
 
000227683,000000000,000000000,0099.895,0001.542,-000.813,0166
 
000227703,000000000,000000000,0099.898,0001.531,-000.826,0006
 
000227723,000000000,000000000,0099.887,0001.543,-000.859,0006
 
000227743,000000000,000000000,0099.907,0001.549,-000.845,0006
 
000227763,000000000,000000000,0099.916,0001.536,-000.832,0006
 
000227783,000000000,000000000,0099.928,0001.548,-000.842,0168
 
000227803,000000000,000000000,0099.907,0001.559,-000.852,0006
 
000227823,000000000,000000000,0099.903,0001.544,-000.863,0006
 
000227843,000000000,000000000,0099.918,0001.531,-000.869,0006
 
000227863,000000000,000000000,0099.914,0001.521,-000.877,0166
 
000227883,000000000,000000000,0099.904,0001.534,-000.841,0173
 
000227903,000000000,000000000,0099.907,0001.546,-000.832,0173
 
000227923,000000000,000000000,0099.904,0001.511,-000.822,0166
 
000227943,000000000,000000000,0099.914,0001.547,-000.813,0169
 
000227963,000000000,000000000,0099.922,0001.579,-000.803,0173
 
000227983,000000000,000000000,0099.927,0001.566,-000.795,0167
 
000228003,000000000,000000000,0099.936,0001.552,-000.811,0006
 
000228023,000000000,000000000,0099.932,0001.583,-000.823,0167
 
000228043,000000000,000000000,0099.930,0001.613,-000.814,0168
 
000228063,000000000,000000000,0099.943,0001.615,-000.826,0006
 
000228083,000000000,000000000,0099.941,0001.597,-000.795,0167
 
000228103,000000000,000000000,0099.936,0001.558,-000.810,0170
 
000228123,000000000,000000000,0099.940,0001.589,-000.801,0006
 
000228143,000000000,000000000,0099.945,0001.661,-000.793,0167
 
000228163,000000000,000000000,0099.942,0001.639,-000.789,0170
 
000228183,000000000,000000000,0099.920,0001.640,-000.804,0006
 
000228203,000000000,000000000,0099.914,0001.621,-000.837,0167
 
000228223,000000000,000000000,0099.910,0001.624,-000.826,0006
 
000228243,000000000,000000000,0099.910,0001.629,-000.818,0169
 
000228263,000000000,000000000,0099.899,0001.608,-000.853,0173
 
000228283,000000000,000000000,0099.909,0001.610,-000.841,0006
 
000228303,000000000,000000000,0099.902,0001.590,-000.850,0166
 
000228323,000000000,000000000,0099.907,0001.596,-000.838,0007
 
000228343,000000000,000000000,0099.895,0001.581,-000.849,0166
 
000228363,000000000,000000000,0099.900,0001.563,-000.858,0006
 
000228383,000000000,000000000,0099.896,0001.549,-000.867,0173
 
000228403,000000000,000000000,0099.898,0001.559,-000.856,0006
 
000228423,000000000,000000000,0099.909,0001.568,-000.845,0006
 
000228443,000000000,000000000,0099.908,0001.531,-000.857,0169
 
000228463,000000000,000000000,0099.909,0001.543,-000.845,0006
 
000228483,000000000,000000000,0099.925,0001.554,-000.855,0169
 
000228503,000000000,000000000,0099.937,0001.520,-000.842,0006
 
000228523,000000000,000000000,0099.940,0001.509,-000.829,0007
 
000228543,000000000,000000000,0099.945,0001.523,-000.841,0006
 
000228563,000000000,000000000,0099.945,0001.536,-000.828,0006
 
000228583,000000000,000000000,0099.939,0001.523,-000.819,0006
 
000228603,000000000,000000000,0099.943,0001.513,-000.809,0006
 
000228623,000000000,000000000,0099.951,0001.548,-000.802,0168
 
000228643,000000000,000000000,0099.951,0001.557,-000.817,0166
 
000228663,000000000,000000000,0099.951,0001.521,-000.831,0007
 
000228683,000000000,000000000,0099.960,0001.534,-000.821,0166
 
000228703,000000000,000000000,0099.961,0001.567,-000.834,0006
 
000228723,000000000,000000000,0099.976,0001.574,-000.846,0007
 
000228743,000000000,000000000,0099.973,0001.581,-000.833,0167
 
000228763,000000000,000000000,0099.986,0001.588,-000.824,0167
 
000228783,000000000,000000000,0099.981,0001.593,-000.793,0006
 
000228803,000000000,000000000,0099.980,0001.576,-000.786,0167
 
000228823,000000000,000000000,0099.955,0001.561,-000.824,0174
 
000228843,000000000,000000000,0099.963,0001.569,-000.814,0006
 
000228863,000000000,000000000,0099.968,0001.575,-000.804,0167
 
000228883,000000000,000000000,0099.966,0001.561,-000.797,0174
 
000228903,000000000,000000000,0099.970,0001.592,-000.792,0006
 
000228923,000000000,000000000,0099.981,0001.575,-000.807,0167
 
000228943,000000000,000000000,0099.984,0001.539,-000.798,0006
 
000228963,000000000,000000000,0099.984,0001.502,-000.814,0166
 
000228983,000000000,000000000,0099.984,0001.515,-000.825,0173
 
000229003,000000000,000000000,0099.984,0001.549,-000.838,0170
 
000229023,000000000,000000000,0099.983,0001.537,-000.827,0007
 
000229043,000000000,000000000,0099.983,0001.547,-000.838,0169
 
000229063,000000000,000000000,0099.981,0001.512,-000.848,0006
 
000229083,000000000,000000000,0099.978,0001.483,-000.858,0166
 
000229103,000000000,000000000,0099.979,0001.478,-000.869,0006
 
000229123,000000000,000000000,0099.979,0001.496,-000.856,0006
 
000229143,000000000,000000000,0099.982,0001.489,-000.843,0166
 
000229163,000000000,000000000,0099.986,0001.481,-000.854,0006
 
000229183,000000000,000000000,0099.986,0001.496,-000.863,0006
 
000229203,000000000,000000000,0099.982,0001.508,-000.872,0006
 
000229223,000000000,000000000,0099.977,0001.524,-000.902,0168
 
000229243,000000000,000000000,0099.981,0001.535,-000.908,0007
 
000229263,000000000,000000000,0099.997,0001.522,-000.911,0007
 
000229283,000000000,000000000,0099.995,0001.493,-000.916,0168
 
000229303,000000000,000000000,0100.012,0001.460,-000.871,0006
 
000229323,000000000,000000000,0100.017,0001.453,-000.878,0006
 
000229343,000000000,000000000,0100.023,0001.539,-000.841,0006
 
000229363,000000000,000000000,0100.026,0001.572,-000.855,0006
 
000229383,000000000,000000000,0100.025,0001.538,-000.822,0006
 
000229403,000000000,000000000,0100.037,0001.550,-000.836,0006
 
000229423,000000000,000000000,0100.042,0001.581,-000.805,0006
 
000229443,000000000,000000000,0100.049,0001.545,-000.799,0006
 
000229463,000000000,000000000,0100.058,0001.554,-000.813,0006
 
000229483,000000000,000000000,0100.066,0001.564,-000.806,0166
 
000229503,000000000,000000000,0100.066,0001.527,-000.798,0006
 
000229523,000000000,000000000,0100.066,0001.515,-000.769,0167
 
000229543,000000000,000000000,0100.070,0001.528,-000.809,0170
 
000229563,000000000,000000000,0100.076,0001.474,-000.846,0006
 
000229583,000000000,000000000,0100.064,0001.467,-000.835,0167
 
000229603,000000000,000000000,0100.075,0001.507,-000.825,0174
 
000229623,000000000,000000000,0100.089,0001.542,-000.816,0006
 
000229643,000000000,000000000,0100.088,0001.553,-000.807,0167
 
000229663,000000000,000000000,0100.093,0001.538,-000.821,0170
 
000229683,000000000,000000000,0100.082,0001.505,-000.857,0006
 
000229703,000000000,000000000,0100.083,0001.496,-000.845,0167
 
000229723,000000000,000000000,0100.066,0001.532,-000.835,0006
 
000229743,000000000,000000000,0100.065,0001.521,-000.846,0169
 
000229763,000000000,000000000,0100.065,0001.532,-000.838,0173
 
000229783,000000000,000000000,0100.066,0001.519,-000.802,0007
 
000229803,000000000,000000000,0100.070,0001.508,-000.795,0166
 
000229823,000000000,000000000,0100.067,0001.543,-000.832,0173
 
000229843,000000000,000000000,0100.075,0001.553,-000.846,0006
 
000229863,000000000,000000000,0100.061,0001.539,-000.835,0006
 
000229883,000000000,000000000,0100.049,0001.550,-000.803,0167
 
000229903,000000000,000000000,0100.041,0001.560,-000.796,0006
 
000229923,000000000,000000000,0100.030,0001.568,-000.790,0169
 
000229943,000000000,000000000,0100.032,0001.596,-000.785,0006
 
000229963,000000000,000000000,0100.029,0001.601,-000.802,0007
 
000229983,000000000,000000000,0100.039,0001.581,-000.749,0006
 
000230003,000000000,000000000,0100.036,0001.567,-000.769,0006
 
000230023,000000000,000000000,0100.030,0001.574,-000.786,0006
 
000230043,000000000,000000000,0100.028,0001.559,-000.802,0006
 
000230063,000000000,000000000,0100.030,0001.503,-000.817,0006
 
000230083,000000000,000000000,0100.032,0001.517,-000.808,0006
 
000230103,000000000,000000000,0100.031,0001.553,-000.800,0006
 
000230123,000000000,000000000,0100.037,0001.540,-000.815,0006
 
000230143,000000000,000000000,0100.042,0001.550,-000.829,0006
 
000230163,000000000,000000000,0100.043,0001.560,-000.819,0006
 
000230183,000000000,000000000,0100.031,0001.523,-000.832,0167
 
000230203,000000000,000000000,0100.041,0001.533,-000.823,0170
 
000230223,000000000,000000000,0100.040,0001.525,-000.859,0006
 
000230243,000000000,000000000,0100.031,0001.515,-000.867,0167
 
000230263,000000000,000000000,0100.042,0001.506,-000.857,0166
 
000230283,000000000,000000000,0100.034,0001.520,-000.866,0007
 
000230303,000000000,000000000,0100.035,0001.532,-000.856,0167
 
000230323,000000000,000000000,0100.050,0001.566,-000.845,0006
 
000230343,000000000,000000000,0100.056,0001.551,-000.856,0006
 
000230363,000000000,000000000,0100.060,0001.561,-000.820,0167
 
000230383,000000000,000000000,0100.063,0001.523,-000.812,0166
 
000230403,000000000,000000000,0100.062,0001.535,-000.807,0006
 
000230423,000000000,000000000,0100.050,0001.522,-000.823,0167
 
000230443,000000000,000000000,0100.045,0001.511,-000.836,0166
 
000230463,000000000,000000000,0100.058,0001.501,-000.804,0006
 
000230483,000000000,000000000,0100.071,0001.518,-000.817,0169
 
000230503,000000000,000000000,0100.080,0001.508,-000.831,0007
 
000230523,000000000,000000000,0100.091,0001.566,-000.820,0169
 
000230543,000000000,000000000,0100.073,0001.550,-000.835,0167
 
000230563,000000000,000000000,0100.073,0001.559,-000.827,0166
 
000230583,000000000,000000000,0100.062,0001.566,-000.819,0007
 
000230603,000000000,000000000,0100.066,0001.574,-000.791,0173
 
000230623,000000000,000000000,0100.073,0001.557,-000.807,0166
 
000230643,000000000,000000000,0100.085,0001.565,-000.822,0169
 
000230663,000000000,000000000,0100.083,0001.595,-000.812,0169
 
000230683,000000000,000000000,0100.073,0001.576,-000.804,0166
 
000230703,000000000,000000000,0100.067,0001.606,-000.797,0173
 
000230723,000000000,000000000,0100.054,0001.611,-000.792,0173
 
000230743,000000000,000000000,0100.049,0001.615,-000.808,0167
 
000230763,000000000,000000000,0100.048,0001.617,-000.801,0006
 
000230783,000000000,000000000,0100.041,0001.619,-000.818,0168
 
000230803,000000000,000000000,0100.038,0001.599,-000.853,0167
 
000230823,000000000,000000000,0100.047,0001.581,-000.843,0006
 
000230843,000000000,000000000,0100.041,0001.566,-000.854,0168
 
000230863,000000000,000000000,0100.026,0001.570,-000.841,0170
 
000230883,000000000,000000000,0100.021,0001.577,-000.832,0006
 
000230903,000000000,000000000,0100.014,0001.585,-000.846,0179
 
000230923,000000000,000000000,0100.013,0001.590,-000.812,0170
 
