000367108,000000000,000000000,0114.022,0002.957,0000.611,0007
 
000367127,000000000,000000000,0114.030,0003.087,0000.621,0166
 
000367147,000000000,000000000,0114.074,0003.163,0000.630,0167
 
000367167,000000000,000000000,0114.138,0003.253,0000.659,0006
 
000367187,000000000,000000000,0114.192,0003.354,0000.665,0006
 
000367207,000000000,000000000,0114.227,0003.490,0000.692,0177
 
000367227,000000000,000000000,0114.261,0003.571,0000.696,0006
 
000367247,000000000,000000000,0114.297,0003.626,0000.700,0006
 
000367267,000000000,000000000,0114.323,0003.699,0000.685,0005
 
000367287,000000000,000000000,0114.342,0003.743,0000.687,0166
 
000367307,000000000,000000000,0114.363,0003.784,0000.691,0179
 
000367327,000000000,000000000,0114.377,0003.822,0000.671,0007
 
000367347,000000000,000000000,0114.405,0003.859,0000.676,0166
 
000367367,000000000,000000000,0114.417,0003.907,0000.700,0006
 
000367387,000000000,000000000,0114.436,0003.934,0000.680,0167
 
000367407,000000000,000000000,0114.441,0004.000,0000.684,0007
 
000367427,000000000,000000000,0114.449,0004.022,0000.686,0166
 
000367447,000000000,000000000,0114.447,0004.038,0000.668,0179
 
000367467,000000000,000000000,0114.438,0004.076,0000.654,0171
 
000367487,000000000,000000000,0114.442,0004.110,0000.660,0007
 
000367507,000000000,000000000,0114.436,0004.142,0000.668,0167
 
000367527,000000000,000000000,0114.447,0004.168,0000.651,0179
 
000367547,000000000,000000000,0114.447,0004.171,0000.675,0006
 
000367567,000000000,000000000,0114.426,0004.197,0000.679,0169
 
000367587,000000000,000000000,0114.421,0004.198,0000.659,0178
 
000367607,000000000,000000000,0114.424,0004.245,0000.663,0006
 
000367627,000000000,000000000,0114.406,0004.267,0000.645,0007
 
000367647,000000000,000000000,0114.389,0004.265,0000.630,0167
 
000367667,000000000,000000000,0114.379,0004.258,0000.635,0006
 
000367687,000000000,000000000,0114.384,0004.280,0000.620,0179
 
000367707,000000000,000000000,0114.375,0004.275,0000.628,0006
 
000367727,000000000,000000000,0114.371,0004.291,0000.656,0167
 
000367747,000000000,000000000,0114.350,0004.305,0000.641,0179
 
000367767,000000000,000000000,0114.339,0004.320,0000.647,0006
 
000367787,000000000,000000000,0114.331,0004.311,0000.631,0173
 
000367807,000000000,000000000,0114.320,0004.305,0000.638,0169
 
000367827,000000000,000000000,0114.307,0004.279,0000.666,0007
 
000367847,000000000,000000000,0114.288,0004.318,0000.651,0007
 
000367867,000000000,000000000,0114.280,0004.312,0000.658,0006
 
000367887,000000000,000000000,0114.287,0004.285,0000.640,0007
 
000367907,000000000,000000000,0114.278,0004.303,0000.627,0007
 
000367927,000000000,000000000,0114.270,0004.318,0000.615,0007
 
000367947,000000000,000000000,0114.265,0004.333,0000.601,0166
 
000367967,000000000,000000000,0114.256,0004.344,0000.591,0006
 
000367987,000000000,000000000,0114.266,0004.333,0000.581,0006
 
000368007,000000000,000000000,0114.278,0004.347,0000.593,0006
 
000368027,000000000,000000000,0114.292,0004.381,0000.584,0007
 
000368047,000000000,000000000,0114.282,0004.391,0000.595,0166
 
000368067,000000000,000000000,0114.271,0004.400,0000.584,0007
 
000368087,000000000,000000000,0114.263,0004.386,0000.573,0007
 
000368107,000000000,000000000,0114.234,0004.374,0000.584,0167
 
000368127,000000000,000000000,0114.226,0004.381,0000.596,0166
 
000368147,000000000,000000000,0114.219,0004.389,0000.606,0006
 
000368167,000000000,000000000,0114.209,0004.397,0000.613,0167
 
000368187,000000000,000000000,0114.202,0004.362,0000.602,0171
 
000368207,000000000,000000000,0114.200,0004.332,0000.610,0006
 
000368227,000000000,000000000,0114.195,0004.344,0000.617,0167
 
000368247,000000000,000000000,0114.189,0004.354,0000.624,0171
 
000368267,000000000,000000000,0114.180,0004.385,0000.632,0007
 
000368287,000000000,000000000,0114.182,0004.370,0000.659,0169
 
000368307,000000000,000000000,0114.176,0004.358,0000.642,0179
 
000368327,000000000,000000000,0114.170,0004.368,0000.647,0007
 
000368347,000000000,000000000,0114.167,0004.373,0000.672,0169
 
000368367,000000000,000000000,0114.165,0004.361,0000.655,0179
 
000368387,000000000,000000000,0114.158,0004.351,0000.640,0006
 
000368407,000000000,000000000,0114.148,0004.339,0000.686,0169
 
000368427,000000000,000000000,0114.149,0004.351,0000.668,0006
 
000368447,000000000,000000000,0114.133,0004.365,0000.651,0006
 
000368467,000000000,000000000,0114.135,0004.333,0000.656,0179
 
000368487,000000000,000000000,0114.117,0004.339,0000.681,0006
 
000368507,000000000,000000000,0114.130,0004.333,0000.680,0006
 
000368527,000000000,000000000,0114.129,0004.344,0000.701,0007
 
000368547,000000000,000000000,0114.119,0004.352,0000.701,0007
 
000368567,000000000,000000000,0114.112,0004.383,0000.678,0173
 
000368587,000000000,000000000,0114.101,0004.371,0000.680,0179
 
000368607,000000000,000000000,0114.084,0004.400,0000.681,0007
 
000368627,000000000,000000000,0114.067,0004.407,0000.682,0173
 
000368647,000000000,000000000,0114.062,0004.411,0000.642,0007
 
000368667,000000000,000000000,0114.063,0004.415,0000.669,0006
 
000368687,000000000,000000000,0114.051,0004.437,0000.671,0006
 
000368707,000000000,000000000,0114.040,0004.441,0000.674,0179
 
000368727,000000000,000000000,0114.030,0004.445,0000.677,0007
 
000368747,000000000,000000000,0114.030,0004.426,0000.700,0006
 
000368767,000000000,000000000,0114.010,0004.410,0000.701,0007
 
000368787,000000000,000000000,0114.005,0004.395,0000.703,0006
 
000368807,000000000,000000000,0113.996,0004.445,0000.704,0006
 
000368827,000000000,000000000,0113.993,0004.466,0000.703,0007
 
000368847,000000000,000000000,0113.981,0004.489,0000.681,0166
 
000368867,000000000,000000000,0113.960,0004.493,0000.683,0006
 
000368887,000000000,000000000,0113.952,0004.491,0000.686,0167
 
000368907,000000000,000000000,0113.939,0004.492,0000.665,0171
 
000368927,000000000,000000000,0113.941,0004.510,0000.668,0007
 
000368947,000000000,000000000,0113.937,0004.467,0000.650,0167
 
000368967,000000000,000000000,0113.915,0004.447,0000.656,0172
 
000368987,000000000,000000000,0113.896,0004.448,0000.659,0006
 
000369007,000000000,000000000,0113.886,0004.513,0000.642,0169
 
000369027,000000000,000000000,0113.887,0004.532,0000.645,0178
 
000369047,000000000,000000000,0113.896,0004.524,0000.649,0007
 
000369067,000000000,000000000,0113.877,0004.521,0000.633,0167
 
000369087,000000000,000000000,0113.865,0004.475,0000.639,0180
 
000369107,000000000,000000000,0113.861,0004.474,0000.644,0006
 
000369127,000000000,000000000,0113.841,0004.496,0000.647,0167
 
000369147,000000000,000000000,0113.844,0004.453,0000.650,0007
 
000369167,000000000,000000000,0113.845,0004.412,0000.633,0007
 
000369187,000000000,000000000,0113.854,0004.395,0000.639,0169
 
000369207,000000000,000000000,0113.859,0004.424,0000.622,0006
 
000369227,000000000,000000000,0113.852,0004.403,0000.608,0166
 
000369247,000000000,000000000,0113.852,0004.392,0000.616,0179
 
000369267,000000000,000000000,0113.868,0004.378,0000.621,0006
 
000369287,000000000,000000000,0113.879,0004.388,0000.609,0173
 
000369307,000000000,000000000,0113.876,0004.376,0000.616,0006
 
000369327,000000000,000000000,0113.862,0004.385,0000.622,0167
 
000369347,000000000,000000000,0113.865,0004.392,0000.609,0007
 
000369367,000000000,000000000,0113.865,0004.380,0000.618,0007
 
000369387,000000000,000000000,0113.858,0004.385,0000.625,0007
 
000369407,000000000,000000000,0113.849,0004.394,0000.592,0007
 
000369427,000000000,000000000,0113.843,0004.380,0000.601,0007
 
000369447,000000000,000000000,0113.840,0004.368,0000.588,0007
 
000369467,000000000,000000000,0113.857,0004.375,0000.598,0007
 
000369488,000000000,000000000,0113.849,0004.407,0000.606,1023
 
000369508,000000000,000000000,0113.848,0004.435,0000.613,1023
 
000369528,000000000,000000000,0113.835,0004.396,0000.598,1023
 
000369548,000000000,000000000,0113.849,0004.401,0000.583,1023
 
000369568,000000000,000000000,0113.846,0004.386,0000.594,1023
 
000369588,000000000,000000000,0113.839,0004.351,0000.602,1023
 
000369608,000000000,000000000,0113.840,0004.363,0000.588,1023
 
000369628,000000000,000000000,0113.852,0004.350,0000.577,1023
 
000369648,000000000,000000000,0113.881,0004.377,0000.586,1023
 
000369668,000000000,000000000,0113.898,0004.348,0000.575,1023
 
000369687,000000000,000000000,0113.906,0004.353,0000.607,0167
 
000369707,000000000,000000000,0113.896,0004.361,0000.572,0006
 
000369727,000000000,000000000,0113.871,0004.333,0000.579,0166
 
000369747,000000000,000000000,0113.857,0004.361,0000.547,0172
 
000369767,000000000,000000000,0113.849,0004.393,0000.559,0006
 
000369787,000000000,000000000,0113.773,0004.431,0000.566,0167
 
000369807,000000000,000000000,0113.608,0004.517,0000.586,0166
 
000369827,000000000,000000000,0113.313,0004.633,0000.579,0006
 
000369847,000000000,000000000,0112.990,0004.678,0000.568,0167
 
000369867,000000000,000000000,0112.607,0004.755,0000.576,0179
 
000369887,000000000,000000000,0112.104,0004.939,0000.581,0006
 
000369907,000000000,000000000,0111.606,0004.868,0000.555,0006
 
000369927,000000000,000000000,0111.066,0004.856,0000.521,0167
 
000369947,000000000,000000000,0110.505,0004.773,0000.492,0167
 
000369967,000000000,000000000,0109.885,0004.823,0000.526,0174
 
000369987,000000000,000000000,0109.273,0004.771,0000.486,0006
 
000370007,000000000,000000000,0108.535,0004.857,0000.459,0167
 
000370027,000000000,000000000,0107.807,0004.758,0000.433,0177
 
000370047,000000000,000000000,0107.128,0004.869,0000.442,0167
 
000370067,000000000,000000000,0106.439,0004.767,0000.415,0166
 
000370087,000000000,000000000,0105.807,0004.815,0000.399,0174
 
000370107,000000000,000000000,0105.157,0004.782,0000.381,0171
 
000370127,000000000,000000000,0104.601,0004.634,0000.375,0179
 
000370147,000000000,000000000,0104.044,0004.583,0000.388,0172
 
000370167,000000000,000000000,0103.568,0004.586,0000.390,0006
 
000370187,000000000,000000000,0103.038,0004.548,0000.382,0006
 
000370207,000000000,000000000,0102.564,0004.587,0000.366,0172
 
000370227,000000000,000000000,0102.069,0004.505,0000.357,0167
 
000370247,000000000,000000000,0101.533,0004.464,0000.386,0006
 
000370267,000000000,000000000,0101.036,0004.460,0000.356,0176
 
000370287,000000000,000000000,0100.490,0004.504,0000.362,0178
 
000370307,000000000,000000000,0099.991,0004.555,0000.378,0006
 
000370327,000000000,000000000,0099.486,0004.474,0000.421,0167
 
000370347,000000000,000000000,0098.970,0004.513,0000.405,0166
 
000370367,000000000,000000000,0098.540,0004.370,0000.396,0006
 
000370387,000000000,000000000,0098.079,0004.363,0000.384,0179
 
000370407,000000000,000000000,0097.673,0004.406,0000.384,0178
 
000370427,000000000,000000000,0097.305,0004.298,0000.390,0006
 
000370447,000000000,000000000,0096.922,0004.308,0000.418,0179
 
000370467,000000000,000000000,0096.565,0004.306,0000.422,0179
 
000370487,000000000,000000000,0096.271,0004.233,0000.426,0006
 
000370507,000000000,000000000,0096.024,0004.193,0000.439,0179
 
000370527,000000000,000000000,0095.749,0004.195,0000.464,0179
 
000370547,000000000,000000000,0095.472,0004.237,0000.453,0166
 
000370567,000000000,000000000,0095.198,0004.254,0000.439,0169
 
000370587,000000000,000000000,0094.955,0004.216,0000.466,0166
 
000370607,000000000,000000000,0094.727,0004.199,0000.494,0166
 
000370627,000000000,000000000,0094.506,0004.202,0000.479,0169
 
000370647,000000000,000000000,0094.286,0004.230,0000.465,0167
 
000370667,000000000,000000000,0094.059,0004.223,0000.472,0167
 
000370687,000000000,000000000,0093.813,0004.241,0000.476,0177
 
000370707,000000000,000000000,0093.606,0004.246,0000.484,0167
 
000370727,000000000,000000000,0093.418,0004.267,0000.512,0173
 
000370747,000000000,000000000,0093.268,0004.223,0000.502,0177
 
000370767,000000000,000000000,0093.173,0004.201,0000.512,0167
 
000370787,000000000,000000000,0093.082,0004.164,0000.504,0173
 
000370807,000000000,000000000,0093.043,0004.172,0000.536,0179
 
000370827,000000000,000000000,0092.998,0004.156,0000.547,0167
 
000370847,000000000,000000000,0092.976,0004.188,0000.577,0006
 
000370867,000000000,000000000,0092.945,0004.168,0000.607,0179
 
000370887,000000000,000000000,0092.931,0004.148,0000.634,0167
 
000370907,000000000,000000000,0092.923,0004.137,0000.639,0173
 
000370927,000000000,000000000,0092.911,0004.162,0000.664,0173
 
000370947,000000000,000000000,0092.900,0004.167,0000.647,0171
 
000370967,000000000,000000000,0092.871,0004.192,0000.692,0006
 
000370987,000000000,000000000,0092.854,0004.191,0000.751,0173
 
000371007,000000000,000000000,0092.830,0004.194,0000.746,0006
 
000371027,000000000,000000000,0092.802,0004.239,0000.741,0006
 
000371047,000000000,000000000,0092.784,0004.237,0000.736,0176
 
000371067,000000000,000000000,0092.767,0004.255,0000.750,0178
 
000371087,000000000,000000000,0092.755,0004.271,0000.764,0006
 
000371107,000000000,000000000,0092.737,0004.267,0000.755,0176
 
000371127,000000000,000000000,0092.724,0004.284,0000.769,0166
 
000371147,000000000,000000000,0092.711,0004.281,0000.761,0006
 
000371167,000000000,000000000,0092.692,0004.303,0000.773,0179
 
000371187,000000000,000000000,0092.681,0004.295,0000.788,0166
 
000371207,000000000,000000000,0092.669,0004.291,0000.799,0006
 
000371227,000000000,000000000,0092.635,0004.287,0000.790,0006
 
000371247,000000000,000000000,0092.623,0004.301,0000.781,0006
 
000371267,000000000,000000000,0092.615,0004.315,0000.812,0006
 
000371287,000000000,000000000,0092.575,0004.291,0000.822,0179
 
000371307,000000000,000000000,0092.542,0004.307,0000.809,0166
 
000371327,000000000,000000000,0092.536,0004.280,0000.841,0166
 
000371347,000000000,000000000,0092.514,0004.297,0000.826,0169
 
000371367,000000000,000000000,0092.502,0004.290,0000.813,0167
 
000371387,000000000,000000000,0092.483,0004.325,0000.799,0166
 
000371407,000000000,000000000,0092.477,0004.315,0000.810,0172
 
000371427,000000000,000000000,0092.466,0004.309,0000.800,0167
 
000371447,000000000,000000000,0092.448,0004.279,0000.811,0166
 
000371467,000000000,000000000,0092.447,0004.274,0000.821,0177
 
000371487,000000000,000000000,0092.429,0004.271,0000.788,0167
 
000371507,000000000,000000000,0092.395,0004.289,0000.759,0173
 
000371527,000000000,000000000,0092.373,0004.266,0000.755,0177
 
000371547,000000000,000000000,0092.359,0004.259,0000.771,0167
 
000371567,000000000,000000000,0092.355,0004.279,0000.762,0006
 
000371587,000000000,000000000,0092.341,0004.317,0000.755,0179
 
000371607,000000000,000000000,0092.333,0004.330,0000.747,0179
 
000371627,000000000,000000000,0092.327,0004.323,0000.742,0173
 
000371647,000000000,000000000,0092.302,0004.335,0000.735,0172
 
000371667,000000000,000000000,0092.291,0004.324,0000.731,0167
 
000371687,000000000,000000000,0092.270,0004.337,0000.727,0006
 
000371707,000000000,000000000,0092.237,0004.348,0000.723,0173
 
000371727,000000000,000000000,0092.217,0004.356,0000.719,0167
 
000371747,000000000,000000000,0092.212,0004.326,0000.696,0006
 
000371767,000000000,000000000,0092.209,0004.342,0000.694,0176
 
000371787,000000000,000000000,0092.203,0004.333,0000.713,0178
 
000371807,000000000,000000000,0092.195,0004.323,0000.728,0006
 
000371827,000000000,000000000,0092.187,0004.313,0000.745,0176
 
000371847,000000000,000000000,0092.172,0004.308,0000.738,0171
 
000371867,000000000,000000000,0092.166,0004.323,0000.733,0006
 
000371887,000000000,000000000,0092.155,0004.337,0000.727,0179
 
000371907,000000000,000000000,0092.149,0004.327,0000.721,0166
 
000371927,000000000,000000000,0092.154,0004.301,0000.718,0006
 
000371947,000000000,000000000,0092.137,0004.338,0000.715,0179
 
000371967,000000000,000000000,0092.138,0004.331,0000.712,0166
 
000371987,000000000,000000000,0092.127,0004.342,0000.709,0166
 
000372007,000000000,000000000,0092.121,0004.349,0000.726,0169
 
000372027,000000000,000000000,0092.126,0004.340,0000.741,0166
 
000372047,000000000,000000000,0092.124,0004.353,0000.735,0166
 
000372067,000000000,000000000,0092.125,0004.364,0000.707,0169
 
000372087,000000000,000000000,0092.112,0004.372,0000.703,0167
 
000372107,000000000,000000000,0092.117,0004.381,0000.721,0166
 
000372127,000000000,000000000,0092.111,0004.346,0000.738,0169
 
000372147,000000000,000000000,0092.086,0004.318,0000.732,0167
 
000372167,000000000,000000000,0092.086,0004.311,0000.725,0166
 
000372187,000000000,000000000,0092.080,0004.324,0000.721,0177
 
000372207,000000000,000000000,0092.056,0004.269,0000.737,0167
 
000372227,000000000,000000000,0092.048,0004.287,0000.731,0173
 
000372247,000000000,000000000,0092.064,0004.306,0000.725,0177
 
000372267,000000000,000000000,0092.060,0004.339,0000.700,0167
 
000372287,000000000,000000000,0092.063,0004.348,0000.717,0173
 
000372307,000000000,000000000,0092.058,0004.357,0000.754,0179
 
000372327,000000000,000000000,0092.051,0004.346,0000.747,0167
 
000372347,000000000,000000000,0092.051,0004.358,0000.719,0006
 
000372367,000000000,000000000,0092.034,0004.367,0000.713,0166
 
000372387,000000000,000000000,0092.018,0004.380,0000.710,0171
 
000372407,000000000,000000000,0092.014,0004.408,0000.748,0006
 
000372427,000000000,000000000,0092.021,0004.419,0000.764,0173
 
000372447,000000000,000000000,0091.997,0004.404,0000.756,0171
 
000372467,000000000,000000000,0091.999,0004.410,0000.748,0006
 
000372487,000000000,000000000,0091.990,0004.350,0000.718,0166
 
000372507,000000000,000000000,0091.967,0004.292,0000.735,0006
 
000372527,000000000,000000000,0091.964,0004.287,0000.728,0006
 
000372547,000000000,000000000,0091.971,0004.366,0000.742,0176
 
000372567,000000000,000000000,0091.965,0004.353,0000.756,0178
 
000372587,000000000,000000000,0091.950,0004.338,0000.748,0006
 
000372607,000000000,000000000,0091.938,0004.350,0000.761,0179
 
000372627,000000000,000000000,0091.958,0004.359,0000.771,0179
 
000372647,000000000,000000000,0091.943,0004.366,0000.761,0006
 
000372667,000000000,000000000,0091.934,0004.331,0000.730,0179
 
000372687,000000000,000000000,0091.922,0004.305,0000.745,0166
 
000372707,000000000,000000000,0091.926,0004.319,0000.758,0006
 
000372727,000000000,000000000,0091.921,0004.328,0000.751,0179
 
000372747,000000000,000000000,0091.915,0004.343,0000.743,0167
 
000372767,000000000,000000000,0091.912,0004.333,0000.736,0166
 
000372787,000000000,000000000,0091.913,0004.323,0000.772,0169
 
000372807,000000000,000000000,0091.902,0004.339,0000.783,0167
 
000372827,000000000,000000000,0091.904,0004.349,0000.773,0166
 
000372847,000000000,000000000,0091.887,0004.318,0000.784,0169
 
000372867,000000000,000000000,0091.890,0004.330,0000.795,0166
 
000372887,000000000,000000000,0091.890,0004.342,0000.785,0167
 
000372907,000000000,000000000,0091.886,0004.354,0000.755,0169
 
000372927,000000000,000000000,0091.891,0004.320,0000.748,0167
 
000372947,000000000,000000000,0091.887,0004.312,0000.760,0166
 
000372967,000000000,000000000,0091.892,0004.304,0000.774,0177
 
000372987,000000000,000000000,0091.883,0004.321,0000.785,0167
 
000373007,000000000,000000000,0091.871,0004.312,0000.775,0179
 
000373027,000000000,000000000,0091.867,0004.285,0000.764,0179
 
000373047,000000000,000000000,0091.857,0004.298,0000.755,0167
 
000373067,000000000,000000000,0091.858,0004.291,0000.768,0173
 
000373087,000000000,000000000,0091.849,0004.285,0000.757,0177
 
000373107,000000000,000000000,0091.845,0004.302,0000.750,0167
 
000373127,000000000,000000000,0091.858,0004.295,0000.742,0006
 
000373147,000000000,000000000,0091.837,0004.267,0000.757,0173
 
000373167,000000000,000000000,0091.812,0004.326,0000.770,0171
 
000373187,000000000,000000000,0091.806,0004.337,0000.760,0006
 
000373207,000000000,000000000,0091.807,0004.328,0000.753,0173
 
000373227,000000000,000000000,0091.804,0004.322,0000.745,0178
 
000373247,000000000,000000000,0091.795,0004.335,0000.738,0006
 
000373267,000000000,000000000,0091.787,0004.370,0000.733,0169
 
000373287,000000000,000000000,0091.788,0004.380,0000.727,0178
 
000373307,000000000,000000000,0091.785,0004.388,0000.698,0006
 
000373327,000000000,000000000,0091.790,0004.396,0000.675,0179
 
000373347,000000000,000000000,0091.795,0004.404,0000.695,0178
 
000373367,000000000,000000000,0091.780,0004.409,0000.712,0006
 
000373387,000000000,000000000,0091.788,0004.392,0000.707,0179
 
000373407,000000000,000000000,0091.787,0004.381,0000.703,0166
 
000373427,000000000,000000000,0091.774,0004.368,0000.718,0006
 
000373447,000000000,000000000,0091.781,0004.378,0000.711,0179
 
000373467,000000000,000000000,0091.778,0004.407,0000.706,0167
 
000373487,000000000,000000000,0091.777,0004.413,0000.723,0166
 
000373507,000000000,000000000,0091.779,0004.396,0000.718,0169
 
000373527,000000000,000000000,0091.768,0004.406,0000.713,0166
 
000373547,000000000,000000000,0091.784,0004.412,0000.706,0166
 
000373567,000000000,000000000,0091.766,0004.414,0000.700,0169
 
000373587,000000000,000000000,0091.774,0004.375,0000.696,0167
 
000373607,000000000,000000000,0091.768,0004.340,0000.691,0166
 
000373627,000000000,000000000,0091.760,0004.328,0000.687,0174
 
000373647,000000000,000000000,0091.754,0004.319,0000.725,0167
 
000373667,000000000,000000000,0091.755,0004.309,0000.720,0167
 
000373687,000000000,000000000,0091.759,0004.326,0000.715,0177
 
000373707,000000000,000000000,0091.757,0004.293,0000.688,0167
 
000373727,000000000,000000000,0091.766,0004.264,0000.685,0173
 
000373747,000000000,000000000,0091.771,0004.285,0000.624,0179
 
000373767,000000000,000000000,0091.756,0004.301,0000.668,0167
 
000373787,000000000,000000000,0091.741,0004.336,0000.688,0006
 
000373807,000000000,000000000,0091.752,0004.327,0000.685,0179
 
000373827,000000000,000000000,0091.754,0004.317,0000.681,0167
 
000373847,000000000,000000000,0091.769,0004.326,0000.676,0006
 
000373867,000000000,000000000,0091.764,0004.318,0000.715,0173
 
000373887,000000000,000000000,0091.773,0004.312,0000.711,0006
 
000373907,000000000,000000000,0091.781,0004.327,0000.709,0006
 
000373927,000000000,000000000,0091.790,0004.317,0000.724,0173
 
000373947,000000000,000000000,0091.792,0004.308,0000.740,0171
 
000373967,000000000,000000000,0091.800,0004.280,0000.732,0007
 
000373987,000000000,000000000,0091.801,0004.314,0000.767,0176
 
000374007,000000000,000000000,0091.815,0004.260,0000.777,0178
 
000374027,000000000,000000000,0091.812,0004.256,0000.766,0006
 
000374047,000000000,000000000,0091.811,0004.292,0000.755,0179
 
000374067,000000000,000000000,0091.810,0004.329,0000.767,0178
 
000374087,000000000,000000000,0091.806,0004.338,0000.737,0006
 
000374107,000000000,000000000,0091.787,0004.325,0000.729,0179
 
000374127,000000000,000000000,0091.795,0004.319,0000.722,0167
 
000374147,000000000,000000000,0091.791,0004.289,0000.696,0166
 
000374167,000000000,000000000,0091.794,0004.303,0000.692,0169
 
000374187,000000000,000000000,0091.797,0004.296,0000.688,0166
 
000374207,000000000,000000000,0091.802,0004.271,0000.705,0166
 
000374227,000000000,000000000,0091.796,0004.241,0000.741,0169
 
000374247,000000000,000000000,0091.808,0004.283,0000.755,0166
 
000374267,000000000,000000000,0091.793,0004.282,0000.747,0166
 
000374287,000000000,000000000,0091.794,0004.298,0000.739,0169
 
000374307,000000000,000000000,0091.801,0004.311,0000.709,0166
 
000374327,000000000,000000000,0091.799,0004.326,0000.704,0167
 
000374347,000000000,000000000,0091.795,0004.315,0000.698,0169
 
000374367,000000000,000000000,0091.795,0004.329,0000.673,0167
 
000374387,000000000,000000000,0091.793,0004.343,0000.669,0167
 
