000095914,000000000,000000000,0120.817,0001.401,-001.067,0173
 
000095934,000000000,000000000,0120.822,0001.377,-001.062,0166
 
000095954,000000000,000000000,0120.831,0001.377,-001.076,0007
 
000095974,000000000,000000000,0120.840,0001.400,-001.070,0173
 
000095994,000000000,000000000,0120.842,0001.399,-001.064,0178
 
000096014,000000000,000000000,0120.841,0001.420,-001.058,0006
 
000096034,000000000,000000000,0120.832,0001.442,-001.010,0007
 
000096054,000000000,000000000,0120.839,0001.437,-001.012,0007
 
000096074,000000000,000000000,0120.842,0001.499,-000.987,0007
 
000096094,000000000,000000000,0120.846,0001.489,-000.990,0006
 
000096114,000000000,000000000,0120.853,0001.479,-000.992,0007
 
000096134,000000000,000000000,0120.850,0001.472,-000.990,0006
 
000096154,000000000,000000000,0120.861,0001.441,-000.970,0179
 
000096174,000000000,000000000,0120.862,0001.435,-000.998,0166
 
000096194,000000000,000000000,0120.863,0001.453,-000.998,0167
 
000096214,000000000,000000000,0120.852,0001.448,-001.001,0169
 
000096234,000000000,000000000,0120.844,0001.420,-001.024,0166
 
000096254,000000000,000000000,0120.846,0001.395,-001.041,0166
 
000096274,000000000,000000000,0120.851,0001.393,-001.040,0169
 
000096294,000000000,000000000,0120.852,0001.416,-001.036,0167
 
000096314,000000000,000000000,0120.839,0001.413,-001.033,0166
 
000096334,000000000,000000000,0120.851,0001.387,-001.010,0169
 
000096354,000000000,000000000,0120.858,0001.341,-000.988,0168
 
000096374,000000000,000000000,0120.852,0001.346,-000.989,0166
 
000096394,000000000,000000000,0120.855,0001.351,-001.016,0169
 
000096414,000000000,000000000,0120.855,0001.353,-001.013,0167
 
000096434,000000000,000000000,0120.858,0001.377,-001.013,0166
 
000096454,000000000,000000000,0120.850,0001.399,-000.969,0174
 
000096474,000000000,000000000,0120.859,0001.396,-000.926,0167
 
000096494,000000000,000000000,0120.840,0001.419,-000.933,0179
 
000096514,000000000,000000000,0120.836,0001.437,-000.920,0169
 
000096534,000000000,000000000,0120.833,0001.409,-000.928,0167
 
000096554,000000000,000000000,0120.829,0001.409,-000.937,0007
 
000096574,000000000,000000000,0120.822,0001.429,-000.968,0007
 
000096594,000000000,000000000,0120.828,0001.426,-000.992,0171
 
000096614,000000000,000000000,0120.824,0001.444,-000.973,0007
 
000096634,000000000,000000000,0120.822,0001.462,-000.977,0173
 
000096654,000000000,000000000,0120.826,0001.432,-000.936,0173
 
000096674,000000000,000000000,0120.815,0001.405,-000.900,0007
 
000096694,000000000,000000000,0120.812,0001.358,-000.911,0173
 
000096714,000000000,000000000,0120.812,0001.359,-000.918,0167
 
000096734,000000000,000000000,0120.820,0001.361,-000.906,0179
 
000096754,000000000,000000000,0120.811,0001.362,-000.869,0007
 
000096774,000000000,000000000,0120.815,0001.364,-000.904,0179
 
000096794,000000000,000000000,0120.818,0001.367,-000.938,0007
 
000096814,000000000,000000000,0120.819,0001.389,-000.922,0179
 
000096834,000000000,000000000,0120.805,0001.413,-000.930,0179
 
000096854,000000000,000000000,0120.795,0001.411,-000.918,0006
 
000096874,000000000,000000000,0120.784,0001.384,-000.881,0179
 
000096894,000000000,000000000,0120.770,0001.388,-000.874,0166
 
000096914,000000000,000000000,0120.767,0001.365,-000.866,0166
 
000096934,000000000,000000000,0120.765,0001.370,-000.879,0167
 
000096954,000000000,000000000,0120.764,0001.349,-000.891,0167
 
000096974,000000000,000000000,0120.768,0001.329,-000.923,0166
 
000096994,000000000,000000000,0120.771,0001.357,-000.929,0169
 
000097014,000000000,000000000,0120.768,0001.337,-000.893,0167
 
000097034,000000000,000000000,0120.761,0001.366,-000.882,0166
 
000097054,000000000,000000000,0120.770,0001.347,-000.915,0169
 
000097074,000000000,000000000,0120.770,0001.329,-000.880,0166
 
000097094,000000000,000000000,0120.772,0001.314,-000.891,0166
 
000097114,000000000,000000000,0120.773,0001.342,-000.880,0169
 
000097134,000000000,000000000,0120.770,0001.323,-000.892,0167
 
000097154,000000000,000000000,0120.760,0001.350,-000.880,0173
 
000097174,000000000,000000000,0120.765,0001.376,-000.890,0174
 
000097194,000000000,000000000,0120.764,0001.356,-000.880,0167
 
000097214,000000000,000000000,0120.763,0001.314,-000.889,0179
 
000097234,000000000,000000000,0120.769,0001.297,-000.898,0179
 
000097254,000000000,000000000,0120.772,0001.328,-000.911,0167
 
000097274,000000000,000000000,0120.777,0001.332,-000.940,0179
 
000097294,000000000,000000000,0120.786,0001.314,-000.947,0179
 
000097314,000000000,000000000,0120.783,0001.320,-000.953,0167
 
000097334,000000000,000000000,0120.778,0001.327,-000.936,0180
 
000097354,000000000,000000000,0120.785,0001.307,-000.941,0179
 
000097374,000000000,000000000,0120.777,0001.316,-000.950,0171
 
000097394,000000000,000000000,0120.775,0001.322,-000.953,0007
 
000097414,000000000,000000000,0120.787,0001.328,-000.938,0173
 
000097434,000000000,000000000,0120.800,0001.355,-000.942,0167
 
000097454,000000000,000000000,0120.798,0001.401,-000.947,0179
 
000097474,000000000,000000000,0120.804,0001.422,-000.953,0179
 
000097494,000000000,000000000,0120.803,0001.440,-000.959,0007
 
000097514,000000000,000000000,0120.805,0001.435,-000.941,0007
 
000097534,000000000,000000000,0120.806,0001.453,-000.904,0007
 
000097554,000000000,000000000,0120.804,0001.471,-000.912,0007
 
000097574,000000000,000000000,0120.801,0001.486,-000.900,0007
 
000097594,000000000,000000000,0120.797,0001.476,-000.911,0179
 
000097614,000000000,000000000,0120.797,0001.468,-000.898,0167
 
000097634,000000000,000000000,0120.800,0001.483,-000.887,0166
 
000097654,000000000,000000000,0120.784,0001.496,-000.901,0169
 
000097674,000000000,000000000,0120.771,0001.484,-000.911,0167
 
000097694,000000000,000000000,0120.770,0001.497,-000.922,0166
 
000097714,000000000,000000000,0120.776,0001.486,-000.953,0169
 
000097734,000000000,000000000,0120.776,0001.453,-000.980,0166
 
000097754,000000000,000000000,0120.770,0001.471,-000.984,0166
 
000097774,000000000,000000000,0120.771,0001.487,-001.009,0167
 
000097794,000000000,000000000,0120.772,0001.479,-001.008,0166
 
000097814,000000000,000000000,0120.773,0001.467,-000.985,0166
 
000097834,000000000,000000000,0120.784,0001.458,-001.011,0169
 
000097854,000000000,000000000,0120.780,0001.473,-000.988,0167
 
000097874,000000000,000000000,0120.788,0001.463,-000.990,0166
 
000097894,000000000,000000000,0120.792,0001.479,-000.992,0175
 
000097914,000000000,000000000,0120.788,0001.468,-000.971,0167
 
000097934,000000000,000000000,0120.788,0001.460,-000.974,0166
 
000097954,000000000,000000000,0120.801,0001.477,-000.977,0169
 
000097974,000000000,000000000,0120.802,0001.512,-000.959,0167
 
000097994,000000000,000000000,0120.809,0001.521,-000.964,0179
 
000098014,000000000,000000000,0120.805,0001.532,-000.968,0174
 
000098034,000000000,000000000,0120.815,0001.517,-000.950,0167
 
000098054,000000000,000000000,0120.809,0001.504,-000.913,0179
 
000098074,000000000,000000000,0120.805,0001.493,-000.922,0174
 
000098094,000000000,000000000,0120.788,0001.482,-000.932,0173
 
000098114,000000000,000000000,0120.780,0001.475,-000.940,0007
 
000098134,000000000,000000000,0120.787,0001.465,-000.925,0168
 
000098154,000000000,000000000,0120.793,0001.435,-000.934,0171
 
000098174,000000000,000000000,0120.792,0001.409,-000.942,0007
 
000098194,000000000,000000000,0120.782,0001.406,-000.925,0173
 
000098214,000000000,000000000,0120.785,0001.382,-000.913,0178
 
000098234,000000000,000000000,0120.774,0001.359,-000.921,0007
 
000098254,000000000,000000000,0120.768,0001.363,-000.931,0007
 
000098274,000000000,000000000,0120.769,0001.365,-000.937,0179
 
000098294,000000000,000000000,0120.772,0001.389,-000.943,0007
 
000098314,000000000,000000000,0120.771,0001.389,-000.929,0007
 
000098334,000000000,000000000,0120.787,0001.389,-000.893,0007
 
000098354,000000000,000000000,0120.780,0001.413,-000.902,0007
 
000098374,000000000,000000000,0120.772,0001.387,-000.913,0179
 
000098394,000000000,000000000,0120.766,0001.387,-000.921,0166
 
000098414,000000000,000000000,0120.774,0001.365,-000.928,0166
 
000098434,000000000,000000000,0120.776,0001.366,-000.936,0169
 
000098454,000000000,000000000,0120.780,0001.414,-000.944,0167
 
000098474,000000000,000000000,0120.780,0001.414,-000.928,0167
 
000098494,000000000,000000000,0120.784,0001.388,-000.936,0169
 
000098514,000000000,000000000,0120.793,0001.389,-000.966,0167
 
000098534,000000000,000000000,0120.795,0001.455,-000.969,0166
 
000098554,000000000,000000000,0120.795,0001.427,-000.994,0169
 
000098574,000000000,000000000,0120.788,0001.423,-000.997,0167
 
000098594,000000000,000000000,0120.802,0001.418,-000.976,0166
 
000098614,000000000,000000000,0120.810,0001.392,-000.935,0169
 
000098634,000000000,000000000,0120.807,0001.412,-000.945,0167
 
000098654,000000000,000000000,0120.803,0001.412,-000.950,0167
 
000098674,000000000,000000000,0120.804,0001.407,-000.956,0177
 
000098694,000000000,000000000,0120.808,0001.380,-000.981,0167
 
000098714,000000000,000000000,0120.807,0001.382,-000.983,0179
 
000098734,000000000,000000000,0120.797,0001.382,-000.986,0174
 
000098754,000000000,000000000,0120.794,0001.404,-000.988,0167
 
000098774,000000000,000000000,0120.789,0001.403,-001.011,0007
 
000098794,000000000,000000000,0120.797,0001.380,-001.011,0007
 
000098814,000000000,000000000,0120.803,0001.359,-001.011,0167
 
000098834,000000000,000000000,0120.816,0001.383,-001.012,0007
 
000098854,000000000,000000000,0120.828,0001.360,-001.012,0173
 
000098874,000000000,000000000,0120.836,0001.339,-001.011,0173
 
000098894,000000000,000000000,0120.828,0001.345,-001.036,0180
 
000098914,000000000,000000000,0120.831,0001.325,-001.035,0173
 
000098934,000000000,000000000,0120.829,0001.329,-000.987,0007
 
000098954,000000000,000000000,0120.831,0001.334,-000.990,0007
 
000098974,000000000,000000000,0120.836,0001.339,-000.947,0007
 
000098994,000000000,000000000,0120.843,0001.320,-000.954,0178
 
000099014,000000000,000000000,0120.837,0001.371,-000.961,0007
 
000099034,000000000,000000000,0120.834,0001.371,-000.965,0007
 
000099054,000000000,000000000,0120.846,0001.349,-000.947,0178
 
000099074,000000000,000000000,0120.844,0001.354,-000.955,0006
 
000099094,000000000,000000000,0120.852,0001.358,-000.982,0179
 
000099114,000000000,000000000,0120.855,0001.340,-000.985,0166
 
000099134,000000000,000000000,0120.855,0001.366,-001.010,0006
 
000099154,000000000,000000000,0120.855,0001.368,-001.031,0179
 
000099174,000000000,000000000,0120.859,0001.349,-001.028,0167
 
000099194,000000000,000000000,0120.858,0001.375,-001.027,0166
 
000099214,000000000,000000000,0120.858,0001.397,-001.047,0169
 
000099234,000000000,000000000,0120.868,0001.418,-001.021,0166
 
000099254,000000000,000000000,0120.872,0001.414,-001.043,0166
 
000099274,000000000,000000000,0120.879,0001.410,-001.037,0167
 
000099294,000000000,000000000,0120.876,0001.430,-001.036,0167
 
000099314,000000000,000000000,0120.891,0001.445,-001.013,0166
 
000099334,000000000,000000000,0120.893,0001.462,-001.033,0169
 
000099354,000000000,000000000,0120.895,0001.455,-001.007,0167
 
000099374,000000000,000000000,0120.898,0001.425,-001.032,0166
 
000099394,000000000,000000000,0120.905,0001.422,-001.008,0177
 
000099414,000000000,000000000,0120.909,0001.417,-000.986,0167
 
000099434,000000000,000000000,0120.916,0001.412,-001.014,0166
 
000099454,000000000,000000000,0120.912,0001.389,-001.012,0174
 
000099474,000000000,000000000,0120.904,0001.390,-001.011,0167
 
000099494,000000000,000000000,0120.908,0001.367,-000.965,0180
 
000099514,000000000,000000000,0120.910,0001.346,-000.924,0177
 
000099534,000000000,000000000,0120.911,0001.350,-000.934,0167
 
000099554,000000000,000000000,0120.910,0001.352,-000.940,0173
 
000099574,000000000,000000000,0120.905,0001.352,-000.945,0179
 
000099594,000000000,000000000,0120.914,0001.332,-000.950,0167
 
000099614,000000000,000000000,0120.909,0001.336,-000.953,0007
 
000099634,000000000,000000000,0120.920,0001.339,-000.957,0179
 
000099654,000000000,000000000,0120.916,0001.343,-000.943,0007
 
000099674,000000000,000000000,0120.933,0001.346,-000.947,0007
 
000099694,000000000,000000000,0120.926,0001.330,-000.934,0173
 
000099714,000000000,000000000,0120.928,0001.334,-000.898,0167
 
000099734,000000000,000000000,0120.922,0001.315,-000.907,0007
 
000099754,000000000,000000000,0120.931,0001.280,-000.941,0173
 
000099774,000000000,000000000,0120.928,0001.267,-000.946,0166
 
000099794,000000000,000000000,0120.932,0001.299,-000.972,0007
 
000099814,000000000,000000000,0120.928,0001.331,-000.954,0007
 
000099834,000000000,000000000,0120.928,0001.312,-000.935,0178
 
000099854,000000000,000000000,0120.926,0001.321,-000.943,0007
 
000099874,000000000,000000000,0120.934,0001.350,-000.951,0179
 
000099894,000000000,000000000,0120.935,0001.330,-000.956,0167
 
000099914,000000000,000000000,0120.937,0001.336,-000.959,0006
 
000099934,000000000,000000000,0120.927,0001.365,-000.963,0007
 
000099954,000000000,000000000,0120.931,0001.364,-000.901,0006
 
000099974,000000000,000000000,0120.939,0001.367,-000.934,0006
 
000099994,000000000,000000000,0120.936,0001.391,-000.942,0007
 
000100014,000000000,000000000,0120.928,0001.367,-000.948,0167
 
000100034,000000000,000000000,0120.926,0001.347,-000.931,0166
 
000100054,000000000,000000000,0120.932,0001.350,-000.917,0169
 
000100074,000000000,000000000,0120.949,0001.397,-000.947,0167
 
000100094,000000000,000000000,0120.945,0001.394,-000.974,0166
 
000100114,000000000,000000000,0120.945,0001.394,-000.979,0169
 
000100134,000000000,000000000,0120.943,0001.396,-000.980,0167
 
000100154,000000000,000000000,0120.928,0001.418,-000.939,0166
 
000100174,000000000,000000000,0120.927,0001.393,-000.947,0179
 
000100194,000000000,000000000,0120.927,0001.393,-000.929,0167
 
000100214,000000000,000000000,0120.921,0001.392,-000.916,0166
 
000100234,000000000,000000000,0120.914,0001.391,-000.926,0179
 
000100254,000000000,000000000,0120.923,0001.391,-000.933,0167
 
000100274,000000000,000000000,0120.920,0001.390,-000.919,0007
 
000100294,000000000,000000000,0120.924,0001.366,-000.949,0174
 
000100314,000000000,000000000,0120.926,0001.390,-000.975,0167
 
000100334,000000000,000000000,0120.919,0001.413,-000.982,0006
 
000100354,000000000,000000000,0120.924,0001.410,-000.985,0179
 
000100374,000000000,000000000,0120.933,0001.432,-000.963,0167
 
000100394,000000000,000000000,0120.926,0001.450,-000.948,0007
 
000100414,000000000,000000000,0120.932,0001.465,-000.953,0179
 
000100434,000000000,000000000,0120.920,0001.458,-000.960,0167
 
000100454,000000000,000000000,0120.924,0001.407,-000.966,0007
 
000100474,000000000,000000000,0120.923,0001.403,-000.969,0173
 
000100494,000000000,000000000,0120.920,0001.402,-000.972,0166
 
000100514,000000000,000000000,0120.922,0001.399,-000.978,0007
 
000100534,000000000,000000000,0120.910,0001.372,-000.955,0179
 
000100554,000000000,000000000,0120.919,0001.396,-000.961,0166
 
000100574,000000000,000000000,0120.912,0001.417,-000.942,0007
 
000100594,000000000,000000000,0120.915,0001.391,-000.926,0007
 
000100614,000000000,000000000,0120.906,0001.391,-000.914,0179
 
000100634,000000000,000000000,0120.902,0001.411,-000.925,0007
 
000100654,000000000,000000000,0120.896,0001.407,-000.910,0169
 
000100674,000000000,000000000,0120.901,0001.381,-000.921,0167
 
000100694,000000000,000000000,0120.899,0001.378,-000.930,0167
 
000100714,000000000,000000000,0120.892,0001.379,-000.935,0168
 
000100734,000000000,000000000,0120.896,0001.378,-000.923,0166
 
000100754,000000000,000000000,0120.891,0001.400,-000.929,0166
 
000100774,000000000,000000000,0120.891,0001.399,-000.959,0169
 
000100794,000000000,000000000,0120.903,0001.348,-000.964,0167
 
000100814,000000000,000000000,0120.892,0001.327,-000.968,0166
 
000100834,000000000,000000000,0120.898,0001.355,-000.949,0169
 
000100854,000000000,000000000,0120.916,0001.333,-000.936,0167
 
000100874,000000000,000000000,0120.916,0001.316,-000.963,0166
 
000100894,000000000,000000000,0120.926,0001.299,-000.970,0167
 
000100914,000000000,000000000,0120.926,0001.286,-000.953,0167
 
000100934,000000000,000000000,0120.924,0001.275,-000.936,0166
 
000100954,000000000,000000000,0120.929,0001.262,-000.942,0169
 
000100974,000000000,000000000,0120.925,0001.273,-000.950,0167
 
000100994,000000000,000000000,0120.938,0001.306,-000.952,0007
 
000101014,000000000,000000000,0120.933,0001.336,-000.938,0175
 
000101035,000000000,000000000,0120.938,0001.340,-000.944,0007
 
000101055,000000000,000000000,0120.948,0001.347,-000.972,1023
 
000101075,000000000,000000000,0120.945,0001.306,-001.022,1023
 
000101095,000000000,000000000,0120.948,0001.315,-001.042,1023
 
000101115,000000000,000000000,0120.958,0001.312,-001.034,1023
 
000101135,000000000,000000000,0120.960,0001.344,-001.009,1023
 
000101155,000000000,000000000,0120.955,0001.351,-000.944,1023
 
000101175,000000000,000000000,0120.940,0001.372,-000.969,1023
 
000101194,000000000,000000000,0120.896,0001.360,-000.999,0169
 
000101214,000000000,000000000,0120.778,0001.403,-001.004,0007
 
000101234,000000000,000000000,0120.701,0001.490,-000.985,0007
 
000101254,000000000,000000000,0120.454,0001.407,-000.977,0173
 
000101274,000000000,000000000,0120.101,0001.624,-000.969,0166
 
000101294,000000000,000000000,0119.534,0001.876,-000.978,0006
 
000101314,000000000,000000000,0118.899,0002.025,-000.994,0173
 
000101334,000000000,000000000,0118.213,0002.042,-001.007,0166
 
000101354,000000000,000000000,0117.480,0001.939,-000.993,0006
 
000101374,000000000,000000000,0116.818,0002.044,-000.989,0166
 
000101394,000000000,000000000,0116.110,0001.960,-000.981,0166
 
000101414,000000000,000000000,0115.473,0001.949,-000.947,0166
 
000101434,000000000,000000000,0114.891,0001.820,-000.913,0167
 
000101454,000000000,000000000,0114.341,0001.642,-000.912,0167
 
000101474,000000000,000000000,0113.791,0001.597,-000.899,0006
 
000101494,000000000,000000000,0113.244,0001.508,-000.892,0169
 
000101514,000000000,000000000,0112.675,0001.536,-000.908,0167
 
000101534,000000000,000000000,0112.163,0001.396,-000.918,0166
 
000101554,000000000,000000000,0111.609,0001.410,-000.886,0169
 
000101574,000000000,000000000,0111.098,0001.344,-000.896,0167
 
000101594,000000000,000000000,0110.561,0001.391,-000.909,0166
 
000101614,000000000,000000000,0110.037,0001.358,-000.897,0169
 
000101634,000000000,000000000,0109.474,0001.420,-000.884,0167
 
000101654,000000000,000000000,0108.958,0001.384,-000.875,0166
 
000101674,000000000,000000000,0108.426,0001.426,-000.866,0169
 
000101694,000000000,000000000,0107.959,0001.381,-000.855,0167
 
000101714,000000000,000000000,0107.481,0001.368,-000.853,0167
 
000101734,000000000,000000000,0107.018,0001.354,-000.845,0174
 
000101754,000000000,000000000,0106.540,0001.321,-000.837,0167
 
000101774,000000000,000000000,0106.066,0001.380,-000.853,0179
 
000101794,000000000,000000000,0105.627,0001.332,-000.893,0174
 
000101814,000000000,000000000,0105.210,0001.348,-000.904,0167
 
000101834,000000000,000000000,0104.867,0001.252,-000.914,0179
 
000101854,000000000,000000000,0104.539,0001.218,-000.943,0179
 
000101874,000000000,000000000,0104.297,0001.176,-000.924,0171
 
000101894,000000000,000000000,0104.094,0001.145,-000.930,0006
 
000101914,000000000,000000000,0103.922,0001.145,-000.959,0173
 
000101934,000000000,000000000,0103.740,0001.133,-000.960,0172
 
000101954,000000000,000000000,0103.588,0001.129,-000.960,0006
 
000101974,000000000,000000000,0103.449,0001.128,-000.963,0169
 
000101994,000000000,000000000,0103.350,0001.167,-000.942,0179
 
000102014,000000000,000000000,0103.280,0001.142,-000.968,0006
 
000102034,000000000,000000000,0103.198,0001.140,-000.970,0007
 
000102054,000000000,000000000,0103.103,0001.205,-000.972,0166
 
000102074,000000000,000000000,0103.019,0001.237,-000.971,0007
 
000102094,000000000,000000000,0102.931,0001.249,-000.951,0169
 
000102114,000000000,000000000,0102.834,0001.279,-000.953,0178
 
000102134,000000000,000000000,0102.739,0001.284,-000.936,0007
 
000102154,000000000,000000000,0102.604,0001.315,-000.942,0179
 
000102174,000000000,000000000,0102.449,0001.395,-000.945,0007
 
000102194,000000000,000000000,0102.285,0001.406,-000.951,0006
 
000102214,000000000,000000000,0102.176,0001.381,-000.936,0169
 
000102234,000000000,000000000,0102.086,0001.375,-000.942,0007
 
000102254,000000000,000000000,0102.017,0001.373,-000.947,0006
 
000102274,000000000,000000000,0101.971,0001.346,-000.926,0006
 
000102294,000000000,000000000,0101.933,0001.322,-000.932,0006
 
000102314,000000000,000000000,0101.919,0001.312,-000.960,0006
 
000102334,000000000,000000000,0101.936,0001.294,-000.982,0006
 
000102354,000000000,000000000,0101.954,0001.299,-000.984,0007
 
000102374,000000000,000000000,0101.982,0001.327,-000.984,0006
 
000102394,000000000,000000000,0102.014,0001.306,-000.960,0006
 
000102414,000000000,000000000,0102.056,0001.312,-000.939,0166
 
000102434,000000000,000000000,0102.085,0001.274,-000.918,0173
 
000102454,000000000,000000000,0102.140,0001.260,-000.924,0174
 
000102474,000000000,000000000,0102.165,0001.177,-000.931,0167
 
000102494,000000000,000000000,0102.183,0001.192,-000.938,0179
 
000102514,000000000,000000000,0102.192,0001.190,-000.920,0177
 
000102534,000000000,000000000,0102.213,0001.182,-000.925,0167
 
000102554,000000000,000000000,0102.227,0001.245,-000.908,0006
 
000102574,000000000,000000000,0102.247,0001.283,-000.871,0166
 
000102594,000000000,000000000,0102.280,0001.289,-000.882,0167
 
000102614,000000000,000000000,0102.281,0001.320,-000.872,0006
 
000102634,000000000,000000000,0102.292,0001.321,-000.860,0167
 
000102654,000000000,000000000,0102.301,0001.325,-000.872,0172
 
000102674,000000000,000000000,0102.309,0001.331,-000.863,0006
 
000102694,000000000,000000000,0102.323,0001.356,-000.875,0167
 
000102714,000000000,000000000,0102.333,0001.423,-000.886,0172
 
000102734,000000000,000000000,0102.319,0001.441,-000.920,0006
 
000102754,000000000,000000000,0102.329,0001.455,-000.904,0169
 
000102774,000000000,000000000,0102.344,0001.445,-000.890,0179
 
000102794,000000000,000000000,0102.361,0001.415,-000.902,0006
 
000102814,000000000,000000000,0102.368,0001.433,-000.933,0006
 
000102834,000000000,000000000,0102.378,0001.449,-000.917,0166
 
000102854,000000000,000000000,0102.380,0001.461,-000.922,0006
 
000102874,000000000,000000000,0102.382,0001.472,-000.907,0179
 
000102894,000000000,000000000,0102.391,0001.441,-000.916,0006
 
000102914,000000000,000000000,0102.406,0001.409,-000.879,0006
 
000102934,000000000,000000000,0102.425,0001.405,-000.889,0169
 
000102954,000000000,000000000,0102.428,0001.403,-000.897,0006
 
000102974,000000000,000000000,0102.432,0001.377,-000.907,0173
 
000102994,000000000,000000000,0102.428,0001.353,-000.914,0179
 
000103014,000000000,000000000,0102.428,0001.377,-000.900,0166
 
000103034,000000000,000000000,0102.435,0001.354,-000.885,0006
 
000103054,000000000,000000000,0102.444,0001.356,-000.895,0006
 
000103074,000000000,000000000,0102.462,0001.334,-000.905,0006
 
000103094,000000000,000000000,0102.468,0001.337,-000.890,0006
 
000103114,000000000,000000000,0102.470,0001.363,-000.876,0006
 
000103134,000000000,000000000,0102.472,0001.363,-000.888,0006
 
000103154,000000000,000000000,0102.480,0001.364,-000.899,0006
 
000103174,000000000,000000000,0102.488,0001.340,-000.886,0006
 
000103194,000000000,000000000,0102.482,0001.343,-000.875,0006
 
000103214,000000000,000000000,0102.486,0001.346,-000.884,0006
 
000103234,000000000,000000000,0102.490,0001.394,-000.871,0166
 
000103254,000000000,000000000,0102.507,0001.393,-000.883,0167
 
000103274,000000000,000000000,0102.521,0001.390,-000.891,0006
 
000103294,000000000,000000000,0102.509,0001.387,-000.900,0167
 
000103314,000000000,000000000,0102.524,0001.408,-000.865,0167
 
000103334,000000000,000000000,0102.530,0001.403,-000.878,0179
 
000103354,000000000,000000000,0102.536,0001.398,-000.889,0179
 
000103374,000000000,000000000,0102.551,0001.416,-000.855,0167
 
000103394,000000000,000000000,0102.555,0001.412,-000.845,0006
 
000103414,000000000,000000000,0102.500,0001.408,-000.859,0167
 
000103434,000000000,000000000,0102.516,0001.427,-000.868,0172
 
000103454,000000000,000000000,0102.512,0001.421,-000.880,0006
 
000103474,000000000,000000000,0102.518,0001.395,-000.869,0169
 
000103494,000000000,000000000,0102.528,0001.416,-000.859,0179
 
000103514,000000000,000000000,0102.531,0001.434,-000.871,0006
 
000103534,000000000,000000000,0102.537,0001.427,-000.881,0173
 
000103554,000000000,000000000,0102.541,0001.421,-000.870,0178
 
000103574,000000000,000000000,0102.536,0001.439,-000.838,0006
 
000103594,000000000,000000000,0102.536,0001.406,-000.830,0167
 
000103614,000000000,000000000,0102.541,0001.380,-000.845,0178
 
000103634,000000000,000000000,0102.548,0001.402,-000.839,0006
 
000103654,000000000,000000000,0102.556,0001.423,-000.832,0179
 
000103674,000000000,000000000,0102.574,0001.440,-000.847,0178
 
000103694,000000000,000000000,0102.578,0001.411,-000.860,0006
 
000103714,000000000,000000000,0102.579,0001.428,-000.827,0172
 
000103734,000000000,000000000,0102.575,0001.445,-000.821,0167
 
000103754,000000000,000000000,0102.570,0001.462,-000.816,0166
 
000103774,000000000,000000000,0102.570,0001.433,-000.835,0006
 
000103794,000000000,000000000,0102.565,0001.429,-000.828,0006
 
000103814,000000000,000000000,0102.570,0001.422,-000.777,0173
 
000103834,000000000,000000000,0102.579,0001.463,-000.773,0006
 
000103854,000000000,000000000,0102.587,0001.456,-000.772,0006
 
000103874,000000000,000000000,0102.587,0001.423,-000.793,0006
 
000103894,000000000,000000000,0102.582,0001.443,-000.834,0006
 
000103914,000000000,000000000,0102.576,0001.459,-000.827,0006
 
000103934,000000000,000000000,0102.574,0001.451,-000.843,0006
 
000103954,000000000,000000000,0102.570,0001.465,-000.835,0006
 
000103974,000000000,000000000,0102.572,0001.523,-000.850,0006
 
000103994,000000000,000000000,0102.561,0001.528,-000.863,0006
 
000104014,000000000,000000000,0102.565,0001.515,-000.854,0006
 
000104034,000000000,000000000,0102.568,0001.523,-000.867,0006
 
000104054,000000000,000000000,0102.562,0001.529,-000.858,0006
 
000104074,000000000,000000000,0102.560,0001.513,-000.895,0167
 
000104094,000000000,000000000,0102.566,0001.476,-000.905,0167
 
000104114,000000000,000000000,0102.578,0001.489,-000.892,0006
 
000104134,000000000,000000000,0102.570,0001.454,-000.904,0167
 
000104154,000000000,000000000,0102.550,0001.446,-000.890,0171
 
000104174,000000000,000000000,0102.551,0001.439,-000.880,0006
 
000104194,000000000,000000000,0102.544,0001.432,-000.848,0167
 
000104214,000000000,000000000,0102.553,0001.403,-000.839,0172
 
000104234,000000000,000000000,0102.543,0001.421,-000.833,0006
 
000104254,000000000,000000000,0102.551,0001.436,-000.873,0169
 
000104274,000000000,000000000,0102.554,0001.430,-000.885,0179
 
000104294,000000000,000000000,0102.559,0001.402,-000.919,0006
 
000104314,000000000,000000000,0102.547,0001.397,-000.927,0179
 
000104334,000000000,000000000,0102.553,0001.393,-000.913,0178
 
000104354,000000000,000000000,0102.558,0001.368,-000.921,0006
 
000104374,000000000,000000000,0102.570,0001.390,-000.905,0169
 
000104394,000000000,000000000,0102.567,0001.387,-000.871,0006
 
000104414,000000000,000000000,0102.574,0001.361,-000.884,0006
 
000104434,000000000,000000000,0102.570,0001.361,-000.894,0169
 
000104454,000000000,000000000,0102.568,0001.405,-000.904,0006
 
000104474,000000000,000000000,0102.566,0001.423,-000.936,0166
 
000104494,000000000,000000000,0102.565,0001.417,-000.943,0167
 
000104514,000000000,000000000,0102.581,0001.412,-000.925,0006
 
000104534,000000000,000000000,0102.587,0001.429,-000.888,0006
 
000104554,000000000,000000000,0102.603,0001.446,-000.899,0006
 
000104574,000000000,000000000,0102.605,0001.439,-000.909,0007
 
000104594,000000000,000000000,0102.595,0001.432,-000.873,0167
 
000104614,000000000,000000000,0102.604,0001.404,-000.862,0006
 
000104634,000000000,000000000,0102.607,0001.424,-000.874,0007
 
000104654,000000000,000000000,0102.619,0001.442,-000.864,0006
 
000104674,000000000,000000000,0102.622,0001.456,-000.877,0006
 
000104694,000000000,000000000,0102.613,0001.401,-000.912,0166
 
000104714,000000000,000000000,0102.616,0001.399,-000.898,0006
 
000104734,000000000,000000000,0102.628,0001.393,-000.862,0166
 
000104754,000000000,000000000,0102.623,0001.414,-000.852,0167
 
000104774,000000000,000000000,0102.622,0001.410,-000.846,0006
 
000104794,000000000,000000000,0102.632,0001.384,-000.837,0166
 
000104814,000000000,000000000,0102.635,0001.384,-000.830,0167
 
000104834,000000000,000000000,0102.626,0001.383,-000.825,0179
 
000104854,000000000,000000000,0102.620,0001.405,-000.819,0179
 
000104874,000000000,000000000,0102.620,0001.423,-000.815,0167
 
000104894,000000000,000000000,0102.624,0001.463,-000.832,0006
 
000104914,000000000,000000000,0102.625,0001.453,-000.824,0006
 
000104934,000000000,000000000,0102.622,0001.445,-000.818,0166
 
000104954,000000000,000000000,0102.623,0001.439,-000.836,0006
 
000104974,000000000,000000000,0102.623,0001.455,-000.851,0167
 
000104994,000000000,000000000,0102.626,0001.448,-000.864,0179
 
000105014,000000000,000000000,0102.615,0001.438,-000.851,0006
 
000105034,000000000,000000000,0102.624,0001.454,-000.818,0169
 
000105054,000000000,000000000,0102.616,0001.445,-000.814,0172
 
000105074,000000000,000000000,0102.617,0001.460,-000.810,0006
 
000105094,000000000,000000000,0102.622,0001.474,-000.828,0006
 
000105114,000000000,000000000,0102.624,0001.485,-000.821,0166
 
000105134,000000000,000000000,0102.615,0001.473,-000.817,0006
 
000105154,000000000,000000000,0102.616,0001.463,-000.814,0179
 
000105174,000000000,000000000,0102.619,0001.476,-000.808,0006
 
000105194,000000000,000000000,0102.626,0001.465,-000.826,0006
 
000105214,000000000,000000000,0102.616,0001.434,-000.866,0179
 
000105234,000000000,000000000,0102.612,0001.403,-000.878,0006
 
000105254,000000000,000000000,0102.621,0001.378,-000.868,0166
 
000105274,000000000,000000000,0102.610,0001.401,-000.836,0179
 
000105294,000000000,000000000,0102.613,0001.441,-000.805,0166
 
000105314,000000000,000000000,0102.613,0001.456,-000.800,0166
 
000105334,000000000,000000000,0102.612,0001.473,-000.798,0179
 
000105354,000000000,000000000,0102.609,0001.442,-000.795,0167
 
000105374,000000000,000000000,0102.612,0001.436,-000.793,0166
 
000105394,000000000,000000000,0102.612,0001.453,-000.812,0169
 
000105414,000000000,000000000,0102.606,0001.444,-000.831,0167
 
000105434,000000000,000000000,0102.589,0001.438,-000.824,0173
 
000105454,000000000,000000000,0102.600,0001.452,-000.819,0179
 
000105474,000000000,000000000,0102.606,0001.421,-000.815,0167
 
000105494,000000000,000000000,0102.603,0001.462,-000.811,0166
 
000105514,000000000,000000000,0102.611,0001.496,-000.807,0007
 
000105534,000000000,000000000,0102.618,0001.507,-000.826,0006
 
000105554,000000000,000000000,0102.610,0001.518,-000.819,0006
 
000105574,000000000,000000000,0102.612,0001.501,-000.837,0167
 
000105594,000000000,000000000,0102.612,0001.513,-000.832,0167
 
000105614,000000000,000000000,0102.588,0001.543,-000.847,0006
 
000105634,000000000,000000000,0102.592,0001.503,-000.841,0006
 
000105654,000000000,000000000,0102.591,0001.467,-000.879,0167
 
000105674,000000000,000000000,0102.592,0001.457,-000.889,0007
 
000105694,000000000,000000000,0102.572,0001.449,-000.879,0169
 
000105714,000000000,000000000,0102.557,0001.486,-000.869,0172
 
000105734,000000000,000000000,0102.566,0001.475,-000.882,0006
 
000105754,000000000,000000000,0102.565,0001.463,-000.872,0167
 
000105774,000000000,000000000,0102.551,0001.408,-000.863,0179
 
000105794,000000000,000000000,0102.554,0001.382,-000.875,0006
 
000105814,000000000,000000000,0102.563,0001.423,-000.866,0179
 
000105834,000000000,000000000,0102.577,0001.440,-000.834,0178
 
000105854,000000000,000000000,0102.581,0001.454,-000.827,0006
 
000105874,000000000,000000000,0102.584,0001.445,-000.822,0179
 
000105894,000000000,000000000,0102.596,0001.439,-000.817,0166
 
000105914,000000000,000000000,0102.604,0001.433,-000.812,0006
 
000105934,000000000,000000000,0102.623,0001.430,-000.829,0169
 
000105954,000000000,000000000,0102.613,0001.425,-000.844,0006
 
000105974,000000000,000000000,0102.624,0001.396,-000.836,0173
 
000105994,000000000,000000000,0102.622,0001.416,-000.829,0179
 
000106014,000000000,000000000,0102.631,0001.435,-000.823,0166
 
000106034,000000000,000000000,0102.630,0001.452,-000.819,0006
 
000106054,000000000,000000000,0102.647,0001.465,-000.837,0006
 
