000298449,000000000,000000000,0122.586,0001.331,-000.946,0180
 
000298469,000000000,000000000,0122.558,0001.308,-000.975,0166
 
000298489,000000000,000000000,0122.562,0001.311,-000.958,0007
 
000298509,000000000,000000000,0122.569,0001.336,-000.942,0173
 
000298529,000000000,000000000,0122.585,0001.339,-000.948,0007
 
000298549,000000000,000000000,0122.585,0001.341,-000.954,0007
 
000298569,000000000,000000000,0122.571,0001.317,-000.939,0173
 
000298589,000000000,000000000,0122.561,0001.321,-000.946,0166
 
000298609,000000000,000000000,0122.580,0001.301,-000.932,0007
 
000298629,000000000,000000000,0122.582,0001.304,-000.943,0007
 
000298649,000000000,000000000,0122.604,0001.309,-000.949,0179
 
000298669,000000000,000000000,0122.607,0001.313,-000.911,0007
 
000298689,000000000,000000000,0122.616,0001.315,-000.899,0180
 
000298709,000000000,000000000,0122.621,0001.320,-000.912,0167
 
000298729,000000000,000000000,0122.609,0001.323,-000.945,0166
 
000298749,000000000,000000000,0122.643,0001.325,-000.953,0169
 
000298769,000000000,000000000,0122.652,0001.351,-000.935,0167
 
000298789,000000000,000000000,0122.654,0001.351,-000.922,0166
 
000298809,000000000,000000000,0122.637,0001.328,-000.911,0169
 
000298829,000000000,000000000,0122.631,0001.350,-000.897,0166
 
000298849,000000000,000000000,0122.613,0001.371,-000.910,0167
 
000298869,000000000,000000000,0122.619,0001.369,-000.920,0167
 
000298889,000000000,000000000,0122.620,0001.365,-000.929,0168
 
000298909,000000000,000000000,0122.615,0001.364,-000.916,0167
 
000298929,000000000,000000000,0122.630,0001.340,-000.905,0167
 
000298949,000000000,000000000,0122.613,0001.343,-000.918,0166
 
000298969,000000000,000000000,0122.594,0001.366,-000.927,0166
 
000298989,000000000,000000000,0122.585,0001.365,-000.913,0179
 
000299009,000000000,000000000,0122.572,0001.365,-000.903,0007
 
000299029,000000000,000000000,0122.542,0001.339,-000.916,0007
 
000299049,000000000,000000000,0122.559,0001.341,-000.926,0175
 
000299069,000000000,000000000,0122.576,0001.340,-000.937,0167
 
000299089,000000000,000000000,0122.576,0001.340,-000.946,0167
 
000299109,000000000,000000000,0122.596,0001.340,-000.975,0007
 
000299129,000000000,000000000,0122.595,0001.363,-000.959,0167
 
000299149,000000000,000000000,0122.614,0001.360,-000.941,0007
 
000299169,000000000,000000000,0122.616,0001.361,-000.947,0179
 
000299189,000000000,000000000,0122.640,0001.360,-000.933,0007
 
000299209,000000000,000000000,0122.646,0001.382,-000.923,0007
 
000299229,000000000,000000000,0122.647,0001.379,-000.930,0173
 
000299249,000000000,000000000,0122.655,0001.374,-000.963,0007
 
000299269,000000000,000000000,0122.703,0001.351,-000.969,0007
 
000299289,000000000,000000000,0122.698,0001.308,-000.975,0173
 
000299309,000000000,000000000,0122.675,0001.244,-000.957,0166
 
000299329,000000000,000000000,0122.638,0001.187,-000.961,0007
 
000299349,000000000,000000000,0122.649,0001.223,-000.966,0179
 
000299369,000000000,000000000,0122.648,0001.257,-000.950,0166
 
000299389,000000000,000000000,0122.677,0001.267,-000.958,0007
 
000299409,000000000,000000000,0122.667,0001.272,-000.963,0173
 
000299429,000000000,000000000,0122.664,0001.300,-000.904,0167
 
000299449,000000000,000000000,0122.669,0001.303,-000.913,0008
 
000299469,000000000,000000000,0122.700,0001.308,-000.945,0180
 
000299489,000000000,000000000,0122.682,0001.288,-000.931,0167
 
000299509,000000000,000000000,0122.697,0001.274,-000.895,0166
 
000299529,000000000,000000000,0122.695,0001.304,-000.910,0168
 
000299549,000000000,000000000,0122.671,0001.307,-000.923,0167
 
000299569,000000000,000000000,0122.675,0001.313,-000.931,0167
 
000299589,000000000,000000000,0122.670,0001.295,-000.964,0167
 
000299609,000000000,000000000,0122.686,0001.279,-000.971,0167
 
000299629,000000000,000000000,0122.706,0001.264,-000.952,0166
 
000299649,000000000,000000000,0122.692,0001.317,-000.958,0169
 
000299669,000000000,000000000,0122.690,0001.341,-000.965,0167
 
000299689,000000000,000000000,0122.693,0001.320,-000.970,0007
 
000299709,000000000,000000000,0122.682,0001.322,-000.975,0007
 
000299729,000000000,000000000,0122.684,0001.302,-000.956,0167
 
000299749,000000000,000000000,0122.692,0001.283,-000.961,0167
 
000299769,000000000,000000000,0122.691,0001.288,-000.966,0177
 
000299789,000000000,000000000,0122.690,0001.316,-000.972,0007
 
000299809,000000000,000000000,0122.669,0001.319,-000.976,0167
 
000299829,000000000,000000000,0122.698,0001.322,-000.980,0179
 
000299849,000000000,000000000,0122.706,0001.348,-000.981,0180
 
000299869,000000000,000000000,0122.724,0001.349,-000.965,0007
 
000299889,000000000,000000000,0122.714,0001.326,-000.971,0179
 
000299909,000000000,000000000,0122.692,0001.351,-000.975,0007
 
000299929,000000000,000000000,0122.670,0001.372,-000.982,0007
 
000299949,000000000,000000000,0122.672,0001.390,-000.983,0180
 
000299969,000000000,000000000,0122.678,0001.387,-000.988,0007
 
000299989,000000000,000000000,0122.672,0001.360,-000.968,0007
 
000300009,000000000,000000000,0122.685,0001.359,-000.995,0173
 
000300029,000000000,000000000,0122.643,0001.358,-000.996,0166
 
000300049,000000000,000000000,0122.634,0001.354,-000.977,0007
 
000300069,000000000,000000000,0122.647,0001.352,-001.002,0173
 
000300089,000000000,000000000,0122.670,0001.372,-001.006,0166
 
000300109,000000000,000000000,0122.674,0001.370,-000.987,0007
 
000300129,000000000,000000000,0122.667,0001.367,-001.015,0007
 
000300149,000000000,000000000,0122.647,0001.365,-001.016,0178
 
000300169,000000000,000000000,0122.658,0001.342,-001.016,0007
 
000300189,000000000,000000000,0122.665,0001.365,-001.016,0007
 
000300209,000000000,000000000,0122.660,0001.387,-000.996,0007
 
000300229,000000000,000000000,0122.680,0001.383,-000.975,0007
 
000300249,000000000,000000000,0122.657,0001.380,-000.977,0169
 
000300269,000000000,000000000,0122.659,0001.399,-000.983,0167
 
000300289,000000000,000000000,0122.669,0001.394,-000.987,0166
 
000300309,000000000,000000000,0122.666,0001.367,-000.990,0169
 
000300329,000000000,000000000,0122.644,0001.366,-000.971,0167
 
000300349,000000000,000000000,0122.651,0001.364,-000.955,0007
 
000300369,000000000,000000000,0122.664,0001.406,-000.959,0167
 
000300389,000000000,000000000,0122.651,0001.401,-000.966,0167
 
000300409,000000000,000000000,0122.644,0001.372,-000.971,0166
 
000300429,000000000,000000000,0122.655,0001.372,-000.977,0169
 
000300449,000000000,000000000,0122.652,0001.368,-000.982,0167
 
000300469,000000000,000000000,0122.647,0001.367,-000.985,0007
 
000300489,000000000,000000000,0122.630,0001.361,-000.964,0007
 
000300509,000000000,000000000,0122.643,0001.316,-000.991,0167
 
000300529,000000000,000000000,0122.652,0001.341,-000.973,0167
 
000300549,000000000,000000000,0122.655,0001.320,-000.954,0170
 
000300569,000000000,000000000,0122.650,0001.301,-000.982,0167
 
000300589,000000000,000000000,0122.668,0001.328,-000.986,0173
 
000300609,000000000,000000000,0122.686,0001.307,-000.989,0179
 
000300629,000000000,000000000,0122.676,0001.311,-000.994,0167
 
000300649,000000000,000000000,0122.657,0001.315,-000.995,0007
 
000300669,000000000,000000000,0122.615,0001.317,-000.997,0180
 
000300689,000000000,000000000,0122.619,0001.341,-001.020,0007
 
000300709,000000000,000000000,0122.628,0001.365,-001.020,0007
 
000300729,000000000,000000000,0122.630,0001.338,-001.043,0180
 
000300749,000000000,000000000,0122.650,0001.316,-001.063,0007
 
000300769,000000000,000000000,0122.647,0001.320,-001.036,0008
 
000300789,000000000,000000000,0122.646,0001.325,-001.036,0173
 
000300809,000000000,000000000,0122.657,0001.324,-001.056,0167
 
000300829,000000000,000000000,0122.657,0001.325,-001.054,0007
 
000300849,000000000,000000000,0122.661,0001.328,-001.052,0007
 
000300869,000000000,000000000,0122.644,0001.306,-001.048,0180
 
000300889,000000000,000000000,0122.626,0001.288,-001.067,0007
 
000300909,000000000,000000000,0122.627,0001.272,-001.086,0007
 
000300929,000000000,000000000,0122.626,0001.258,-001.078,0178
 
000300949,000000000,000000000,0122.652,0001.243,-001.072,0007
 
000300969,000000000,000000000,0122.656,0001.275,-001.068,0169
 
000300989,000000000,000000000,0122.660,0001.260,-001.086,0167
 
000301009,000000000,000000000,0122.665,0001.266,-001.080,0166
 
000301029,000000000,000000000,0122.714,0001.297,-001.054,0166
 
000301049,000000000,000000000,0122.713,0001.324,-001.050,0167
 
000301069,000000000,000000000,0122.730,0001.348,-001.024,0166
 
000301089,000000000,000000000,0122.719,0001.347,-001.024,0169
 
000301109,000000000,000000000,0122.728,0001.345,-000.999,0167
 
000301129,000000000,000000000,0122.721,0001.322,-001.002,0167
 
000301149,000000000,000000000,0122.741,0001.325,-001.003,0169
 
000301169,000000000,000000000,0122.746,0001.329,-000.982,0166
 
000301189,000000000,000000000,0122.716,0001.329,-000.964,0167
 
000301209,000000000,000000000,0122.731,0001.354,-000.991,0179
 
000301229,000000000,000000000,0122.751,0001.375,-000.970,0166
 
000301249,000000000,000000000,0122.748,0001.372,-000.977,0167
 
000301269,000000000,000000000,0122.739,0001.346,-001.004,0169
 
000301289,000000000,000000000,0122.734,0001.369,-001.006,0168
 
000301309,000000000,000000000,0122.755,0001.345,-000.985,0167
 
000301329,000000000,000000000,0122.783,0001.345,-000.988,0180
 
000301349,000000000,000000000,0122.776,0001.348,-001.014,0167
 
000301369,000000000,000000000,0122.763,0001.328,-001.014,0166
 
000301389,000000000,000000000,0122.763,0001.327,-001.013,0007
 
000301409,000000000,000000000,0122.772,0001.306,-001.015,0173
 
000301429,000000000,000000000,0122.787,0001.308,-000.969,0007
 
000301449,000000000,000000000,0122.781,0001.334,-000.972,0179
 
000301469,000000000,000000000,0122.784,0001.357,-000.977,0007
 
000301489,000000000,000000000,0122.782,0001.332,-001.004,0007
 
000301509,000000000,000000000,0122.755,0001.331,-001.004,0173
 
000301529,000000000,000000000,0122.768,0001.312,-001.027,0007
 
000301549,000000000,000000000,0122.782,0001.312,-001.025,0007
 
000301569,000000000,000000000,0122.773,0001.293,-001.024,0173
 
000301589,000000000,000000000,0122.771,0001.322,-001.023,0166
 
000301609,000000000,000000000,0122.750,0001.301,-001.046,0007
 
000301629,000000000,000000000,0122.736,0001.328,-001.023,0007
 
000301649,000000000,000000000,0122.735,0001.309,-001.002,0180
 
000301669,000000000,000000000,0122.724,0001.314,-000.934,0008
 
000301689,000000000,000000000,0122.706,0001.317,-000.944,0007
 
000301709,000000000,000000000,0122.726,0001.319,-000.952,0007
 
000301729,000000000,000000000,0122.734,0001.322,-000.959,0007
 
000301749,000000000,000000000,0122.723,0001.322,-000.966,0169
 
000301769,000000000,000000000,0122.734,0001.301,-000.972,0167
 
000301789,000000000,000000000,0122.739,0001.283,-000.976,0166
 
000301809,000000000,000000000,0122.750,0001.289,-001.003,0169
 
000301829,000000000,000000000,0122.742,0001.317,-001.006,0167
 
000301849,000000000,000000000,0122.732,0001.319,-001.008,0167
 
000301869,000000000,000000000,0122.721,0001.324,-001.011,0169
 
000301889,000000000,000000000,0122.724,0001.351,-001.012,0168
 
000301909,000000000,000000000,0122.721,0001.328,-000.990,0167
 
000301929,000000000,000000000,0122.717,0001.307,-000.993,0169
 
000301949,000000000,000000000,0122.729,0001.332,-000.993,0168
 
000301969,000000000,000000000,0122.711,0001.358,-000.976,0007
 
000301989,000000000,000000000,0122.708,0001.333,-001.002,0175
 
000302009,000000000,000000000,0122.720,0001.358,-001.002,0167
 
000302029,000000000,000000000,0122.713,0001.377,-001.006,0167
 
000302049,000000000,000000000,0122.737,0001.396,-000.963,0175
 
000302069,000000000,000000000,0122.735,0001.393,-000.924,0007
 
000302089,000000000,000000000,0122.723,0001.389,-000.934,0180
 
000302109,000000000,000000000,0122.726,0001.382,-000.941,0180
 
000302129,000000000,000000000,0122.733,0001.401,-000.948,0173
 
000302149,000000000,000000000,0122.736,0001.373,-000.957,0007
 
000302169,000000000,000000000,0122.710,0001.326,-000.964,0180
 
000302189,000000000,000000000,0122.702,0001.284,-000.970,0008
 
000302209,000000000,000000000,0122.695,0001.312,-000.976,0007
 
000302229,000000000,000000000,0122.703,0001.317,-001.003,0173
 
000302249,000000000,000000000,0122.721,0001.299,-001.027,0167
 
000302269,000000000,000000000,0122.739,0001.260,-001.007,0007
 
000302289,000000000,000000000,0122.759,0001.267,-001.008,0173
 
000302309,000000000,000000000,0122.758,0001.276,-000.989,0166
 
000302329,000000000,000000000,0122.765,0001.328,-000.971,0007
 
000302349,000000000,000000000,0122.764,0001.330,-000.975,0007
 
000302369,000000000,000000000,0122.760,0001.333,-000.982,0007
 
000302389,000000000,000000000,0122.765,0001.334,-000.963,0007
 
000302409,000000000,000000000,0122.753,0001.314,-000.948,0173
 
000302429,000000000,000000000,0122.772,0001.294,-000.956,0167
 
000302449,000000000,000000000,0122.780,0001.277,-001.006,0007
 
000302469,000000000,000000000,0122.789,0001.284,-001.008,0179
 
000302489,000000000,000000000,0122.781,0001.311,-001.009,0167
 
000302509,000000000,000000000,0122.796,0001.317,-000.990,0166
 
000302529,000000000,000000000,0122.783,0001.298,-000.971,0167
 
000302549,000000000,000000000,0122.768,0001.325,-000.954,0167
 
000302569,000000000,000000000,0122.763,0001.329,-000.961,0167
 
000302589,000000000,000000000,0122.741,0001.331,-000.945,0169
 
000302609,000000000,000000000,0122.736,0001.355,-000.930,0167
 
000302629,000000000,000000000,0122.738,0001.355,-000.918,0167
 
000302649,000000000,000000000,0122.719,0001.354,-000.908,0169
 
000302669,000000000,000000000,0122.717,0001.377,-000.899,0168
 
000302689,000000000,000000000,0122.725,0001.399,-000.912,0007
 
000302709,000000000,000000000,0122.747,0001.417,-000.922,0169
 
000302729,000000000,000000000,0122.739,0001.363,-000.931,0166
 
000302749,000000000,000000000,0122.731,0001.364,-000.940,0167
 
000302769,000000000,000000000,0122.722,0001.364,-000.947,0179
 
000302789,000000000,000000000,0122.730,0001.364,-000.953,0168
 
000302809,000000000,000000000,0122.730,0001.386,-000.959,0173
 
000302829,000000000,000000000,0122.737,0001.381,-000.966,0007
 
000302849,000000000,000000000,0122.740,0001.377,-000.972,0167
 
000302869,000000000,000000000,0122.738,0001.373,-000.976,0007
 
000302889,000000000,000000000,0122.712,0001.394,-000.981,0179
 
000302909,000000000,000000000,0122.717,0001.389,-000.986,0007
 
000302929,000000000,000000000,0122.725,0001.411,-000.990,0007
 
000302949,000000000,000000000,0122.669,0001.425,-000.995,0180
 
000302969,000000000,000000000,0122.682,0001.395,-000.995,0007
 
000302989,000000000,000000000,0122.677,0001.436,-000.999,0007
 
000303009,000000000,000000000,0122.684,0001.428,-001.002,0173
 
000303029,000000000,000000000,0122.661,0001.420,-001.004,0166
 
000303049,000000000,000000000,0122.633,0001.413,-001.005,0007
 
000303069,000000000,000000000,0122.634,0001.407,-000.985,0007
 
000303089,000000000,000000000,0122.664,0001.401,-000.988,0180
 
000303109,000000000,000000000,0122.661,0001.395,-001.014,0007
 
000303129,000000000,000000000,0122.660,0001.368,-001.038,0179
 
000303149,000000000,000000000,0122.654,0001.366,-001.035,0167
 
000303169,000000000,000000000,0122.664,0001.364,-001.034,0007
 
000303189,000000000,000000000,0122.687,0001.386,-001.055,0169
 
000303209,000000000,000000000,0122.675,0001.362,-001.051,0167
 
000303229,000000000,000000000,0122.674,0001.363,-001.028,0167
 
000303249,000000000,000000000,0122.647,0001.359,-001.027,0169
 
000303269,000000000,000000000,0122.663,0001.361,-001.026,0167
 
000303289,000000000,000000000,0122.670,0001.360,-001.027,0167
 
000303309,000000000,000000000,0122.684,0001.356,-001.004,0169
 
000303329,000000000,000000000,0122.687,0001.337,-001.006,0167
 
000303349,000000000,000000000,0122.677,0001.317,-001.009,0167
 
000303369,000000000,000000000,0122.681,0001.320,-001.032,0169
 
000303389,000000000,000000000,0122.697,0001.303,-001.053,0168
 
000303409,000000000,000000000,0122.707,0001.284,-001.010,0166
 
000303429,000000000,000000000,0122.696,0001.247,-001.031,0169
 
000303449,000000000,000000000,0122.693,0001.212,-001.009,0168
 
000303469,000000000,000000000,0122.712,0001.179,-001.036,0166
 
000303489,000000000,000000000,0122.719,0001.195,-001.032,0179
 
000303509,000000000,000000000,0122.730,0001.231,-001.030,0168
 
000303529,000000000,000000000,0122.722,0001.220,-001.029,0167
 
000303549,000000000,000000000,0122.720,0001.210,-001.005,0177
 
000303569,000000000,000000000,0122.728,0001.224,-000.988,0007
 
000303589,000000000,000000000,0122.731,0001.259,-000.994,0180
 
000303609,000000000,000000000,0122.717,0001.290,-000.994,0179
 
000303629,000000000,000000000,0122.730,0001.295,-000.978,0007
 
000303649,000000000,000000000,0122.711,0001.323,-000.981,0007
 
000303669,000000000,000000000,0122.718,0001.326,-001.006,0179
 
000303689,000000000,000000000,0122.750,0001.307,-001.009,0007
 
000303709,000000000,000000000,0122.760,0001.310,-001.011,0007
 
000303729,000000000,000000000,0122.739,0001.338,-001.010,0173
 
000303749,000000000,000000000,0122.713,0001.338,-001.012,0167
 
000303769,000000000,000000000,0122.732,0001.316,-000.966,0007
 
000303789,000000000,000000000,0122.725,0001.343,-000.949,0007
 
000303809,000000000,000000000,0122.743,0001.321,-000.935,0173
 
000303829,000000000,000000000,0122.721,0001.326,-000.942,0007
 
000303849,000000000,000000000,0122.696,0001.352,-000.928,0007
 
000303869,000000000,000000000,0122.678,0001.331,-000.915,0178
 
000303889,000000000,000000000,0122.663,0001.333,-000.877,0007
 
000303909,000000000,000000000,0122.664,0001.334,-000.869,0007
 
000303929,000000000,000000000,0122.661,0001.381,-000.864,0007
 
000303949,000000000,000000000,0122.644,0001.377,-000.877,0007
 
000303969,000000000,000000000,0122.644,0001.375,-000.870,0169
 
000303989,000000000,000000000,0122.661,0001.349,-000.885,0167
 
000304009,000000000,000000000,0122.656,0001.371,-000.853,0166
 
000304029,000000000,000000000,0122.654,0001.392,-000.871,0169
 
000304049,000000000,000000000,0122.665,0001.410,-000.887,0167
 
000304069,000000000,000000000,0122.652,0001.428,-000.897,0166
 
000304089,000000000,000000000,0122.648,0001.423,-000.933,0170
 
000304109,000000000,000000000,0122.646,0001.414,-000.941,0166
 
000304129,000000000,000000000,0122.654,0001.408,-000.949,0167
 
000304149,000000000,000000000,0122.657,0001.403,-000.936,0169
 
000304169,000000000,000000000,0122.644,0001.422,-000.966,0168
 
000304190,000000000,000000000,0122.657,0001.392,-000.969,1023
 
000304210,000000000,000000000,0122.685,0001.411,-000.977,1023
 
000304230,000000000,000000000,0122.687,0001.403,-000.954,1023
 
000304250,000000000,000000000,0122.664,0001.397,-000.943,1023
 
000304270,000000000,000000000,0122.641,0001.418,-000.959,1023
 
000304290,000000000,000000000,0122.614,0001.405,-000.958,1023
 
000304310,000000000,000000000,0122.611,0001.360,-000.966,1023
 
000304330,000000000,000000000,0122.613,0001.401,-001.023,1023
 
000304350,000000000,000000000,0122.610,0001.420,-001.017,1023
 
000304370,000000000,000000000,0122.622,0001.391,-000.977,1023
 
000304390,000000000,000000000,0122.596,0001.406,-000.989,1023
 
000304410,000000000,000000000,0122.581,0001.423,-001.010,1023
 
000304430,000000000,000000000,0122.538,0001.463,-001.021,1023
 
000304450,000000000,000000000,0122.362,0001.538,-001.006,1023
 
000304470,000000000,000000000,0122.115,0001.630,-001.034,1023
 
000304490,000000000,000000000,0121.781,0001.663,-001.042,1023
 
000304510,000000000,000000000,0121.403,0001.810,-001.048,1023
 
000304530,000000000,000000000,0120.953,0001.866,-001.050,1023
 
000304550,000000000,000000000,0120.486,0001.847,-001.018,1023
 
000304570,000000000,000000000,0119.961,0001.872,-001.023,1023
 
000304590,000000000,000000000,0119.474,0001.781,-001.010,1023
 
000304610,000000000,000000000,0118.909,0001.872,-001.026,1023
 
000304630,000000000,000000000,0118.263,0001.848,-001.055,1023
 
000304650,000000000,000000000,0117.476,0002.082,-001.040,1023
 
000304670,000000000,000000000,0116.634,0002.136,-001.012,1023
 
000304690,000000000,000000000,0115.744,0001.912,-000.999,1023
 
000304710,000000000,000000000,0114.906,0001.703,-000.984,1023
 
000304730,000000000,000000000,0114.018,0001.731,-000.997,1023
 
000304750,000000000,000000000,0113.211,0001.822,-000.965,1023
 
000304770,000000000,000000000,0112.470,0001.853,-000.981,1023
 
000304790,000000000,000000000,0111.757,0001.652,-000.966,1023
 
000304810,000000000,000000000,0111.040,0001.483,-000.978,1023
 
000304830,000000000,000000000,0110.405,0001.574,-000.943,1023
 
000304850,000000000,000000000,0109.752,0001.435,-000.929,1023
 
000304870,000000000,000000000,0109.143,0001.471,-000.936,1023
 
000304890,000000000,000000000,0108.528,0001.409,-000.924,1023
 
000304910,000000000,000000000,0107.924,0001.277,-000.910,1023
 
000304930,000000000,000000000,0107.322,0001.326,-000.898,1023
 
000304950,000000000,000000000,0106.757,0001.227,-000.860,1023
 
000304970,000000000,000000000,0106.223,0001.246,-000.852,1023
 
000304990,000000000,000000000,0105.715,0001.180,-000.894,1023
 
000305010,000000000,000000000,0105.299,0001.100,-000.883,1023
 
000305030,000000000,000000000,0104.882,0001.072,-000.914,1023
 
000305050,000000000,000000000,0104.566,0001.093,-000.945,1023
 
000305070,000000000,000000000,0104.243,0001.027,-000.973,1023
 
000305090,000000000,000000000,0103.976,0000.950,-000.949,1023
 
000305110,000000000,000000000,0103.814,0000.913,-000.951,1023
 
000305130,000000000,000000000,0103.723,0000.821,-000.933,1023
 
000305150,000000000,000000000,0103.688,0000.772,-000.916,1023
 
000305170,000000000,000000000,0103.768,0000.768,-000.901,1023
 
000305190,000000000,000000000,0103.832,0000.739,-000.888,1023
 
000305210,000000000,000000000,0103.883,0000.789,-000.898,1023
 
000305230,000000000,000000000,0103.979,0000.849,-000.907,1023
 
000305250,000000000,000000000,0104.063,0000.891,-000.914,1023
 
000305270,000000000,000000000,0104.107,0000.937,-000.900,1023
 
000305290,000000000,000000000,0104.157,0000.977,-000.910,1023
 
000305310,000000000,000000000,0104.187,0001.007,-000.896,1023
 
000305330,000000000,000000000,0104.229,0001.042,-000.887,1023
 
000305350,000000000,000000000,0104.273,0001.046,-000.876,1023
 
000305370,000000000,000000000,0104.290,0001.094,-000.889,1023
 
000305390,000000000,000000000,0104.320,0001.121,-000.879,1023
 
000305410,000000000,000000000,0104.338,0001.160,-000.890,1023
 
000305430,000000000,000000000,0104.375,0001.178,-000.922,1023
 
000305450,000000000,000000000,0104.406,0001.195,-000.907,1023
 
000305469,000000000,000000000,0104.442,0001.183,-000.917,1023
 
000305489,000000000,000000000,0104.459,0001.222,-000.904,0166
 
000305509,000000000,000000000,0104.475,0001.255,-000.915,0007
 
000305529,000000000,000000000,0104.476,0001.285,-000.901,0179
 
000305549,000000000,000000000,0104.489,0001.333,-000.910,0166
 
000305569,000000000,000000000,0104.524,0001.309,-000.897,0006
 
000305589,000000000,000000000,0104.514,0001.291,-000.885,0007
 
000305609,000000000,000000000,0104.495,0001.294,-000.876,0007
 
000305629,000000000,000000000,0104.497,0001.298,-000.886,0007
 
000305649,000000000,000000000,0104.494,0001.303,-000.899,0007
 
000305669,000000000,000000000,0104.483,0001.307,-000.931,0007
 
000305689,000000000,000000000,0104.489,0001.310,-000.939,0173
 
000305709,000000000,000000000,0104.491,0001.355,-000.924,0007
 
000305729,000000000,000000000,0104.493,0001.355,-000.909,0007
 
000305749,000000000,000000000,0104.452,0001.374,-000.896,0006
 
000305769,000000000,000000000,0104.439,0001.369,-000.885,0007
 
000305789,000000000,000000000,0104.435,0001.369,-000.877,0167
 
000305809,000000000,000000000,0104.432,0001.365,-000.867,0179
 
000305829,000000000,000000000,0104.425,0001.409,-000.859,0179
 
000305849,000000000,000000000,0104.445,0001.426,-000.849,0167
 
000305869,000000000,000000000,0104.437,0001.416,-000.864,0007
 
000305889,000000000,000000000,0104.413,0001.408,-000.879,0167
 
000305909,000000000,000000000,0104.387,0001.401,-000.872,0171
 
000305929,000000000,000000000,0104.369,0001.395,-000.862,0007
 
000305949,000000000,000000000,0104.362,0001.411,-000.875,0169
 
000305969,000000000,000000000,0104.357,0001.382,-000.887,0173
 
000305989,000000000,000000000,0104.349,0001.398,-000.899,0006
 
000306009,000000000,000000000,0104.355,0001.394,-000.910,0167
 
000306029,000000000,000000000,0104.337,0001.389,-000.895,0180
 
000306049,000000000,000000000,0104.339,0001.384,-000.884,0007
 
000306069,000000000,000000000,0104.333,0001.403,-000.873,0167
 
000306089,000000000,000000000,0104.345,0001.397,-000.886,0007
 
000306109,000000000,000000000,0104.336,0001.390,-000.895,0167
 
000306129,000000000,000000000,0104.344,0001.386,-000.904,0173
 
000306149,000000000,000000000,0104.315,0001.383,-000.935,0178
 
000306169,000000000,000000000,0104.308,0001.400,-000.921,0006
 
000306189,000000000,000000000,0104.307,0001.348,-000.928,0169
 
000306209,000000000,000000000,0104.286,0001.346,-000.935,0007
 
000306229,000000000,000000000,0104.301,0001.345,-001.010,0006
 
000306249,000000000,000000000,0104.290,0001.344,-001.009,0179
 
000306269,000000000,000000000,0104.295,0001.432,-000.988,0007
 
000306289,000000000,000000000,0104.318,0001.468,-000.990,0173
 
000306309,000000000,000000000,0104.306,0001.500,-000.968,0167
 
000306329,000000000,000000000,0104.301,0001.484,-000.950,0007
 
000306349,000000000,000000000,0104.285,0001.491,-000.955,0007
 
000306369,000000000,000000000,0104.289,0001.434,-000.939,0007
 
000306389,000000000,000000000,0104.291,0001.376,-000.922,0007
 
000306409,000000000,000000000,0104.286,0001.396,-000.928,0007
 
000306429,000000000,000000000,0104.241,0001.390,-000.959,0006
 
000306449,000000000,000000000,0104.249,0001.407,-000.965,0007
 
000306469,000000000,000000000,0104.232,0001.446,-000.971,0006
 
000306489,000000000,000000000,0104.253,0001.479,-000.928,0166
 
000306509,000000000,000000000,0104.271,0001.419,-000.890,0167
 
000306529,000000000,000000000,0104.258,0001.435,-000.901,0007
 
000306549,000000000,000000000,0104.259,0001.448,-000.935,0166
 
000306569,000000000,000000000,0104.272,0001.414,-000.919,0167
 
000306589,000000000,000000000,0104.289,0001.387,-000.882,0007
 
000306609,000000000,000000000,0104.280,0001.426,-000.848,0167
 
000306629,000000000,000000000,0104.299,0001.418,-000.863,0173
 
000306649,000000000,000000000,0104.293,0001.435,-000.856,0007
 
000306669,000000000,000000000,0104.303,0001.427,-000.872,0173
 
000306689,000000000,000000000,0104.321,0001.375,-000.883,0171
 
000306709,000000000,000000000,0104.299,0001.327,-000.893,0007
 
000306729,000000000,000000000,0104.323,0001.330,-000.905,0167
 
000306749,000000000,000000000,0104.315,0001.309,-000.936,0179
 
000306769,000000000,000000000,0104.335,0001.335,-000.919,0007
 
000306789,000000000,000000000,0104.356,0001.336,-000.928,0007
 
000306809,000000000,000000000,0104.353,0001.358,-000.914,0167
 
000306829,000000000,000000000,0104.360,0001.358,-000.878,0007
 
000306849,000000000,000000000,0104.383,0001.378,-000.891,0179
 
000306869,000000000,000000000,0104.390,0001.377,-000.902,0179
 
000306889,000000000,000000000,0104.418,0001.372,-000.868,0007
 
000306909,000000000,000000000,0104.418,0001.390,-000.838,0179
 
000306929,000000000,000000000,0104.397,0001.388,-000.830,0180
 
000306949,000000000,000000000,0104.416,0001.405,-000.825,0006
 
000306969,000000000,000000000,0104.391,0001.399,-000.842,0179
 
000306989,000000000,000000000,0104.401,0001.417,-000.836,0166
 
000307009,000000000,000000000,0104.402,0001.408,-000.830,0007
 
000307029,000000000,000000000,0104.389,0001.425,-000.849,0179
 
000307049,000000000,000000000,0104.377,0001.439,-000.864,0167
 
000307069,000000000,000000000,0104.397,0001.430,-000.879,0166
 
000307089,000000000,000000000,0104.374,0001.422,-000.892,0179
 
000307109,000000000,000000000,0104.347,0001.436,-000.902,0007
 
000307129,000000000,000000000,0104.323,0001.449,-000.912,0007
 
000307149,000000000,000000000,0104.323,0001.417,-000.922,0007
 
000307169,000000000,000000000,0104.350,0001.410,-000.908,0007
 
000307189,000000000,000000000,0104.359,0001.423,-000.892,0007
 
000307209,000000000,000000000,0104.365,0001.438,-000.881,0007
 
000307229,000000000,000000000,0104.378,0001.428,-000.868,0007
 
000307249,000000000,000000000,0104.359,0001.419,-000.882,0006
 
000307269,000000000,000000000,0104.374,0001.457,-000.872,0006
 
000307289,000000000,000000000,0104.384,0001.467,-000.862,0166
 
000307309,000000000,000000000,0104.372,0001.477,-000.899,0179
 
000307329,000000000,000000000,0104.365,0001.444,-000.909,0179
 
000307349,000000000,000000000,0104.356,0001.434,-000.873,0167
 
000307369,000000000,000000000,0104.365,0001.447,-000.887,0006
 
000307389,000000000,000000000,0104.366,0001.438,-000.900,0167
 
000307409,000000000,000000000,0104.391,0001.452,-000.888,0173
 
000307429,000000000,000000000,0104.380,0001.464,-000.901,0007
 
000307449,000000000,000000000,0104.348,0001.475,-000.867,0169
 
000307469,000000000,000000000,0104.326,0001.437,-000.881,0172
 
000307489,000000000,000000000,0104.314,0001.451,-000.895,0006
 
000307509,000000000,000000000,0104.312,0001.464,-000.883,0169
 
000307529,000000000,000000000,0104.270,0001.454,-000.895,0178
 
000307549,000000000,000000000,0104.278,0001.445,-000.907,0007
 
000307569,000000000,000000000,0104.270,0001.414,-000.917,0167
 
000307589,000000000,000000000,0104.268,0001.427,-000.882,0006
 
000307609,000000000,000000000,0104.304,0001.418,-000.893,0167
 
000307629,000000000,000000000,0104.310,0001.412,-000.881,0179
 
000307649,000000000,000000000,0104.297,0001.381,-000.871,0007
 
000307669,000000000,000000000,0104.301,0001.357,-000.863,0006
 
000307689,000000000,000000000,0104.307,0001.335,-000.877,0169
 
000307709,000000000,000000000,0104.306,0001.313,-000.889,0007
 
000307729,000000000,000000000,0104.299,0001.317,-000.922,0173
 
000307749,000000000,000000000,0104.301,0001.343,-000.885,0179
 
000307769,000000000,000000000,0104.307,0001.340,-000.873,0007
 
000307789,000000000,000000000,0104.288,0001.342,-000.910,0007
 
000307809,000000000,000000000,0104.242,0001.342,-000.898,0007
 
000307829,000000000,000000000,0104.258,0001.342,-000.887,0007
 
000307849,000000000,000000000,0104.256,0001.343,-000.921,0007
 
000307869,000000000,000000000,0104.252,0001.318,-000.907,0006
 
000307889,000000000,000000000,0104.279,0001.298,-000.895,0007
 
000307909,000000000,000000000,0104.298,0001.304,-000.906,0007
 
000307929,000000000,000000000,0104.291,0001.306,-000.871,0006
 
000307949,000000000,000000000,0104.284,0001.308,-000.885,0007
 
000307969,000000000,000000000,0104.294,0001.335,-000.919,0007
 
000307989,000000000,000000000,0104.319,0001.335,-000.884,0007
 
000308009,000000000,000000000,0104.314,0001.334,-000.897,0166
 
000308029,000000000,000000000,0104.302,0001.336,-000.886,0007
 
000308049,000000000,000000000,0104.300,0001.357,-000.901,0167
 
000308069,000000000,000000000,0104.302,0001.356,-000.914,0167
 
000308089,000000000,000000000,0104.319,0001.379,-000.899,0007
 
000308109,000000000,000000000,0104.316,0001.396,-000.910,0167
 
000308129,000000000,000000000,0104.338,0001.370,-000.920,0173
 
000308149,000000000,000000000,0104.306,0001.344,-000.863,0007
 
000308169,000000000,000000000,0104.305,0001.343,-000.853,0167
 
000308189,000000000,000000000,0104.315,0001.366,-000.867,0171
 
000308209,000000000,000000000,0104.311,0001.364,-000.858,0007
 
000308229,000000000,000000000,0104.320,0001.382,-000.874,0167
 
000308249,000000000,000000000,0104.310,0001.338,-000.886,0172
 
000308269,000000000,000000000,0104.317,0001.336,-000.852,0007
 
000308289,000000000,000000000,0104.306,0001.360,-000.846,0007
 
000308309,000000000,000000000,0104.332,0001.361,-000.861,0167
 
000308329,000000000,000000000,0104.334,0001.358,-000.876,0007
 
000308349,000000000,000000000,0104.348,0001.379,-000.889,0169
 
000308369,000000000,000000000,0104.352,0001.356,-000.897,0007
 
000308389,000000000,000000000,0104.351,0001.329,-000.886,0007
 
000308409,000000000,000000000,0104.360,0001.376,-000.877,0169
 
000308429,000000000,000000000,0104.365,0001.418,-000.888,0007
 
000308449,000000000,000000000,0104.363,0001.410,-000.900,0006
 
000308469,000000000,000000000,0104.357,0001.405,-000.910,0007
 
000308489,000000000,000000000,0104.351,0001.399,-000.898,0007
 
000308509,000000000,000000000,0104.348,0001.392,-000.887,0007
 
000308529,000000000,000000000,0104.328,0001.387,-000.877,0179
 
000308549,000000000,000000000,0104.340,0001.384,-000.868,0167
 
000308569,000000000,000000000,0104.332,0001.376,-000.884,0007
 
000308589,000000000,000000000,0104.312,0001.375,-000.894,0007
 
000308609,000000000,000000000,0104.309,0001.373,-000.882,0007
 
000308629,000000000,000000000,0104.312,0001.345,-000.871,0007
 
000308649,000000000,000000000,0104.343,0001.348,-000.884,0007
 
000308669,000000000,000000000,0104.330,0001.370,-000.896,0007
 
000308689,000000000,000000000,0104.355,0001.388,-000.905,0007
 
000308709,000000000,000000000,0104.358,0001.408,-000.915,0007
 
000308729,000000000,000000000,0104.355,0001.400,-000.924,0007
 
000308749,000000000,000000000,0104.378,0001.374,-000.910,0007
 
000308769,000000000,000000000,0104.368,0001.374,-000.918,0007
 
000308789,000000000,000000000,0104.370,0001.370,-000.926,0166
 
000308809,000000000,000000000,0104.369,0001.369,-000.935,0179
 
000308829,000000000,000000000,0104.395,0001.390,-000.921,0179
 
000308849,000000000,000000000,0104.392,0001.383,-000.907,0172
 
000308869,000000000,000000000,0104.393,0001.357,-000.872,0007
 
000308889,000000000,000000000,0104.385,0001.358,-000.886,0007
 
000308909,000000000,000000000,0104.361,0001.401,-000.898,0167
 
000308929,000000000,000000000,0104.362,0001.398,-000.908,0007
 
000308949,000000000,000000000,0104.367,0001.436,-000.917,0179
 
000308969,000000000,000000000,0104.367,0001.471,-000.928,0178
 
000308989,000000000,000000000,0104.356,0001.482,-000.936,0007
 
000309009,000000000,000000000,0104.341,0001.469,-000.899,0167
 
000309029,000000000,000000000,0104.330,0001.478,-000.888,0178
 
000309049,000000000,000000000,0104.331,0001.489,-000.922,0007
 
000309069,000000000,000000000,0104.338,0001.476,-000.908,0179
 
000309089,000000000,000000000,0104.327,0001.507,-000.920,0178
 
000309109,000000000,000000000,0104.328,0001.537,-000.952,0007
 
000309129,000000000,000000000,0104.326,0001.472,-000.909,0179
 
000309149,000000000,000000000,0104.321,0001.439,-000.944,0007
 
000309169,000000000,000000000,0104.315,0001.475,-000.951,0167
 
000309189,000000000,000000000,0104.299,0001.461,-000.958,0179
 
000309209,000000000,000000000,0104.274,0001.495,-000.964,0007
 
000309229,000000000,000000000,0104.279,0001.460,-000.968,0006
 
000309249,000000000,000000000,0104.271,0001.426,-000.948,0007
 
000309269,000000000,000000000,0104.267,0001.397,-000.977,0007
 
000309289,000000000,000000000,0104.264,0001.439,-000.959,0007
 
000309309,000000000,000000000,0104.268,0001.427,-000.918,0007
 
000309329,000000000,000000000,0104.296,0001.419,-000.927,0007
 
000309349,000000000,000000000,0104.279,0001.414,-000.889,0007
 
000309369,000000000,000000000,0104.258,0001.340,-000.856,0007
 
000309389,000000000,000000000,0104.236,0001.363,-000.872,0007
 
000309409,000000000,000000000,0104.268,0001.362,-000.907,0006
 
000309429,000000000,000000000,0104.277,0001.381,-000.919,0166
 
000309449,000000000,000000000,0104.297,0001.401,-000.926,0173
 
000309469,000000000,000000000,0104.274,0001.396,-000.933,0166
 
000309489,000000000,000000000,0104.301,0001.367,-000.941,0007
 
000309509,000000000,000000000,0104.317,0001.387,-000.923,0166
 
000309529,000000000,000000000,0104.304,0001.404,-000.929,0007
 
000309549,000000000,000000000,0104.313,0001.397,-000.914,0167
 
000309569,000000000,000000000,0104.308,0001.415,-000.924,0166
 
000309589,000000000,000000000,0104.283,0001.407,-000.932,0006
 
000309609,000000000,000000000,0104.281,0001.445,-000.895,0167
 
000309629,000000000,000000000,0104.289,0001.459,-000.905,0167
 
000309649,000000000,000000000,0104.263,0001.469,-000.914,0006
 
000309669,000000000,000000000,0104.265,0001.458,-000.945,0169
 
000309689,000000000,000000000,0104.256,0001.447,-000.926,0166
 
000309709,000000000,000000000,0104.266,0001.436,-000.934,0166
 
000309729,000000000,000000000,0104.277,0001.449,-000.920,0169
 
000309749,000000000,000000000,0104.292,0001.439,-000.926,0167
 
000309769,000000000,000000000,0104.275,0001.473,-000.910,0166
 
000309789,000000000,000000000,0104.258,0001.463,-000.920,0169
 
000309809,000000000,000000000,0104.248,0001.452,-000.906,0167
 
000309829,000000000,000000000,0104.242,0001.420,-000.915,0166
 
000309849,000000000,000000000,0104.253,0001.437,-000.946,0169
 
000309869,000000000,000000000,0104.241,0001.407,-000.952,0167
 
000309889,000000000,000000000,0104.234,0001.423,-000.937,0173
 
000309909,000000000,000000000,0104.243,0001.416,-000.945,0169
 
000309929,000000000,000000000,0104.256,0001.389,-000.905,0167
 
000309949,000000000,000000000,0104.283,0001.384,-000.895,0166
 
000309969,000000000,000000000,0104.278,0001.404,-000.928,0174
 
000309989,000000000,000000000,0104.239,0001.398,-000.936,0167
 
000310009,000000000,000000000,0104.228,0001.416,-000.922,0180
 
000310029,000000000,000000000,0104.250,0001.432,-000.908,0174
 
000310049,000000000,000000000,0104.252,0001.424,-000.895,0167
 
000310069,000000000,000000000,0104.252,0001.438,-000.908,0007
 
000310089,000000000,000000000,0104.275,0001.454,-000.918,0179
 
000310109,000000000,000000000,0104.260,0001.440,-000.926,0167
 
000310129,000000000,000000000,0104.264,0001.454,-000.935,0007
 
000310149,000000000,000000000,0104.255,0001.444,-000.918,0179
 
000310169,000000000,000000000,0104.281,0001.478,-000.906,0171
 
000310189,000000000,000000000,0104.237,0001.467,-000.895,0007
 
000310209,000000000,000000000,0104.220,0001.455,-000.884,0173
 
000310229,000000000,000000000,0104.228,0001.444,-000.897,0173
 
000310249,000000000,000000000,0104.268,0001.412,-000.907,0007
 
000310269,000000000,000000000,0104.257,0001.430,-000.894,0007
 
000310289,000000000,000000000,0104.254,0001.444,-000.905,0178
 
000310309,000000000,000000000,0104.247,0001.437,-000.917,0007
 
000310329,000000000,000000000,0104.237,0001.428,-000.927,0007
 
000310349,000000000,000000000,0104.228,0001.419,-000.935,0007
 
000310369,000000000,000000000,0104.248,0001.392,-000.919,0007
 
000310389,000000000,000000000,0104.258,0001.365,-000.903,0179
 
000310409,000000000,000000000,0104.261,0001.340,-000.915,0006
 
000310429,000000000,000000000,0104.232,0001.342,-000.923,0006
 
000310449,000000000,000000000,0104.267,0001.300,-000.954,0179
 
000310469,000000000,000000000,0104.310,0001.306,-000.939,0167
 
