000327872,000000000,000000000,0122.874,0001.210,-000.981,0007
 
000327892,000000000,000000000,0122.878,0001.211,-000.985,0007
 
000327912,000000000,000000000,0122.882,0001.192,-000.989,0173
 
000327932,000000000,000000000,0122.895,0001.196,-000.995,0166
 
000327952,000000000,000000000,0122.895,0001.175,-000.997,0007
 
000327972,000000000,000000000,0122.918,0001.180,-001.001,0179
 
000327992,000000000,000000000,0122.927,0001.230,-001.004,0173
 
000328012,000000000,000000000,0122.936,0001.230,-000.985,0007
 
000328032,000000000,000000000,0122.932,0001.254,-000.990,0007
 
000328052,000000000,000000000,0122.923,0001.271,-000.975,0007
 
000328072,000000000,000000000,0122.926,0001.269,-000.980,0007
 
000328092,000000000,000000000,0122.925,0001.267,-000.962,0007
 
000328112,000000000,000000000,0122.915,0001.245,-000.947,0007
 
000328132,000000000,000000000,0122.921,0001.266,-000.979,0166
 
000328152,000000000,000000000,0122.914,0001.241,-001.006,0169
 
000328172,000000000,000000000,0122.903,0001.284,-001.009,0167
 
000328192,000000000,000000000,0122.888,0001.303,-001.009,0166
 
000328212,000000000,000000000,0122.888,0001.273,-000.988,0169
 
000328232,000000000,000000000,0122.842,0001.245,-000.946,0167
 
000328252,000000000,000000000,0122.836,0001.240,-000.954,0167
 
000328272,000000000,000000000,0122.808,0001.285,-000.941,0169
 
000328292,000000000,000000000,0122.804,0001.301,-000.950,0168
 
000328312,000000000,000000000,0122.807,0001.295,-000.958,0167
 
000328332,000000000,000000000,0122.783,0001.268,-000.968,0169
 
000328352,000000000,000000000,0122.793,0001.259,-000.949,0167
 
000328372,000000000,000000000,0122.800,0001.282,-000.956,0007
 
000328392,000000000,000000000,0122.794,0001.278,-000.943,0177
 
000328412,000000000,000000000,0122.796,0001.272,-000.951,0167
 
000328432,000000000,000000000,0122.792,0001.270,-000.959,0007
 
000328452,000000000,000000000,0122.772,0001.262,-000.967,0175
 
000328472,000000000,000000000,0122.773,0001.238,-000.973,0007
 
000328492,000000000,000000000,0122.758,0001.238,-000.978,0180
 
000328512,000000000,000000000,0122.775,0001.257,-000.963,0007
 
000328532,000000000,000000000,0122.760,0001.258,-000.992,0167
 
000328552,000000000,000000000,0122.775,0001.279,-000.997,0007
 
000328572,000000000,000000000,0122.780,0001.298,-000.977,0167
 
000328592,000000000,000000000,0122.775,0001.269,-000.959,0167
 
000328612,000000000,000000000,0122.767,0001.287,-000.966,0007
 
000328632,000000000,000000000,0122.767,0001.260,-000.949,0173
 
000328652,000000000,000000000,0122.767,0001.257,-000.957,0007
 
000328672,000000000,000000000,0122.791,0001.298,-000.946,0008
 
000328692,000000000,000000000,0122.811,0001.292,-000.953,0173
 
000328712,000000000,000000000,0122.820,0001.308,-000.959,0166
 
000328732,000000000,000000000,0122.807,0001.301,-000.944,0007
 
000328752,000000000,000000000,0122.797,0001.294,-000.931,0007
 
000328772,000000000,000000000,0122.789,0001.266,-000.940,0178
 
000328792,000000000,000000000,0122.794,0001.308,-000.971,0007
 
000328812,000000000,000000000,0122.807,0001.322,-000.954,0180
 
000328832,000000000,000000000,0122.802,0001.291,-000.939,0167
 
000328852,000000000,000000000,0122.766,0001.309,-000.950,0167
 
000328872,000000000,000000000,0122.766,0001.302,-000.935,0170
 
000328892,000000000,000000000,0122.768,0001.316,-000.945,0166
 
000328912,000000000,000000000,0122.784,0001.309,-000.976,0007
 
000328932,000000000,000000000,0122.793,0001.279,-000.982,0007
 
000328952,000000000,000000000,0122.791,0001.275,-000.988,0007
 
000328972,000000000,000000000,0122.793,0001.271,-000.971,0007
 
000328992,000000000,000000000,0122.807,0001.268,-000.954,0179
 
000329012,000000000,000000000,0122.810,0001.266,-000.962,0167
 
000329032,000000000,000000000,0122.814,0001.264,-000.969,0167
 
000329052,000000000,000000000,0122.805,0001.262,-000.951,0167
 
000329072,000000000,000000000,0122.778,0001.281,-000.982,0179
 
000329092,000000000,000000000,0122.786,0001.299,-001.009,0167
 
000329112,000000000,000000000,0122.772,0001.293,-001.012,0169
 
000329132,000000000,000000000,0122.785,0001.265,-001.015,0167
 
000329152,000000000,000000000,0122.795,0001.263,-001.017,0167
 
000329172,000000000,000000000,0122.792,0001.286,-001.019,0169
 
000329192,000000000,000000000,0122.784,0001.280,-001.021,0167
 
000329212,000000000,000000000,0122.791,0001.253,-001.045,0167
 
000329232,000000000,000000000,0122.817,0001.252,-001.046,0180
 
000329252,000000000,000000000,0122.809,0001.252,-001.025,0007
 
000329272,000000000,000000000,0122.815,0001.272,-001.026,0180
 
000329292,000000000,000000000,0122.808,0001.246,-001.027,0179
 
000329312,000000000,000000000,0122.796,0001.222,-001.029,0007
 
000329332,000000000,000000000,0122.799,0001.202,-001.028,0007
 
000329352,000000000,000000000,0122.781,0001.227,-001.031,0173
 
000329372,000000000,000000000,0122.781,0001.228,-000.984,0167
 
000329392,000000000,000000000,0122.759,0001.228,-000.988,0007
 
000329412,000000000,000000000,0122.741,0001.226,-000.994,0173
 
000329432,000000000,000000000,0122.724,0001.206,-000.999,0166
 
000329452,000000000,000000000,0122.699,0001.185,-000.981,0006
 
000329472,000000000,000000000,0122.722,0001.189,-000.986,0007
 
000329492,000000000,000000000,0122.727,0001.194,-000.967,0178
 
000329512,000000000,000000000,0122.743,0001.199,-000.950,0007
 
000329532,000000000,000000000,0122.733,0001.225,-000.959,0007
 
000329552,000000000,000000000,0122.731,0001.249,-000.967,0173
 
000329572,000000000,000000000,0122.730,0001.271,-000.953,0007
 
000329592,000000000,000000000,0122.726,0001.291,-000.961,0179
 
000329612,000000000,000000000,0122.715,0001.265,-000.966,0167
 
000329632,000000000,000000000,0122.698,0001.263,-000.973,0166
 
000329652,000000000,000000000,0122.701,0001.282,-000.956,0169
 
000329672,000000000,000000000,0122.701,0001.279,-000.964,0167
 
000329692,000000000,000000000,0122.684,0001.275,-000.926,0166
 
000329712,000000000,000000000,0122.695,0001.296,-000.935,0167
 
000329732,000000000,000000000,0122.686,0001.313,-000.923,0167
 
000329752,000000000,000000000,0122.685,0001.327,-000.914,0167
 
000329772,000000000,000000000,0122.699,0001.341,-000.925,0169
 
000329792,000000000,000000000,0122.678,0001.312,-000.914,0168
 
000329812,000000000,000000000,0122.692,0001.304,-000.925,0167
 
000329832,000000000,000000000,0122.678,0001.321,-000.936,0169
 
000329852,000000000,000000000,0122.660,0001.336,-000.924,0167
 
000329872,000000000,000000000,0122.671,0001.348,-000.935,0167
 
000329892,000000000,000000000,0122.681,0001.339,-000.945,0169
 
000329912,000000000,000000000,0122.683,0001.308,-000.953,0167
 
000329932,000000000,000000000,0122.696,0001.300,-000.960,0180
 
000329952,000000000,000000000,0122.673,0001.318,-000.967,0175
 
000329972,000000000,000000000,0122.666,0001.334,-000.952,0167
 
000329992,000000000,000000000,0122.659,0001.346,-000.961,0007
 
000330012,000000000,000000000,0122.656,0001.358,-000.968,0180
 
000330032,000000000,000000000,0122.651,0001.348,-000.976,0007
 
000330052,000000000,000000000,0122.677,0001.317,-000.981,0007
 
000330072,000000000,000000000,0122.686,0001.311,-000.987,0179
 
000330092,000000000,000000000,0122.688,0001.303,-001.014,0173
 
000330112,000000000,000000000,0122.674,0001.298,-001.015,0008
 
000330132,000000000,000000000,0122.671,0001.293,-001.015,0173
 
000330152,000000000,000000000,0122.681,0001.310,-001.021,0007
 
000330172,000000000,000000000,0122.684,0001.304,-000.999,0007
 
000330192,000000000,000000000,0122.703,0001.299,-000.981,0173
 
000330212,000000000,000000000,0122.712,0001.315,-000.988,0167
 
000330232,000000000,000000000,0122.729,0001.307,-000.991,0007
 
000330252,000000000,000000000,0122.727,0001.301,-001.018,0007
 
000330272,000000000,000000000,0122.731,0001.318,-001.022,0007
 
000330292,000000000,000000000,0122.717,0001.290,-001.021,0007
 
000330312,000000000,000000000,0122.714,0001.263,-001.027,0169
 
000330332,000000000,000000000,0122.740,0001.262,-001.051,0167
 
000330352,000000000,000000000,0122.751,0001.284,-001.047,0166
 
000330372,000000000,000000000,0122.755,0001.259,-001.022,0169
 
000330392,000000000,000000000,0122.775,0001.232,-001.024,0167
 
000330412,000000000,000000000,0122.758,0001.258,-001.001,0007
 
000330432,000000000,000000000,0122.783,0001.256,-000.982,0173
 
000330452,000000000,000000000,0122.805,0001.276,-000.987,0167
 
000330472,000000000,000000000,0122.826,0001.275,-000.970,0167
 
000330492,000000000,000000000,0122.808,0001.248,-000.954,0167
 
000330512,000000000,000000000,0122.848,0001.226,-000.937,0167
 
000330532,000000000,000000000,0122.826,0001.182,-000.947,0166
 
000330552,000000000,000000000,0122.821,0001.165,-000.956,0168
 
000330572,000000000,000000000,0122.839,0001.195,-000.985,0168
 
000330592,000000000,000000000,0122.833,0001.223,-000.990,0167
 
000330612,000000000,000000000,0122.823,0001.291,-000.971,0169
 
000330632,000000000,000000000,0122.814,0001.289,-000.975,0179
 
000330652,000000000,000000000,0122.802,0001.262,-000.938,0167
 
000330672,000000000,000000000,0122.818,0001.261,-000.949,0175
 
000330692,000000000,000000000,0122.812,0001.282,-000.933,0168
 
000330712,000000000,000000000,0122.822,0001.280,-000.946,0166
 
000330732,000000000,000000000,0122.828,0001.255,-000.933,0180
 
000330752,000000000,000000000,0122.806,0001.253,-000.942,0007
 
000330772,000000000,000000000,0122.788,0001.251,-000.906,0007
 
000330792,000000000,000000000,0122.798,0001.295,-000.897,0179
 
000330812,000000000,000000000,0122.789,0001.359,-000.931,0007
 
000330832,000000000,000000000,0122.773,0001.347,-000.941,0007
 
000330852,000000000,000000000,0122.770,0001.338,-000.973,0173
 
000330872,000000000,000000000,0122.758,0001.306,-000.956,0007
 
000330892,000000000,000000000,0122.760,0001.276,-000.941,0007
 
000330912,000000000,000000000,0122.750,0001.297,-000.949,0173
 
000330932,000000000,000000000,0122.755,0001.315,-000.957,0166
 
000330952,000000000,000000000,0122.772,0001.332,-000.969,0007
 
000330972,000000000,000000000,0122.767,0001.346,-000.975,0180
 
000330992,000000000,000000000,0122.771,0001.336,-000.961,0166
 
000331012,000000000,000000000,0122.790,0001.281,-000.947,0007
 
000331032,000000000,000000000,0122.773,0001.322,-000.977,0173
 
000331052,000000000,000000000,0122.788,0001.315,-000.984,0167
 
000331072,000000000,000000000,0122.811,0001.308,-000.990,0007
 
000331092,000000000,000000000,0122.775,0001.302,-000.993,0180
 
000331112,000000000,000000000,0122.765,0001.298,-000.998,0168
 
000331132,000000000,000000000,0122.756,0001.268,-001.003,0166
 
000331152,000000000,000000000,0122.763,0001.289,-001.005,0167
 
000331172,000000000,000000000,0122.765,0001.284,-000.989,0167
 
000331192,000000000,000000000,0122.775,0001.280,-000.993,0167
 
000331212,000000000,000000000,0122.781,0001.301,-001.018,0169
 
000331232,000000000,000000000,0122.781,0001.274,-001.021,0166
 
000331252,000000000,000000000,0122.779,0001.272,-000.976,0167
 
000331272,000000000,000000000,0122.796,0001.294,-001.003,0169
 
000331292,000000000,000000000,0122.786,0001.312,-001.009,0167
 
000331312,000000000,000000000,0122.787,0001.327,-000.987,0167
 
000331332,000000000,000000000,0122.786,0001.300,-000.992,0169
 
000331352,000000000,000000000,0122.805,0001.295,-000.998,0168
 
000331372,000000000,000000000,0122.807,0001.246,-001.001,0167
 
000331392,000000000,000000000,0122.824,0001.224,-001.026,0007
 
000331412,000000000,000000000,0122.827,0001.249,-001.052,0167
 
000331432,000000000,000000000,0122.815,0001.250,-001.071,0180
 
000331452,000000000,000000000,0122.814,0001.248,-001.068,0175
 
000331472,000000000,000000000,0122.816,0001.225,-001.067,0007
 
000331492,000000000,000000000,0122.815,0001.273,-001.042,0180
 
000331512,000000000,000000000,0122.842,0001.272,-001.043,0175
 
000331532,000000000,000000000,0122.873,0001.268,-001.042,0008
 
000331552,000000000,000000000,0122.869,0001.267,-000.996,0007
 
000331572,000000000,000000000,0122.853,0001.244,-000.978,0180
 
000331592,000000000,000000000,0122.875,0001.244,-001.006,0173
 
000331612,000000000,000000000,0122.857,0001.247,-001.009,0007
 
000331632,000000000,000000000,0122.856,0001.247,-001.011,0173
 
000331652,000000000,000000000,0122.852,0001.290,-001.013,0007
 
000331672,000000000,000000000,0122.871,0001.265,-001.016,0007
 
000331692,000000000,000000000,0122.881,0001.242,-000.997,0007
 
000331712,000000000,000000000,0122.865,0001.243,-001.024,0180
 
000331732,000000000,000000000,0122.856,0001.267,-001.025,0007
 
000331752,000000000,000000000,0122.862,0001.265,-001.030,0173
 
000331772,000000000,000000000,0122.871,0001.285,-001.027,0166
 
000331792,000000000,000000000,0122.876,0001.327,-001.004,0007
 
000331812,000000000,000000000,0122.878,0001.320,-001.006,0179
 
000331832,000000000,000000000,0122.861,0001.314,-001.007,0167
 
000331852,000000000,000000000,0122.842,0001.333,-000.990,0007
 
000331872,000000000,000000000,0122.842,0001.326,-000.972,0007
 
000331892,000000000,000000000,0122.856,0001.320,-000.976,0008
 
000331912,000000000,000000000,0122.825,0001.312,-000.961,0007
 
000331932,000000000,000000000,0122.830,0001.304,-000.948,0169
 
000331952,000000000,000000000,0122.841,0001.298,-000.955,0167
 
000331972,000000000,000000000,0122.833,0001.295,-000.964,0166
 
000331992,000000000,000000000,0122.831,0001.312,-000.949,0167
 
000332012,000000000,000000000,0122.833,0001.329,-000.978,0166
 
000332032,000000000,000000000,0122.842,0001.321,-000.986,0167
 
000332052,000000000,000000000,0122.833,0001.314,-000.993,0007
 
000332072,000000000,000000000,0122.829,0001.311,-000.950,0166
 
000332092,000000000,000000000,0122.788,0001.283,-000.939,0166
 
000332112,000000000,000000000,0122.796,0001.326,-000.968,0180
 
000332132,000000000,000000000,0122.770,0001.297,-000.996,0179
 
000332152,000000000,000000000,0122.758,0001.294,-001.001,0007
 
000332172,000000000,000000000,0122.787,0001.290,-000.981,0175
 
000332192,000000000,000000000,0122.787,0001.265,-000.963,0168
 
000332212,000000000,000000000,0122.776,0001.242,-000.948,0166
 
000332232,000000000,000000000,0122.802,0001.264,-000.933,0180
 
000332252,000000000,000000000,0122.811,0001.243,-000.944,0167
 
000332272,000000000,000000000,0122.799,0001.267,-000.931,0007
 
000332292,000000000,000000000,0122.787,0001.289,-000.916,0180
 
000332312,000000000,000000000,0122.750,0001.308,-000.905,0007
 
000332332,000000000,000000000,0122.736,0001.302,-000.897,0007
 
000332352,000000000,000000000,0122.745,0001.299,-000.932,0179
 
000332372,000000000,000000000,0122.753,0001.296,-000.944,0007
 
000332392,000000000,000000000,0122.752,0001.292,-000.954,0007
 
000332412,000000000,000000000,0122.746,0001.288,-000.960,0173
 
000332432,000000000,000000000,0122.756,0001.287,-000.946,0007
 
000332452,000000000,000000000,0122.765,0001.285,-000.956,0007
 
000332472,000000000,000000000,0122.748,0001.284,-000.963,0173
 
000332492,000000000,000000000,0122.766,0001.258,-000.972,0167
 
000332512,000000000,000000000,0122.771,0001.278,-000.979,0007
 
000332532,000000000,000000000,0122.765,0001.297,-000.982,0007
 
000332552,000000000,000000000,0122.781,0001.292,-000.989,0178
 
000332572,000000000,000000000,0122.790,0001.311,-000.993,0007
 
000332592,000000000,000000000,0122.801,0001.307,-001.019,0179
 
000332612,000000000,000000000,0122.789,0001.301,-000.998,0167
 
000332632,000000000,000000000,0122.783,0001.320,-000.977,0007
 
000332652,000000000,000000000,0122.753,0001.336,-000.983,0179
 
000332672,000000000,000000000,0122.771,0001.307,-000.991,0167
 
000332692,000000000,000000000,0122.792,0001.305,-000.974,0166
 
000332712,000000000,000000000,0122.809,0001.301,-000.981,0169
 
000332732,000000000,000000000,0122.816,0001.275,-000.990,0167
 
000332752,000000000,000000000,0122.799,0001.251,-000.993,0167
 
000332772,000000000,000000000,0122.791,0001.229,-000.999,0167
 
000332792,000000000,000000000,0122.803,0001.253,-000.981,0168
 
000332812,000000000,000000000,0122.824,0001.233,-000.986,0166
 
000332832,000000000,000000000,0122.816,0001.257,-000.969,0169
 
000332852,000000000,000000000,0122.848,0001.234,-000.998,0168
 
000332872,000000000,000000000,0122.836,0001.214,-000.979,0173
 
000332892,000000000,000000000,0122.822,0001.218,-000.985,0169
 
000332912,000000000,000000000,0122.809,0001.221,-000.988,0168
 
000332932,000000000,000000000,0122.815,0001.203,-000.972,0167
 
000332952,000000000,000000000,0122.817,0001.208,-000.957,0175
 
000332972,000000000,000000000,0122.832,0001.215,-000.966,0167
 
000332992,000000000,000000000,0122.821,0001.219,-000.970,0167
 
000333012,000000000,000000000,0122.805,0001.201,-000.933,0175
 
000333032,000000000,000000000,0122.800,0001.207,-000.963,0167
 
000333052,000000000,000000000,0122.801,0001.214,-000.972,0167
 
000333072,000000000,000000000,0122.818,0001.220,-000.978,0177
 
000333092,000000000,000000000,0122.821,0001.267,-000.960,0167
 
000333112,000000000,000000000,0122.815,0001.245,-000.922,0007
 
000333132,000000000,000000000,0122.812,0001.245,-000.912,0180
 
000333152,000000000,000000000,0122.810,0001.247,-000.923,0007
 
000333172,000000000,000000000,0122.815,0001.270,-000.936,0007
 
000333192,000000000,000000000,0122.824,0001.294,-000.948,0173
 
000333212,000000000,000000000,0122.822,0001.292,-000.954,0166
 
000333232,000000000,000000000,0122.818,0001.288,-000.941,0007
 
000333252,000000000,000000000,0122.802,0001.284,-000.949,0007
 
000333272,000000000,000000000,0122.787,0001.305,-000.958,0179
 
000333292,000000000,000000000,0122.800,0001.323,-000.945,0007
 
000333312,000000000,000000000,0122.808,0001.338,-000.956,0173
 
000333332,000000000,000000000,0122.797,0001.331,-000.962,0166
 
000333352,000000000,000000000,0122.795,0001.324,-000.970,0007
 
000333372,000000000,000000000,0122.804,0001.296,-000.929,0180
 
000333392,000000000,000000000,0122.795,0001.272,-000.918,0167
 
000333412,000000000,000000000,0122.760,0001.272,-000.908,0007
 
000333432,000000000,000000000,0122.753,0001.294,-000.898,0007
 
000333452,000000000,000000000,0122.749,0001.289,-000.888,0007
 
000333472,000000000,000000000,0122.766,0001.264,-000.925,0166
 
000333492,000000000,000000000,0122.764,0001.265,-000.934,0170
 
000333512,000000000,000000000,0122.764,0001.177,-000.945,0167
 
000333532,000000000,000000000,0122.767,0001.162,-000.954,0007
 
000333552,000000000,000000000,0122.766,0001.171,-001.005,0180
 
000333572,000000000,000000000,0122.793,0001.159,-001.008,0179
 
000333592,000000000,000000000,0122.792,0001.166,-000.965,0167
 
000333612,000000000,000000000,0122.810,0001.176,-000.971,0169
 
000333632,000000000,000000000,0122.841,0001.163,-000.957,0167
 
000333652,000000000,000000000,0122.831,0001.171,-000.967,0007
 
000333672,000000000,000000000,0122.848,0001.204,-001.017,0175
 
000333692,000000000,000000000,0122.845,0001.209,-000.996,0167
 
000333712,000000000,000000000,0122.817,0001.193,-000.976,0179
 
000333732,000000000,000000000,0122.804,0001.180,-001.003,0177
 
000333752,000000000,000000000,0122.796,0001.187,-001.006,0166
 
000333772,000000000,000000000,0122.809,0001.195,-001.010,0180
 
000333792,000000000,000000000,0122.813,0001.225,-001.010,0179
 
000333812,000000000,000000000,0122.819,0001.207,-000.992,0167
 
000333832,000000000,000000000,0122.830,0001.190,-000.972,0007
 
000333852,000000000,000000000,0122.815,0001.199,-000.979,0179
 
000333872,000000000,000000000,0122.830,0001.248,-000.942,0167
 
000333892,000000000,000000000,0122.819,0001.253,-000.948,0007
 
000333912,000000000,000000000,0122.831,0001.255,-000.934,0173
 
000333932,000000000,000000000,0122.821,0001.256,-000.944,0007
 
000333952,000000000,000000000,0122.827,0001.236,-000.949,0007
 
000333972,000000000,000000000,0122.838,0001.237,-000.936,0173
 
000333992,000000000,000000000,0122.819,0001.263,-000.946,0166
 
000334013,000000000,000000000,0122.815,0001.243,-000.953,1023
 
000334033,000000000,000000000,0122.801,0001.243,-000.938,1023
 
000334053,000000000,000000000,0122.794,0001.247,-000.948,1023
 
000334073,000000000,000000000,0122.762,0001.275,-000.955,1023
 
000334093,000000000,000000000,0122.745,0001.319,-000.945,1023
 
000334113,000000000,000000000,0122.657,0001.381,-000.937,1023
 
000334133,000000000,000000000,0122.558,0001.434,-000.926,1023
 
000334152,000000000,000000000,0122.342,0001.492,-000.897,0179
 
000334172,000000000,000000000,0122.082,0001.568,-000.933,0166
 
000334192,000000000,000000000,0121.767,0001.612,-000.947,0166
 
000334212,000000000,000000000,0121.384,0001.678,-000.942,0167
 
000334232,000000000,000000000,0120.940,0001.742,-000.964,0178
 
000334252,000000000,000000000,0120.358,0001.883,-000.957,0166
 
000334272,000000000,000000000,0119.711,0001.851,-000.958,0169
 
000334292,000000000,000000000,0119.041,0001.879,-000.977,0167
 
000334312,000000000,000000000,0118.351,0001.792,-000.971,0166
 
000334332,000000000,000000000,0117.642,0001.880,-000.970,0007
 
000334352,000000000,000000000,0116.920,0001.839,-000.986,0167
 
000334372,000000000,000000000,0116.244,0001.640,-000.982,0166
 
000334392,000000000,000000000,0115.568,0001.680,-000.976,0169
 
000334412,000000000,000000000,0114.949,0001.587,-000.980,0167
 
000334432,000000000,000000000,0114.423,0001.592,-000.962,0166
 
000334452,000000000,000000000,0113.870,0001.479,-000.975,0167
 
000334472,000000000,000000000,0113.335,0001.499,-000.979,0167
 
000334492,000000000,000000000,0112.773,0001.570,-000.983,0006
 
000334512,000000000,000000000,0112.210,0001.584,-000.970,0177
 
000334532,000000000,000000000,0111.622,0001.529,-000.957,0167
 
000334552,000000000,000000000,0111.085,0001.325,-000.946,0007
 
000334572,000000000,000000000,0110.589,0001.338,-000.958,0179
 
000334592,000000000,000000000,0110.152,0001.268,-000.914,0167
 
000334612,000000000,000000000,0109.705,0001.261,-000.925,0006
 
000334632,000000000,000000000,0109.265,0001.298,-000.933,0173
 
000334652,000000000,000000000,0108.770,0001.375,-000.921,0171
 
000334672,000000000,000000000,0108.358,0001.333,-000.931,0007
 
000334692,000000000,000000000,0107.902,0001.251,-000.941,0167
 
000334712,000000000,000000000,0107.466,0001.315,-000.923,0179
 
000334732,000000000,000000000,0107.051,0001.199,-000.951,0007
 
000334752,000000000,000000000,0106.657,0001.188,-000.962,0169
 
000334772,000000000,000000000,0106.356,0001.153,-000.966,0179
 
000334792,000000000,000000000,0106.146,0001.096,-000.973,0007
 
000334812,000000000,000000000,0105.977,0000.969,-001.001,0007
 
000334832,000000000,000000000,0105.834,0000.918,-000.999,0007
 
000334852,000000000,000000000,0105.670,0000.934,-001.001,0007
 
000334872,000000000,000000000,0105.484,0000.975,-000.998,0169
 
000334892,000000000,000000000,0105.359,0000.996,-000.976,0006
 
000334912,000000000,000000000,0105.276,0001.022,-000.960,0006
 
000334932,000000000,000000000,0105.224,0000.972,-000.942,0179
 
000334952,000000000,000000000,0105.145,0000.977,-000.926,0179
 
000334972,000000000,000000000,0105.065,0001.028,-000.936,0166
 
000334992,000000000,000000000,0104.959,0001.069,-000.966,0179
 
000335012,000000000,000000000,0104.852,0001.131,-000.948,0007
 
000335032,000000000,000000000,0104.713,0001.180,-000.975,0179
 
000335052,000000000,000000000,0104.577,0001.139,-000.977,0179
 
000335072,000000000,000000000,0104.456,0001.124,-000.980,0007
 
000335092,000000000,000000000,0104.356,0001.132,-000.984,0007
 
000335112,000000000,000000000,0104.308,0001.121,-000.967,0007
 
000335132,000000000,000000000,0104.323,0001.062,-000.950,0007
 
000335152,000000000,000000000,0104.348,0001.015,-000.957,0007
 
000335172,000000000,000000000,0104.403,0001.035,-000.939,0007
 
000335192,000000000,000000000,0104.484,0001.009,-000.923,0166
 
000335212,000000000,000000000,0104.589,0001.013,-000.953,0179
 
000335232,000000000,000000000,0104.651,0001.036,-000.914,0174
 
000335252,000000000,000000000,0104.706,0001.188,-000.925,0167
 
000335272,000000000,000000000,0104.738,0001.218,-000.955,0007
 
000335292,000000000,000000000,0104.761,0001.223,-000.915,0167
 
000335312,000000000,000000000,0104.755,0001.246,-000.924,0167
 
000335332,000000000,000000000,0104.757,0001.274,-000.911,0007
 
000335352,000000000,000000000,0104.771,0001.268,-000.899,0167
 
000335372,000000000,000000000,0104.779,0001.292,-000.911,0171
 
000335392,000000000,000000000,0104.781,0001.291,-000.922,0006
 
000335412,000000000,000000000,0104.778,0001.285,-000.907,0169
 
000335432,000000000,000000000,0104.738,0001.283,-000.895,0173
 
000335452,000000000,000000000,0104.738,0001.325,-000.907,0006
 
000335472,000000000,000000000,0104.760,0001.363,-000.896,0167
 
000335492,000000000,000000000,0104.775,0001.353,-000.907,0179
 
000335512,000000000,000000000,0104.775,0001.365,-000.917,0007
 
000335532,000000000,000000000,0104.776,0001.378,-000.904,0007
 
000335552,000000000,000000000,0104.780,0001.343,-000.893,0007
 
000335572,000000000,000000000,0104.765,0001.334,-000.882,0166
 
000335592,000000000,000000000,0104.790,0001.349,-000.897,0179
 
000335612,000000000,000000000,0104.792,0001.360,-000.886,0007
 
000335632,000000000,000000000,0104.787,0001.351,-000.877,0166
 
000335652,000000000,000000000,0104.776,0001.364,-000.868,0168
 
000335672,000000000,000000000,0104.749,0001.401,-000.859,0007
 
000335692,000000000,000000000,0104.747,0001.387,-000.851,0006
 
000335712,000000000,000000000,0104.742,0001.418,-000.847,0172
 
000335732,000000000,000000000,0104.728,0001.403,-000.842,0007
 
000335752,000000000,000000000,0104.729,0001.391,-000.792,0007
 
000335772,000000000,000000000,0104.737,0001.378,-000.813,0177
 
000335792,000000000,000000000,0104.732,0001.344,-000.808,0007
 
000335812,000000000,000000000,0104.737,0001.356,-000.805,0007
 
000335832,000000000,000000000,0104.729,0001.370,-000.847,0007
 
000335852,000000000,000000000,0104.712,0001.384,-000.862,0007
 
000335872,000000000,000000000,0104.691,0001.393,-000.808,0006
 
000335892,000000000,000000000,0104.673,0001.424,-000.805,0007
 
000335912,000000000,000000000,0104.648,0001.454,-000.805,0007
 
000335932,000000000,000000000,0104.645,0001.434,-000.826,0006
 
000335952,000000000,000000000,0104.603,0001.439,-000.844,0007
 
000335972,000000000,000000000,0104.608,0001.402,-000.836,0166
 
000335992,000000000,000000000,0104.624,0001.408,-000.832,0007
 
000336012,000000000,000000000,0104.636,0001.437,-000.850,0167
 
000336032,000000000,000000000,0104.604,0001.464,-000.842,0167
 
000336052,000000000,000000000,0104.609,0001.465,-000.860,0179
 
000336072,000000000,000000000,0104.572,0001.466,-000.874,0179
 
000336092,000000000,000000000,0104.552,0001.469,-000.864,0167
 
000336112,000000000,000000000,0104.574,0001.425,-000.836,0007
 
000336132,000000000,000000000,0104.566,0001.456,-000.854,0167
 
000336152,000000000,000000000,0104.571,0001.459,-000.869,0171
 
000336172,000000000,000000000,0104.563,0001.461,-000.883,0007
 
000336192,000000000,000000000,0104.557,0001.464,-000.894,0167
 
000336212,000000000,000000000,0104.552,0001.446,-000.907,0171
 
000336232,000000000,000000000,0104.552,0001.428,-000.873,0006
 
000336252,000000000,000000000,0104.538,0001.390,-000.864,0167
 
000336272,000000000,000000000,0104.530,0001.401,-000.859,0178
 
000336292,000000000,000000000,0104.536,0001.433,-000.874,0007
 
000336312,000000000,000000000,0104.540,0001.419,-000.887,0007
 
000336332,000000000,000000000,0104.549,0001.424,-000.877,0007
 
000336352,000000000,000000000,0104.548,0001.409,-000.892,0007
 
000336372,000000000,000000000,0104.538,0001.397,-000.882,0179
 
000336392,000000000,000000000,0104.542,0001.405,-000.874,0180
 
000336412,000000000,000000000,0104.531,0001.389,-000.888,0006
 
000336432,000000000,000000000,0104.516,0001.354,-000.876,0169
 
000336452,000000000,000000000,0104.513,0001.389,-000.845,0167
 
000336472,000000000,000000000,0104.527,0001.379,-000.886,0007
 
000336492,000000000,000000000,0104.524,0001.391,-000.876,0007
 
000336512,000000000,000000000,0104.499,0001.379,-000.891,0007
 
000336532,000000000,000000000,0104.490,0001.367,-000.902,0007
 
000336552,000000000,000000000,0104.479,0001.335,-000.911,0007
 
000336572,000000000,000000000,0104.491,0001.349,-000.899,0007
 
000336592,000000000,000000000,0104.507,0001.342,-000.911,0007
 
000336612,000000000,000000000,0104.513,0001.335,-000.898,0007
 
000336632,000000000,000000000,0104.507,0001.351,-000.888,0007
 
000336652,000000000,000000000,0104.513,0001.323,-000.881,0006
 
000336672,000000000,000000000,0104.525,0001.318,-000.871,0007
 
000336692,000000000,000000000,0104.543,0001.312,-000.864,0007
 
000336712,000000000,000000000,0104.539,0001.310,-000.878,0006
 
000336732,000000000,000000000,0104.531,0001.328,-000.891,0007
 
000336752,000000000,000000000,0104.516,0001.345,-000.882,0166
 
000336772,000000000,000000000,0104.526,0001.316,-000.895,0179
 
000336792,000000000,000000000,0104.524,0001.310,-000.906,0179
 
000336812,000000000,000000000,0104.531,0001.329,-000.918,0167
 
000336832,000000000,000000000,0104.532,0001.304,-000.927,0006
 
000336852,000000000,000000000,0104.545,0001.321,-000.936,0167
 
000336872,000000000,000000000,0104.558,0001.314,-000.944,0171
 
000336892,000000000,000000000,0104.570,0001.266,-000.928,0007
 
000336912,000000000,000000000,0104.568,0001.288,-000.915,0167
 
000336932,000000000,000000000,0104.549,0001.288,-000.947,0171
 
000336952,000000000,000000000,0104.563,0001.285,-000.929,0007
 
000336972,000000000,000000000,0104.579,0001.282,-000.939,0169
 
000336992,000000000,000000000,0104.582,0001.281,-000.948,0178
 
000337012,000000000,000000000,0104.600,0001.304,-000.956,0007
 
000337032,000000000,000000000,0104.585,0001.322,-000.941,0169
 
000337052,000000000,000000000,0104.603,0001.339,-000.970,0178
 
000337072,000000000,000000000,0104.618,0001.333,-000.951,0007
 
000337092,000000000,000000000,0104.627,0001.326,-000.957,0007
 
000337112,000000000,000000000,0104.642,0001.342,-000.940,0007
 
000337132,000000000,000000000,0104.649,0001.358,-000.925,0007
 
000337152,000000000,000000000,0104.614,0001.347,-000.935,0179
 
000337172,000000000,000000000,0104.630,0001.341,-000.942,0179
 
000337192,000000000,000000000,0104.645,0001.355,-000.925,0006
 
000337212,000000000,000000000,0104.653,0001.368,-000.889,0179
 
000337232,000000000,000000000,0104.651,0001.381,-000.879,0007
 
000337252,000000000,000000000,0104.641,0001.372,-000.893,0007
 
000337272,000000000,000000000,0104.615,0001.361,-000.928,0177
 
000337292,000000000,000000000,0104.623,0001.332,-000.913,0167
 
000337312,000000000,000000000,0104.642,0001.326,-000.924,0166
 
000337332,000000000,000000000,0104.666,0001.322,-000.912,0179
 
000337352,000000000,000000000,0104.691,0001.342,-000.901,0007
 
000337372,000000000,000000000,0104.682,0001.358,-000.936,0006
 
000337392,000000000,000000000,0104.671,0001.327,-000.944,0007
 
000337412,000000000,000000000,0104.691,0001.344,-000.928,0007
 
000337432,000000000,000000000,0104.703,0001.336,-000.938,0007
 
000337452,000000000,000000000,0104.703,0001.331,-000.947,0007
 
000337472,000000000,000000000,0104.710,0001.349,-000.932,0007
 
000337492,000000000,000000000,0104.681,0001.340,-000.939,0006
 
000337512,000000000,000000000,0104.673,0001.334,-000.925,0166
 
000337532,000000000,000000000,0104.650,0001.327,-000.909,0167
 
000337552,000000000,000000000,0104.674,0001.320,-000.897,0007
 
000337572,000000000,000000000,0104.718,0001.340,-000.887,0167
 
000337592,000000000,000000000,0104.700,0001.356,-000.876,0166
 
000337612,000000000,000000000,0104.688,0001.349,-000.870,0007
 
000337632,000000000,000000000,0104.714,0001.365,-000.884,0167
 
000337652,000000000,000000000,0104.730,0001.356,-000.876,0173
 
000337672,000000000,000000000,0104.732,0001.347,-000.868,0007
 
000337692,000000000,000000000,0104.723,0001.407,-000.861,0169
 
000337712,000000000,000000000,0104.692,0001.438,-000.900,0179
 
000337732,000000000,000000000,0104.689,0001.418,-000.933,0007
 
000337752,000000000,000000000,0104.718,0001.406,-000.963,0167
 
000337772,000000000,000000000,0104.709,0001.413,-000.918,0179
 
000337792,000000000,000000000,0104.731,0001.399,-000.882,0007
 
000337812,000000000,000000000,0104.731,0001.344,-000.873,0172
 
000337832,000000000,000000000,0104.694,0001.314,-000.889,0007
 
000337852,000000000,000000000,0104.697,0001.331,-000.902,0006
 
000337872,000000000,000000000,0104.723,0001.305,-000.913,0179
 
000337892,000000000,000000000,0104.730,0001.302,-000.902,0007
 
000337912,000000000,000000000,0104.732,0001.276,-000.914,0167
 
000337932,000000000,000000000,0104.735,0001.230,-000.901,0007
 
000337952,000000000,000000000,0104.699,0001.256,-000.891,0007
 
000337972,000000000,000000000,0104.724,0001.281,-000.882,0007
 
000337992,000000000,000000000,0104.742,0001.303,-000.875,0177
 
000338012,000000000,000000000,0104.729,0001.323,-000.891,0178
 
000338032,000000000,000000000,0104.713,0001.319,-000.882,0166
 
000338052,000000000,000000000,0104.691,0001.315,-000.849,0169
 
000338072,000000000,000000000,0104.689,0001.331,-000.843,0167
 
000338092,000000000,000000000,0104.672,0001.326,-000.881,0167
 
000338112,000000000,000000000,0104.673,0001.322,-000.894,0169
 
000338132,000000000,000000000,0104.649,0001.317,-000.883,0007
 
000338152,000000000,000000000,0104.626,0001.358,-000.874,0007
 
000338172,000000000,000000000,0104.625,0001.349,-000.844,0007
 
000338192,000000000,000000000,0104.649,0001.342,-000.839,0007
 
000338212,000000000,000000000,0104.643,0001.339,-000.878,0006
 
000338232,000000000,000000000,0104.611,0001.311,-000.868,0166
 
000338252,000000000,000000000,0104.613,0001.305,-000.837,0167
 
000338272,000000000,000000000,0104.591,0001.302,-000.855,0007
 
000338292,000000000,000000000,0104.581,0001.321,-000.872,0167
 
000338312,000000000,000000000,0104.594,0001.361,-000.842,0173
 
000338332,000000000,000000000,0104.593,0001.374,-000.836,0007
 
000338352,000000000,000000000,0104.566,0001.385,-000.788,0173
 
000338372,000000000,000000000,0104.538,0001.373,-000.810,0173
 
000338392,000000000,000000000,0104.550,0001.365,-000.808,0007
 
000338412,000000000,000000000,0104.532,0001.400,-000.851,0167
 
000338432,000000000,000000000,0104.542,0001.388,-000.867,0179
 
000338452,000000000,000000000,0104.551,0001.356,-000.904,0006
 
000338472,000000000,000000000,0104.581,0001.372,-000.897,0007
 
000338492,000000000,000000000,0104.581,0001.385,-000.910,0166
 
000338512,000000000,000000000,0104.587,0001.376,-000.919,0007
 
000338532,000000000,000000000,0104.599,0001.388,-000.928,0006
 
000338552,000000000,000000000,0104.621,0001.376,-000.935,0007
 
000338572,000000000,000000000,0104.596,0001.365,-000.897,0166
 
000338592,000000000,000000000,0104.589,0001.357,-000.912,0169
 
000338612,000000000,000000000,0104.585,0001.349,-000.923,0179
 
000338632,000000000,000000000,0104.598,0001.387,-000.910,0006
 
000338652,000000000,000000000,0104.597,0001.400,-000.920,0179
 
000338672,000000000,000000000,0104.583,0001.389,-000.907,0007
 
000338692,000000000,000000000,0104.586,0001.378,-000.874,0006
 
000338712,000000000,000000000,0104.606,0001.368,-000.886,0007
 
000338732,000000000,000000000,0104.607,0001.359,-000.920,0007
 
000338752,000000000,000000000,0104.596,0001.374,-000.929,0007
 
000338772,000000000,000000000,0104.604,0001.386,-000.916,0007
 
000338792,000000000,000000000,0104.584,0001.374,-000.925,0007
 
000338812,000000000,000000000,0104.575,0001.367,-000.936,0007
 
000338832,000000000,000000000,0104.548,0001.358,-000.919,0007
 
000338852,000000000,000000000,0104.542,0001.374,-000.930,0007
 
000338872,000000000,000000000,0104.539,0001.364,-000.918,0007
 
000338892,000000000,000000000,0104.565,0001.355,-000.860,0007
 
000338912,000000000,000000000,0104.582,0001.348,-000.877,0007
 
000338932,000000000,000000000,0104.608,0001.363,-000.891,0007
 
000338952,000000000,000000000,0104.597,0001.356,-000.880,0007
 
000338972,000000000,000000000,0104.608,0001.349,-000.893,0166
 
000338992,000000000,000000000,0104.620,0001.344,-000.905,0007
 
000339012,000000000,000000000,0104.616,0001.338,-000.916,0167
 
000339032,000000000,000000000,0104.590,0001.355,-000.903,0167
 
000339052,000000000,000000000,0104.619,0001.348,-000.936,0007
 
000339072,000000000,000000000,0104.609,0001.384,-000.923,0167
 
000339092,000000000,000000000,0104.603,0001.373,-000.911,0171
 
000339112,000000000,000000000,0104.602,0001.385,-000.897,0007
 
000339132,000000000,000000000,0104.605,0001.375,-000.932,0166
 
000339152,000000000,000000000,0104.592,0001.343,-000.941,0171
 
000339172,000000000,000000000,0104.593,0001.340,-000.908,0007
 
000339192,000000000,000000000,0104.608,0001.336,-000.920,0169
 
000339212,000000000,000000000,0104.637,0001.329,-000.884,0178
 
000339232,000000000,000000000,0104.653,0001.325,-000.850,0007
 
000339252,000000000,000000000,0104.653,0001.343,-000.844,0007
 
000339272,000000000,000000000,0104.636,0001.360,-000.861,0007
 
000339292,000000000,000000000,0104.651,0001.307,-000.876,0007
 
000339312,000000000,000000000,0104.649,0001.326,-000.870,0169
 
000339332,000000000,000000000,0104.638,0001.322,-000.862,0007
 
000339352,000000000,000000000,0104.640,0001.317,-000.879,0006
 
000339372,000000000,000000000,0104.623,0001.333,-000.868,0179
 
000339392,000000000,000000000,0104.644,0001.328,-000.904,0007
 
000339412,000000000,000000000,0104.654,0001.324,-000.894,0006
 
000339432,000000000,000000000,0104.679,0001.298,-000.906,0179
 
000339452,000000000,000000000,0104.664,0001.273,-000.939,0178
 
000339472,000000000,000000000,0104.642,0001.296,-000.947,0166
 
000339492,000000000,000000000,0104.669,0001.294,-000.933,0169
 
000339512,000000000,000000000,0104.673,0001.294,-000.941,0167
 
000339532,000000000,000000000,0104.680,0001.294,-000.951,0006
 
000339552,000000000,000000000,0104.678,0001.293,-000.937,0007
 
000339572,000000000,000000000,0104.656,0001.314,-000.923,0007
 
000339592,000000000,000000000,0104.628,0001.336,-000.932,0006
 
000339612,000000000,000000000,0104.620,0001.353,-000.917,0166
 
000339632,000000000,000000000,0104.638,0001.369,-000.927,0167
 
000339652,000000000,000000000,0104.640,0001.362,-000.915,0179
 
000339672,000000000,000000000,0104.660,0001.375,-000.900,0007
 
000339692,000000000,000000000,0104.648,0001.389,-000.890,0166
 
