000304828,000000000,000000000,0117.640,0002.107,-001.632,0006
 
000304848,000000000,000000000,0117.665,0002.057,-001.578,0006
 
000304868,000000000,000000000,0117.675,0002.014,-001.532,0167
 
000304888,000000000,000000000,0117.694,0001.972,-001.513,0006
 
000304908,000000000,000000000,0117.713,0001.910,-001.472,0006
 
000304928,000000000,000000000,0117.733,0001.877,-001.434,0173
 
000304948,000000000,000000000,0117.757,0001.849,-001.382,0006
 
000304968,000000000,000000000,0117.770,0001.799,-001.354,0006
 
000304988,000000000,000000000,0117.782,0001.755,-001.329,0168
 
000305008,000000000,000000000,0117.808,0001.739,-001.263,0007
 
000305028,000000000,000000000,0117.832,0001.745,-001.245,0006
 
000305048,000000000,000000000,0117.843,0001.753,-001.251,0168
 
000305068,000000000,000000000,0117.847,0001.713,-001.255,0006
 
000305088,000000000,000000000,0117.864,0001.720,-001.256,0006
 
000305108,000000000,000000000,0117.883,0001.706,-001.217,0173
 
000305128,000000000,000000000,0117.905,0001.668,-001.156,0168
 
000305148,000000000,000000000,0117.925,0001.680,-001.127,0169
 
000305168,000000000,000000000,0117.949,0001.670,-001.083,0006
 
000305188,000000000,000000000,0117.970,0001.662,-001.063,0006
 
000305208,000000000,000000000,0117.981,0001.607,-001.044,0006
 
000305228,000000000,000000000,0118.008,0001.583,-001.050,0173
 
000305248,000000000,000000000,0118.026,0001.584,-001.055,0166
 
000305268,000000000,000000000,0118.046,0001.563,-001.099,0007
 
000305288,000000000,000000000,0118.065,0001.566,-001.094,0173
 
000305308,000000000,000000000,0118.090,0001.590,-001.090,0007
 
000305328,000000000,000000000,0118.105,0001.610,-001.086,0006
 
000305348,000000000,000000000,0118.132,0001.586,-001.085,0173
 
000305368,000000000,000000000,0118.152,0001.563,-001.062,0006
 
000305388,000000000,000000000,0118.169,0001.540,-001.042,0006
 
000305408,000000000,000000000,0118.179,0001.523,-001.006,0167
 
000305428,000000000,000000000,0118.191,0001.505,-000.970,0166
 
000305448,000000000,000000000,0118.209,0001.536,-000.982,0006
 
000305468,000000000,000000000,0118.208,0001.518,-001.014,0006
 
000305488,000000000,000000000,0118.229,0001.526,-001.043,0007
 
000305508,000000000,000000000,0118.237,0001.533,-001.068,0006
 
000305528,000000000,000000000,0118.241,0001.560,-001.088,0006
 
000305548,000000000,000000000,0118.243,0001.538,-001.085,0166
 
000305568,000000000,000000000,0118.252,0001.521,-001.108,0006
 
000305588,000000000,000000000,0118.261,0001.485,-001.084,0169
 
000305608,000000000,000000000,0118.283,0001.493,-001.062,0006
 
000305628,000000000,000000000,0118.289,0001.480,-001.021,0169
 
000305648,000000000,000000000,0118.305,0001.466,-000.982,0169
 
000305668,000000000,000000000,0118.326,0001.499,-000.994,0166
 
000305688,000000000,000000000,0118.339,0001.508,-001.002,0169
 
000305708,000000000,000000000,0118.343,0001.514,-001.010,0173
 
000305728,000000000,000000000,0118.350,0001.429,-000.994,0166
 
000305748,000000000,000000000,0118.363,0001.445,-001.003,0006
 
000305768,000000000,000000000,0118.378,0001.459,-001.031,0168
 
000305788,000000000,000000000,0118.401,0001.470,-001.058,0006
 
000305808,000000000,000000000,0118.410,0001.436,-001.104,0006
 
000305828,000000000,000000000,0118.419,0001.450,-001.077,0173
 
000305848,000000000,000000000,0118.433,0001.442,-001.077,0006
 
000305868,000000000,000000000,0118.447,0001.455,-001.075,0006
 
000305888,000000000,000000000,0118.468,0001.424,-001.030,0173
 
000305908,000000000,000000000,0118.473,0001.416,-001.014,0006
 
000305928,000000000,000000000,0118.483,0001.367,-000.999,0006
 
000305948,000000000,000000000,0118.502,0001.387,-001.030,0173
 
000305968,000000000,000000000,0118.513,0001.428,-001.033,0166
 
000305988,000000000,000000000,0118.529,0001.444,-001.015,0006
 
000306008,000000000,000000000,0118.538,0001.455,-001.000,0173
 
000306028,000000000,000000000,0118.552,0001.446,-001.008,0166
 
000306048,000000000,000000000,0118.557,0001.414,-000.989,0006
 
000306068,000000000,000000000,0118.562,0001.408,-001.039,0173
 
000306088,000000000,000000000,0118.565,0001.404,-001.044,0006
 
000306108,000000000,000000000,0118.561,0001.396,-001.002,0006
 
000306128,000000000,000000000,0118.572,0001.412,-000.966,0179
 
000306148,000000000,000000000,0118.583,0001.429,-000.956,0006
 
000306168,000000000,000000000,0118.592,0001.444,-000.969,0006
 
000306188,000000000,000000000,0118.593,0001.457,-000.981,0167
 
000306208,000000000,000000000,0118.598,0001.469,-000.947,0166
 
000306228,000000000,000000000,0118.596,0001.457,-000.981,0006
 
000306248,000000000,000000000,0118.603,0001.447,-000.992,0169
 
000306268,000000000,000000000,0118.613,0001.438,-001.001,0006
 
000306288,000000000,000000000,0118.615,0001.450,-001.027,0006
 
000306308,000000000,000000000,0118.618,0001.463,-001.009,0171
 
000306328,000000000,000000000,0118.626,0001.473,-000.969,0166
 
000306348,000000000,000000000,0118.627,0001.460,-000.978,0173
 
000306368,000000000,000000000,0118.639,0001.451,-000.990,0169
 
000306388,000000000,000000000,0118.643,0001.441,-000.973,0166
 
000306408,000000000,000000000,0118.655,0001.410,-000.961,0173
 
000306428,000000000,000000000,0118.677,0001.428,-000.973,0169
 
000306448,000000000,000000000,0118.692,0001.445,-000.983,0166
 
000306468,000000000,000000000,0118.697,0001.458,-000.992,0006
 
000306488,000000000,000000000,0118.704,0001.470,-001.001,0173
 
000306508,000000000,000000000,0118.704,0001.482,-001.008,0167
 
000306528,000000000,000000000,0118.708,0001.469,-000.992,0006
 
000306548,000000000,000000000,0118.717,0001.458,-001.000,0168
 
000306568,000000000,000000000,0118.710,0001.469,-001.006,0006
 
000306588,000000000,000000000,0118.709,0001.456,-001.012,0006
 
000306608,000000000,000000000,0118.722,0001.448,-000.973,0168
 
000306628,000000000,000000000,0118.714,0001.483,-000.962,0007
 
000306648,000000000,000000000,0118.715,0001.492,-000.952,0006
 
000306668,000000000,000000000,0118.718,0001.458,-000.944,0173
 
000306688,000000000,000000000,0118.719,0001.449,-000.957,0007
 
000306708,000000000,000000000,0118.725,0001.440,-000.968,0006
 
000306728,000000000,000000000,0118.720,0001.455,-000.956,0179
 
000306748,000000000,000000000,0118.732,0001.469,-000.946,0166
 
000306768,000000000,000000000,0118.729,0001.478,-000.979,0007
 
000306788,000000000,000000000,0118.734,0001.490,-000.988,0173
 
000306808,000000000,000000000,0118.731,0001.475,-000.993,0166
 
000306828,000000000,000000000,0118.736,0001.441,-000.977,0007
 
000306848,000000000,000000000,0118.742,0001.409,-000.986,0167
 
000306868,000000000,000000000,0118.746,0001.449,-000.995,0007
 
000306888,000000000,000000000,0118.749,0001.439,-001.003,0007
 
000306908,000000000,000000000,0118.753,0001.429,-000.986,0007
 
000306928,000000000,000000000,0118.763,0001.466,-000.973,0007
 
000306948,000000000,000000000,0118.774,0001.479,-001.005,0007
 
000306968,000000000,000000000,0118.767,0001.467,-001.034,0173
 
000306988,000000000,000000000,0118.767,0001.430,-001.059,0166
 
000307008,000000000,000000000,0118.761,0001.469,-001.083,0007
 
000307028,000000000,000000000,0118.770,0001.458,-001.036,0173
 
000307048,000000000,000000000,0118.779,0001.470,-001.038,0166
 
000307068,000000000,000000000,0118.784,0001.480,-001.019,0007
 
000307088,000000000,000000000,0118.779,0001.468,-001.002,0172
 
000307108,000000000,000000000,0118.779,0001.456,-000.986,0167
 
000307128,000000000,000000000,0118.784,0001.449,-000.972,0007
 
000307148,000000000,000000000,0118.783,0001.461,-000.980,0169
 
000307168,000000000,000000000,0118.794,0001.473,-001.012,0007
 
000307188,000000000,000000000,0118.796,0001.463,-001.018,0174
 
000307208,000000000,000000000,0118.799,0001.472,-001.000,0173
 
000307228,000000000,000000000,0118.800,0001.440,-001.029,0166
 
000307248,000000000,000000000,0118.786,0001.434,-001.035,0007
 
000307268,000000000,000000000,0118.784,0001.426,-001.058,0173
 
000307288,000000000,000000000,0118.784,0001.422,-001.057,0007
 
000307308,000000000,000000000,0118.790,0001.414,-001.036,0006
 
000307328,000000000,000000000,0118.795,0001.452,-001.039,0168
 
000307348,000000000,000000000,0118.803,0001.466,-001.042,0007
 
000307368,000000000,000000000,0118.802,0001.455,-001.023,0006
 
000307388,000000000,000000000,0118.810,0001.468,-001.027,0168
 
000307408,000000000,000000000,0118.810,0001.480,-001.032,0170
 
000307428,000000000,000000000,0118.826,0001.491,-001.037,0006
 
000307448,000000000,000000000,0118.833,0001.478,-001.041,0179
 
000307468,000000000,000000000,0118.841,0001.510,-001.046,0166
 
000307488,000000000,000000000,0118.847,0001.495,-001.048,0006
 
000307508,000000000,000000000,0118.843,0001.502,-001.050,0173
 
000307528,000000000,000000000,0118.841,0001.487,-001.051,0166
 
000307548,000000000,000000000,0118.841,0001.495,-001.052,0007
 
000307568,000000000,000000000,0118.843,0001.481,-001.053,0173
 
000307588,000000000,000000000,0118.837,0001.446,-001.053,0007
 
000307608,000000000,000000000,0118.830,0001.415,-001.053,0007
 
000307628,000000000,000000000,0118.841,0001.431,-001.033,0179
 
000307648,000000000,000000000,0118.840,0001.425,-001.016,0006
 
000307668,000000000,000000000,0118.850,0001.462,-000.998,0007
 
000307688,000000000,000000000,0118.863,0001.428,-001.026,0173
 
000307708,000000000,000000000,0118.871,0001.465,-001.010,0166
 
000307728,000000000,000000000,0118.880,0001.430,-001.015,0007
 
000307748,000000000,000000000,0118.862,0001.447,-001.022,0167
 
000307768,000000000,000000000,0118.863,0001.437,-001.027,0007
 
000307788,000000000,000000000,0118.868,0001.407,-001.054,0007
 
000307808,000000000,000000000,0118.855,0001.424,-001.012,0006
 
000307828,000000000,000000000,0118.855,0001.416,-001.016,0166
 
000307848,000000000,000000000,0118.875,0001.410,-001.023,0007
 
000307868,000000000,000000000,0118.881,0001.405,-001.006,0169
 
000307888,000000000,000000000,0118.874,0001.401,-000.988,0166
 
000307908,000000000,000000000,0118.870,0001.396,-000.997,0173
 
000307928,000000000,000000000,0118.867,0001.415,-001.006,0169
 
000307948,000000000,000000000,0118.856,0001.432,-001.034,0166
 
000307968,000000000,000000000,0118.853,0001.444,-001.037,0007
 
000307988,000000000,000000000,0118.855,0001.437,-001.039,0173
 
000308008,000000000,000000000,0118.864,0001.448,-001.019,0168
 
000308028,000000000,000000000,0118.863,0001.461,-001.024,0007
 
000308048,000000000,000000000,0118.860,0001.450,-001.028,0168
 
000308068,000000000,000000000,0118.863,0001.462,-001.031,0166
 
000308088,000000000,000000000,0118.861,0001.474,-001.033,0006
 
000308108,000000000,000000000,0118.862,0001.462,-000.967,0168
 
000308128,000000000,000000000,0118.867,0001.496,-000.956,0007
 
000308148,000000000,000000000,0118.866,0001.481,-000.946,0007
 
000308168,000000000,000000000,0118.849,0001.492,-000.959,0173
 
000308188,000000000,000000000,0118.841,0001.500,-000.991,0007
 
000308208,000000000,000000000,0118.842,0001.465,-000.999,0006
 
000308228,000000000,000000000,0118.852,0001.408,-000.983,0173
 
000308248,000000000,000000000,0118.845,0001.401,-000.990,0166
 
000308268,000000000,000000000,0118.872,0001.397,-000.998,0006
 
000308288,000000000,000000000,0118.874,0001.372,-000.961,0173
 
000308308,000000000,000000000,0118.873,0001.391,-000.945,0166
 
000308328,000000000,000000000,0118.873,0001.365,-000.958,0007
 
000308348,000000000,000000000,0118.895,0001.384,-000.966,0166
 
000308368,000000000,000000000,0118.899,0001.356,-000.997,0007
 
000308388,000000000,000000000,0118.888,0001.360,-001.005,0007
 
000308408,000000000,000000000,0118.894,0001.358,-000.990,0167
 
000308428,000000000,000000000,0118.898,0001.379,-000.977,0007
 
000308448,000000000,000000000,0118.900,0001.378,-000.986,0007
 
000308468,000000000,000000000,0118.907,0001.397,-000.994,0007
 
000308488,000000000,000000000,0118.918,0001.368,-000.977,0007
 
000308508,000000000,000000000,0118.910,0001.392,-000.965,0007
 
000308528,000000000,000000000,0118.890,0001.387,-000.974,0173
 
000308548,000000000,000000000,0118.892,0001.406,-000.984,0166
 
000308568,000000000,000000000,0118.885,0001.400,-000.968,0007
 
000308588,000000000,000000000,0118.886,0001.418,-000.955,0169
 
000308608,000000000,000000000,0118.878,0001.434,-000.942,0166
 
000308628,000000000,000000000,0118.872,0001.446,-000.931,0173
 
000308648,000000000,000000000,0118.869,0001.436,-000.922,0169
 
000308668,000000000,000000000,0118.869,0001.452,-000.959,0007
 
000308688,000000000,000000000,0118.870,0001.466,-000.968,0173
 
000308708,000000000,000000000,0118.873,0001.456,-000.959,0007
 
000308728,000000000,000000000,0118.887,0001.492,-000.969,0166
 
000308748,000000000,000000000,0118.895,0001.500,-001.002,0006
 
000308768,000000000,000000000,0118.886,0001.487,-001.007,0006
 
000308788,000000000,000000000,0118.884,0001.452,-000.991,0168
 
000308808,000000000,000000000,0118.876,0001.442,-000.974,0006
 
000308828,000000000,000000000,0118.878,0001.457,-001.006,0168
 
000308848,000000000,000000000,0118.869,0001.446,-001.012,0168
 
000308868,000000000,000000000,0118.877,0001.479,-001.017,0007
 
000308888,000000000,000000000,0118.864,0001.489,-001.021,0168
 
000308908,000000000,000000000,0118.854,0001.475,-001.025,0007
 
000308928,000000000,000000000,0118.851,0001.463,-001.028,0007
 
000308948,000000000,000000000,0118.843,0001.475,-001.032,0173
 
000308968,000000000,000000000,0118.847,0001.486,-001.012,0166
 
000308988,000000000,000000000,0118.848,0001.430,-001.017,0007
 
000309008,000000000,000000000,0118.838,0001.423,-001.024,0173
 
000309028,000000000,000000000,0118.834,0001.438,-001.051,0166
 
000309048,000000000,000000000,0118.845,0001.430,-001.055,0007
 
000309068,000000000,000000000,0118.838,0001.446,-001.056,0173
 
000309088,000000000,000000000,0118.832,0001.436,-001.056,0007
 
000309108,000000000,000000000,0118.829,0001.447,-001.034,0006
 
000309128,000000000,000000000,0118.830,0001.460,-001.038,0167
 
000309148,000000000,000000000,0118.834,0001.452,-001.040,0007
 
000309168,000000000,000000000,0118.821,0001.442,-001.045,0006
 
000309188,000000000,000000000,0118.820,0001.434,-001.026,0173
 
000309208,000000000,000000000,0118.824,0001.450,-001.053,0166
 
000309228,000000000,000000000,0118.827,0001.485,-001.054,0007
 
000309248,000000000,000000000,0118.825,0001.473,-001.056,0173
 
000309268,000000000,000000000,0118.822,0001.461,-001.034,0007
 
000309288,000000000,000000000,0118.826,0001.450,-001.037,0007
 
000309308,000000000,000000000,0118.820,0001.440,-001.038,0006
 
000309328,000000000,000000000,0118.809,0001.432,-001.041,0166
 
000309348,000000000,000000000,0118.816,0001.444,-001.044,0007
 
000309368,000000000,000000000,0118.818,0001.458,-001.025,0169
 
000309388,000000000,000000000,0118.817,0001.448,-001.007,0007
 
000309408,000000000,000000000,0118.810,0001.438,-000.991,0007
 
000309428,000000000,000000000,0118.812,0001.431,-001.022,0166
 
000309448,000000000,000000000,0118.825,0001.444,-001.025,0007
 
000309468,000000000,000000000,0118.822,0001.457,-001.030,0173
 
000309488,000000000,000000000,0118.820,0001.470,-001.034,0173
 
000309508,000000000,000000000,0118.824,0001.458,-001.060,0166
 
000309528,000000000,000000000,0118.823,0001.447,-001.057,0006
 
000309548,000000000,000000000,0118.831,0001.441,-001.036,0168
 
000309568,000000000,000000000,0118.839,0001.453,-001.061,0166
 
000309588,000000000,000000000,0118.849,0001.466,-001.061,0169
 
000309608,000000000,000000000,0118.842,0001.455,-001.014,0173
 
000309628,000000000,000000000,0118.842,0001.489,-001.021,0007
 
000309648,000000000,000000000,0118.845,0001.476,-001.049,0006
 
000309668,000000000,000000000,0118.829,0001.440,-001.072,0179
 
000309688,000000000,000000000,0118.826,0001.477,-001.070,0007
 
000309708,000000000,000000000,0118.839,0001.463,-001.068,0006
 
000309728,000000000,000000000,0118.837,0001.475,-001.047,0179
 
000309748,000000000,000000000,0118.821,0001.483,-001.025,0166
 
000309768,000000000,000000000,0118.819,0001.493,-001.028,0006
 
000309788,000000000,000000000,0118.822,0001.456,-001.032,0173
 
000309808,000000000,000000000,0118.815,0001.491,-001.011,0166
 
000309828,000000000,000000000,0118.806,0001.478,-001.015,0007
 
000309848,000000000,000000000,0118.807,0001.487,-001.043,0173
 
000309868,000000000,000000000,0118.807,0001.451,-001.067,0007
 
000309888,000000000,000000000,0118.813,0001.440,-001.068,0007
 
000309908,000000000,000000000,0118.813,0001.433,-001.069,0173
 
000309928,000000000,000000000,0118.815,0001.422,-001.070,0007
 
000309948,000000000,000000000,0118.820,0001.415,-001.071,0006
 
000309968,000000000,000000000,0118.816,0001.409,-001.092,0007
 
000309988,000000000,000000000,0118.806,0001.406,-001.067,0007
 
000310009,000000000,000000000,0118.798,0001.443,-001.045,1023
 
000310029,000000000,000000000,0118.810,0001.458,-000.980,1023
 
000310049,000000000,000000000,0118.799,0001.449,-000.964,1023
 
000310069,000000000,000000000,0118.808,0001.440,-000.952,1023
 
000310089,000000000,000000000,0118.813,0001.431,-000.964,1023
 
000310109,000000000,000000000,0118.809,0001.445,-000.956,1023
 
000310129,000000000,000000000,0118.814,0001.480,-000.923,1023
 
000310149,000000000,000000000,0118.817,0001.469,-000.916,1023
 
000310169,000000000,000000000,0118.821,0001.460,-000.909,1023
 
000310189,000000000,000000000,0118.807,0001.451,-000.946,1023
 
000310209,000000000,000000000,0118.809,0001.464,-000.936,1023
 
000310228,000000000,000000000,0118.799,0001.497,-000.951,0170
 
000310248,000000000,000000000,0118.781,0001.506,-000.983,0007
 
000310268,000000000,000000000,0118.693,0001.552,-000.991,0168
 
000310288,000000000,000000000,0118.518,0001.591,-000.996,0006
 
000310308,000000000,000000000,0118.259,0001.539,-001.021,0006
 
000310328,000000000,000000000,0117.960,0001.597,-001.022,0168
 
000310348,000000000,000000000,0117.666,0001.641,-001.017,0006
 
000310368,000000000,000000000,0117.319,0001.653,-001.016,0006
 
000310388,000000000,000000000,0116.997,0001.679,-001.034,0168
 
000310408,000000000,000000000,0116.686,0001.588,-001.031,0166
 
000310428,000000000,000000000,0116.330,0001.590,-001.042,0006
 
000310448,000000000,000000000,0115.897,0001.702,-001.047,0179
 
000310468,000000000,000000000,0115.436,0001.734,-001.038,0006
 
000310488,000000000,000000000,0114.788,0001.862,-001.020,0006
 
000310508,000000000,000000000,0114.157,0001.737,-001.033,0179
 
000310528,000000000,000000000,0113.477,0001.741,-001.018,0166
 
000310548,000000000,000000000,0112.791,0001.690,-001.017,0007
 
000310568,000000000,000000000,0112.110,0001.853,-001.017,0173
 
000310588,000000000,000000000,0111.469,0001.816,-001.023,0166
 
000310608,000000000,000000000,0110.957,0001.614,-001.006,0007
 
000310628,000000000,000000000,0110.448,0001.548,-001.024,0173
 
000310648,000000000,000000000,0110.007,0001.523,-001.042,0006
 
000310668,000000000,000000000,0109.593,0001.530,-001.032,0007
 
000310688,000000000,000000000,0109.136,0001.631,-000.997,0006
 
000310708,000000000,000000000,0108.634,0001.576,-000.958,0007
 
000310728,000000000,000000000,0108.053,0001.694,-000.954,0007
 
000310748,000000000,000000000,0107.499,0001.541,-000.969,0006
 
000310768,000000000,000000000,0106.885,0001.611,-000.984,0006
 
000310788,000000000,000000000,0106.283,0001.466,-001.023,0006
 
000310808,000000000,000000000,0105.665,0001.556,-001.041,0006
 
000310828,000000000,000000000,0105.047,0001.410,-001.007,0006
 
000310848,000000000,000000000,0104.444,0001.359,-000.999,0006
 
000310868,000000000,000000000,0103.946,0001.356,-001.001,0006
 
000310888,000000000,000000000,0103.500,0001.269,-000.987,0006
 
000310908,000000000,000000000,0103.102,0001.275,-000.978,0006
 
000310928,000000000,000000000,0102.733,0001.186,-000.948,0006
 
000310948,000000000,000000000,0102.395,0001.191,-000.881,0007
 
000310968,000000000,000000000,0102.150,0001.182,-000.913,0006
 
000310988,000000000,000000000,0101.930,0001.035,-000.897,0006
 
000311008,000000000,000000000,0101.761,0001.055,-000.874,0166
 
000311028,000000000,000000000,0101.623,0001.084,-000.840,0006
 
000311048,000000000,000000000,0101.481,0001.105,-000.819,0006
 
000311068,000000000,000000000,0101.352,0001.110,-000.862,0166
 
000311088,000000000,000000000,0101.218,0001.111,-000.905,0006
 
000311108,000000000,000000000,0101.094,0001.110,-000.939,0167
 
000311128,000000000,000000000,0100.968,0001.115,-000.973,0170
 
000311148,000000000,000000000,0100.853,0001.162,-000.960,0006
 
000311168,000000000,000000000,0100.717,0001.169,-000.923,0167
 
000311188,000000000,000000000,0100.587,0001.183,-000.890,0170
 
000311208,000000000,000000000,0100.511,0001.145,-000.881,0006
 
000311228,000000000,000000000,0100.471,0001.102,-000.902,0173
 
000311248,000000000,000000000,0100.431,0001.141,-000.936,0170
 
000311268,000000000,000000000,0100.386,0001.183,-000.949,0006
 
000311288,000000000,000000000,0100.322,0001.222,-000.958,0167
 
000311308,000000000,000000000,0100.218,0001.298,-000.967,0006
 
000311328,000000000,000000000,0100.110,0001.341,-000.972,0169
 
000311348,000000000,000000000,0100.039,0001.318,-000.981,0173
 
000311368,000000000,000000000,0099.995,0001.296,-000.985,0006
 
000311388,000000000,000000000,0099.954,0001.276,-000.967,0169
 
000311408,000000000,000000000,0099.898,0001.257,-000.948,0006
 
000311428,000000000,000000000,0099.868,0001.286,-000.894,0007
 
000311448,000000000,000000000,0099.820,0001.335,-000.907,0166
 
000311468,000000000,000000000,0099.765,0001.332,-000.898,0173
 
000311488,000000000,000000000,0099.713,0001.336,-000.871,0006
 
000311508,000000000,000000000,0099.668,0001.316,-000.870,0006
 
000311528,000000000,000000000,0099.620,0001.343,-000.889,0168
 
000311548,000000000,000000000,0099.576,0001.339,-000.906,0006
 
000311568,000000000,000000000,0099.543,0001.342,-000.922,0006
 
000311588,000000000,000000000,0099.536,0001.339,-000.911,0168
 
000311608,000000000,000000000,0099.551,0001.313,-000.905,0006
 
000311628,000000000,000000000,0099.549,0001.323,-000.898,0006
 
000311648,000000000,000000000,0099.536,0001.364,-000.870,0006
 
000311668,000000000,000000000,0099.490,0001.411,-000.866,0006
 
000311688,000000000,000000000,0099.464,0001.399,-000.841,0006
 
000311708,000000000,000000000,0099.467,0001.401,-000.865,0006
 
000311728,000000000,000000000,0099.479,0001.396,-000.883,0006
 
000311748,000000000,000000000,0099.489,0001.372,-000.901,0006
 
000311768,000000000,000000000,0099.487,0001.366,-000.913,0006
 
000311788,000000000,000000000,0099.499,0001.389,-000.904,0166
 
000311808,000000000,000000000,0099.502,0001.360,-000.916,0006
 
000311828,000000000,000000000,0099.510,0001.360,-000.931,0169
 
000311848,000000000,000000000,0099.520,0001.383,-000.923,0007
 
000311868,000000000,000000000,0099.530,0001.376,-000.935,0006
 
000311888,000000000,000000000,0099.534,0001.375,-000.925,0167
 
000311908,000000000,000000000,0099.549,0001.393,-000.916,0170
 
000311928,000000000,000000000,0099.555,0001.413,-000.929,0006
 
000311948,000000000,000000000,0099.549,0001.428,-000.916,0167
 
000311968,000000000,000000000,0099.538,0001.445,-000.932,0174
 
000311988,000000000,000000000,0099.531,0001.434,-000.922,0006
 
000312008,000000000,000000000,0099.548,0001.451,-000.912,0167
 
000312028,000000000,000000000,0099.545,0001.485,-000.926,0006
 
000312048,000000000,000000000,0099.550,0001.475,-000.895,0166
 
000312068,000000000,000000000,0099.550,0001.461,-000.908,0173
 
000312088,000000000,000000000,0099.559,0001.493,-000.900,0006
 
000312108,000000000,000000000,0099.549,0001.479,-000.894,0169
 
000312128,000000000,000000000,0099.543,0001.486,-000.911,0173
 
000312148,000000000,000000000,0099.539,0001.496,-000.925,0006
 
000312168,000000000,000000000,0099.547,0001.504,-000.917,0006
 
000312188,000000000,000000000,0099.538,0001.468,-000.886,0169
 
000312208,000000000,000000000,0099.555,0001.432,-000.856,0006
 
000312228,000000000,000000000,0099.553,0001.446,-000.877,0006
 
000312248,000000000,000000000,0099.569,0001.458,-000.895,0006
 
000312268,000000000,000000000,0099.565,0001.449,-000.911,0006
 
000312288,000000000,000000000,0099.579,0001.417,-000.922,0006
 
000312308,000000000,000000000,0099.595,0001.364,-000.956,0006
 
000312328,000000000,000000000,0099.588,0001.342,-000.966,0006
 
000312348,000000000,000000000,0099.612,0001.346,-000.954,0006
 
000312368,000000000,000000000,0099.623,0001.346,-000.985,0006
 
000312388,000000000,000000000,0099.632,0001.347,-000.948,0166
 
000312408,000000000,000000000,0099.630,0001.349,-000.916,0006
 
000312428,000000000,000000000,0099.650,0001.372,-000.908,0006
 
000312448,000000000,000000000,0099.646,0001.371,-000.903,0006
 
000312468,000000000,000000000,0099.644,0001.393,-000.874,0006
 
000312488,000000000,000000000,0099.629,0001.390,-000.891,0006
 
000312508,000000000,000000000,0099.633,0001.432,-000.907,0166
 
000312528,000000000,000000000,0099.636,0001.403,-000.899,0006
 
000312548,000000000,000000000,0099.635,0001.397,-000.915,0167
 
000312568,000000000,000000000,0099.627,0001.373,-000.927,0167
 
000312588,000000000,000000000,0099.622,0001.392,-000.896,0006
 
000312608,000000000,000000000,0099.630,0001.412,-000.911,0167
 
000312628,000000000,000000000,0099.644,0001.407,-000.945,0174
 
000312648,000000000,000000000,0099.643,0001.446,-000.957,0006
 
000312668,000000000,000000000,0099.646,0001.482,-000.968,0173
 
000312688,000000000,000000000,0099.652,0001.470,-000.977,0174
 
000312708,000000000,000000000,0099.650,0001.481,-000.963,0006
 
000312728,000000000,000000000,0099.669,0001.468,-000.950,0167
 
000312748,000000000,000000000,0099.675,0001.480,-000.959,0006
 
000312768,000000000,000000000,0099.677,0001.490,-000.991,0007
 
000312788,000000000,000000000,0099.668,0001.478,-000.996,0167
 
000312808,000000000,000000000,0099.665,0001.467,-000.957,0006
 
000312828,000000000,000000000,0099.658,0001.477,-000.966,0166
 
000312848,000000000,000000000,0099.645,0001.466,-000.975,0173
 
000312868,000000000,000000000,0099.645,0001.481,-000.982,0006
 
000312888,000000000,000000000,0099.647,0001.468,-000.964,0166
 
000312908,000000000,000000000,0099.647,0001.436,-000.950,0173
 
000312928,000000000,000000000,0099.651,0001.451,-000.939,0006
 
000312948,000000000,000000000,0099.644,0001.419,-000.949,0006
 
000312968,000000000,000000000,0099.652,0001.435,-000.939,0006
 
000312988,000000000,000000000,0099.650,0001.428,-000.927,0166
 
000313008,000000000,000000000,0099.661,0001.397,-000.914,0006
 
000313028,000000000,000000000,0099.670,0001.415,-000.929,0006
 
000313048,000000000,000000000,0099.677,0001.454,-000.918,0006
 
000313068,000000000,000000000,0099.684,0001.465,-000.927,0006
 
000313088,000000000,000000000,0099.675,0001.455,-000.939,0006
 
000313108,000000000,000000000,0099.671,0001.467,-000.927,0007
 
000313128,000000000,000000000,0099.666,0001.433,-000.895,0006
 
000313148,000000000,000000000,0099.670,0001.447,-000.889,0006
 
000313168,000000000,000000000,0099.682,0001.483,-000.884,0006
 
000313188,000000000,000000000,0099.676,0001.492,-000.878,0007
 
000313208,000000000,000000000,0099.682,0001.499,-000.849,0168
 
000313228,000000000,000000000,0099.685,0001.508,-000.846,0166
 
000313248,000000000,000000000,0099.674,0001.494,-000.886,0006
 
000313268,000000000,000000000,0099.664,0001.505,-000.878,0006
 
000313288,000000000,000000000,0099.665,0001.491,-000.891,0166
 
000313308,000000000,000000000,0099.662,0001.499,-000.884,0006
 
000313328,000000000,000000000,0099.664,0001.462,-000.899,0167
 
000313348,000000000,000000000,0099.670,0001.472,-000.913,0170
 
000313368,000000000,000000000,0099.665,0001.482,-000.928,0006
 
000313388,000000000,000000000,0099.661,0001.447,-000.941,0167
 
000313408,000000000,000000000,0099.656,0001.438,-000.930,0174
 
000313428,000000000,000000000,0099.655,0001.453,-000.944,0006
 
000313448,000000000,000000000,0099.659,0001.464,-000.954,0167
 
000313468,000000000,000000000,0099.653,0001.455,-000.962,0006
 
000313488,000000000,000000000,0099.663,0001.445,-000.970,0166
 
000313508,000000000,000000000,0099.658,0001.461,-000.955,0173
 
000313528,000000000,000000000,0099.647,0001.452,-000.964,0006
 
000313548,000000000,000000000,0099.647,0001.463,-000.951,0169
 
000313568,000000000,000000000,0099.651,0001.476,-000.959,0173
 
000313588,000000000,000000000,0099.636,0001.486,-000.968,0006
 
000313608,000000000,000000000,0099.650,0001.473,-000.975,0169
 
000313628,000000000,000000000,0099.659,0001.439,-000.937,0173
 
000313648,000000000,000000000,0099.646,0001.476,-000.926,0006
 
000313668,000000000,000000000,0099.647,0001.465,-000.939,0006
 
000313688,000000000,000000000,0099.640,0001.473,-000.952,0169
 
000313708,000000000,000000000,0099.642,0001.482,-000.939,0006
 
000313728,000000000,000000000,0099.644,0001.471,-000.930,0006
 
000313748,000000000,000000000,0099.630,0001.505,-000.920,0169
 
000313768,000000000,000000000,0099.641,0001.468,-000.910,0006
 
000313788,000000000,000000000,0099.651,0001.502,-000.947,0006
 
000313808,000000000,000000000,0099.646,0001.441,-000.959,0173
 
000313828,000000000,000000000,0099.637,0001.454,-000.947,0166
 
000313848,000000000,000000000,0099.658,0001.468,-000.956,0006
 
000313868,000000000,000000000,0099.651,0001.460,-000.966,0006
 
000313888,000000000,000000000,0099.644,0001.449,-000.975,0006
 
000313908,000000000,000000000,0099.664,0001.437,-000.961,0007
 
000313928,000000000,000000000,0099.670,0001.405,-000.947,0166
 
000313948,000000000,000000000,0099.670,0001.398,-000.935,0166
 
000313968,000000000,000000000,0099.687,0001.394,-000.924,0006
 
000313988,000000000,000000000,0099.693,0001.434,-000.915,0166
 
000314008,000000000,000000000,0099.676,0001.448,-000.928,0167
 
000314028,000000000,000000000,0099.672,0001.438,-000.941,0006
 
000314048,000000000,000000000,0099.665,0001.449,-000.951,0167
 
000314068,000000000,000000000,0099.663,0001.461,-000.982,0170
 
000314088,000000000,000000000,0099.672,0001.429,-000.967,0006
 
000314108,000000000,000000000,0099.660,0001.400,-000.953,0167
 
000314128,000000000,000000000,0099.662,0001.395,-000.916,0170
 
000314148,000000000,000000000,0099.667,0001.392,-000.927,0006
 
000314168,000000000,000000000,0099.680,0001.410,-000.939,0167
 
000314188,000000000,000000000,0099.701,0001.383,-000.927,0170
 
000314208,000000000,000000000,0099.699,0001.360,-000.915,0006
 
000314228,000000000,000000000,0099.690,0001.381,-000.905,0167
 
000314248,000000000,000000000,0099.680,0001.381,-000.898,0006
 
000314268,000000000,000000000,0099.679,0001.400,-000.912,0166
 
000314288,000000000,000000000,0099.685,0001.417,-000.903,0173
 
000314308,000000000,000000000,0099.685,0001.411,-000.872,0006
 
000314328,000000000,000000000,0099.678,0001.385,-000.825,0169
 
000314348,000000000,000000000,0099.679,0001.404,-000.826,0006
 
000314368,000000000,000000000,0099.679,0001.443,-000.825,0170
 
000314388,000000000,000000000,0099.689,0001.456,-000.802,0006
 
000314408,000000000,000000000,0099.693,0001.423,-000.826,0169
 
000314428,000000000,000000000,0099.687,0001.440,-000.825,0006
 
000314448,000000000,000000000,0099.676,0001.454,-000.847,0007
 
000314468,000000000,000000000,0099.680,0001.466,-000.844,0169
 
000314488,000000000,000000000,0099.682,0001.476,-000.865,0006
 
000314508,000000000,000000000,0099.674,0001.486,-000.860,0169
 
000314528,000000000,000000000,0099.676,0001.497,-000.833,0006
 
000314548,000000000,000000000,0099.677,0001.484,-000.833,0006
 
000314568,000000000,000000000,0099.660,0001.493,-000.830,0006
 
000314588,000000000,000000000,0099.654,0001.457,-000.831,0168
 
000314608,000000000,000000000,0099.644,0001.469,-000.830,0006
 
000314628,000000000,000000000,0099.650,0001.458,-000.851,0006
 
000314648,000000000,000000000,0099.652,0001.471,-000.848,0168
 
000314668,000000000,000000000,0099.650,0001.483,-000.845,0006
 
000314688,000000000,000000000,0099.662,0001.514,-000.842,0006
 
000314708,000000000,000000000,0099.668,0001.520,-000.840,0166
 
000314728,000000000,000000000,0099.669,0001.482,-000.816,0006
 
000314748,000000000,000000000,0099.672,0001.492,-000.860,0006
 
000314768,000000000,000000000,0099.671,0001.480,-000.878,0167
 
000314788,000000000,000000000,0099.687,0001.466,-000.871,0167
 
000314808,000000000,000000000,0099.692,0001.454,-000.863,0006
 
000314828,000000000,000000000,0099.688,0001.469,-000.859,0167
 
000314848,000000000,000000000,0099.692,0001.502,-000.876,0170
 
