000167922,000000000,000000000,0114.708,0004.155,0000.735,0166
 
000167949,000000000,000000000,0113.426,0004.398,0000.735,0172
 
000167975,000000000,000000000,0114.285,0004.436,0000.494,0007
 
000168001,000000000,000000000,0114.672,0003.979,0000.498,0007
 
000168027,000000000,000000000,0114.269,0004.417,0000.492,0167
 
000168053,000000000,000000000,0114.259,0004.399,0000.490,0007
 
000168079,000000000,000000000,0114.107,0004.417,0000.492,0179
 
000168105,000000000,000000000,0114.387,0004.380,0000.488,0167
 
000168131,000000000,000000000,0114.281,0004.155,0000.490,0166
 
000168157,000000000,000000000,0114.828,0004.137,0000.488,0169
 
000168183,000000000,000000000,0116.053,0003.699,0000.247,0167
 
000168209,000000000,000000000,0114.128,0004.417,0000.492,0166
 
000168235,000000000,000000000,0114.704,0004.399,0000.490,0169
 
000168261,000000000,000000000,0115.498,0003.912,0000.245,0167
 
000168287,000000000,000000000,0115.007,0004.137,0000.488,0173
 
000168313,000000000,000000000,0115.128,0004.173,0000.492,0169
 
000168339,000000000,000000000,0113.254,0004.398,0000.735,0167
 
000168365,000000000,000000000,0114.410,0004.417,0000.492,0166
 
000168391,000000000,000000000,0114.795,0004.155,0000.490,0173
 
000168417,000000000,000000000,0114.612,0004.436,0000.247,0006
 
000168443,000000000,000000000,0113.929,0004.417,0000.738,0007
 
000168469,000000000,000000000,0114.235,0004.137,0000.488,0179
 
000168495,000000000,000000000,0114.028,0004.399,0000.490,0007
 
000168521,000000000,000000000,0114.463,0004.155,0000.490,0007
 
000168547,000000000,000000000,0114.653,0004.399,0000.245,0007
 
000168573,000000000,000000000,0114.448,0004.155,0000.490,0177
 
000168599,000000000,000000000,0113.508,0004.642,0000.735,0006
 
000168625,000000000,000000000,0114.219,0004.417,0000.492,0007
 
000168651,000000000,000000000,0115.229,0004.155,0000.000,0179
 
000168677,000000000,000000000,0114.916,0004.155,0000.735,0006
 
000168703,000000000,000000000,0115.220,0004.155,0000.490,0167
 
000168729,000000000,000000000,0114.331,0004.662,0000.246,0167
 
000168755,000000000,000000000,0114.202,0004.399,0000.490,0007
 
000168781,000000000,000000000,0115.559,0003.912,0000.245,0006
 
000168807,000000000,000000000,0114.703,0004.138,0000.244,0007
 
000168833,000000000,000000000,0113.451,0004.682,0000.247,0006
 
000168859,000000000,000000000,0114.582,0004.399,0000.490,0006
 
000168885,000000000,000000000,0114.867,0004.173,0000.492,0167
 
000168911,000000000,000000000,0114.669,0004.399,0000.245,0166
 
000168937,000000000,000000000,0114.000,0004.417,0000.738,0169
 
000168963,000000000,000000000,0114.004,0004.173,0000.492,0167
 
000168989,000000000,000000000,0114.448,0004.137,0000.488,0166
 
000169015,000000000,000000000,0114.164,0003.893,0001.950,0169
 
000169041,000000000,000000000,0114.478,0004.137,0000.488,0167
 
000169067,000000000,000000000,0113.832,0004.417,0000.492,0173
 
000169093,000000000,000000000,0115.009,0003.911,0000.490,0169
 
000169119,000000000,000000000,0114.147,0004.417,0000.738,0167
 
000169145,000000000,000000000,0114.145,0004.380,0000.731,0179
 
000169171,000000000,000000000,0114.861,0004.436,0000.247,0173
 
000169197,000000000,000000000,0113.449,0004.361,0000.728,0167
 
000169223,000000000,000000000,0114.092,0004.399,0000.490,0007
 
000169249,000000000,000000000,0114.131,0004.380,0000.488,0172
 
000169275,000000000,000000000,0114.157,0004.436,0000.494,0179
 
000169301,000000000,000000000,0114.515,0004.380,0000.731,0007
 
000169327,000000000,000000000,0114.830,0004.137,0000.731,0007
 
000169353,000000000,000000000,0114.812,0004.137,0000.488,0167
 
000169379,000000000,000000000,0114.240,0004.380,0000.488,0007
 
000169405,000000000,000000000,0114.043,0004.380,0000.488,0179
 
000169431,000000000,000000000,0113.389,0004.380,0000.488,0179
 
000169457,000000000,000000000,0114.994,0004.380,0000.488,0007
 
000169483,000000000,000000000,0115.502,0003.928,0000.738,0179
 
000169509,000000000,000000000,0114.692,0004.436,0000.247,0007
 
000169535,000000000,000000000,0114.525,0004.137,0000.488,0007
 
000169561,000000000,000000000,0114.373,0004.137,0000.488,0179
 
000169587,000000000,000000000,0113.882,0004.173,0000.492,0006
 
000169613,000000000,000000000,0114.747,0004.399,0000.490,0006
 
000169639,000000000,000000000,0114.852,0004.173,0000.246,0179
 
000169665,000000000,000000000,0115.219,0004.155,0000.245,0006
 
000169691,000000000,000000000,0115.036,0004.155,0000.490,0006
 
000169717,000000000,000000000,0113.281,0004.642,0000.490,0006
 
000169743,000000000,000000000,0113.806,0004.398,0000.735,0007
 
000169769,000000000,000000000,0114.208,0004.417,0000.738,0007
 
000169795,000000000,000000000,0114.767,0004.380,0000.488,0007
 
000169821,000000000,000000000,0115.021,0004.173,0000.492,0007
 
000169847,000000000,000000000,0113.887,0004.398,0000.735,0006
 
000169873,000000000,000000000,0115.069,0003.895,0000.731,0166
 
000169899,000000000,000000000,0113.340,0004.602,0000.728,0166
 
000169925,000000000,000000000,0114.571,0004.436,0000.494,0006
 
000169951,000000000,000000000,0114.720,0004.155,0000.490,0167
 
000169977,000000000,000000000,0113.457,0004.642,0000.735,0166
 
000170003,000000000,000000000,0114.666,0004.137,0000.731,0007
 
000170029,000000000,000000000,0113.885,0004.209,0000.744,0167
 
000170055,000000000,000000000,0114.300,0004.173,0000.738,0167
 
000170081,000000000,000000000,0114.886,0003.895,0000.488,0006
 
000170107,000000000,000000000,0114.497,0003.911,0000.490,0169
 
000170133,000000000,000000000,0113.965,0004.436,0000.741,0167
 
000170159,000000000,000000000,0113.945,0004.399,0000.490,0166
 
000170185,000000000,000000000,0115.069,0004.155,0000.490,0169
 
000170211,000000000,000000000,0114.333,0004.155,0000.735,0167
 
000170237,000000000,000000000,0114.336,0004.417,0000.492,0166
 
000170263,000000000,000000000,0115.022,0004.155,0000.490,0179
 
000170289,000000000,000000000,0114.356,0004.155,0000.979,0167
 
000170315,000000000,000000000,0113.805,0004.417,0000.246,0007
 
000170341,000000000,000000000,0113.380,0004.642,0000.735,0173
 
000170367,000000000,000000000,0114.669,0004.399,0000.245,0167
 
000170393,000000000,000000000,0114.690,0004.155,0000.490,0166
 
000170419,000000000,000000000,0114.398,0004.173,0000.246,0006
 
000170445,000000000,000000000,0114.402,0004.155,0000.490,0170
 
000170471,000000000,000000000,0114.243,0004.137,0000.488,0007
 
000170497,000000000,000000000,0114.919,0004.155,0000.735,0179
 
000170523,000000000,000000000,0113.971,0004.399,0000.490,0007
 
000170549,000000000,000000000,0114.503,0004.155,0000.245,0007
 
000170575,000000000,000000000,0114.429,0004.138,0000.244,0007
 
000170601,000000000,000000000,0115.352,0003.895,0000.488,0179
 
000170627,000000000,000000000,0114.794,0004.417,0000.492,0007
 
000170653,000000000,000000000,0114.529,0004.642,0000.245,0172
 
000170679,000000000,000000000,0114.533,0004.120,0000.728,0166
 
000170705,000000000,000000000,0114.701,0004.155,0000.245,0007
 
000170731,000000000,000000000,0115.222,0004.155,0000.490,0179
 
000170757,000000000,000000000,0113.343,0004.398,0000.735,0167
 
000170783,000000000,000000000,0114.112,0004.137,0000.488,0007
 
000170809,000000000,000000000,0115.863,0003.878,0000.243,0007
 
000170835,000000000,000000000,0113.584,0004.417,0000.492,0179
 
000170861,000000000,000000000,0114.583,0004.399,0000.490,0166
 
000170887,000000000,000000000,0114.729,0004.417,0000.492,0169
 
000170913,000000000,000000000,0113.904,0004.155,0000.735,0167
 
000170939,000000000,000000000,0114.646,0004.137,0000.488,0166
 
000170965,000000000,000000000,0113.257,0004.642,0000.490,0179
 
000170991,000000000,000000000,0114.765,0004.155,0000.490,0166
 
000171017,000000000,000000000,0114.611,0004.173,0000.492,0167
 
000171043,000000000,000000000,0113.867,0004.398,0000.979,0173
 
000171069,000000000,000000000,0113.786,0004.137,0000.731,0006
 
000171095,000000000,000000000,0114.882,0004.173,0000.492,0007
 
000171121,000000000,000000000,0114.295,0004.399,0000.490,0179
 
000171147,000000000,000000000,0113.952,0004.155,0000.490,0167
 
000171173,000000000,000000000,0112.987,0004.662,0000.492,0166
 
000171199,000000000,000000000,0113.088,0004.622,0000.975,0173
 
000171225,000000000,000000000,0114.419,0004.380,0000.488,0006
 
000171251,000000000,000000000,0114.334,0004.398,0000.735,0007
 
000171277,000000000,000000000,0114.667,0004.137,0000.731,0172
 
000171303,000000000,000000000,0113.587,0004.436,0000.247,0006
 
000171329,000000000,000000000,0114.092,0004.642,0000.735,0007
 
000171355,000000000,000000000,0114.284,0004.137,0000.488,0007
 
000171381,000000000,000000000,0114.387,0004.399,0000.490,0170
 
000171408,000000000,000000000,0114.398,0003.894,0000.975,0007
 
000171434,000000000,000000000,0112.951,0004.642,0000.490,1023
 
000171460,000000000,000000000,0114.555,0004.155,0000.490,1023
 
000171486,000000000,000000000,0114.242,0004.102,0001.209,1023
 
000171512,000000000,000000000,0113.999,0004.662,0000.492,1023
 
000171537,000000000,000000000,0111.582,0005.856,0000.490,0006
 
000171563,000000000,000000000,0112.096,0005.543,0000.483,0006
 
000171589,000000000,000000000,0108.522,0007.305,0000.490,0006
 
000171615,000000000,000000000,0112.232,0004.824,0000.242,0006
 
000171641,000000000,000000000,0108.848,0006.150,0000.247,0006
 
000171667,000000000,000000000,0112.274,0003.878,0000.728,0006
 
000171693,000000000,000000000,0106.949,0006.367,0000.738,0167
 
000171719,000000000,000000000,0111.054,0002.948,0000.492,0166
 
000171745,000000000,000000000,0105.275,0005.590,0000.488,0173
 
000171771,000000000,000000000,0107.025,0004.085,0000.722,0167
 
000171797,000000000,000000000,0103.608,0005.106,0000.975,0173
 
000171823,000000000,000000000,0103.559,0004.417,0000.738,0006
 
000171849,000000000,000000000,0102.410,0005.216,0000.747,0166
 
000171875,000000000,000000000,0099.462,0005.880,0000.738,0007
 
000171901,000000000,000000000,0101.397,0003.979,0000.996,0167
 
000171927,000000000,000000000,0100.595,0003.878,0000.728,0167
 
000171953,000000000,000000000,0103.120,0002.468,0000.741,0007
 
000171979,000000000,000000000,0100.356,0003.438,0000.738,0167
 
000172005,000000000,000000000,0098.907,0003.829,0000.959,0170
 
000172031,000000000,000000000,0097.801,0004.417,0000.492,0007
 
000172057,000000000,000000000,0096.697,0004.120,0000.486,0169
 
000172083,000000000,000000000,0096.424,0004.173,0000.492,0177
 
000172109,000000000,000000000,0098.201,0003.153,0000.486,0006
 
000172135,000000000,000000000,0095.196,0004.417,0000.492,0169
 
000172161,000000000,000000000,0095.188,0004.120,0000.486,0179
 
000172187,000000000,000000000,0094.852,0003.928,0000.492,0007
 
000172213,000000000,000000000,0093.773,0004.379,0000.975,0169
 
000172239,000000000,000000000,0093.126,0004.682,0000.494,0007
 
000172265,000000000,000000000,0094.056,0003.911,0000.735,0173
 
000172291,000000000,000000000,0094.345,0003.878,0000.971,0006
 
000172317,000000000,000000000,0093.478,0004.209,0000.744,0167
 
000172343,000000000,000000000,0094.265,0003.945,0000.741,0006
 
000172369,000000000,000000000,0094.168,0003.878,0000.486,0173
 
000172395,000000000,000000000,0093.138,0004.155,0000.735,0006
 
000172421,000000000,000000000,0091.947,0004.380,0000.731,0007
 
000172447,000000000,000000000,0091.984,0004.642,0000.735,0179
 
000172473,000000000,000000000,0091.324,0004.661,0000.738,0006
 
000172499,000000000,000000000,0091.749,0004.622,0000.731,0007
 
000172525,000000000,000000000,0091.988,0004.191,0000.494,0179
 
000172551,000000000,000000000,0093.472,0003.438,0000.492,0166
 
000172577,000000000,000000000,0092.475,0004.137,0000.488,0006
 
000172603,000000000,000000000,0091.369,0004.622,0000.975,0166
 
000172629,000000000,000000000,0093.372,0003.911,0000.735,0166
 
000172655,000000000,000000000,0092.642,0004.173,0000.492,0007
 
000172681,000000000,000000000,0092.000,0004.398,0000.735,0167
 
000172707,000000000,000000000,0095.485,0002.468,0000.741,0167
 
000172733,000000000,000000000,0092.479,0004.399,0000.490,0007
 
000172759,000000000,000000000,0092.710,0004.155,0000.979,0167
 
000172785,000000000,000000000,0091.826,0004.102,0000.725,0167
 
000172811,000000000,000000000,0091.795,0004.398,0000.979,0007
 
000172837,000000000,000000000,0091.861,0004.361,0000.728,0169
 
000172863,000000000,000000000,0091.679,0004.662,0000.492,0177
 
000172889,000000000,000000000,0092.056,0004.361,0000.728,0007
 
000172915,000000000,000000000,0092.677,0003.911,0000.490,0169
 
000172941,000000000,000000000,0091.739,0004.417,0000.492,0179
 
000172967,000000000,000000000,0091.846,0004.155,0000.735,0007
 
000172993,000000000,000000000,0091.737,0004.417,0000.738,0169
 
000173019,000000000,000000000,0091.679,0004.137,0000.731,0007
 
000173045,000000000,000000000,0091.600,0004.398,0000.979,0166
 
000173071,000000000,000000000,0091.863,0004.475,0000.747,0006
 
000173097,000000000,000000000,0092.773,0004.102,0000.725,0170
 
000173123,000000000,000000000,0092.280,0004.173,0000.738,0007
 
000173149,000000000,000000000,0091.299,0004.417,0000.492,0169
 
000173175,000000000,000000000,0091.661,0004.138,0000.244,0007
 
000173201,000000000,000000000,0092.007,0004.399,0000.490,0166
 
000173227,000000000,000000000,0092.307,0004.137,0000.731,0169
 
000173253,000000000,000000000,0092.302,0004.137,0000.731,0006
 
000173279,000000000,000000000,0092.655,0004.155,0000.490,0007
 
000173305,000000000,000000000,0092.258,0004.155,0000.490,0006
 
000173331,000000000,000000000,0091.735,0004.137,0000.731,0166
 
000173357,000000000,000000000,0092.578,0004.103,0000.483,0006
 
000173383,000000000,000000000,0091.577,0004.398,0000.735,0167
 
000173409,000000000,000000000,0092.179,0004.417,0000.738,0006
 
000173435,000000000,000000000,0092.118,0004.137,0000.731,0006
 
000173461,000000000,000000000,0092.235,0004.379,0000.975,0167
 
000173487,000000000,000000000,0091.841,0004.155,0000.490,0167
 
000173513,000000000,000000000,0092.541,0004.120,0000.728,0007
 
000173539,000000000,000000000,0092.813,0003.895,0000.488,0167
 
000173565,000000000,000000000,0092.215,0004.173,0000.738,0177
 
000173591,000000000,000000000,0091.568,0004.661,0000.984,0007
 
000173617,000000000,000000000,0090.979,0004.398,0000.735,0169
 
000173643,000000000,000000000,0091.392,0004.602,0000.728,0179
 
000173669,000000000,000000000,0090.441,0004.399,0000.245,0007
 
000173695,000000000,000000000,0091.700,0004.436,0000.494,0169
 
000173721,000000000,000000000,0092.670,0004.137,0000.488,0007
 
000173747,000000000,000000000,0091.136,0004.398,0000.735,0173
 
000173773,000000000,000000000,0092.334,0004.120,0000.728,0007
 
000173799,000000000,000000000,0092.691,0004.137,0000.731,0167
 
000173825,000000000,000000000,0092.808,0003.878,0000.486,0007
 
000173851,000000000,000000000,0093.023,0003.878,0000.728,0169
 
000173877,000000000,000000000,0092.165,0004.399,0000.490,0007
 
000173903,000000000,000000000,0092.006,0004.417,0000.738,0007
 
000173929,000000000,000000000,0091.374,0004.622,0000.975,0173
 
000173955,000000000,000000000,0091.588,0004.399,0000.490,0006
 
000173981,000000000,000000000,0093.593,0003.652,0000.488,0007
 
000174007,000000000,000000000,0092.037,0004.155,0000.735,0007
 
000174033,000000000,000000000,0092.053,0004.155,0000.735,0177
 
000174059,000000000,000000000,0092.531,0003.927,0001.229,0007
 
000174085,000000000,000000000,0091.769,0004.642,0000.735,0167
 
000174111,000000000,000000000,0091.290,0004.380,0000.488,0166
 
000174137,000000000,000000000,0092.557,0004.137,0000.975,0007
 
000174163,000000000,000000000,0092.021,0004.380,0000.488,0167
 
000174189,000000000,000000000,0092.465,0004.361,0000.486,0167
 
000174215,000000000,000000000,0091.994,0004.642,0000.735,0007
 
000174241,000000000,000000000,0092.239,0004.173,0000.738,0168
 
000174267,000000000,000000000,0092.098,0003.894,0000.975,0179
 
000174293,000000000,000000000,0091.226,0004.906,0000.738,0007
 
000174319,000000000,000000000,0091.396,0004.398,0000.735,0169
 
000174345,000000000,000000000,0091.558,0004.417,0000.738,0177
 
000174371,000000000,000000000,0091.829,0004.380,0000.731,0007
 
000174397,000000000,000000000,0091.383,0004.380,0000.731,0169
 
000174423,000000000,000000000,0091.226,0004.662,0000.492,0179
 
000174449,000000000,000000000,0091.206,0004.379,0000.975,0006
 
000174475,000000000,000000000,0092.660,0003.945,0000.494,0179
 
000174501,000000000,000000000,0092.248,0004.173,0000.492,0007
 
000174527,000000000,000000000,0092.128,0004.120,0000.486,0173
 
000174553,000000000,000000000,0091.541,0004.417,0000.738,0007
 
000174579,000000000,000000000,0092.718,0004.155,0000.735,0167
 
000174605,000000000,000000000,0091.127,0004.642,0000.735,0007
 
000174631,000000000,000000000,0091.524,0004.173,0000.738,0179
 
000174657,000000000,000000000,0092.030,0004.379,0000.975,0007
 
000174683,000000000,000000000,0091.814,0004.622,0000.488,0006
 
000174709,000000000,000000000,0092.256,0004.398,0000.735,0006
 
000174735,000000000,000000000,0092.879,0004.155,0000.490,0006
 
000174761,000000000,000000000,0091.602,0004.155,0000.490,0007
 
000174787,000000000,000000000,0092.250,0004.155,0000.490,0179
 
000174813,000000000,000000000,0092.538,0004.137,0000.731,0006
 
000174839,000000000,000000000,0092.138,0004.209,0000.496,0007
 
000174865,000000000,000000000,0092.542,0003.667,0000.735,0167
 
000174891,000000000,000000000,0091.826,0004.380,0000.731,0167
 
000174917,000000000,000000000,0091.768,0004.399,0000.245,0007
 
000174943,000000000,000000000,0092.355,0004.137,0000.488,0167
 
000174969,000000000,000000000,0091.582,0004.398,0000.735,0166
 
000174995,000000000,000000000,0092.042,0004.173,0000.738,0007
 
000175021,000000000,000000000,0091.755,0004.155,0000.735,0167
 
000175047,000000000,000000000,0092.274,0004.155,0000.735,0167
 
000175073,000000000,000000000,0091.889,0004.137,0000.731,0007
 
000175099,000000000,000000000,0091.816,0004.137,0000.731,0169
 
000175125,000000000,000000000,0091.717,0004.209,0000.744,0179
 
000175151,000000000,000000000,0091.583,0004.399,0000.490,0007
 
000175177,000000000,000000000,0092.632,0004.137,0000.975,0169
 
000175203,000000000,000000000,0092.905,0004.155,0000.735,0167
 
000175229,000000000,000000000,0092.938,0004.155,0000.490,0007
 
000175255,000000000,000000000,0092.681,0003.911,0000.735,0173
 
000175281,000000000,000000000,0092.601,0004.209,0000.248,0007
 
000175307,000000000,000000000,0091.442,0004.380,0000.488,0173
 
000175333,000000000,000000000,0092.698,0004.155,0000.735,0007
 
000175359,000000000,000000000,0092.009,0004.399,0000.490,0171
 
000175385,000000000,000000000,0093.360,0003.911,0000.490,0007
 
000175411,000000000,000000000,0090.799,0004.399,0000.490,0172
 
000175437,000000000,000000000,0091.328,0004.436,0000.741,0006
 
000175463,000000000,000000000,0092.368,0004.155,0000.490,0006
 
000175489,000000000,000000000,0092.128,0003.895,0000.488,0173
 
000175515,000000000,000000000,0092.671,0004.155,0000.735,0007
 
000175541,000000000,000000000,0092.718,0004.155,0000.735,0007
 
000175567,000000000,000000000,0092.629,0004.191,0000.741,0179
 
000175593,000000000,000000000,0091.635,0004.380,0000.731,0166
 
000175619,000000000,000000000,0091.370,0004.398,0000.735,0007
 
000175645,000000000,000000000,0091.333,0004.380,0000.731,0166
 
000175671,000000000,000000000,0093.156,0003.928,0000.492,0166
 
000175697,000000000,000000000,0091.383,0004.398,0000.735,0006
 
000175723,000000000,000000000,0092.671,0004.155,0000.490,0167
 
000175749,000000000,000000000,0092.732,0004.155,0000.490,0167
 
000175775,000000000,000000000,0091.775,0004.379,0000.975,0007
 
000175801,000000000,000000000,0091.862,0004.380,0000.731,0167
 
000175827,000000000,000000000,0092.104,0004.399,0000.245,0179
 
000175853,000000000,000000000,0093.191,0003.928,0000.492,0007
 
000175879,000000000,000000000,0091.801,0004.399,0000.245,0169
 
000175905,000000000,000000000,0092.933,0004.155,0000.245,0177
 
000175931,000000000,000000000,0092.267,0004.380,0000.731,0007
 
000175957,000000000,000000000,0092.323,0004.120,0000.971,0169
 
000175983,000000000,000000000,0093.025,0003.862,0000.967,0180
 
000176009,000000000,000000000,0091.852,0004.173,0000.738,0006
 
000176035,000000000,000000000,0091.957,0004.417,0000.738,0179
 
000176061,000000000,000000000,0091.825,0004.399,0000.490,0007
 
000176087,000000000,000000000,0091.627,0004.155,0000.490,0007
 
000176113,000000000,000000000,0092.366,0004.417,0000.738,0169
 
000176139,000000000,000000000,0093.658,0003.668,0000.490,0006
 
000176165,000000000,000000000,0092.757,0004.137,0000.731,0166
 
000176191,000000000,000000000,0092.733,0003.895,0000.731,0006
 
000176217,000000000,000000000,0092.215,0004.173,0000.738,0167
 
000176243,000000000,000000000,0092.563,0004.137,0000.488,0007
 
000176269,000000000,000000000,0091.754,0004.155,0000.490,0007
 
000176295,000000000,000000000,0091.796,0004.398,0000.735,0007
 
000176321,000000000,000000000,0092.959,0004.137,0000.731,0007
 
000176347,000000000,000000000,0091.854,0004.380,0000.488,0007
 
000176373,000000000,000000000,0092.829,0004.173,0000.738,0166
 
000176399,000000000,000000000,0092.550,0004.120,0000.971,0173
 
000176425,000000000,000000000,0091.558,0004.155,0000.735,0167
 
000176451,000000000,000000000,0091.780,0004.191,0000.494,0166
 
