000017080,000000000,000000000,0122.025,0002.472,-001.352,0168
 
000017100,000000000,000000000,0122.036,0002.422,-001.356,0007
 
000017120,000000000,000000000,0122.163,0002.397,-001.354,0007
 
000017140,000000000,000000000,0121.988,0002.400,-001.376,0168
 
000017160,000000000,000000000,0121.901,0002.449,-001.357,0171
 
000017180,000000000,000000000,0122.002,0002.468,-001.380,0007
 
000017200,000000000,000000000,0121.993,0002.483,-001.356,0179
 
000017220,000000000,000000000,0122.095,0002.481,-001.316,0007
 
000017240,000000000,000000000,0122.249,0002.481,-001.297,0007
 
000017260,000000000,000000000,0122.265,0002.478,-001.282,0179
 
000017280,000000000,000000000,0122.235,0002.473,-001.291,0166
 
000017300,000000000,000000000,0122.008,0002.445,-001.297,0007
 
000017320,000000000,000000000,0122.010,0002.446,-001.284,0173
 
000017340,000000000,000000000,0121.996,0002.441,-001.292,0008
 
000017360,000000000,000000000,0121.998,0002.462,-001.320,0007
 
000017380,000000000,000000000,0122.009,0002.459,-001.346,0173
 
000017400,000000000,000000000,0122.093,0002.452,-001.351,0007
 
000017420,000000000,000000000,0122.147,0002.452,-001.327,0007
 
000017440,000000000,000000000,0122.251,0002.447,-001.333,0168
 
000017460,000000000,000000000,0122.224,0002.444,-001.356,0007
 
000017480,000000000,000000000,0122.300,0002.465,-001.378,0007
 
000017500,000000000,000000000,0122.330,0002.438,-001.356,0173
 
000017520,000000000,000000000,0122.186,0002.417,-001.379,0166
 
000017540,000000000,000000000,0122.172,0002.395,-001.399,0008
 
000017560,000000000,000000000,0122.174,0002.378,-001.422,0173
 
000017580,000000000,000000000,0122.337,0002.428,-001.396,0007
 
000017600,000000000,000000000,0122.352,0002.426,-001.392,0007
 
000017620,000000000,000000000,0122.121,0002.431,-001.371,0169
 
000017640,000000000,000000000,0122.104,0002.387,-001.370,0166
 
000017660,000000000,000000000,0122.191,0002.387,-001.300,0169
 
000017680,000000000,000000000,0122.211,0002.412,-001.285,0172
 
000017700,000000000,000000000,0122.331,0002.413,-001.292,0166
 
000017720,000000000,000000000,0122.291,0002.435,-001.277,0169
 
000017740,000000000,000000000,0122.183,0002.455,-001.286,0169
 
000017760,000000000,000000000,0122.146,0002.444,-001.290,0166
 
000017780,000000000,000000000,0122.176,0002.441,-001.275,0007
 
000017800,000000000,000000000,0122.085,0002.433,-001.261,0007
 
000017820,000000000,000000000,0122.229,0002.434,-001.271,0007
 
000017840,000000000,000000000,0122.228,0002.473,-001.255,0166
 
000017860,000000000,000000000,0122.224,0002.442,-001.221,0007
 
000017880,000000000,000000000,0122.114,0002.439,-001.233,0168
 
000017900,000000000,000000000,0122.137,0002.412,-001.223,0007
 
000017920,000000000,000000000,0122.085,0002.433,-001.214,0173
 
000017940,000000000,000000000,0122.018,0002.456,-001.249,0168
 
000017960,000000000,000000000,0122.034,0002.429,-001.260,0007
 
000017980,000000000,000000000,0121.999,0002.377,-001.245,0173
 
000018000,000000000,000000000,0122.151,0002.363,-001.277,0166
 
000018020,000000000,000000000,0122.106,0002.387,-001.289,0007
 
000018040,000000000,000000000,0122.113,0002.388,-001.294,0179
 
000018060,000000000,000000000,0122.312,0002.413,-001.278,0166
 
000018080,000000000,000000000,0122.312,0002.389,-001.287,0007
 
000018100,000000000,000000000,0122.323,0002.365,-001.291,0173
 
000018120,000000000,000000000,0122.098,0002.391,-001.276,0007
 
000018140,000000000,000000000,0122.197,0002.393,-001.307,0007
 
000018160,000000000,000000000,0122.074,0002.412,-001.309,0173
 
000018180,000000000,000000000,0122.138,0002.407,-001.311,0007
 
000018200,000000000,000000000,0122.043,0002.382,-001.317,0007
 
000018220,000000000,000000000,0122.112,0002.429,-001.320,0173
 
000018240,000000000,000000000,0122.309,0002.403,-001.324,0007
 
000018260,000000000,000000000,0122.173,0002.400,-001.305,0007
 
000018280,000000000,000000000,0122.235,0002.399,-001.286,0007
 
000018300,000000000,000000000,0122.249,0002.350,-001.269,0007
 
000018320,000000000,000000000,0122.263,0002.350,-001.257,0007
 
000018340,000000000,000000000,0122.367,0002.354,-001.266,0007
 
000018360,000000000,000000000,0122.336,0002.331,-001.272,0007
 
000018380,000000000,000000000,0122.323,0002.337,-001.278,0173
 
000018400,000000000,000000000,0122.237,0002.319,-001.262,0169
 
000018420,000000000,000000000,0122.303,0002.301,-001.247,0007
 
000018440,000000000,000000000,0122.336,0002.308,-001.281,0169
 
000018460,000000000,000000000,0122.315,0002.317,-001.311,0173
 
000018480,000000000,000000000,0122.421,0002.343,-001.316,0166
 
000018500,000000000,000000000,0122.416,0002.347,-001.318,0007
 
000018520,000000000,000000000,0122.253,0002.351,-001.343,0007
 
000018540,000000000,000000000,0122.173,0002.352,-001.321,0171
 
000018560,000000000,000000000,0122.324,0002.355,-001.323,0007
 
000018580,000000000,000000000,0122.299,0002.377,-001.326,0173
 
000018600,000000000,000000000,0122.188,0002.374,-001.329,0008
 
000018620,000000000,000000000,0122.249,0002.396,-001.305,0007
 
000018640,000000000,000000000,0122.273,0002.393,-001.306,0168
 
000018660,000000000,000000000,0122.236,0002.411,-001.311,0175
 
000018680,000000000,000000000,0122.098,0002.428,-001.312,0007
 
000018700,000000000,000000000,0121.979,0002.419,-001.294,0180
 
000018720,000000000,000000000,0122.098,0002.413,-001.301,0007
 
000018740,000000000,000000000,0122.141,0002.383,-001.282,0008
 
000018760,000000000,000000000,0122.145,0002.383,-001.288,0179
 
000018780,000000000,000000000,0122.083,0002.380,-001.296,0166
 
000018800,000000000,000000000,0122.116,0002.377,-001.297,0007
 
000018820,000000000,000000000,0122.103,0002.374,-001.304,0173
 
000018840,000000000,000000000,0122.041,0002.395,-001.285,0007
 
000018860,000000000,000000000,0122.023,0002.366,-001.286,0007
 
000018880,000000000,000000000,0122.101,0002.383,-001.272,0173
 
000018900,000000000,000000000,0122.157,0002.402,-001.300,0007
 
000018920,000000000,000000000,0122.057,0002.439,-001.282,0007
 
000018940,000000000,000000000,0122.068,0002.474,-001.289,0173
 
000018960,000000000,000000000,0122.042,0002.506,-001.293,0007
 
000018980,000000000,000000000,0122.072,0002.513,-001.296,0007
 
000019000,000000000,000000000,0121.974,0002.475,-001.283,0007
 
000019020,000000000,000000000,0121.885,0002.482,-001.287,0007
 
000019040,000000000,000000000,0121.977,0002.475,-001.315,0007
 
000019060,000000000,000000000,0121.987,0002.504,-001.295,0008
 
000019080,000000000,000000000,0122.020,0002.470,-001.299,0007
 
000019100,000000000,000000000,0121.894,0002.464,-001.306,0007
 
000019120,000000000,000000000,0121.885,0002.411,-001.313,0007
 
000019140,000000000,000000000,0121.930,0002.381,-001.314,0167
 
000019160,000000000,000000000,0122.100,0002.354,-001.318,0174
 
000019180,000000000,000000000,0122.018,0002.331,-001.299,0169
 
000019200,000000000,000000000,0121.900,0002.310,-001.301,0166
 
000019220,000000000,000000000,0121.967,0002.291,-001.307,0173
 
000019240,000000000,000000000,0122.103,0002.293,-001.334,0174
 
000019260,000000000,000000000,0122.038,0002.270,-001.353,0167
 
000019280,000000000,000000000,0121.967,0002.278,-001.378,0007
 
000019300,000000000,000000000,0122.033,0002.299,-001.368,0007
 
000019320,000000000,000000000,0122.164,0002.298,-001.341,0171
 
000019340,000000000,000000000,0122.181,0002.279,-001.365,0008
 
000019360,000000000,000000000,0122.166,0002.283,-001.360,0168
 
000019380,000000000,000000000,0122.169,0002.290,-001.338,0007
 
000019400,000000000,000000000,0122.264,0002.274,-001.318,0007
 
000019420,000000000,000000000,0122.192,0002.257,-001.317,0166
 
000019440,000000000,000000000,0122.239,0002.266,-001.319,0167
 
000019460,000000000,000000000,0122.267,0002.271,-001.323,0007
 
000019480,000000000,000000000,0122.346,0002.275,-001.321,0173
 
000019500,000000000,000000000,0122.338,0002.287,-001.301,0008
 
000019520,000000000,000000000,0122.252,0002.267,-001.283,0007
 
000019540,000000000,000000000,0122.336,0002.254,-001.288,0179
 
000019560,000000000,000000000,0122.318,0002.286,-001.295,0166
 
000019580,000000000,000000000,0122.359,0002.265,-001.278,0007
 
000019600,000000000,000000000,0122.388,0002.269,-001.280,0173
 
000019620,000000000,000000000,0122.278,0002.273,-001.286,0007
 
000019640,000000000,000000000,0122.193,0002.256,-001.310,0008
 
000019660,000000000,000000000,0122.241,0002.240,-001.311,0007
 
000019680,000000000,000000000,0122.207,0002.270,-001.314,0007
 
000019700,000000000,000000000,0122.368,0002.319,-001.314,0008
 
000019720,000000000,000000000,0122.204,0002.316,-001.290,0173
 
000019740,000000000,000000000,0122.241,0002.291,-001.274,0007
 
000019760,000000000,000000000,0122.233,0002.314,-001.280,0007
 
000019780,000000000,000000000,0122.146,0002.308,-001.262,0007
 
000019800,000000000,000000000,0122.073,0002.327,-001.269,0007
 
000019820,000000000,000000000,0122.183,0002.328,-001.275,0007
 
000019840,000000000,000000000,0122.113,0002.347,-001.255,0007
 
000019860,000000000,000000000,0122.082,0002.320,-001.242,0007
 
000019880,000000000,000000000,0122.186,0002.319,-001.270,0007
 
000019900,000000000,000000000,0122.317,0002.340,-001.253,0173
 
000019920,000000000,000000000,0122.307,0002.361,-001.263,0166
 
000019940,000000000,000000000,0122.249,0002.356,-001.266,0173
 
000019960,000000000,000000000,0122.222,0002.352,-001.274,0169
 
000019980,000000000,000000000,0122.152,0002.325,-001.279,0166
 
000020000,000000000,000000000,0122.044,0002.323,-001.282,0007
 
000020020,000000000,000000000,0122.016,0002.325,-001.286,0173
 
000020040,000000000,000000000,0122.063,0002.345,-001.270,0166
 
000020060,000000000,000000000,0122.107,0002.338,-001.273,0007
 
000020080,000000000,000000000,0122.076,0002.357,-001.236,0168
 
000020100,000000000,000000000,0122.047,0002.373,-001.220,0166
 
000020120,000000000,000000000,0122.089,0002.364,-001.228,0173
 
000020140,000000000,000000000,0122.120,0002.355,-001.239,0007
 
000020160,000000000,000000000,0121.992,0002.347,-001.247,0175
 
000020180,000000000,000000000,0122.000,0002.337,-001.229,0007
 
000020200,000000000,000000000,0121.986,0002.334,-001.263,0179
 
000020220,000000000,000000000,0122.118,0002.379,-001.268,0007
 
000020240,000000000,000000000,0122.155,0002.369,-001.274,0007
 
000020260,000000000,000000000,0122.081,0002.384,-001.282,0173
 
000020280,000000000,000000000,0122.123,0002.351,-001.263,0166
 
000020300,000000000,000000000,0122.189,0002.321,-001.220,0008
 
000020320,000000000,000000000,0122.219,0002.291,-001.252,0173
 
000020340,000000000,000000000,0122.240,0002.315,-001.258,0166
 
000020360,000000000,000000000,0122.264,0002.312,-001.266,0008
 
000020380,000000000,000000000,0122.194,0002.307,-001.274,0173
 
000020400,000000000,000000000,0122.310,0002.257,-001.253,0007
 
000020420,000000000,000000000,0122.203,0002.238,-001.261,0007
 
000020440,000000000,000000000,0122.117,0002.219,-001.266,0007
 
000020460,000000000,000000000,0122.197,0002.227,-001.293,0008
 
000020480,000000000,000000000,0122.259,0002.232,-001.297,0007
 
000020500,000000000,000000000,0122.237,0002.257,-001.277,0168
 
000020520,000000000,000000000,0122.234,0002.257,-001.255,0007
 
000020540,000000000,000000000,0122.158,0002.278,-001.240,0007
 
000020560,000000000,000000000,0122.174,0002.260,-001.270,0007
 
000020580,000000000,000000000,0122.133,0002.262,-001.275,0007
 
000020600,000000000,000000000,0122.117,0002.265,-001.283,0007
 
000020620,000000000,000000000,0122.151,0002.268,-001.286,0007
 
000020640,000000000,000000000,0122.184,0002.269,-001.288,0166
 
000020660,000000000,000000000,0122.289,0002.270,-001.294,0169
 
000020680,000000000,000000000,0122.207,0002.288,-001.291,0169
 
000020700,000000000,000000000,0122.147,0002.268,-001.295,0007
 
000020720,000000000,000000000,0122.278,0002.268,-001.299,0173
 
000020740,000000000,000000000,0122.312,0002.266,-001.298,0168
 
000020760,000000000,000000000,0122.190,0002.268,-001.302,0166
 
000020780,000000000,000000000,0122.183,0002.244,-001.304,0169
 
000020800,000000000,000000000,0122.290,0002.246,-001.259,0168
 
000020820,000000000,000000000,0122.336,0002.247,-001.243,0007
 
000020840,000000000,000000000,0122.337,0002.225,-001.229,0007
 
000020860,000000000,000000000,0122.271,0002.229,-001.235,0168
 
000020880,000000000,000000000,0122.327,0002.208,-001.244,0007
 
000020900,000000000,000000000,0122.326,0002.210,-001.229,0007
 
000020920,000000000,000000000,0122.345,0002.216,-001.237,0168
 
000020940,000000000,000000000,0122.302,0002.242,-001.222,0168
 
000020960,000000000,000000000,0122.334,0002.221,-001.228,0007
 
000020980,000000000,000000000,0122.162,0002.225,-001.255,0174
 
000021000,000000000,000000000,0122.086,0002.272,-001.241,0167
 
000021020,000000000,000000000,0122.072,0002.295,-001.247,0007
 
000021040,000000000,000000000,0122.103,0002.312,-001.253,0179
 
000021060,000000000,000000000,0122.168,0002.327,-001.238,0171
 
000021080,000000000,000000000,0122.175,0002.297,-001.220,0007
 
000021100,000000000,000000000,0122.083,0002.314,-001.228,0173
 
000021120,000000000,000000000,0122.089,0002.309,-001.259,0007
 
000021140,000000000,000000000,0122.227,0002.302,-001.238,0008
 
000021160,000000000,000000000,0122.048,0002.294,-001.224,0007
 
000021180,000000000,000000000,0122.129,0002.289,-001.257,0007
 
000021200,000000000,000000000,0122.079,0002.309,-001.260,0007
 
000021220,000000000,000000000,0122.205,0002.325,-001.267,0173
 
000021240,000000000,000000000,0122.046,0002.319,-001.274,0167
 
000021260,000000000,000000000,0122.160,0002.334,-001.254,0007
 
000021280,000000000,000000000,0122.153,0002.324,-001.237,0168
 
000021300,000000000,000000000,0122.095,0002.317,-001.244,0167
 
000021320,000000000,000000000,0122.173,0002.312,-001.251,0008
 
000021340,000000000,000000000,0122.276,0002.304,-001.234,0007
 
000021360,000000000,000000000,0122.247,0002.294,-001.240,0166
 
000021380,000000000,000000000,0122.307,0002.311,-001.224,0173
 
000021400,000000000,000000000,0122.137,0002.303,-001.253,0172
 
000021420,000000000,000000000,0122.241,0002.318,-001.257,0167
 
000021440,000000000,000000000,0122.214,0002.307,-001.283,0007
 
000021460,000000000,000000000,0122.141,0002.278,-001.267,0007
 
000021480,000000000,000000000,0122.297,0002.275,-001.268,0166
 
000021500,000000000,000000000,0122.255,0002.268,-001.271,0008
 
000021520,000000000,000000000,0122.272,0002.262,-001.253,0168
 
000021540,000000000,000000000,0122.331,0002.282,-001.257,0167
 
000021560,000000000,000000000,0122.197,0002.276,-001.284,0007
 
000021580,000000000,000000000,0122.209,0002.272,-001.285,0168
 
000021600,000000000,000000000,0122.236,0002.270,-001.263,0166
 
000021620,000000000,000000000,0122.265,0002.289,-001.246,0007
 
000021640,000000000,000000000,0122.235,0002.307,-001.274,0168
 
000021660,000000000,000000000,0122.199,0002.278,-001.277,0168
 
000021680,000000000,000000000,0122.083,0002.294,-001.234,0007
 
000021700,000000000,000000000,0122.104,0002.288,-001.239,0173
 
000021720,000000000,000000000,0122.162,0002.283,-001.244,0007
 
000021740,000000000,000000000,0122.105,0002.300,-001.251,0007
 
000021760,000000000,000000000,0122.155,0002.291,-001.277,0173
 
000021780,000000000,000000000,0122.185,0002.263,-001.279,0166
 
000021800,000000000,000000000,0122.206,0002.237,-001.282,0008
 
000021820,000000000,000000000,0122.174,0002.235,-001.260,0173
 
000021840,000000000,000000000,0122.107,0002.215,-001.265,0008
 
000021860,000000000,000000000,0122.141,0002.216,-001.267,0007
 
000021880,000000000,000000000,0122.105,0002.215,-001.245,0007
 
000021900,000000000,000000000,0122.167,0002.173,-001.273,0007
 
000021920,000000000,000000000,0122.386,0002.198,-001.277,0007
 
000021940,000000000,000000000,0122.315,0002.224,-001.301,0168
 
000021960,000000000,000000000,0122.286,0002.223,-001.280,0007
 
000021980,000000000,000000000,0122.202,0002.200,-001.280,0008
 
000022000,000000000,000000000,0122.227,0002.205,-001.258,0173
 
000022020,000000000,000000000,0122.240,0002.187,-001.244,0007
 
000022040,000000000,000000000,0122.299,0002.141,-001.202,0007
 
000022060,000000000,000000000,0122.263,0002.148,-001.231,0007
 
000022080,000000000,000000000,0122.361,0002.151,-001.215,0007
 
000022100,000000000,000000000,0122.390,0002.177,-001.202,0007
 
000022120,000000000,000000000,0122.390,0002.203,-001.209,0007
 
000022140,000000000,000000000,0122.326,0002.181,-001.198,0007
 
000022160,000000000,000000000,0122.272,0002.137,-001.209,0007
 
000022180,000000000,000000000,0122.250,0002.166,-001.217,0169
 
000022200,000000000,000000000,0122.251,0002.189,-001.203,0166
 
000022220,000000000,000000000,0122.175,0002.168,-001.190,0007
 
000022240,000000000,000000000,0122.254,0002.194,-001.221,0007
 
000022260,000000000,000000000,0122.343,0002.217,-001.208,0168
 
000022280,000000000,000000000,0122.299,0002.191,-001.189,0007
 
000022300,000000000,000000000,0122.168,0002.192,-001.199,0168
 
000022320,000000000,000000000,0122.240,0002.214,-001.184,0167
 
000022340,000000000,000000000,0122.254,0002.210,-001.168,0007
 
000022360,000000000,000000000,0122.222,0002.205,-001.157,0168
 
000022380,000000000,000000000,0122.214,0002.202,-001.172,0007
 
000022400,000000000,000000000,0122.116,0002.203,-001.203,0007
 
000022420,000000000,000000000,0122.167,0002.201,-001.211,0180
 
000022441,000000000,000000000,0122.152,0002.225,-001.239,1023
 
000022461,000000000,000000000,0122.082,0002.197,-001.240,1023
 
000022481,000000000,000000000,0122.112,0002.174,-001.223,1023
 
000022501,000000000,000000000,0122.078,0002.194,-001.250,1023
 
000022521,000000000,000000000,0122.246,0002.221,-001.253,1023
 
000022541,000000000,000000000,0122.234,0002.218,-001.216,1023
 
000022561,000000000,000000000,0122.266,0002.212,-001.223,1023
 
000022581,000000000,000000000,0122.236,0002.235,-001.228,1023
 
000022600,000000000,000000000,0122.145,0002.271,-001.191,0173
 
000022620,000000000,000000000,0122.221,0002.266,-001.201,0007
 
000022640,000000000,000000000,0122.016,0002.259,-001.211,0007
 
000022660,000000000,000000000,0121.960,0002.307,-001.224,0173
 
000022680,000000000,000000000,0121.962,0002.230,-001.215,0166
 
000022700,000000000,000000000,0121.741,0002.336,-001.229,0007
 
000022720,000000000,000000000,0121.622,0002.402,-001.242,0173
 
000022740,000000000,000000000,0121.265,0002.457,-001.255,0007
 
000022760,000000000,000000000,0120.874,0002.627,-001.267,0007
 
000022780,000000000,000000000,0120.233,0002.615,-001.284,0007
 
000022800,000000000,000000000,0119.925,0002.622,-001.252,0007
 
000022820,000000000,000000000,0119.475,0002.571,-001.263,0007
 
000022840,000000000,000000000,0118.821,0002.659,-001.259,0169
 
000022860,000000000,000000000,0118.197,0002.738,-001.254,0166
 
000022880,000000000,000000000,0117.556,0002.749,-001.231,0007
 
000022900,000000000,000000000,0116.921,0002.728,-001.263,0169
 
000022920,000000000,000000000,0116.343,0002.745,-001.262,0007
 
000022940,000000000,000000000,0115.531,0002.593,-001.283,0173
 
000022960,000000000,000000000,0114.960,0002.687,-001.296,0007
 
000022980,000000000,000000000,0114.127,0002.607,-001.307,0166
 
000023000,000000000,000000000,0113.612,0002.426,-001.304,0007
 
000023020,000000000,000000000,0112.832,0002.477,-001.319,0173
 
000023040,000000000,000000000,0112.384,0002.394,-001.326,0007
 
000023060,000000000,000000000,0111.980,0002.267,-001.312,0007
 
000023080,000000000,000000000,0111.452,0002.238,-001.274,0168
 
000023100,000000000,000000000,0111.052,0002.004,-001.281,0168
 
000023120,000000000,000000000,0110.664,0002.023,-001.267,0007
 
000023140,000000000,000000000,0110.351,0001.988,-001.272,0167
 
000023160,000000000,000000000,0110.090,0001.972,-001.273,0174
 
000023180,000000000,000000000,0109.821,0002.032,-001.276,0007
 
000023200,000000000,000000000,0109.356,0002.014,-001.254,0007
 
000023220,000000000,000000000,0109.073,0002.032,-001.243,0166
 
000023240,000000000,000000000,0108.640,0001.980,-001.244,0007
 
000023260,000000000,000000000,0108.484,0001.934,-001.244,0167
 
000023280,000000000,000000000,0108.190,0001.937,-001.277,0007
 
000023300,000000000,000000000,0107.923,0001.980,-001.276,0169
 
000023320,000000000,000000000,0107.670,0002.009,-001.274,0173
 
000023340,000000000,000000000,0107.276,0002.024,-001.218,0007
 
000023360,000000000,000000000,0107.079,0001.991,-001.197,0007
 
000023380,000000000,000000000,0106.780,0001.998,-001.204,0173
 
000023400,000000000,000000000,0106.361,0002.004,-001.190,0007
 
000023420,000000000,000000000,0106.057,0002.003,-001.199,0007
 
000023440,000000000,000000000,0105.824,0002.056,-001.186,0169
 
000023460,000000000,000000000,0105.610,0002.100,-001.173,0007
 
000023480,000000000,000000000,0105.313,0002.080,-001.183,0007
 
000023500,000000000,000000000,0104.960,0002.036,-001.194,0007
 
000023520,000000000,000000000,0104.793,0001.989,-001.177,0007
 
000023540,000000000,000000000,0104.645,0001.994,-001.162,0007
 
000023560,000000000,000000000,0104.332,0002.006,-001.150,0007
 
000023580,000000000,000000000,0104.247,0001.992,-001.158,0007
 
000023600,000000000,000000000,0104.297,0001.982,-001.167,0007
 
000023620,000000000,000000000,0104.289,0001.993,-001.152,0007
 
000023640,000000000,000000000,0103.635,0002.023,-001.141,0007
 
000023660,000000000,000000000,0103.543,0001.986,-001.129,0007
 
000023680,000000000,000000000,0103.465,0002.020,-001.120,0166
 
000023700,000000000,000000000,0103.605,0002.025,-001.109,0166
 
000023720,000000000,000000000,0103.762,0001.983,-001.143,0007
 
000023740,000000000,000000000,0103.806,0001.947,-001.129,0166
 
000023760,000000000,000000000,0103.871,0001.960,-001.118,0168
 
000023780,000000000,000000000,0103.926,0001.973,-001.127,0007
 
000023800,000000000,000000000,0103.951,0002.008,-001.116,0167
 
000023820,000000000,000000000,0103.849,0002.063,-001.106,0168
 
000023840,000000000,000000000,0103.879,0002.091,-001.119,0007
 
000023860,000000000,000000000,0103.725,0002.116,-001.109,0167
 
000023880,000000000,000000000,0103.698,0002.115,-001.123,0171
 
000023900,000000000,000000000,0103.705,0002.139,-001.112,0007
 
000023920,000000000,000000000,0103.633,0002.136,-001.101,0167
 
000023940,000000000,000000000,0103.592,0002.153,-001.115,0175
 
000023960,000000000,000000000,0103.522,0002.151,-001.127,0007
 
000023980,000000000,000000000,0103.339,0002.148,-001.116,0167
 
000024000,000000000,000000000,0103.471,0002.164,-001.130,0007
 
000024020,000000000,000000000,0103.268,0002.182,-001.120,0166
 
000024040,000000000,000000000,0103.319,0002.175,-001.110,0173
 
000024060,000000000,000000000,0103.329,0002.144,-001.099,0007
 
000024080,000000000,000000000,0103.367,0002.116,-001.112,0007
 
000024100,000000000,000000000,0103.407,0002.161,-001.103,0169
 
000024120,000000000,000000000,0103.290,0002.177,-001.095,0007
 
000024140,000000000,000000000,0103.221,0002.194,-001.089,0169
 
000024160,000000000,000000000,0103.210,0002.210,-001.082,0007
 
000024180,000000000,000000000,0103.128,0002.200,-001.076,0168
 
000024200,000000000,000000000,0103.039,0002.236,-001.069,0007
 
000024220,000000000,000000000,0103.093,0002.245,-001.086,0169
 
000024240,000000000,000000000,0103.154,0002.254,-001.077,0007
 
000024260,000000000,000000000,0103.108,0002.240,-001.071,0007
 
000024280,000000000,000000000,0102.953,0002.226,-001.108,0007
 
000024300,000000000,000000000,0102.914,0002.283,-001.101,0007
 
000024320,000000000,000000000,0102.964,0002.266,-001.115,0007
 
000024340,000000000,000000000,0102.945,0002.250,-001.127,0007
 
000024360,000000000,000000000,0102.890,0002.236,-001.138,0007
 
000024380,000000000,000000000,0102.958,0002.226,-001.127,0007
 
000024400,000000000,000000000,0103.092,0002.213,-001.115,0006
 
000024420,000000000,000000000,0103.042,0002.204,-001.126,0007
 
000024440,000000000,000000000,0103.034,0002.197,-001.116,0007
 
000024460,000000000,000000000,0103.115,0002.165,-001.126,0007
 
000024480,000000000,000000000,0103.150,0002.178,-001.070,0007
 
000024500,000000000,000000000,0103.146,0002.193,-001.064,0007
 
000024520,000000000,000000000,0103.016,0002.182,-001.036,0169
 
000024540,000000000,000000000,0103.072,0002.195,-001.058,0007
 
000024560,000000000,000000000,0103.126,0002.188,-001.076,0007
 
000024580,000000000,000000000,0103.142,0002.180,-001.090,0167
 
000024600,000000000,000000000,0103.207,0002.102,-001.082,0168
 
000024620,000000000,000000000,0103.028,0002.104,-001.121,0006
 
000024640,000000000,000000000,0103.180,0002.105,-001.155,0167
 
000024660,000000000,000000000,0103.385,0002.127,-001.162,0170
 
000024680,000000000,000000000,0103.364,0002.123,-001.192,0007
 
000024700,000000000,000000000,0103.421,0002.140,-001.195,0167
 
000024720,000000000,000000000,0103.510,0002.157,-001.177,0006
 
000024740,000000000,000000000,0103.575,0002.124,-001.203,0166
 
000024760,000000000,000000000,0103.546,0002.119,-001.204,0173
 
000024780,000000000,000000000,0103.527,0002.159,-001.206,0007
 
000024800,000000000,000000000,0103.477,0002.174,-001.211,0166
 
000024820,000000000,000000000,0103.520,0002.164,-001.210,0173
 
000024840,000000000,000000000,0102.681,0002.179,-001.236,0007
 
000024860,000000000,000000000,0102.956,0002.175,-001.237,0166
 
000024880,000000000,000000000,0103.112,0002.169,-001.260,0007
 
000024900,000000000,000000000,0103.148,0002.184,-001.260,0007
 
000024920,000000000,000000000,0103.090,0002.175,-001.214,0006
 
000024940,000000000,000000000,0103.202,0002.188,-001.196,0173
 
000024960,000000000,000000000,0103.111,0002.199,-001.177,0007
 
000024980,000000000,000000000,0103.109,0002.208,-001.206,0007
 
000025000,000000000,000000000,0103.080,0002.191,-001.184,0168
 
000025020,000000000,000000000,0103.200,0002.179,-001.165,0007
 
000025040,000000000,000000000,0103.218,0002.167,-001.172,0006
 
000025060,000000000,000000000,0103.125,0002.204,-001.178,0169
 
000025080,000000000,000000000,0103.139,0002.214,-001.183,0007
 
000025100,000000000,000000000,0103.249,0002.217,-001.186,0007
 
000025120,000000000,000000000,0103.323,0002.229,-001.190,0007
 
000025140,000000000,000000000,0103.324,0002.193,-001.171,0007
 
000025160,000000000,000000000,0103.181,0002.180,-001.175,0007
 
000025180,000000000,000000000,0103.097,0002.170,-001.204,0007
 
000025200,000000000,000000000,0103.211,0002.157,-001.206,0007
 
000025220,000000000,000000000,0103.198,0002.145,-001.163,0007
 
000025240,000000000,000000000,0103.269,0002.137,-001.146,0166
 
000025260,000000000,000000000,0103.289,0002.153,-001.133,0168
 
000025280,000000000,000000000,0103.347,0002.145,-001.121,0006
 
000025300,000000000,000000000,0103.470,0002.161,-001.131,0007
 
000025320,000000000,000000000,0103.399,0002.152,-001.118,0166
 
000025340,000000000,000000000,0103.357,0002.120,-001.104,0006
 
000025360,000000000,000000000,0103.361,0002.139,-001.094,0167
 
000025380,000000000,000000000,0103.266,0002.133,-001.107,0170
 
000025400,000000000,000000000,0103.266,0002.127,-001.118,0006
 
000025420,000000000,000000000,0103.194,0002.097,-001.127,0167
 
000025440,000000000,000000000,0103.196,0002.140,-001.114,0174
 
000025460,000000000,000000000,0103.233,0002.160,-001.128,0007
 
000025480,000000000,000000000,0103.213,0002.150,-001.138,0167
 
000025500,000000000,000000000,0103.232,0002.139,-001.147,0007
 
000025520,000000000,000000000,0103.275,0002.111,-001.157,0166
 
000025540,000000000,000000000,0103.238,0002.128,-001.141,0173
 
000025560,000000000,000000000,0103.246,0002.142,-001.148,0174
 
000025580,000000000,000000000,0103.207,0002.158,-001.155,0006
 
000025600,000000000,000000000,0103.208,0002.148,-001.161,0173
 
000025620,000000000,000000000,0103.098,0002.162,-001.147,0007
 
000025640,000000000,000000000,0103.372,0002.174,-001.133,0007
 
000025660,000000000,000000000,0103.318,0002.185,-001.120,0169
 
000025680,000000000,000000000,0103.261,0002.193,-001.129,0007
 
000025700,000000000,000000000,0103.351,0002.205,-001.140,0007
 
000025720,000000000,000000000,0103.366,0002.189,-001.127,0168
 
000025740,000000000,000000000,0103.364,0002.152,-001.137,0007
 
000025760,000000000,000000000,0103.335,0002.165,-001.100,0169
 
000025780,000000000,000000000,0103.248,0002.176,-001.090,0007
 
000025800,000000000,000000000,0103.262,0002.189,-001.104,0007
 
000025820,000000000,000000000,0103.260,0002.155,-001.094,0007
 
000025840,000000000,000000000,0103.097,0002.168,-001.107,0006
 
000025860,000000000,000000000,0103.080,0002.158,-001.074,0007
 
000025880,000000000,000000000,0103.175,0002.171,-001.067,0007
 
000025900,000000000,000000000,0103.300,0002.204,-001.080,0006
 
000025920,000000000,000000000,0103.270,0002.168,-001.094,0007
 
000025940,000000000,000000000,0103.216,0002.160,-001.105,0007
 
000025960,000000000,000000000,0103.248,0002.149,-001.118,0007
 
000025980,000000000,000000000,0103.334,0002.140,-001.106,0007
 
000026000,000000000,000000000,0103.171,0002.130,-001.094,0007
 
000026020,000000000,000000000,0103.238,0002.122,-001.106,0007
 
000026040,000000000,000000000,0103.244,0002.093,-001.119,0166
 
000026060,000000000,000000000,0103.273,0002.068,-001.130,0007
 
000026080,000000000,000000000,0103.257,0002.064,-001.118,0167
 
000026100,000000000,000000000,0103.066,0002.062,-001.105,0166
 
000026120,000000000,000000000,0103.152,0002.041,-001.093,0007
 
000026140,000000000,000000000,0103.307,0002.014,-001.059,0167
 
000026160,000000000,000000000,0103.338,0002.036,-001.096,0166
 
000026180,000000000,000000000,0103.317,0002.039,-001.085,0007
 
000026200,000000000,000000000,0103.356,0002.059,-001.074,0167
 
000026220,000000000,000000000,0103.360,0002.103,-001.046,0007
 
000026240,000000000,000000000,0103.305,0002.119,-001.041,0166
 
000026260,000000000,000000000,0103.365,0002.134,-001.038,0173
 
000026280,000000000,000000000,0103.299,0002.128,-001.033,0007
 
000026300,000000000,000000000,0103.150,0002.119,-001.028,0169
 
000026320,000000000,000000000,0103.220,0002.134,-001.025,0173
 
000026340,000000000,000000000,0103.254,0002.101,-001.044,0007
 
000026360,000000000,000000000,0103.103,0002.076,-001.064,0007
 
000026380,000000000,000000000,0103.200,0002.096,-001.058,0168
 
000026400,000000000,000000000,0103.079,0002.069,-001.053,0007
 
000026420,000000000,000000000,0103.157,0002.047,-001.047,0169
 
000026440,000000000,000000000,0103.358,0002.048,-001.086,0173
 
000026460,000000000,000000000,0103.295,0002.046,-001.076,0007
 
000026480,000000000,000000000,0103.271,0002.063,-001.066,0006
 
000026500,000000000,000000000,0103.392,0002.058,-001.082,0168
 
000026520,000000000,000000000,0103.378,0002.077,-001.096,0007
 
000026540,000000000,000000000,0103.267,0002.114,-001.108,0007
 
000026560,000000000,000000000,0103.228,0002.153,-001.117,0007
 
000026580,000000000,000000000,0103.218,0002.162,-001.129,0007
 
000026600,000000000,000000000,0103.239,0002.125,-001.136,0007
 
000026620,000000000,000000000,0103.334,0002.095,-001.122,0006
 
000026640,000000000,000000000,0103.351,0002.088,-001.109,0007
 
000026660,000000000,000000000,0103.371,0002.083,-001.142,0006
 
000026680,000000000,000000000,0103.314,0002.055,-001.129,0007
 
000026700,000000000,000000000,0103.265,0002.048,-001.113,0170
 
000026720,000000000,000000000,0103.169,0002.066,-001.103,0006
 
000026740,000000000,000000000,0103.224,0002.060,-001.114,0007
 
000026760,000000000,000000000,0103.289,0002.077,-001.102,0166
 
000026780,000000000,000000000,0103.363,0002.097,-001.136,0007
 
000026800,000000000,000000000,0103.275,0002.111,-001.075,0167
 
000026820,000000000,000000000,0103.282,0002.102,-001.066,0007
 
000026840,000000000,000000000,0103.192,0002.116,-001.081,0007
 
000026860,000000000,000000000,0103.309,0002.109,-001.073,0167
 
000026880,000000000,000000000,0103.182,0002.121,-001.088,0174
 
000026900,000000000,000000000,0103.255,0002.112,-001.100,0007
 
000026920,000000000,000000000,0103.284,0002.103,-001.087,0167
 
000026940,000000000,000000000,0103.320,0002.089,-001.075,0170
 
000026960,000000000,000000000,0103.360,0002.105,-001.090,0007
 
000026980,000000000,000000000,0103.260,0002.075,-001.080,0167
 
000027000,000000000,000000000,0103.103,0002.111,-001.092,0007
 
000027020,000000000,000000000,0103.174,0002.127,-001.126,0166
 
000027040,000000000,000000000,0103.158,0002.135,-001.110,0173
 
000027060,000000000,000000000,0103.160,0002.123,-001.120,0006
 
000027080,000000000,000000000,0103.249,0002.134,-001.128,0169
 
000027100,000000000,000000000,0103.180,0002.166,-001.114,0173
 
000027120,000000000,000000000,0103.189,0002.151,-001.144,0007
 
000027140,000000000,000000000,0103.161,0002.137,-001.129,0007
 
000027160,000000000,000000000,0103.284,0002.125,-001.094,0173
 
000027180,000000000,000000000,0103.163,0002.091,-001.084,0007
 
000027200,000000000,000000000,0103.049,0002.105,-001.095,0006
 
000027220,000000000,000000000,0103.042,0002.119,-001.129,0173
 
000027240,000000000,000000000,0103.163,0002.109,-001.114,0007
 
000027260,000000000,000000000,0103.201,0002.098,-001.099,0007
 
000027280,000000000,000000000,0103.149,0002.088,-001.110,0169
 
000027300,000000000,000000000,0103.057,0002.105,-001.121,0007
 
000027320,000000000,000000000,0103.111,0002.093,-001.130,0007
 
000027340,000000000,000000000,0103.081,0002.104,-001.137,0006
 
000027360,000000000,000000000,0103.223,0002.094,-001.144,0007
 
000027380,000000000,000000000,0103.293,0002.085,-001.129,0007
 
000027400,000000000,000000000,0103.483,0002.078,-001.136,0007
 
000027420,000000000,000000000,0103.582,0002.094,-001.144,0007
 
000027440,000000000,000000000,0103.593,0002.085,-001.150,0007
 
000027460,000000000,000000000,0103.433,0002.078,-001.157,0007
 
000027480,000000000,000000000,0103.408,0002.095,-001.162,0007
 
000027500,000000000,000000000,0103.360,0002.063,-001.168,0007
 
000027520,000000000,000000000,0103.419,0002.080,-001.130,0007
 
000027540,000000000,000000000,0103.386,0002.095,-001.138,0166
 
000027560,000000000,000000000,0103.276,0002.061,-001.120,0007
 
000027580,000000000,000000000,0103.384,0002.055,-001.087,0167
 
000027600,000000000,000000000,0103.415,0002.028,-001.075,0007
 
000027620,000000000,000000000,0103.336,0002.025,-001.067,0007
 
000027640,000000000,000000000,0103.401,0002.022,-001.037,0169
 
000027660,000000000,000000000,0103.481,0002.042,-001.054,0007
 
000027680,000000000,000000000,0103.646,0002.080,-001.044,0166
 
000027700,000000000,000000000,0103.537,0002.047,-001.036,0167
 
000027720,000000000,000000000,0103.447,0002.017,-001.052,0007
 
000027740,000000000,000000000,0103.420,0002.015,-001.066,0166
 
000027760,000000000,000000000,0103.339,0002.037,-001.080,0169
 
000027780,000000000,000000000,0103.230,0002.032,-001.112,0007
 
000027800,000000000,000000000,0103.312,0002.004,-001.144,0007
 
000027820,000000000,000000000,0103.479,0001.982,-001.152,0169
 
000027840,000000000,000000000,0103.343,0001.978,-001.134,0166
 
000027860,000000000,000000000,0103.293,0002.023,-001.118,0007
 
000027880,000000000,000000000,0103.279,0002.042,-001.148,0169
 
000027900,000000000,000000000,0103.397,0002.037,-001.109,0166
 
000027920,000000000,000000000,0103.330,0002.031,-001.097,0173
 
000027940,000000000,000000000,0103.399,0002.048,-001.108,0169
 
000027960,000000000,000000000,0103.600,0002.041,-001.094,0166
 
000027980,000000000,000000000,0103.542,0002.058,-001.105,0173
 
000028000,000000000,000000000,0103.714,0002.076,-001.116,0173
 
000028020,000000000,000000000,0103.650,0002.088,-001.101,0166
 
000028040,000000000,000000000,0103.581,0002.054,-001.089,0006
 
000028060,000000000,000000000,0103.465,0002.070,-001.102,0173
 
000028080,000000000,000000000,0103.520,0002.060,-001.086,0168
 
000028100,000000000,000000000,0103.552,0002.053,-001.098,0007
 
000028120,000000000,000000000,0103.411,0002.072,-001.108,0169
 
000028140,000000000,000000000,0103.436,0002.087,-001.119,0174
 
000028160,000000000,000000000,0103.410,0002.076,-001.105,0006
 
000028180,000000000,000000000,0103.309,0002.067,-001.116,0179
 
000028200,000000000,000000000,0103.288,0002.080,-001.103,0171
 
000028220,000000000,000000000,0103.381,0002.093,-001.092,0007
 
000028240,000000000,000000000,0103.450,0002.082,-001.081,0179
 
000028260,000000000,000000000,0103.548,0002.052,-001.093,0007
 
000028280,000000000,000000000,0103.443,0002.043,-001.081,0007
 
