000128764,000000000,000000000,0063.372,     nan,0058.483,0166
 
000128783,000000000,000000000,0045.000,     nan,     nan,0179
 
000128807,000000000,000000000,0114.283,0004.417,0000.738,0166
 
000128833,000000000,000000000,0115.136,0004.155,0000.245,0172
 
000128859,000000000,000000000,0113.979,0004.380,0000.488,0167
 
000128885,000000000,000000000,0114.377,0004.137,0000.488,0166
 
000128911,000000000,000000000,0114.152,0004.398,0000.979,0167
 
000128937,000000000,000000000,0114.232,0004.155,0000.490,0167
 
000128963,000000000,000000000,0114.977,0004.155,0000.735,0166
 
000128989,000000000,000000000,0114.277,0004.155,0000.490,0167
 
000129015,000000000,000000000,0113.778,0004.120,0000.728,0167
 
000129041,000000000,000000000,0114.592,0004.155,0000.245,0007
 
000129067,000000000,000000000,0114.298,0004.399,0000.490,0173
 
000129093,000000000,000000000,0115.066,0004.137,0000.488,0167
 
000129119,000000000,000000000,0113.592,0004.361,0000.486,0006
 
000129145,000000000,000000000,0113.482,0004.398,0000.735,0179
 
000129171,000000000,000000000,0114.610,0004.155,0000.245,0006
 
000129197,000000000,000000000,0114.427,0004.417,0000.738,0007
 
000129223,000000000,000000000,0113.846,0004.155,0000.490,0179
 
000129249,000000000,000000000,0115.413,0003.928,0000.492,0006
 
000129275,000000000,000000000,0114.278,0004.173,0000.492,0007
 
000129301,000000000,000000000,0113.775,0004.361,0000.486,0172
 
000129327,000000000,000000000,0114.065,0004.399,0000.490,0006
 
000129353,000000000,000000000,0114.000,0004.417,0000.738,0008
 
000129379,000000000,000000000,0114.455,0004.380,0000.244,0007
 
000129405,000000000,000000000,0114.076,0004.399,0000.490,0177
 
000129431,000000000,000000000,0114.362,0004.137,0000.488,0006
 
000129457,000000000,000000000,0115.880,0003.928,0000.000,0179
 
000129483,000000000,000000000,0115.096,0004.137,0000.488,0167
 
000129509,000000000,000000000,0114.835,0004.399,0000.245,0166
 
000129535,000000000,000000000,0114.281,0004.417,0000.738,0167
 
000129561,000000000,000000000,0114.746,0004.102,0000.725,0167
 
000129587,000000000,000000000,0114.082,0004.417,0000.492,0166
 
000129613,000000000,000000000,0113.563,0004.662,0000.492,0169
 
000129639,000000000,000000000,0114.038,0004.379,0000.975,0167
 
000129665,000000000,000000000,0114.169,0004.155,0000.245,0166
 
000129691,000000000,000000000,0113.995,0004.380,0000.488,0167
 
000129717,000000000,000000000,0114.173,0004.380,0000.731,0167
 
000129743,000000000,000000000,0114.448,0004.417,0000.492,0166
 
000129769,000000000,000000000,0114.598,0004.155,0000.490,0179
 
000129795,000000000,000000000,0113.985,0004.436,0000.247,0007
 
000129821,000000000,000000000,0113.790,0004.662,0000.492,0007
 
000129847,000000000,000000000,0113.936,0004.417,0000.492,0006
 
000129873,000000000,000000000,0114.266,0004.681,0000.741,0170
 
000129899,000000000,000000000,0114.360,0004.155,0000.735,0006
 
000129925,000000000,000000000,0113.385,0004.906,0000.738,0179
 
000129951,000000000,000000000,0114.422,0004.155,0000.735,0006
 
000129977,000000000,000000000,0114.651,0003.911,0000.735,0007
 
000130003,000000000,000000000,0113.556,0004.398,0000.735,0179
 
000130029,000000000,000000000,0114.967,0004.436,0000.247,0007
 
000130055,000000000,000000000,0113.966,0004.380,0000.731,0007
 
000130081,000000000,000000000,0114.206,0004.436,0000.494,0007
 
000130107,000000000,000000000,0113.980,0004.361,0000.971,0177
 
000130133,000000000,000000000,0113.433,0004.662,0000.492,0006
 
000130159,000000000,000000000,0114.806,0004.137,0000.975,0007
 
000130185,000000000,000000000,0114.013,0004.085,0000.722,0179
 
000130211,000000000,000000000,0113.848,0004.417,0000.492,0006
 
000130237,000000000,000000000,0113.702,0004.662,0000.492,0006
 
000130263,000000000,000000000,0114.149,0004.137,0000.488,0007
 
000130289,000000000,000000000,0115.136,0004.173,0000.492,0006
 
000130315,000000000,000000000,0114.301,0004.417,0000.492,0006
 
000130341,000000000,000000000,0114.494,0004.436,0000.247,0167
 
000130367,000000000,000000000,0114.100,0004.137,0000.488,0007
 
000130393,000000000,000000000,0115.035,0004.173,0000.246,0167
 
000130419,000000000,000000000,0114.803,0004.436,0000.494,0167
 
000130445,000000000,000000000,0114.391,0004.155,0000.490,0166
 
000130471,000000000,000000000,0115.022,0004.155,0000.490,0006
 
000130497,000000000,000000000,0114.982,0004.137,0000.731,0007
 
000130523,000000000,000000000,0113.286,0004.642,0000.490,0166
 
000130549,000000000,000000000,0113.961,0004.436,0000.494,0179
 
000130575,000000000,000000000,0115.523,0004.137,0000.488,0167
 
000130601,000000000,000000000,0115.309,0003.895,0000.244,0007
 
000130627,000000000,000000000,0113.885,0004.417,0000.984,0179
 
000130653,000000000,000000000,0114.420,0004.399,0000.490,0167
 
000130679,000000000,000000000,0114.667,0003.878,0000.728,0173
 
000130705,000000000,000000000,0115.178,0003.911,0000.735,0006
 
000130731,000000000,000000000,0114.581,0004.399,0000.490,0167
 
000130757,000000000,000000000,0113.586,0004.417,0000.738,0007
 
000130783,000000000,000000000,0113.861,0004.380,0000.488,0172
 
000130809,000000000,000000000,0114.844,0004.155,0000.735,0006
 
000130835,000000000,000000000,0113.907,0004.642,0000.735,0007
 
000130861,000000000,000000000,0115.095,0004.191,0000.247,0007
 
000130887,000000000,000000000,0114.354,0004.417,0000.738,0179
 
000130913,000000000,000000000,0114.442,0004.137,0000.731,0006
 
000130939,000000000,000000000,0114.725,0004.137,0000.731,0179
 
000130965,000000000,000000000,0114.296,0004.361,0000.728,0166
 
000130991,000000000,000000000,0114.279,0004.399,0000.490,0006
 
000131017,000000000,000000000,0114.980,0003.928,0000.492,0179
 
000131043,000000000,000000000,0114.440,0004.155,0000.735,0167
 
000131069,000000000,000000000,0113.755,0004.399,0000.490,0007
 
000131095,000000000,000000000,0114.780,0004.173,0000.738,0169
 
000131121,000000000,000000000,0114.492,0004.417,0000.246,0167
 
000131147,000000000,000000000,0114.358,0004.137,0000.488,0166
 
000131173,000000000,000000000,0114.438,0004.417,0000.492,0167
 
000131199,000000000,000000000,0113.726,0004.380,0000.488,0167
 
000131225,000000000,000000000,0113.768,0004.642,0000.735,0166
 
000131251,000000000,000000000,0114.424,0004.137,0000.731,0179
 
000131277,000000000,000000000,0114.492,0004.399,0000.490,0006
 
000131303,000000000,000000000,0114.014,0004.417,0000.492,0173
 
000131329,000000000,000000000,0114.782,0004.137,0000.488,0169
 
000131355,000000000,000000000,0113.880,0004.417,0000.492,0167
 
000131381,000000000,000000000,0114.494,0004.173,0000.738,0006
 
000131407,000000000,000000000,0113.380,0004.642,0000.735,0179
 
000131433,000000000,000000000,0113.878,0004.642,0000.735,0167
 
000131459,000000000,000000000,0114.748,0004.155,0000.245,0173
 
000131485,000000000,000000000,0113.349,0004.661,0000.738,0007
 
000131511,000000000,000000000,0113.565,0004.380,0000.731,0167
 
000131537,000000000,000000000,0113.676,0004.380,0000.731,0007
 
000131563,000000000,000000000,0113.783,0004.417,0000.492,0179
 
000131589,000000000,000000000,0114.244,0004.417,0000.492,0006
 
000131615,000000000,000000000,0113.523,0004.398,0000.735,0007
 
000131641,000000000,000000000,0113.539,0004.155,0000.735,0007
 
000131667,000000000,000000000,0113.903,0004.398,0000.735,0179
 
000131693,000000000,000000000,0113.721,0004.417,0000.492,0006
 
000131719,000000000,000000000,0113.358,0004.155,0000.979,0179
 
000131745,000000000,000000000,0114.187,0004.155,0000.490,0167
 
000131771,000000000,000000000,0114.197,0004.455,0000.744,0007
 
000131797,000000000,000000000,0114.927,0004.191,0000.494,0169
 
000131823,000000000,000000000,0115.094,0004.173,0000.492,0167
 
000131849,000000000,000000000,0115.178,0004.120,0000.486,0166
 
000131875,000000000,000000000,0114.088,0004.155,0000.490,0167
 
000131901,000000000,000000000,0112.712,0004.661,0000.738,0167
 
000131927,000000000,000000000,0115.324,0004.138,0000.244,0006
 
000131953,000000000,000000000,0114.087,0004.361,0000.728,0006
 
000131979,000000000,000000000,0115.160,0004.173,0000.246,0167
 
000132005,000000000,000000000,0114.839,0004.173,0000.492,0166
 
000132031,000000000,000000000,0113.950,0004.417,0000.492,0173
 
000132057,000000000,000000000,0114.739,0004.155,0000.735,0167
 
000132083,000000000,000000000,0115.017,0004.417,0000.492,0166
 
000132109,000000000,000000000,0113.606,0004.173,0000.492,0006
 
000132135,000000000,000000000,0115.008,0004.155,0000.735,0167
 
000132161,000000000,000000000,0114.455,0004.137,0000.731,0007
 
000132187,000000000,000000000,0113.441,0004.417,0000.984,0179
 
000132213,000000000,000000000,0114.167,0004.417,0000.492,0006
 
000132239,000000000,000000000,0114.101,0004.399,0000.490,0007
 
000132265,000000000,000000000,0113.481,0004.155,0000.979,0179
 
000132291,000000000,000000000,0113.864,0004.682,0000.494,0006
 
000132317,000000000,000000000,0115.084,0004.155,0000.735,0007
 
000132343,000000000,000000000,0112.993,0004.682,0000.494,0007
 
000132369,000000000,000000000,0113.449,0004.155,0000.735,0180
 
000132395,000000000,000000000,0114.739,0004.155,0000.735,0007
 
000132421,000000000,000000000,0115.335,0004.155,0000.490,0179
 
000132447,000000000,000000000,0114.793,0004.173,0000.492,0166
 
000132473,000000000,000000000,0114.491,0004.155,0000.490,0006
 
000132499,000000000,000000000,0114.015,0004.137,0000.731,0179
 
000132525,000000000,000000000,0113.164,0004.380,0000.731,0167
 
000132551,000000000,000000000,0113.994,0004.642,0000.490,0007
 
000132577,000000000,000000000,0113.891,0004.417,0000.738,0006
 
000132603,000000000,000000000,0114.694,0003.895,0000.731,0179
 
000132629,000000000,000000000,0113.967,0004.173,0000.246,0166
 
000132655,000000000,000000000,0114.398,0004.173,0000.246,0169
 
000132681,000000000,000000000,0114.370,0004.137,0000.488,0167
 
000132707,000000000,000000000,0114.686,0004.155,0000.245,0007
 
000132733,000000000,000000000,0113.861,0004.642,0000.735,0169
 
000132759,000000000,000000000,0114.399,0004.173,0000.246,0167
 
000132785,000000000,000000000,0114.672,0004.138,0000.244,0166
 
000132811,000000000,000000000,0113.913,0004.417,0000.738,0169
 
000132837,000000000,000000000,0115.281,0004.399,0000.245,0167
 
000132863,000000000,000000000,0114.393,0004.120,0000.728,0173
 
000132889,000000000,000000000,0114.404,0004.155,0000.735,0007
 
000132915,000000000,000000000,0115.019,0004.173,0000.738,0170
 
000132941,000000000,000000000,0113.276,0004.417,0000.492,0006
 
000132967,000000000,000000000,0114.566,0004.399,0000.490,0179
 
000132993,000000000,000000000,0113.975,0003.878,0000.728,0006
 
000133019,000000000,000000000,0114.117,0004.642,0000.490,0173
 
000133045,000000000,000000000,0115.174,0004.155,0000.245,0179
 
000133071,000000000,000000000,0115.204,0003.912,0000.245,0006
 
000133097,000000000,000000000,0114.705,0004.155,0000.490,0007
 
000133123,000000000,000000000,0113.774,0004.398,0000.735,0007
 
000133149,000000000,000000000,0113.673,0004.417,0000.492,0179
 
000133175,000000000,000000000,0113.950,0004.642,0000.490,0007
 
000133201,000000000,000000000,0115.314,0003.911,0000.735,0179
 
000133227,000000000,000000000,0113.764,0004.436,0000.494,0166
 
000133253,000000000,000000000,0114.239,0004.137,0000.488,0007
 
000133280,000000000,000000000,0114.899,0004.155,0000.245,0167
 
000133306,000000000,000000000,0114.106,0004.398,0000.735,1023
 
000133331,000000000,000000000,0113.334,0004.885,0000.735,0007
 
000133357,000000000,000000000,0113.234,0004.642,0000.490,0006
 
000133383,000000000,000000000,0113.275,0004.906,0000.492,0007
 
000133409,000000000,000000000,0113.446,0004.583,0000.725,0007
 
000133435,000000000,000000000,0112.290,0005.217,0000.498,0169
 
000133461,000000000,000000000,0110.329,0005.880,0000.984,0167
 
000133487,000000000,000000000,0109.753,0006.047,0000.486,0166
 
000133513,000000000,000000000,0109.088,0006.123,0000.984,0173
 
000133539,000000000,000000000,0106.779,0006.553,0000.975,0167
 
000133565,000000000,000000000,0111.090,0004.436,0000.494,0173
 
000133591,000000000,000000000,0108.024,0005.281,0000.722,0179
 
000133617,000000000,000000000,0108.118,0004.173,0000.738,0166
 
000133643,000000000,000000000,0105.520,0004.681,0000.741,0007
 
000133669,000000000,000000000,0108.024,0003.153,0000.486,0167
 
000133695,000000000,000000000,0109.054,0002.156,0000.719,0170
 
000133721,000000000,000000000,0106.601,0002.973,0000.992,0007
 
000133747,000000000,000000000,0104.381,0003.636,0000.728,0179
 
000133773,000000000,000000000,0103.283,0003.715,0000.496,0179
 
000133799,000000000,000000000,0105.534,0002.447,0000.490,0007
 
000133825,000000000,000000000,0101.892,0004.227,0000.249,0169
 
000133851,000000000,000000000,0101.786,0004.103,0000.483,0179
 
000133877,000000000,000000000,0100.794,0004.173,0000.738,0006
 
000133903,000000000,000000000,0101.078,0004.583,0000.725,0169
 
000133929,000000000,000000000,0100.320,0004.622,0000.731,0179
 
000133955,000000000,000000000,0100.532,0003.912,0000.245,0006
 
000133981,000000000,000000000,0099.441,0004.380,0000.731,0169
 
000134007,000000000,000000000,0097.718,0004.455,0000.496,0007
 
000134033,000000000,000000000,0099.928,0003.636,0000.728,0166
 
000134059,000000000,000000000,0097.425,0004.602,0000.728,0179
 
000134085,000000000,000000000,0097.010,0004.622,0000.731,0007
 
000134111,000000000,000000000,0099.416,0002.898,0000.725,0006
 
000134137,000000000,000000000,0096.742,0004.137,0000.731,0006
 
000134163,000000000,000000000,0094.034,0004.602,0000.728,0006
 
000134189,000000000,000000000,0096.561,0004.155,0000.979,0173
 
000134215,000000000,000000000,0094.782,0004.455,0000.744,0006
 
000134241,000000000,000000000,0094.580,0004.155,0000.490,0006
 
000134267,000000000,000000000,0096.634,0003.153,0000.728,0006
 
000134293,000000000,000000000,0094.951,0003.911,0000.490,0006
 
000134319,000000000,000000000,0094.685,0004.137,0000.731,0166
 
000134345,000000000,000000000,0093.609,0004.137,0000.731,0006
 
000134371,000000000,000000000,0093.853,0004.120,0000.486,0167
 
000134397,000000000,000000000,0094.862,0003.153,0000.728,0166
 
000134423,000000000,000000000,0093.645,0003.912,0000.245,0006
 
000134449,000000000,000000000,0094.121,0003.652,0000.244,0167
 
000134475,000000000,000000000,0093.408,0004.119,0001.214,0167
 
000134501,000000000,000000000,0092.961,0004.361,0000.728,0006
 
000134527,000000000,000000000,0092.091,0004.361,0000.971,0169
 
000134553,000000000,000000000,0091.635,0004.436,0000.741,0166
 
000134579,000000000,000000000,0092.910,0004.155,0000.735,0006
 
000134605,000000000,000000000,0092.930,0004.173,0000.492,0169
 
000134631,000000000,000000000,0092.838,0004.155,0000.490,0166
 
000134657,000000000,000000000,0090.405,0004.642,0000.735,0006
 
000134683,000000000,000000000,0092.519,0004.137,0000.488,0169
 
000134709,000000000,000000000,0092.491,0004.155,0000.735,0167
 
000134735,000000000,000000000,0092.042,0004.379,0000.975,0166
 
000134761,000000000,000000000,0091.380,0004.398,0000.735,0173
 
000134787,000000000,000000000,0091.759,0003.911,0000.735,0167
 
000134813,000000000,000000000,0091.372,0004.380,0000.488,0173
 
000134839,000000000,000000000,0092.733,0003.928,0000.738,0173
 
000134865,000000000,000000000,0091.145,0004.417,0000.738,0167
 
000134891,000000000,000000000,0091.133,0004.417,0000.738,0173
 
000134917,000000000,000000000,0091.593,0004.155,0000.979,0179
 
000134943,000000000,000000000,0091.597,0004.380,0000.488,0170
 
000134969,000000000,000000000,0090.926,0004.622,0000.488,0006
 
000134995,000000000,000000000,0091.904,0003.911,0000.735,0172
 
000135021,000000000,000000000,0091.429,0004.120,0000.728,0167
 
000135047,000000000,000000000,0091.534,0004.398,0000.735,0006
 
000135073,000000000,000000000,0091.045,0004.137,0000.488,0172
 
000135099,000000000,000000000,0091.516,0004.662,0000.246,0177
 
000135125,000000000,000000000,0090.981,0004.380,0000.488,0007
 
000135151,000000000,000000000,0091.553,0004.155,0000.490,0006
 
000135177,000000000,000000000,0090.424,0004.642,0000.490,0179
 
000135203,000000000,000000000,0092.104,0004.120,0000.486,0006
 
000135229,000000000,000000000,0092.142,0003.895,0000.731,0179
 
000135255,000000000,000000000,0092.056,0004.173,0000.492,0179
 
000135281,000000000,000000000,0092.226,0004.155,0000.490,0006
 
000135307,000000000,000000000,0091.839,0004.398,0000.735,0006
 
000135333,000000000,000000000,0091.384,0004.173,0000.738,0007
 
000135359,000000000,000000000,0091.459,0004.155,0000.735,0006
 
000135385,000000000,000000000,0091.335,0004.155,0000.735,0006
 
000135411,000000000,000000000,0091.386,0004.173,0000.246,0006
 
000135437,000000000,000000000,0091.610,0004.155,0000.735,0006
 
000135463,000000000,000000000,0092.526,0003.878,0000.971,0006
 
000135489,000000000,000000000,0089.715,0004.927,0000.741,0006
 
000135515,000000000,000000000,0091.160,0004.398,0000.735,0006
 
000135541,000000000,000000000,0090.902,0004.379,0000.975,0006
 
000135567,000000000,000000000,0091.594,0004.398,0000.735,0006
 
000135593,000000000,000000000,0091.461,0004.361,0000.486,0007
 
000135619,000000000,000000000,0091.707,0004.436,0000.741,0167
 
000135645,000000000,000000000,0092.522,0003.911,0000.735,0006
 
000135671,000000000,000000000,0092.083,0004.155,0000.735,0006
 
000135697,000000000,000000000,0090.641,0004.642,0000.490,0167
 
000135723,000000000,000000000,0092.092,0004.155,0000.735,0167
 
000135749,000000000,000000000,0091.474,0004.361,0000.728,0006
 
000135775,000000000,000000000,0091.622,0004.361,0000.728,0167
 
000135801,000000000,000000000,0091.376,0004.398,0000.735,0179
 
000135827,000000000,000000000,0090.550,0004.380,0000.731,0007
 
000135853,000000000,000000000,0092.194,0004.155,0000.490,0169
 
000135879,000000000,000000000,0090.959,0004.398,0000.735,0179
 
000135905,000000000,000000000,0091.112,0004.436,0000.741,0007
 
000135931,000000000,000000000,0090.352,0004.622,0000.975,0169
 
000135957,000000000,000000000,0092.577,0003.895,0000.488,0167
 
000135983,000000000,000000000,0091.256,0004.137,0000.975,0007
 
000136009,000000000,000000000,0091.622,0004.398,0000.735,0169
 
000136035,000000000,000000000,0090.239,0004.661,0000.738,0007
 
000136061,000000000,000000000,0092.451,0004.173,0000.738,0173
 
000136087,000000000,000000000,0091.913,0004.155,0000.490,0006
 
000136113,000000000,000000000,0091.811,0004.155,0000.735,0167
 
000136139,000000000,000000000,0091.940,0004.173,0000.738,0006
 
000136165,000000000,000000000,0090.988,0004.622,0000.975,0179
 
000136191,000000000,000000000,0090.953,0004.380,0000.731,0006
 
000136217,000000000,000000000,0091.648,0004.120,0000.728,0007
 
000136243,000000000,000000000,0092.298,0004.155,0000.490,0006
 
000136269,000000000,000000000,0092.090,0003.895,0000.488,0006
 
000136295,000000000,000000000,0091.044,0004.120,0000.971,0007
 
000136321,000000000,000000000,0092.174,0003.652,0000.488,0179
 
000136347,000000000,000000000,0091.385,0004.155,0000.490,0167
 
000136373,000000000,000000000,0091.177,0004.417,0000.492,0006
 
000136399,000000000,000000000,0091.900,0004.120,0000.728,0167
 
000136425,000000000,000000000,0091.883,0003.895,0000.488,0166
 
000136451,000000000,000000000,0091.612,0004.155,0000.490,0006
 
000136477,000000000,000000000,0091.298,0004.120,0000.728,0167
 
000136503,000000000,000000000,0091.034,0004.399,0000.490,0166
 
000136529,000000000,000000000,0091.862,0004.155,0000.735,0007
 
000136555,000000000,000000000,0090.953,0004.398,0000.735,0169
 
000136581,000000000,000000000,0091.560,0004.399,0000.490,0167
 
000136607,000000000,000000000,0092.150,0003.895,0000.731,0006
 
000136633,000000000,000000000,0091.860,0004.120,0000.486,0169
 
000136659,000000000,000000000,0090.611,0004.417,0000.738,0167
 
000136685,000000000,000000000,0091.749,0004.102,0000.967,0006
 
000136711,000000000,000000000,0091.126,0004.173,0000.738,0169
 
000136737,000000000,000000000,0090.681,0004.380,0000.731,0179
 
000136763,000000000,000000000,0091.773,0004.173,0000.492,0007
 
000136789,000000000,000000000,0091.989,0004.191,0000.494,0173
 
000136815,000000000,000000000,0091.588,0004.155,0000.490,0007
 
000136841,000000000,000000000,0091.614,0004.173,0000.492,0166
 
000136867,000000000,000000000,0091.783,0004.137,0000.731,0006
 
000136893,000000000,000000000,0091.687,0004.120,0000.728,0167
 
000136919,000000000,000000000,0091.047,0004.137,0000.731,0006
 
000136945,000000000,000000000,0092.054,0003.895,0000.488,0173
 
000136971,000000000,000000000,0091.251,0004.455,0000.496,0006
 
000136997,000000000,000000000,0091.448,0003.928,0000.492,0006
 
000137023,000000000,000000000,0090.837,0004.417,0000.984,0173
 
000137049,000000000,000000000,0091.365,0004.155,0000.490,0006
 
000137075,000000000,000000000,0091.401,0004.380,0000.731,0007
 
000137101,000000000,000000000,0091.338,0004.137,0000.731,0172
 
000137127,000000000,000000000,0091.961,0004.191,0000.741,0167
 
000137153,000000000,000000000,0091.343,0004.173,0000.246,0007
 
000137179,000000000,000000000,0091.154,0004.380,0000.488,0167
 
000137205,000000000,000000000,0091.633,0004.137,0000.731,0167
 
000137231,000000000,000000000,0092.123,0003.878,0000.728,0007
 
000137257,000000000,000000000,0091.466,0004.173,0000.492,0167
 
000137283,000000000,000000000,0091.848,0004.155,0000.735,0167
 
000137309,000000000,000000000,0090.932,0004.399,0000.490,0007
 
000137335,000000000,000000000,0091.347,0004.173,0000.738,0169
 
000137361,000000000,000000000,0091.598,0004.173,0000.738,0179
 
000137387,000000000,000000000,0091.345,0004.173,0000.492,0007
 
000137413,000000000,000000000,0090.918,0004.399,0000.490,0168
 
000137439,000000000,000000000,0091.334,0004.399,0000.490,0179
 
000137465,000000000,000000000,0091.469,0004.436,0000.247,0007
 
000137491,000000000,000000000,0090.486,0004.137,0000.731,0169
 
000137517,000000000,000000000,0091.339,0004.417,0000.246,0007
 
000137543,000000000,000000000,0091.871,0004.137,0000.731,0173
 
000137569,000000000,000000000,0091.616,0004.155,0000.735,0006
 
000137595,000000000,000000000,0091.309,0004.417,0000.492,0167
 
000137621,000000000,000000000,0091.699,0003.877,0001.456,0007
 
000137647,000000000,000000000,0091.572,0004.398,0000.735,0006
 
000137673,000000000,000000000,0091.586,0004.417,0000.738,0006
 
000137699,000000000,000000000,0090.437,0004.642,0000.735,0007
 
000137725,000000000,000000000,0091.370,0004.417,0000.492,0179
 
000137751,000000000,000000000,0091.145,0004.379,0000.975,0006
 
000137777,000000000,000000000,0091.818,0004.155,0000.490,0006
 
000137803,000000000,000000000,0092.975,0003.667,0000.735,0007
 
000137829,000000000,000000000,0092.243,0004.155,0000.490,0166
 
000137855,000000000,000000000,0091.100,0004.173,0000.246,0007
 
000137881,000000000,000000000,0091.198,0004.137,0000.731,0172
 
000137907,000000000,000000000,0091.594,0004.399,0000.490,0006
 
000137933,000000000,000000000,0091.386,0004.398,0000.735,0007
 
000137959,000000000,000000000,0091.875,0004.137,0000.731,0167
 
000137985,000000000,000000000,0089.767,0004.885,0000.490,0170
 
000138011,000000000,000000000,0091.347,0004.137,0000.488,0007
 
000138037,000000000,000000000,0091.653,0004.155,0000.490,0167
 
000138063,000000000,000000000,0091.830,0004.155,0000.490,0167
 
000138089,000000000,000000000,0091.454,0004.155,0000.735,0007
 
000138115,000000000,000000000,0090.450,0004.417,0000.492,0169
 
000138141,000000000,000000000,0091.368,0004.399,0000.490,0179
 
000138167,000000000,000000000,0092.522,0004.137,0000.488,0007
 
000138193,000000000,000000000,0091.126,0004.399,0000.490,0167
 
000138219,000000000,000000000,0091.391,0004.361,0000.486,0179
 
000138245,000000000,000000000,0091.549,0004.399,0000.490,0006
 
000138271,000000000,000000000,0091.172,0003.911,0000.979,0169
 
000138297,000000000,000000000,0091.226,0004.137,0000.731,0007
 
000138323,000000000,000000000,0091.370,0004.191,0000.741,0166
 
000138349,000000000,000000000,0091.452,0004.155,0000.245,0006
 
000138375,000000000,000000000,0092.242,0004.380,0000.488,0166
 
000138401,000000000,000000000,0090.235,0004.398,0000.735,0007
 
000138427,000000000,000000000,0091.322,0004.173,0000.738,0007
 
000138453,000000000,000000000,0091.212,0004.191,0000.494,0006
 
000138479,000000000,000000000,0091.357,0004.399,0000.490,0007
 
000138505,000000000,000000000,0091.891,0004.120,0000.728,0179
 
000138531,000000000,000000000,0091.817,0004.173,0000.246,0006
 
