000055659,000000000,000000000,0120.897,0001.830,-001.108,0006
 
000055679,000000000,000000000,0120.911,0001.825,-001.113,0177
 
000055699,000000000,000000000,0120.897,0001.820,-001.118,0166
 
000055719,000000000,000000000,0120.882,0001.835,-001.103,0006
 
000055739,000000000,000000000,0120.895,0001.830,-001.131,0006
 
000055759,000000000,000000000,0120.908,0001.802,-001.134,0178
 
000055779,000000000,000000000,0120.879,0001.821,-001.117,0007
 
000055799,000000000,000000000,0120.894,0001.793,-001.119,0007
 
000055819,000000000,000000000,0120.913,0001.789,-001.125,0179
 
000055839,000000000,000000000,0120.929,0001.787,-001.133,0006
 
000055859,000000000,000000000,0120.926,0001.780,-001.137,0167
 
000055879,000000000,000000000,0120.930,0001.781,-001.117,0167
 
000055899,000000000,000000000,0120.916,0001.775,-001.125,0166
 
000055919,000000000,000000000,0120.919,0001.796,-001.129,0169
 
000055939,000000000,000000000,0120.934,0001.793,-001.110,0167
 
000055959,000000000,000000000,0120.961,0001.788,-001.095,0166
 
000055979,000000000,000000000,0120.948,0001.786,-001.101,0169
 
000055999,000000000,000000000,0120.911,0001.759,-001.110,0167
 
000056019,000000000,000000000,0120.901,0001.741,-001.141,0166
 
000056039,000000000,000000000,0120.913,0001.744,-001.143,0167
 
000056059,000000000,000000000,0120.895,0001.767,-001.125,0168
 
000056079,000000000,000000000,0120.895,0001.765,-001.129,0166
 
000056099,000000000,000000000,0120.876,0001.785,-001.154,0169
 
000056119,000000000,000000000,0120.886,0001.805,-001.135,0167
 
000056139,000000000,000000000,0120.871,0001.800,-001.137,0166
 
000056159,000000000,000000000,0120.902,0001.795,-001.119,0175
 
000056179,000000000,000000000,0120.922,0001.794,-001.106,0167
 
000056199,000000000,000000000,0120.916,0001.767,-001.067,0179
 
000056219,000000000,000000000,0120.930,0001.763,-001.100,0174
 
000056239,000000000,000000000,0120.922,0001.786,-001.130,0167
 
000056259,000000000,000000000,0120.918,0001.784,-001.134,0179
 
000056279,000000000,000000000,0120.904,0001.804,-001.137,0169
 
000056299,000000000,000000000,0120.901,0001.799,-001.142,0167
 
000056319,000000000,000000000,0120.896,0001.794,-001.144,0006
 
000056339,000000000,000000000,0120.913,0001.768,-001.148,0179
 
000056359,000000000,000000000,0120.916,0001.787,-001.151,0167
 
000056379,000000000,000000000,0120.922,0001.805,-001.107,0179
 
000056399,000000000,000000000,0120.912,0001.821,-001.114,0179
 
000056419,000000000,000000000,0120.928,0001.837,-001.099,0173
 
000056439,000000000,000000000,0120.950,0001.832,-001.085,0007
 
000056459,000000000,000000000,0120.966,0001.848,-001.074,0173
 
000056479,000000000,000000000,0120.957,0001.864,-001.062,0166
 
000056499,000000000,000000000,0120.951,0001.855,-001.071,0006
 
000056519,000000000,000000000,0120.927,0001.846,-001.084,0007
 
000056539,000000000,000000000,0120.920,0001.812,-001.090,0178
 
000056559,000000000,000000000,0120.896,0001.806,-001.097,0006
 
000056579,000000000,000000000,0120.917,0001.869,-001.126,0006
 
000056599,000000000,000000000,0120.927,0001.857,-001.129,0178
 
000056619,000000000,000000000,0120.909,0001.869,-001.155,0166
 
000056639,000000000,000000000,0120.876,0001.905,-001.114,0169
 
000056659,000000000,000000000,0120.860,0001.888,-001.050,0167
 
000056679,000000000,000000000,0120.847,0001.854,-001.040,0007
 
000056699,000000000,000000000,0120.842,0001.825,-001.078,0179
 
000056719,000000000,000000000,0120.858,0001.838,-001.043,0166
 
000056739,000000000,000000000,0120.872,0001.810,-001.077,0166
 
000056759,000000000,000000000,0120.852,0001.804,-001.089,0169
 
000056779,000000000,000000000,0120.848,0001.819,-001.095,0167
 
000056799,000000000,000000000,0120.845,0001.744,-001.104,0166
 
000056819,000000000,000000000,0120.815,0001.721,-001.133,0169
 
000056839,000000000,000000000,0120.819,0001.721,-001.134,0167
 
000056859,000000000,000000000,0120.832,0001.723,-001.094,0166
 
000056879,000000000,000000000,0120.842,0001.727,-001.126,0169
 
000056899,000000000,000000000,0120.854,0001.752,-001.150,0167
 
000056919,000000000,000000000,0120.841,0001.752,-001.130,0166
 
000056939,000000000,000000000,0120.856,0001.706,-001.134,0179
 
000056959,000000000,000000000,0120.865,0001.733,-001.157,0167
 
000056979,000000000,000000000,0120.852,0001.757,-001.181,0006
 
000056999,000000000,000000000,0120.869,0001.777,-001.181,0174
 
000057019,000000000,000000000,0120.893,0001.797,-001.201,0167
 
000057039,000000000,000000000,0120.888,0001.813,-001.178,0179
 
000057059,000000000,000000000,0120.894,0001.807,-001.154,0174
 
000057079,000000000,000000000,0120.890,0001.824,-001.154,0167
 
000057099,000000000,000000000,0120.871,0001.838,-001.180,0179
 
000057119,000000000,000000000,0120.851,0001.807,-001.201,0173
 
000057139,000000000,000000000,0120.865,0001.798,-001.175,0171
 
000057159,000000000,000000000,0120.846,0001.794,-001.174,0007
 
000057179,000000000,000000000,0120.873,0001.788,-001.196,0173
 
000057199,000000000,000000000,0120.881,0001.782,-001.191,0167
 
000057219,000000000,000000000,0120.881,0001.778,-001.189,0006
 
000057239,000000000,000000000,0120.874,0001.796,-001.163,0007
 
000057259,000000000,000000000,0120.883,0001.789,-001.140,0178
 
000057279,000000000,000000000,0120.913,0001.809,-001.144,0006
 
000057299,000000000,000000000,0120.900,0001.845,-001.168,0179
 
000057319,000000000,000000000,0120.910,0001.814,-001.169,0167
 
000057339,000000000,000000000,0120.910,0001.789,-001.169,0006
 
000057359,000000000,000000000,0120.894,0001.785,-001.171,0179
 
000057379,000000000,000000000,0120.926,0001.823,-001.127,0167
 
000057399,000000000,000000000,0120.921,0001.815,-001.132,0166
 
000057419,000000000,000000000,0120.918,0001.830,-001.114,0169
 
000057439,000000000,000000000,0120.901,0001.801,-001.121,0167
 
000057459,000000000,000000000,0120.894,0001.772,-001.125,0166
 
000057479,000000000,000000000,0120.866,0001.769,-001.128,0167
 
000057499,000000000,000000000,0120.878,0001.790,-001.134,0167
 
000057519,000000000,000000000,0120.895,0001.785,-001.137,0166
 
000057539,000000000,000000000,0120.925,0001.803,-001.141,0167
 
000057559,000000000,000000000,0120.943,0001.797,-001.144,0167
 
000057579,000000000,000000000,0120.935,0001.769,-001.124,0166
 
000057599,000000000,000000000,0120.943,0001.764,-001.130,0167
 
000057619,000000000,000000000,0120.960,0001.761,-001.154,0167
 
000057639,000000000,000000000,0120.967,0001.735,-001.154,0173
 
000057659,000000000,000000000,0120.980,0001.754,-001.155,0174
 
000057679,000000000,000000000,0120.958,0001.753,-001.158,0167
 
000057699,000000000,000000000,0120.947,0001.772,-001.136,0006
 
000057719,000000000,000000000,0120.966,0001.769,-001.139,0177
 
000057739,000000000,000000000,0120.969,0001.788,-001.143,0167
 
000057759,000000000,000000000,0120.943,0001.780,-001.145,0179
 
000057779,000000000,000000000,0120.982,0001.773,-001.146,0173
 
000057799,000000000,000000000,0121.011,0001.768,-001.148,0167
 
000057819,000000000,000000000,0121.040,0001.809,-001.149,0007
 
000057839,000000000,000000000,0121.023,0001.801,-001.151,0179
 
000057859,000000000,000000000,0121.024,0001.794,-001.152,0172
 
000057879,000000000,000000000,0121.028,0001.812,-001.132,0007
 
000057899,000000000,000000000,0121.014,0001.826,-001.116,0173
 
000057919,000000000,000000000,0121.038,0001.838,-001.098,0167
 
000057939,000000000,000000000,0121.011,0001.826,-001.105,0006
 
000057959,000000000,000000000,0121.009,0001.793,-001.132,0173
 
000057979,000000000,000000000,0121.008,0001.763,-001.154,0166
 
000057999,000000000,000000000,0121.018,0001.737,-001.133,0007
 
000058019,000000000,000000000,0120.988,0001.758,-001.114,0007
 
000058039,000000000,000000000,0120.972,0001.751,-001.092,0178
 
000058059,000000000,000000000,0120.965,0001.681,-001.098,0006
 
000058079,000000000,000000000,0120.953,0001.706,-001.148,0006
 
000058099,000000000,000000000,0120.945,0001.709,-001.170,0178
 
000058119,000000000,000000000,0120.933,0001.757,-001.171,0166
 
000058139,000000000,000000000,0120.965,0001.731,-001.168,0169
 
000058159,000000000,000000000,0120.976,0001.753,-001.168,0166
 
000058179,000000000,000000000,0120.962,0001.748,-001.168,0166
 
000058199,000000000,000000000,0120.959,0001.767,-001.168,0169
 
000058219,000000000,000000000,0120.954,0001.741,-001.168,0166
 
000058239,000000000,000000000,0120.935,0001.762,-001.148,0166
 
000058259,000000000,000000000,0120.933,0001.781,-001.171,0169
 
000058279,000000000,000000000,0120.930,0001.795,-001.167,0007
 
000058299,000000000,000000000,0120.939,0001.786,-001.168,0007
 
000058319,000000000,000000000,0120.958,0001.781,-001.146,0007
 
000058339,000000000,000000000,0120.966,0001.773,-001.127,0007
 
000058359,000000000,000000000,0120.959,0001.789,-001.107,0007
 
000058379,000000000,000000000,0120.945,0001.783,-001.091,0169
 
000058399,000000000,000000000,0120.930,0001.799,-001.100,0167
 
000058419,000000000,000000000,0120.919,0001.790,-001.105,0166
 
000058439,000000000,000000000,0120.916,0001.782,-001.108,0174
 
000058459,000000000,000000000,0120.913,0001.777,-001.114,0167
 
000058479,000000000,000000000,0120.897,0001.772,-001.118,0007
 
000058499,000000000,000000000,0120.879,0001.789,-001.121,0177
 
000058519,000000000,000000000,0120.881,0001.784,-001.081,0167
 
000058539,000000000,000000000,0120.905,0001.753,-001.087,0179
 
000058559,000000000,000000000,0120.896,0001.750,-001.094,0169
 
000058579,000000000,000000000,0120.903,0001.747,-001.099,0171
 
000058599,000000000,000000000,0120.897,0001.742,-001.080,0006
 
000058619,000000000,000000000,0120.890,0001.740,-001.087,0173
 
000058639,000000000,000000000,0120.920,0001.759,-001.071,0178
 
000058659,000000000,000000000,0120.910,0001.781,-001.080,0007
 
000058679,000000000,000000000,0120.884,0001.774,-001.067,0173
 
000058699,000000000,000000000,0120.909,0001.768,-001.075,0166
 
000058719,000000000,000000000,0120.910,0001.740,-001.062,0006
 
000058739,000000000,000000000,0120.923,0001.735,-001.047,0179
 
000058759,000000000,000000000,0120.943,0001.730,-001.055,0166
 
000058779,000000000,000000000,0120.941,0001.773,-001.044,0006
 
000058799,000000000,000000000,0120.970,0001.765,-001.054,0007
 
000058819,000000000,000000000,0120.947,0001.779,-001.085,0006
 
000058839,000000000,000000000,0120.922,0001.770,-001.091,0007
 
000058859,000000000,000000000,0120.944,0001.765,-001.053,0179
 
000058879,000000000,000000000,0120.953,0001.761,-001.064,0167
 
000058899,000000000,000000000,0120.949,0001.779,-001.096,0166
 
000058919,000000000,000000000,0120.941,0001.768,-001.101,0167
 
000058939,000000000,000000000,0120.937,0001.740,-001.085,0167
 
000058959,000000000,000000000,0120.938,0001.738,-001.114,0166
 
000058979,000000000,000000000,0120.935,0001.737,-001.119,0169
 
000058999,000000000,000000000,0120.912,0001.734,-001.123,0166
 
000059019,000000000,000000000,0120.941,0001.733,-001.106,0166
 
000059039,000000000,000000000,0120.969,0001.730,-001.089,0169
 
000059059,000000000,000000000,0120.977,0001.705,-001.052,0167
 
000059079,000000000,000000000,0120.974,0001.705,-001.062,0167
 
000059099,000000000,000000000,0120.968,0001.728,-001.070,0169
 
000059119,000000000,000000000,0120.974,0001.749,-001.078,0167
 
000059139,000000000,000000000,0120.949,0001.743,-001.086,0166
 
000059159,000000000,000000000,0120.959,0001.739,-001.093,0174
 
000059179,000000000,000000000,0120.959,0001.713,-001.076,0167
 
000059199,000000000,000000000,0120.954,0001.710,-001.061,0173
 
000059219,000000000,000000000,0120.947,0001.733,-001.091,0179
 
000059239,000000000,000000000,0120.948,0001.730,-001.096,0167
 
000059259,000000000,000000000,0120.962,0001.726,-001.124,0007
 
000059279,000000000,000000000,0120.954,0001.746,-001.125,0179
 
000059299,000000000,000000000,0120.951,0001.742,-001.082,0167
 
000059319,000000000,000000000,0120.937,0001.738,-001.045,0007
 
000059339,000000000,000000000,0120.941,0001.732,-001.054,0179
 
000059359,000000000,000000000,0120.941,0001.752,-001.064,0173
 
000059379,000000000,000000000,0120.945,0001.792,-001.051,0006
 
000059399,000000000,000000000,0120.928,0001.782,-001.037,0173
 
000059419,000000000,000000000,0120.934,0001.753,-001.070,0171
 
000059439,000000000,000000000,0120.929,0001.793,-001.078,0006
 
000059459,000000000,000000000,0120.943,0001.786,-001.040,0173
 
000059479,000000000,000000000,0120.941,0001.799,-001.053,0166
 
000059499,000000000,000000000,0120.939,0001.789,-001.018,0007
 
000059519,000000000,000000000,0120.977,0001.756,-000.984,0006
 
000059539,000000000,000000000,0120.976,0001.728,-001.001,0006
 
000059559,000000000,000000000,0120.978,0001.747,-001.037,0006
 
000059579,000000000,000000000,0120.963,0001.719,-001.026,0179
 
000059599,000000000,000000000,0120.954,0001.738,-001.039,0167
 
000059620,000000000,000000000,0120.954,0001.734,-001.026,1023
 
000059640,000000000,000000000,0120.951,0001.710,-001.016,1023
 
000059660,000000000,000000000,0120.960,0001.707,-001.006,1023
 
000059680,000000000,000000000,0120.963,0001.734,-001.018,1023
 
000059700,000000000,000000000,0120.955,0001.699,-001.027,1023
 
000059720,000000000,000000000,0120.950,0001.702,-000.993,1023
 
000059740,000000000,000000000,0120.956,0001.704,-000.960,1023
 
000059760,000000000,000000000,0120.939,0001.720,-000.956,1023
 
000059780,000000000,000000000,0120.874,0001.768,-000.955,1023
 
000059799,000000000,000000000,0120.788,0001.861,-000.955,0007
 
000059819,000000000,000000000,0120.632,0001.769,-000.961,0179
 
000059839,000000000,000000000,0120.397,0001.865,-000.963,0166
 
000059859,000000000,000000000,0120.065,0002.020,-000.966,0166
 
000059879,000000000,000000000,0119.505,0002.245,-000.979,0169
 
000059899,000000000,000000000,0118.808,0002.420,-001.013,0167
 
000059919,000000000,000000000,0117.903,0002.570,-001.073,0166
 
000059939,000000000,000000000,0116.883,0002.602,-001.083,0177
 
000059959,000000000,000000000,0115.757,0002.483,-001.066,0167
 
000059979,000000000,000000000,0114.658,0002.345,-001.054,0006
 
000059999,000000000,000000000,0113.567,0002.042,-001.055,0174
 
000060019,000000000,000000000,0112.584,0001.902,-001.031,0166
 
000060039,000000000,000000000,0111.674,0001.707,-001.037,0166
 
000060059,000000000,000000000,0110.938,0001.699,-001.037,0174
 
000060079,000000000,000000000,0110.327,0001.658,-001.046,0172
 
000060099,000000000,000000000,0109.740,0001.382,-001.057,0006
 
000060119,000000000,000000000,0109.122,0001.485,-001.049,0173
 
000060139,000000000,000000000,0108.508,0001.466,-001.034,0167
 
000060159,000000000,000000000,0107.926,0001.473,-001.001,0006
 
000060179,000000000,000000000,0107.425,0001.458,-001.015,0173
 
000060199,000000000,000000000,0106.934,0001.403,-001.028,0179
 
000060219,000000000,000000000,0106.432,0001.409,-001.044,0006
 
000060239,000000000,000000000,0105.958,0001.394,-001.030,0169
 
000060259,000000000,000000000,0105.454,0001.480,-001.020,0178
 
000060279,000000000,000000000,0105.028,0001.416,-001.010,0006
 
000060299,000000000,000000000,0104.625,0001.400,-001.027,0169
 
000060319,000000000,000000000,0104.237,0001.399,-001.040,0178
 
000060339,000000000,000000000,0103.912,0001.324,-001.049,0006
 
000060359,000000000,000000000,0103.608,0001.334,-001.059,0179
 
000060379,000000000,000000000,0103.335,0001.328,-001.060,0006
 
000060399,000000000,000000000,0103.107,0001.289,-001.088,0173
 
000060419,000000000,000000000,0102.932,0001.329,-001.076,0179
 
000060439,000000000,000000000,0102.770,0001.327,-001.081,0006
 
000060459,000000000,000000000,0102.655,0001.312,-001.058,0006
 
000060479,000000000,000000000,0102.522,0001.351,-001.067,0006
 
000060499,000000000,000000000,0102.400,0001.419,-001.051,0006
 
000060519,000000000,000000000,0102.309,0001.414,-001.036,0006
 
000060539,000000000,000000000,0102.268,0001.416,-001.027,0179
 
000060559,000000000,000000000,0102.200,0001.412,-001.038,0006
 
000060579,000000000,000000000,0102.153,0001.393,-001.046,0006
 
000060599,000000000,000000000,0102.119,0001.440,-001.052,0006
 
000060619,000000000,000000000,0102.093,0001.484,-001.036,0166
 
000060639,000000000,000000000,0102.064,0001.503,-001.042,0006
 
000060659,000000000,000000000,0102.037,0001.472,-001.003,0176
 
000060679,000000000,000000000,0101.996,0001.493,-000.992,0006
 
000060699,000000000,000000000,0102.007,0001.534,-000.980,0006
 
000060719,000000000,000000000,0102.032,0001.545,-000.969,0006
 
000060739,000000000,000000000,0102.008,0001.557,-000.961,0166
 
000060759,000000000,000000000,0102.020,0001.588,-000.952,0006
 
000060779,000000000,000000000,0102.039,0001.618,-000.899,0167
 
000060799,000000000,000000000,0102.055,0001.597,-000.896,0167
 
000060819,000000000,000000000,0102.076,0001.627,-000.895,0006
 
000060839,000000000,000000000,0102.069,0001.609,-000.870,0167
 
000060859,000000000,000000000,0102.087,0001.614,-000.892,0167
 
000060879,000000000,000000000,0102.091,0001.597,-000.913,0166
 
000060899,000000000,000000000,0102.088,0001.604,-000.910,0167
 
000060919,000000000,000000000,0102.112,0001.587,-000.906,0171
 
000060939,000000000,000000000,0102.077,0001.617,-000.925,0006
 
000060959,000000000,000000000,0102.077,0001.620,-000.943,0167
 
000060979,000000000,000000000,0102.080,0001.646,-000.984,0179
 
000060999,000000000,000000000,0102.075,0001.667,-001.017,0006
 
000061019,000000000,000000000,0102.102,0001.647,-001.005,0174
 
000061039,000000000,000000000,0102.139,0001.586,-000.993,0006
 
000061059,000000000,000000000,0102.175,0001.570,-001.006,0166
 
000061079,000000000,000000000,0102.199,0001.624,-001.019,0179
 
000061099,000000000,000000000,0102.218,0001.625,-001.007,0006
 
000061119,000000000,000000000,0102.206,0001.604,-001.019,0173
 
000061139,000000000,000000000,0102.236,0001.633,-001.010,0006
 
000061159,000000000,000000000,0102.230,0001.634,-001.021,0167
 
000061179,000000000,000000000,0102.247,0001.657,-000.985,0006
 
000061199,000000000,000000000,0102.265,0001.680,-000.998,0006
 
000061219,000000000,000000000,0102.249,0001.658,-000.987,0167
 
000061239,000000000,000000000,0102.263,0001.638,-000.955,0006
 
000061259,000000000,000000000,0102.289,0001.639,-000.972,0166
 
000061279,000000000,000000000,0102.291,0001.622,-000.985,0006
 
000061299,000000000,000000000,0102.295,0001.602,-000.977,0006
 
000061319,000000000,000000000,0102.307,0001.587,-000.991,0006
 
000061339,000000000,000000000,0102.288,0001.595,-001.003,0006
 
000061359,000000000,000000000,0102.296,0001.600,-000.993,0006
 
000061379,000000000,000000000,0102.291,0001.584,-001.007,0006
 
000061399,000000000,000000000,0102.296,0001.614,-001.018,0171
 
000061419,000000000,000000000,0102.338,0001.618,-000.983,0006
 
000061439,000000000,000000000,0102.334,0001.624,-000.998,0006
 
000061459,000000000,000000000,0102.339,0001.627,-000.988,0166
 
000061479,000000000,000000000,0102.333,0001.674,-000.979,0006
 
000061499,000000000,000000000,0102.312,0001.626,-000.993,0166
 
000061519,000000000,000000000,0102.309,0001.651,-001.005,0178
 
000061539,000000000,000000000,0102.314,0001.630,-000.995,0006
 
000061559,000000000,000000000,0102.321,0001.635,-000.986,0169
 
000061579,000000000,000000000,0102.322,0001.637,-000.957,0166
 
000061599,000000000,000000000,0102.330,0001.682,-000.950,0006
 
000061619,000000000,000000000,0102.324,0001.682,-000.944,0167
 
000061639,000000000,000000000,0102.321,0001.679,-000.938,0006
 
000061659,000000000,000000000,0102.283,0001.700,-000.958,0166
 
000061679,000000000,000000000,0102.259,0001.741,-000.951,0167
 
000061699,000000000,000000000,0102.254,0001.712,-000.947,0167
 
000061719,000000000,000000000,0102.263,0001.706,-000.964,0166
 
000061739,000000000,000000000,0102.241,0001.677,-000.979,0167
 
000061759,000000000,000000000,0102.248,0001.675,-000.926,0166
 
000061779,000000000,000000000,0102.230,0001.698,-000.926,0166
 
000061799,000000000,000000000,0102.204,0001.675,-000.923,0169
 
000061819,000000000,000000000,0102.205,0001.671,-000.942,0167
 
000061839,000000000,000000000,0102.205,0001.669,-000.958,0166
 
000061859,000000000,000000000,0102.189,0001.689,-000.929,0169
 
000061879,000000000,000000000,0102.187,0001.685,-000.905,0167
 
000061899,000000000,000000000,0102.188,0001.682,-000.904,0166
 
000061919,000000000,000000000,0102.213,0001.703,-000.926,0169
 
000061939,000000000,000000000,0102.219,0001.697,-000.946,0167
 
000061959,000000000,000000000,0102.224,0001.696,-000.965,0166
 
000061979,000000000,000000000,0102.206,0001.693,-000.979,0174
 
000061999,000000000,000000000,0102.173,0001.732,-000.971,0167
 
000062019,000000000,000000000,0102.182,0001.725,-000.962,0179
 
000062039,000000000,000000000,0102.179,0001.718,-000.976,0179
 
000062059,000000000,000000000,0102.184,0001.713,-000.992,0167
 
000062079,000000000,000000000,0102.153,0001.731,-000.982,0006
 
000062099,000000000,000000000,0102.154,0001.744,-000.998,0179
 
000062119,000000000,000000000,0102.179,0001.780,-000.988,0172
 
000062139,000000000,000000000,0102.158,0001.813,-000.977,0006
 
000062159,000000000,000000000,0102.144,0001.820,-000.991,0172
 
000062179,000000000,000000000,0102.162,0001.806,-001.003,0171
 
000062199,000000000,000000000,0102.165,0001.813,-001.012,0006
 
000062219,000000000,000000000,0102.168,0001.775,-000.978,0172
 
000062239,000000000,000000000,0102.162,0001.805,-000.945,0178
 
000062259,000000000,000000000,0102.129,0001.790,-000.962,0006
 
000062279,000000000,000000000,0102.113,0001.779,-000.957,0006
 
000062299,000000000,000000000,0102.149,0001.768,-000.951,0178
 
000062319,000000000,000000000,0102.133,0001.780,-000.948,0006
 
000062339,000000000,000000000,0102.115,0001.788,-000.940,0006
 
000062359,000000000,000000000,0102.114,0001.754,-000.934,0006
 
000062379,000000000,000000000,0102.108,0001.745,-000.910,0006
 
000062399,000000000,000000000,0102.118,0001.711,-000.951,0179
 
000062419,000000000,000000000,0102.108,0001.682,-000.945,0178
 
000062439,000000000,000000000,0102.092,0001.678,-000.959,0006
 
000062459,000000000,000000000,0102.079,0001.697,-000.973,0179
 
000062479,000000000,000000000,0102.073,0001.670,-000.987,0006
 
000062499,000000000,000000000,0102.083,0001.666,-000.954,0006
 
000062519,000000000,000000000,0102.068,0001.685,-000.948,0179
 
000062539,000000000,000000000,0102.069,0001.682,-000.943,0006
 
000062559,000000000,000000000,0102.106,0001.700,-000.936,0006
 
000062579,000000000,000000000,0102.111,0001.696,-000.932,0006
 
000062599,000000000,000000000,0102.105,0001.691,-000.948,0006
 
000062619,000000000,000000000,0102.113,0001.666,-000.942,0006
 
000062639,000000000,000000000,0102.106,0001.687,-000.959,0006
 
000062659,000000000,000000000,0102.105,0001.684,-000.976,0166
 
000062679,000000000,000000000,0102.092,0001.680,-000.966,0006
 
000062699,000000000,000000000,0102.054,0001.676,-000.958,0006
 
000062719,000000000,000000000,0102.056,0001.649,-000.971,0006
 
000062739,000000000,000000000,0102.062,0001.627,-000.963,0006
 
000062759,000000000,000000000,0102.091,0001.652,-000.978,0006
 
000062779,000000000,000000000,0102.118,0001.650,-000.968,0166
 
000062799,000000000,000000000,0102.114,0001.647,-000.982,0006
 
000062819,000000000,000000000,0102.111,0001.644,-000.972,0167
 
000062839,000000000,000000000,0102.107,0001.645,-000.964,0167
 
000062859,000000000,000000000,0102.109,0001.667,-000.958,0006
 
000062879,000000000,000000000,0102.111,0001.664,-000.952,0167
 
000062899,000000000,000000000,0102.089,0001.682,-000.946,0166
 
000062919,000000000,000000000,0102.114,0001.658,-000.962,0166
 
000062939,000000000,000000000,0102.103,0001.657,-000.955,0172
 
000062959,000000000,000000000,0102.115,0001.655,-000.925,0179
 
000062979,000000000,000000000,0102.104,0001.675,-000.965,0006
 
000062999,000000000,000000000,0102.101,0001.649,-000.978,0169
 
000063019,000000000,000000000,0102.101,0001.648,-000.969,0179
 
000063039,000000000,000000000,0102.106,0001.647,-000.961,0006
 
000063059,000000000,000000000,0102.123,0001.670,-000.976,0169
 
000063079,000000000,000000000,0102.112,0001.667,-000.944,0006
 
000063099,000000000,000000000,0102.122,0001.666,-000.960,0006
 
000063119,000000000,000000000,0102.128,0001.685,-000.953,0169
 
000063139,000000000,000000000,0102.129,0001.660,-000.968,0006
 
000063159,000000000,000000000,0102.113,0001.633,-000.958,0173
 
000063179,000000000,000000000,0102.125,0001.634,-000.951,0179
 
000063199,000000000,000000000,0102.113,0001.659,-000.944,0178
 
000063219,000000000,000000000,0102.121,0001.680,-000.938,0006
 
000063239,000000000,000000000,0102.113,0001.697,-000.955,0169
 
000063259,000000000,000000000,0102.121,0001.714,-000.926,0167
 
000063279,000000000,000000000,0102.118,0001.706,-000.945,0006
 
000063299,000000000,000000000,0102.093,0001.721,-000.962,0006
 
000063319,000000000,000000000,0102.104,0001.758,-000.955,0167
 
000063339,000000000,000000000,0102.088,0001.724,-000.969,0006
 
000063359,000000000,000000000,0102.097,0001.739,-000.985,0006
 
000063379,000000000,000000000,0102.097,0001.752,-000.976,0167
 
000063399,000000000,000000000,0102.100,0001.740,-000.943,0006
 
000063419,000000000,000000000,0102.117,0001.775,-000.916,0179
 
000063439,000000000,000000000,0102.114,0001.764,-000.938,0167
 
000063459,000000000,000000000,0102.130,0001.729,-000.954,0006
 
000063479,000000000,000000000,0102.104,0001.697,-000.947,0166
 
000063499,000000000,000000000,0102.092,0001.691,-000.986,0006
 
000063519,000000000,000000000,0102.124,0001.730,-000.977,0006
 
000063539,000000000,000000000,0102.159,0001.720,-000.990,0167
 
000063559,000000000,000000000,0102.153,0001.710,-001.003,0006
 
000063579,000000000,000000000,0102.138,0001.703,-001.014,0006
 
000063599,000000000,000000000,0102.160,0001.696,-001.000,0176
 
000063619,000000000,000000000,0102.184,0001.667,-000.942,0006
 
000063639,000000000,000000000,0102.175,0001.598,-000.936,0166
 
000063659,000000000,000000000,0102.178,0001.578,-000.953,0173
 
000063679,000000000,000000000,0102.193,0001.583,-000.945,0171
 
000063699,000000000,000000000,0102.212,0001.564,-000.939,0006
 
000063719,000000000,000000000,0102.200,0001.615,-000.911,0169
 
000063739,000000000,000000000,0102.201,0001.617,-000.929,0178
 
000063759,000000000,000000000,0102.189,0001.616,-000.947,0006
 
000063779,000000000,000000000,0102.197,0001.663,-000.964,0179
 
000063799,000000000,000000000,0102.227,0001.681,-000.955,0179
 
000063819,000000000,000000000,0102.255,0001.651,-000.948,0006
 
000063839,000000000,000000000,0102.240,0001.673,-000.964,0169
 
000063859,000000000,000000000,0102.226,0001.691,-000.958,0178
 
000063879,000000000,000000000,0102.212,0001.684,-000.951,0006
 
000063899,000000000,000000000,0102.190,0001.679,-000.966,0179
 
000063919,000000000,000000000,0102.204,0001.699,-000.959,0006
 
000063939,000000000,000000000,0102.175,0001.734,-000.927,0006
 
000063959,000000000,000000000,0102.154,0001.724,-000.945,0006
 
000063979,000000000,000000000,0102.134,0001.716,-000.962,0167
 
000063999,000000000,000000000,0102.134,0001.708,-000.955,0006
 
000064019,000000000,000000000,0102.130,0001.723,-000.970,0176
 
000064039,000000000,000000000,0102.129,0001.737,-000.963,0006
 
000064059,000000000,000000000,0102.125,0001.751,-000.979,0006
 
000064079,000000000,000000000,0102.113,0001.763,-000.993,0006
 
000064099,000000000,000000000,0102.116,0001.793,-001.001,0006
 
000064119,000000000,000000000,0102.090,0001.778,-000.990,0006
 
000064139,000000000,000000000,0102.087,0001.741,-000.957,0006
 
000064159,000000000,000000000,0102.092,0001.728,-000.971,0006
 
000064179,000000000,000000000,0102.103,0001.720,-000.984,0006
 
000064199,000000000,000000000,0102.148,0001.710,-000.974,0006
 
000064219,000000000,000000000,0102.129,0001.745,-000.941,0166
 
000064239,000000000,000000000,0102.123,0001.755,-000.936,0179
 
000064259,000000000,000000000,0102.103,0001.765,-000.953,0174
 
000064279,000000000,000000000,0102.110,0001.730,-000.969,0167
 
000064299,000000000,000000000,0102.105,0001.744,-000.962,0179
 
000064319,000000000,000000000,0102.090,0001.730,-000.953,0006
 
000064339,000000000,000000000,0102.123,0001.741,-000.923,0167
 
000064359,000000000,000000000,0102.098,0001.730,-000.941,0006
 
000064379,000000000,000000000,0102.114,0001.721,-000.956,0177
 
000064399,000000000,000000000,0102.103,0001.688,-000.993,0171
 
000064419,000000000,000000000,0102.084,0001.706,-001.004,0006
 
000064439,000000000,000000000,0102.084,0001.694,-000.988,0169
 
000064459,000000000,000000000,0102.078,0001.685,-000.978,0179
 
000064479,000000000,000000000,0102.087,0001.703,-000.968,0006
 
000064499,000000000,000000000,0102.071,0001.694,-001.005,0169
 
000064519,000000000,000000000,0102.056,0001.664,-001.016,0179
 
000064539,000000000,000000000,0102.093,0001.661,-001.002,0006
 
000064559,000000000,000000000,0102.121,0001.658,-000.988,0169
 
000064579,000000000,000000000,0102.121,0001.633,-001.021,0006
 
