000011136,000000000,000000000,0120.335,0002.559,-000.678,0007
 
000011155,000000000,000000000,0120.347,0002.539,-000.707,0006
 
000011175,000000000,000000000,0120.338,0002.529,-000.800,0174
 
000011195,000000000,000000000,0120.313,0002.561,-000.882,0167
 
000011215,000000000,000000000,0120.284,0002.544,-000.935,0179
 
000011235,000000000,000000000,0120.293,0002.572,-000.981,0169
 
000011255,000000000,000000000,0120.264,0002.575,-001.044,0167
 
000011275,000000000,000000000,0120.228,0002.600,-001.082,0166
 
000011295,000000000,000000000,0120.227,0002.601,-001.116,0179
 
000011315,000000000,000000000,0120.223,0002.643,-001.146,0167
 
000011335,000000000,000000000,0120.222,0002.660,-001.154,0179
 
000011355,000000000,000000000,0120.209,0002.655,-001.183,0179
 
000011375,000000000,000000000,0120.158,0002.626,-001.226,0167
 
000011395,000000000,000000000,0120.133,0002.626,-001.250,0006
 
000011415,000000000,000000000,0120.161,0002.649,-001.270,0173
 
000011435,000000000,000000000,0120.159,0002.668,-001.307,0178
 
000011455,000000000,000000000,0120.196,0002.663,-001.321,0006
 
000011475,000000000,000000000,0120.199,0002.654,-001.330,0006
 
000011495,000000000,000000000,0120.194,0002.625,-001.295,0179
 
000011515,000000000,000000000,0120.219,0002.622,-001.308,0006
 
000011535,000000000,000000000,0120.210,0002.645,-001.343,0006
 
000011555,000000000,000000000,0120.218,0002.640,-001.351,0006
 
000011575,000000000,000000000,0120.246,0002.633,-001.360,0007
 
000011595,000000000,000000000,0120.238,0002.608,-001.365,0179
 
000011615,000000000,000000000,0120.256,0002.600,-001.368,0006
 
000011635,000000000,000000000,0120.252,0002.597,-001.373,0006
 
000011655,000000000,000000000,0120.252,0002.592,-001.376,0179
 
000011675,000000000,000000000,0120.277,0002.614,-001.380,0006
 
000011695,000000000,000000000,0120.272,0002.607,-001.384,0006
 
000011715,000000000,000000000,0120.279,0002.604,-001.363,0179
 
000011735,000000000,000000000,0120.292,0002.604,-001.305,0006
 
000011755,000000000,000000000,0120.303,0002.624,-001.317,0006
 
000011775,000000000,000000000,0120.284,0002.645,-001.327,0006
 
000011795,000000000,000000000,0120.301,0002.634,-001.336,0006
 
000011815,000000000,000000000,0120.312,0002.625,-001.342,0006
 
000011835,000000000,000000000,0120.295,0002.618,-001.304,0007
 
000011855,000000000,000000000,0120.313,0002.640,-001.294,0006
 
000011875,000000000,000000000,0120.327,0002.639,-001.286,0006
 
000011895,000000000,000000000,0120.307,0002.610,-001.295,0166
 
000011915,000000000,000000000,0120.286,0002.629,-001.308,0006
 
000011935,000000000,000000000,0120.272,0002.577,-001.316,0006
 
000011955,000000000,000000000,0120.257,0002.509,-001.305,0006
 
000011975,000000000,000000000,0120.269,0002.514,-001.293,0006
 
000011995,000000000,000000000,0120.306,0002.543,-001.305,0006
 
000012015,000000000,000000000,0120.310,0002.547,-001.315,0166
 
000012035,000000000,000000000,0120.329,0002.503,-001.280,0166
 
000012055,000000000,000000000,0120.328,0002.484,-001.270,0006
 
000012075,000000000,000000000,0120.309,0002.490,-001.240,0169
 
000012095,000000000,000000000,0120.340,0002.538,-001.257,0167
 
000012115,000000000,000000000,0120.355,0002.543,-001.292,0166
 
000012135,000000000,000000000,0120.371,0002.548,-001.262,0169
 
000012155,000000000,000000000,0120.377,0002.524,-001.251,0166
 
000012175,000000000,000000000,0120.382,0002.530,-001.264,0166
 
000012195,000000000,000000000,0120.391,0002.556,-001.282,0169
 
000012215,000000000,000000000,0120.356,0002.531,-001.294,0166
 
000012235,000000000,000000000,0120.329,0002.490,-001.303,0166
 
000012255,000000000,000000000,0120.328,0002.496,-001.316,0167
 
000012275,000000000,000000000,0120.355,0002.478,-001.324,0167
 
000012295,000000000,000000000,0120.349,0002.509,-001.310,0166
 
000012315,000000000,000000000,0120.354,0002.513,-001.321,0174
 
000012335,000000000,000000000,0120.356,0002.513,-001.305,0167
 
000012355,000000000,000000000,0120.365,0002.516,-001.250,0166
 
000012375,000000000,000000000,0120.357,0002.542,-001.266,0169
 
000012395,000000000,000000000,0120.340,0002.544,-001.255,0006
 
000012415,000000000,000000000,0120.329,0002.545,-001.226,0166
 
000012435,000000000,000000000,0120.352,0002.542,-001.240,0174
 
000012455,000000000,000000000,0120.344,0002.544,-001.277,0167
 
000012475,000000000,000000000,0120.334,0002.543,-001.291,0166
 
000012495,000000000,000000000,0120.309,0002.562,-001.300,0177
 
000012515,000000000,000000000,0120.300,0002.561,-001.310,0167
 
000012535,000000000,000000000,0120.330,0002.535,-001.300,0179
 
000012555,000000000,000000000,0120.284,0002.486,-001.311,0174
 
000012575,000000000,000000000,0120.314,0002.493,-001.342,0171
 
000012595,000000000,000000000,0120.324,0002.539,-001.372,0006
 
000012615,000000000,000000000,0120.333,0002.560,-001.397,0173
 
000012635,000000000,000000000,0120.341,0002.557,-001.398,0167
 
000012655,000000000,000000000,0120.335,0002.554,-001.400,0006
 
000012675,000000000,000000000,0120.314,0002.549,-001.399,0173
 
000012695,000000000,000000000,0120.315,0002.546,-001.397,0166
 
000012715,000000000,000000000,0120.339,0002.588,-001.379,0006
 
000012735,000000000,000000000,0120.321,0002.629,-001.357,0006
 
000012755,000000000,000000000,0120.288,0002.610,-001.315,0178
 
000012775,000000000,000000000,0120.293,0002.624,-001.305,0006
 
000012795,000000000,000000000,0120.319,0002.659,-001.337,0007
 
000012815,000000000,000000000,0120.315,0002.643,-001.341,0006
 
000012835,000000000,000000000,0120.304,0002.655,-001.347,0006
 
000012855,000000000,000000000,0120.333,0002.669,-001.352,0179
 
000012875,000000000,000000000,0120.328,0002.675,-001.313,0167
 
000012895,000000000,000000000,0120.338,0002.683,-001.321,0166
 
000012915,000000000,000000000,0120.330,0002.669,-001.306,0166
 
000012935,000000000,000000000,0120.329,0002.631,-001.315,0166
 
000012955,000000000,000000000,0120.328,0002.600,-001.324,0166
 
000012975,000000000,000000000,0120.331,0002.590,-001.327,0169
 
000012995,000000000,000000000,0120.355,0002.606,-001.313,0166
 
000013015,000000000,000000000,0120.374,0002.619,-001.320,0166
 
000013035,000000000,000000000,0120.380,0002.608,-001.325,0169
 
000013055,000000000,000000000,0120.372,0002.618,-001.332,0167
 
000013075,000000000,000000000,0120.358,0002.609,-001.339,0166
 
000013095,000000000,000000000,0120.360,0002.600,-001.345,0169
 
000013115,000000000,000000000,0120.353,0002.614,-001.352,0167
 
000013135,000000000,000000000,0120.361,0002.620,-001.353,0166
 
000013155,000000000,000000000,0120.374,0002.611,-001.357,0173
 
000013175,000000000,000000000,0120.353,0002.603,-001.341,0167
 
000013195,000000000,000000000,0120.324,0002.596,-001.345,0179
 
000013215,000000000,000000000,0120.330,0002.588,-001.353,0174
 
000013235,000000000,000000000,0120.342,0002.575,-001.312,0167
 
000013255,000000000,000000000,0120.312,0002.589,-001.342,0006
 
000013275,000000000,000000000,0120.316,0002.580,-001.324,0179
 
000013295,000000000,000000000,0120.311,0002.571,-001.309,0167
 
000013315,000000000,000000000,0120.318,0002.542,-001.314,0006
 
000013335,000000000,000000000,0120.287,0002.516,-001.323,0179
 
000013355,000000000,000000000,0120.296,0002.487,-001.281,0006
 
000013375,000000000,000000000,0120.298,0002.485,-001.265,0006
 
000013395,000000000,000000000,0120.299,0002.487,-001.258,0006
 
000013415,000000000,000000000,0120.305,0002.552,-001.270,0172
 
000013435,000000000,000000000,0120.305,0002.615,-001.281,0006
 
000013455,000000000,000000000,0120.318,0002.601,-001.292,0173
 
000013475,000000000,000000000,0120.322,0002.589,-001.279,0179
 
000013495,000000000,000000000,0120.306,0002.600,-001.266,0006
 
000013515,000000000,000000000,0120.333,0002.562,-001.256,0173
 
000013535,000000000,000000000,0120.353,0002.574,-001.312,0167
 
000013555,000000000,000000000,0120.356,0002.567,-001.343,0006
 
000013575,000000000,000000000,0120.391,0002.526,-001.345,0179
 
000013595,000000000,000000000,0120.405,0002.503,-001.342,0167
 
000013615,000000000,000000000,0120.410,0002.495,-001.323,0007
 
000013635,000000000,000000000,0120.430,0002.484,-001.307,0006
 
000013655,000000000,000000000,0120.431,0002.490,-001.312,0178
 
000013675,000000000,000000000,0120.385,0002.514,-001.305,0166
 
000013695,000000000,000000000,0120.384,0002.489,-001.307,0169
 
000013715,000000000,000000000,0120.377,0002.488,-001.287,0166
 
000013735,000000000,000000000,0120.415,0002.481,-001.280,0166
 
000013755,000000000,000000000,0120.418,0002.503,-001.285,0169
 
000013775,000000000,000000000,0120.416,0002.546,-001.294,0166
 
000013795,000000000,000000000,0120.424,0002.531,-001.281,0166
 
000013815,000000000,000000000,0120.413,0002.506,-001.286,0169
 
000013835,000000000,000000000,0120.411,0002.487,-001.297,0167
 
000013855,000000000,000000000,0120.421,0002.478,-001.306,0166
 
000013875,000000000,000000000,0120.407,0002.502,-001.309,0169
 
000013895,000000000,000000000,0120.424,0002.492,-001.320,0167
 
000013915,000000000,000000000,0120.436,0002.489,-001.323,0167
 
000013935,000000000,000000000,0120.424,0002.484,-001.329,0169
 
000013955,000000000,000000000,0120.441,0002.499,-001.315,0167
 
000013975,000000000,000000000,0120.444,0002.521,-001.321,0007
 
000013995,000000000,000000000,0120.455,0002.513,-001.349,0166
 
000014015,000000000,000000000,0120.470,0002.503,-001.354,0178
 
000014035,000000000,000000000,0120.443,0002.453,-001.352,0179
 
000014055,000000000,000000000,0120.434,0002.473,-001.334,0007
 
000014075,000000000,000000000,0120.440,0002.445,-001.314,0173
 
000014095,000000000,000000000,0120.442,0002.443,-001.318,0007
 
000014115,000000000,000000000,0120.432,0002.466,-001.323,0173
 
000014135,000000000,000000000,0120.443,0002.469,-001.309,0007
 
000014155,000000000,000000000,0120.457,0002.442,-001.313,0007
 
000014175,000000000,000000000,0120.487,0002.464,-001.317,0173
 
000014195,000000000,000000000,0120.492,0002.507,-001.345,0166
 
000014215,000000000,000000000,0120.466,0002.499,-001.347,0007
 
000014235,000000000,000000000,0120.452,0002.515,-001.371,0173
 
000014255,000000000,000000000,0120.438,0002.506,-001.349,0166
 
000014275,000000000,000000000,0120.457,0002.471,-001.350,0007
 
000014295,000000000,000000000,0120.467,0002.470,-001.353,0179
 
000014315,000000000,000000000,0120.468,0002.488,-001.357,0166
 
000014335,000000000,000000000,0120.478,0002.485,-001.337,0007
 
000014355,000000000,000000000,0120.478,0002.501,-001.339,0179
 
000014375,000000000,000000000,0120.489,0002.517,-001.343,0167
 
000014395,000000000,000000000,0120.499,0002.510,-001.346,0166
 
000014415,000000000,000000000,0120.493,0002.500,-001.347,0169
 
000014435,000000000,000000000,0120.491,0002.516,-001.351,0167
 
000014455,000000000,000000000,0120.482,0002.507,-001.350,0166
 
000014475,000000000,000000000,0120.483,0002.495,-001.329,0167
 
000014495,000000000,000000000,0120.492,0002.514,-001.335,0168
 
000014515,000000000,000000000,0120.478,0002.483,-001.338,0166
 
000014535,000000000,000000000,0120.477,0002.474,-001.315,0169
 
000014555,000000000,000000000,0120.470,0002.492,-001.344,0166
 
000014575,000000000,000000000,0120.469,0002.489,-001.323,0167
 
000014595,000000000,000000000,0120.462,0002.457,-001.304,0169
 
000014615,000000000,000000000,0120.485,0002.427,-001.286,0167
 
000014635,000000000,000000000,0120.467,0002.426,-001.293,0007
 
000014655,000000000,000000000,0120.484,0002.446,-001.301,0174
 
000014675,000000000,000000000,0120.460,0002.398,-001.308,0167
 
000014695,000000000,000000000,0120.479,0002.357,-001.315,0166
 
000014715,000000000,000000000,0120.492,0002.291,-001.296,0179
 
000014735,000000000,000000000,0120.497,0002.279,-001.279,0007
 
000014755,000000000,000000000,0120.514,0002.270,-001.240,0007
 
000014775,000000000,000000000,0120.530,0002.285,-001.255,0179
 
000014795,000000000,000000000,0120.527,0002.319,-001.265,0167
 
000014815,000000000,000000000,0120.536,0002.278,-001.249,0007
 
000014835,000000000,000000000,0120.551,0002.287,-001.236,0179
 
000014855,000000000,000000000,0120.568,0002.298,-001.246,0007
 
000014875,000000000,000000000,0120.572,0002.308,-001.256,0007
 
000014895,000000000,000000000,0120.564,0002.338,-001.266,0173
 
000014915,000000000,000000000,0120.550,0002.324,-001.275,0007
 
000014935,000000000,000000000,0120.564,0002.312,-001.263,0007
 
000014955,000000000,000000000,0120.562,0002.347,-001.273,0007
 
000014975,000000000,000000000,0120.584,0002.377,-001.279,0180
 
000014995,000000000,000000000,0120.553,0002.382,-001.288,0007
 
000015015,000000000,000000000,0120.560,0002.384,-001.270,0173
 
000015035,000000000,000000000,0120.577,0002.387,-001.277,0173
 
000015055,000000000,000000000,0120.562,0002.410,-001.287,0007
 
000015075,000000000,000000000,0120.561,0002.386,-001.316,0166
 
000015095,000000000,000000000,0120.598,0002.388,-001.297,0167
 
000015115,000000000,000000000,0120.608,0002.364,-001.304,0008
 
000015135,000000000,000000000,0120.608,0002.342,-001.286,0183
 
000015155,000000000,000000000,0120.585,0002.344,-001.291,0168
 
000015175,000000000,000000000,0120.559,0002.328,-001.300,0169
 
000015195,000000000,000000000,0120.569,0002.355,-001.304,0173
 
000015215,000000000,000000000,0120.592,0002.360,-001.309,0171
 
000015235,000000000,000000000,0120.604,0002.340,-001.316,0171
 
000015255,000000000,000000000,0120.630,0002.324,-001.294,0174
 
000015275,000000000,000000000,0120.596,0002.352,-001.300,0172
 
000015295,000000000,000000000,0120.608,0002.400,-001.306,0171
 
000015315,000000000,000000000,0120.612,0002.398,-001.308,0179
 
000015335,000000000,000000000,0120.632,0002.415,-001.311,0171
 
000015355,000000000,000000000,0120.621,0002.434,-001.315,0170
 
000015375,000000000,000000000,0120.623,0002.429,-001.293,0172
 
000015395,000000000,000000000,0120.610,0002.448,-001.277,0170
 
000015415,000000000,000000000,0120.602,0002.462,-001.284,0010
 
000015435,000000000,000000000,0120.601,0002.454,-001.267,0174
 
000015455,000000000,000000000,0120.609,0002.422,-001.299,0178
 
000015475,000000000,000000000,0120.600,0002.395,-001.304,0007
 
000015495,000000000,000000000,0120.617,0002.437,-001.285,0179
 
000015515,000000000,000000000,0120.601,0002.431,-001.316,0167
 
000015535,000000000,000000000,0120.568,0002.450,-001.340,0179
 
000015555,000000000,000000000,0120.570,0002.418,-001.341,0179
 
000015575,000000000,000000000,0120.557,0002.411,-001.345,0007
 
000015595,000000000,000000000,0120.569,0002.385,-001.345,0007
 
000015615,000000000,000000000,0120.591,0002.385,-001.325,0179
 
000015635,000000000,000000000,0120.605,0002.403,-001.327,0167
 
000015655,000000000,000000000,0120.605,0002.420,-001.306,0007
 
000015675,000000000,000000000,0120.618,0002.391,-001.311,0173
 
000015695,000000000,000000000,0120.634,0002.364,-001.317,0173
 
000015715,000000000,000000000,0120.597,0002.363,-001.296,0180
 
000015735,000000000,000000000,0120.602,0002.384,-001.278,0166
 
000015755,000000000,000000000,0120.599,0002.380,-001.305,0171
 
000015775,000000000,000000000,0120.598,0002.376,-001.284,0007
 
000015795,000000000,000000000,0120.608,0002.374,-001.289,0007
 
000015815,000000000,000000000,0120.595,0002.372,-001.296,0178
 
000015835,000000000,000000000,0120.617,0002.372,-001.276,0006
 
000015855,000000000,000000000,0120.630,0002.392,-001.284,0179
 
000015875,000000000,000000000,0120.646,0002.389,-001.289,0166
 
000015895,000000000,000000000,0120.622,0002.361,-001.294,0166
 
000015915,000000000,000000000,0120.610,0002.334,-001.301,0169
 
000015935,000000000,000000000,0120.608,0002.355,-001.303,0166
 
000015955,000000000,000000000,0120.622,0002.376,-001.283,0166
 
000015975,000000000,000000000,0120.622,0002.396,-001.313,0167
 
000015995,000000000,000000000,0120.595,0002.371,-001.291,0166
 
000016015,000000000,000000000,0120.583,0002.350,-001.297,0166
 
000016035,000000000,000000000,0120.581,0002.330,-001.306,0169
 
000016055,000000000,000000000,0120.597,0002.309,-001.307,0166
 
000016075,000000000,000000000,0120.574,0002.311,-001.331,0173
 
000016095,000000000,000000000,0120.551,0002.312,-001.332,0169
 
000016115,000000000,000000000,0120.579,0002.317,-001.353,0167
 
000016135,000000000,000000000,0120.563,0002.319,-001.354,0166
 
000016155,000000000,000000000,0120.596,0002.319,-001.332,0174
 
000016175,000000000,000000000,0120.614,0002.317,-001.328,0167
 
000016195,000000000,000000000,0120.613,0002.318,-001.330,0167
 
000016215,000000000,000000000,0120.629,0002.292,-001.353,0174
 
000016235,000000000,000000000,0120.618,0002.295,-001.328,0007
 
000016255,000000000,000000000,0120.609,0002.313,-001.328,0179
 
000016275,000000000,000000000,0120.621,0002.312,-001.327,0169
 
000016295,000000000,000000000,0120.618,0002.290,-001.348,0167
 
000016315,000000000,000000000,0120.617,0002.271,-001.347,0007
 
000016335,000000000,000000000,0120.602,0002.298,-001.342,0179
 
000016355,000000000,000000000,0120.578,0002.298,-001.341,0007
 
000016375,000000000,000000000,0120.590,0002.293,-001.317,0007
 
000016395,000000000,000000000,0120.584,0002.320,-001.294,0173
 
000016415,000000000,000000000,0120.589,0002.368,-001.278,0007
 
000016435,000000000,000000000,0120.619,0002.366,-001.286,0007
 
000016455,000000000,000000000,0120.612,0002.360,-001.311,0179
 
000016475,000000000,000000000,0120.618,0002.355,-001.312,0173
 
000016495,000000000,000000000,0120.632,0002.350,-001.316,0007
 
000016515,000000000,000000000,0120.610,0002.347,-001.359,0173
 
000016535,000000000,000000000,0120.598,0002.368,-001.358,0167
 
000016555,000000000,000000000,0120.621,0002.362,-001.334,0007
 
000016575,000000000,000000000,0120.612,0002.356,-001.263,0179
 
000016595,000000000,000000000,0120.586,0002.351,-001.275,0167
 
000016615,000000000,000000000,0120.567,0002.345,-001.307,0007
 
000016635,000000000,000000000,0120.582,0002.342,-001.331,0179
 
000016655,000000000,000000000,0120.590,0002.382,-001.334,0167
 
000016675,000000000,000000000,0120.577,0002.374,-001.331,0166
 
000016695,000000000,000000000,0120.593,0002.365,-001.284,0169
 
000016715,000000000,000000000,0120.606,0002.358,-001.287,0167
 
000016735,000000000,000000000,0120.590,0002.377,-001.334,0166
 
000016755,000000000,000000000,0120.566,0002.371,-001.332,0167
 
000016775,000000000,000000000,0120.549,0002.384,-001.332,0167
 
000016795,000000000,000000000,0120.543,0002.421,-001.330,0166
 
000016815,000000000,000000000,0120.553,0002.365,-001.308,0169
 
000016835,000000000,000000000,0120.525,0002.360,-001.313,0166
 
000016855,000000000,000000000,0120.548,0002.378,-001.335,0166
 
000016875,000000000,000000000,0120.537,0002.345,-001.334,0169
 
000016895,000000000,000000000,0120.565,0002.339,-001.357,0167
 
000016915,000000000,000000000,0120.589,0002.361,-001.356,0166
 
000016935,000000000,000000000,0120.573,0002.358,-001.358,0174
 
000016955,000000000,000000000,0120.556,0002.373,-001.355,0167
 
000016975,000000000,000000000,0120.567,0002.409,-001.372,0166
 
000016995,000000000,000000000,0120.552,0002.373,-001.346,0179
 
000017015,000000000,000000000,0120.556,0002.362,-001.320,0171
 
000017035,000000000,000000000,0120.552,0002.357,-001.321,0180
 
000017055,000000000,000000000,0120.556,0002.378,-001.281,0169
 
000017075,000000000,000000000,0120.570,0002.388,-001.283,0167
 
000017095,000000000,000000000,0120.565,0002.377,-001.308,0173
 
000017115,000000000,000000000,0120.553,0002.366,-001.308,0169
 
000017135,000000000,000000000,0120.548,0002.384,-001.309,0167
 
000017155,000000000,000000000,0120.539,0002.398,-001.310,0007
 
000017175,000000000,000000000,0120.556,0002.410,-001.313,0173
 
000017195,000000000,000000000,0120.542,0002.397,-001.313,0167
 
000017215,000000000,000000000,0120.537,0002.385,-001.286,0007
 
000017235,000000000,000000000,0120.538,0002.376,-001.292,0173
 
000017255,000000000,000000000,0120.539,0002.390,-001.293,0166
 
000017275,000000000,000000000,0120.542,0002.357,-001.295,0007
 
000017296,000000000,000000000,0120.567,0002.372,-001.319,1023
 
000017316,000000000,000000000,0120.584,0002.388,-001.275,1023
 
000017336,000000000,000000000,0120.591,0002.334,-001.257,1023
 
000017356,000000000,000000000,0120.599,0002.354,-001.265,1023
 
000017376,000000000,000000000,0120.611,0002.365,-001.266,1023
 
000017396,000000000,000000000,0120.636,0002.359,-001.250,1023
 
000017416,000000000,000000000,0120.573,0002.406,-001.240,1023
 
000017436,000000000,000000000,0120.397,0002.430,-001.230,1023
 
000017455,000000000,000000000,0120.076,0002.622,-001.259,0007
 
000017475,000000000,000000000,0119.537,0002.834,-001.263,0007
 
000017495,000000000,000000000,0118.873,0003.002,-001.268,0178
 
000017515,000000000,000000000,0117.925,0003.086,-001.330,0166
 
000017535,000000000,000000000,0116.846,0003.352,-001.328,0169
 
000017555,000000000,000000000,0115.674,0003.541,-001.333,0166
 
000017575,000000000,000000000,0114.456,0003.579,-001.337,0166
 
000017595,000000000,000000000,0113.393,0003.509,-001.359,0169
 
000017615,000000000,000000000,0112.590,0003.236,-001.338,0166
 
000017635,000000000,000000000,0111.958,0002.830,-001.312,0166
 
000017655,000000000,000000000,0111.376,0002.455,-001.331,0169
 
000017675,000000000,000000000,0110.884,0002.492,-001.298,0167
 
000017695,000000000,000000000,0110.381,0002.289,-001.301,0166
 
000017715,000000000,000000000,0109.920,0002.332,-001.289,0177
 
000017735,000000000,000000000,0109.473,0002.200,-001.302,0167
 
000017755,000000000,000000000,0109.048,0002.206,-001.285,0179
 
000017775,000000000,000000000,0108.661,0002.213,-001.269,0177
 
000017795,000000000,000000000,0108.211,0002.267,-001.284,0167
 
000017815,000000000,000000000,0107.794,0002.270,-001.295,0179
 
000017835,000000000,000000000,0107.327,0002.221,-001.304,0179
 
000017855,000000000,000000000,0106.883,0002.282,-001.288,0167
 
000017875,000000000,000000000,0106.422,0002.151,-001.300,0006
 
000017895,000000000,000000000,0106.011,0002.169,-001.310,0167
 
000017915,000000000,000000000,0105.659,0002.053,-001.314,0171
 
000017935,000000000,000000000,0105.317,0002.073,-001.318,0006
 
000017955,000000000,000000000,0104.957,0002.090,-001.340,0173
 
000017975,000000000,000000000,0104.644,0002.053,-001.318,0178
 
000017995,000000000,000000000,0104.303,0002.089,-001.322,0006
 
000018015,000000000,000000000,0103.997,0002.113,-001.303,0006
 
000018035,000000000,000000000,0103.737,0002.084,-001.333,0167
 
000018055,000000000,000000000,0103.480,0002.046,-001.356,0006
 
000018075,000000000,000000000,0103.213,0002.042,-001.322,0169
 
000018095,000000000,000000000,0103.019,0002.081,-001.281,0179
 
000018115,000000000,000000000,0102.811,0002.101,-001.291,0006
 
000018135,000000000,000000000,0102.643,0002.113,-001.296,0167
 
000018155,000000000,000000000,0102.470,0002.128,-001.295,0178
 
000018175,000000000,000000000,0102.258,0002.109,-001.295,0006
 
000018195,000000000,000000000,0102.105,0002.095,-001.252,0179
 
000018215,000000000,000000000,0101.972,0002.062,-001.260,0006
 
000018235,000000000,000000000,0101.827,0002.096,-001.243,0179
 
000018255,000000000,000000000,0101.768,0002.056,-001.246,0006
 
000018275,000000000,000000000,0101.709,0002.020,-001.226,0006
 
000018295,000000000,000000000,0101.680,0001.996,-001.231,0007
 
000018315,000000000,000000000,0101.652,0002.017,-001.213,0177
 
000018335,000000000,000000000,0101.674,0002.039,-001.220,0167
 
000018355,000000000,000000000,0101.685,0002.057,-001.203,0006
 
000018375,000000000,000000000,0101.723,0002.053,-001.209,0006
 
000018395,000000000,000000000,0101.721,0002.069,-001.214,0007
 
000018415,000000000,000000000,0101.746,0002.104,-001.151,0006
 
000018435,000000000,000000000,0101.770,0002.118,-001.139,0166
 
000018455,000000000,000000000,0101.809,0002.127,-001.128,0006
 
000018475,000000000,000000000,0101.862,0002.155,-001.117,0006
 
000018495,000000000,000000000,0101.877,0002.160,-001.107,0166
 
000018515,000000000,000000000,0101.901,0002.161,-001.097,0167
 
000018535,000000000,000000000,0101.950,0002.163,-001.067,0006
 
000018555,000000000,000000000,0101.970,0002.190,-001.110,0167
 
000018575,000000000,000000000,0101.972,0002.167,-001.124,0006
 
000018595,000000000,000000000,0101.963,0002.217,-001.116,0006
 
000018615,000000000,000000000,0101.980,0002.190,-001.130,0167
 
000018635,000000000,000000000,0101.965,0002.216,-001.121,0172
 
000018655,000000000,000000000,0101.962,0002.215,-001.114,0006
 
000018675,000000000,000000000,0101.962,0002.215,-001.152,0167
 
000018695,000000000,000000000,0101.939,0002.218,-001.164,0171
 
000018715,000000000,000000000,0101.942,0002.215,-001.150,0006
 
000018735,000000000,000000000,0101.948,0002.239,-001.139,0167
 
000018755,000000000,000000000,0101.935,0002.281,-001.131,0179
 
000018775,000000000,000000000,0101.918,0002.321,-001.145,0006
 
000018795,000000000,000000000,0101.909,0002.334,-001.156,0167
 
000018815,000000000,000000000,0101.894,0002.324,-001.168,0179
 
000018835,000000000,000000000,0101.891,0002.311,-001.133,0006
 
000018855,000000000,000000000,0101.914,0002.300,-001.103,0169
 
000018875,000000000,000000000,0101.919,0002.288,-001.097,0006
 
000018895,000000000,000000000,0101.898,0002.281,-001.093,0006
 
000018915,000000000,000000000,0101.897,0002.294,-001.111,0172
 
000018935,000000000,000000000,0101.884,0002.351,-001.083,0006
 
000018955,000000000,000000000,0101.895,0002.361,-001.145,0006
 
000018975,000000000,000000000,0101.902,0002.301,-001.134,0006
 
000018995,000000000,000000000,0101.884,0002.333,-001.148,0006
 
000019015,000000000,000000000,0101.851,0002.344,-001.141,0166
 
000019035,000000000,000000000,0101.820,0002.351,-001.132,0167
 
000019055,000000000,000000000,0101.801,0002.335,-001.080,0006
 
000019075,000000000,000000000,0101.799,0002.272,-001.097,0006
 
000019095,000000000,000000000,0101.777,0002.262,-001.089,0006
 
000019115,000000000,000000000,0101.783,0002.298,-001.106,0007
 
000019135,000000000,000000000,0101.783,0002.263,-001.143,0006
 
000019155,000000000,000000000,0101.776,0002.253,-001.175,0006
 
000019175,000000000,000000000,0101.787,0002.266,-001.162,0006
 
000019195,000000000,000000000,0101.790,0002.259,-001.128,0006
 
000019215,000000000,000000000,0101.783,0002.276,-001.163,0166
 
000019235,000000000,000000000,0101.807,0002.293,-001.172,0167
 
000019255,000000000,000000000,0101.798,0002.279,-001.135,0006
 
000019275,000000000,000000000,0101.793,0002.248,-001.125,0006
 
000019295,000000000,000000000,0101.789,0002.265,-001.117,0007
 
000019315,000000000,000000000,0101.771,0002.256,-001.153,0006
 
000019335,000000000,000000000,0101.754,0002.227,-001.165,0167
 
000019355,000000000,000000000,0101.749,0002.242,-001.175,0167
 
000019375,000000000,000000000,0101.741,0002.235,-001.163,0006
 
000019395,000000000,000000000,0101.749,0002.184,-001.150,0169
 
000019415,000000000,000000000,0101.756,0002.188,-001.118,0173
 
000019435,000000000,000000000,0101.780,0002.210,-001.132,0006
 
000019455,000000000,000000000,0101.794,0002.227,-001.122,0167
 
000019475,000000000,000000000,0101.816,0002.196,-001.113,0179
 
000019495,000000000,000000000,0101.797,0002.196,-001.127,0006
 
000019515,000000000,000000000,0101.812,0002.195,-001.142,0169
 
000019535,000000000,000000000,0101.823,0002.191,-001.154,0178
 
000019555,000000000,000000000,0101.806,0002.188,-001.166,0006
 
000019575,000000000,000000000,0101.840,0002.186,-001.154,0169
 
000019595,000000000,000000000,0101.857,0002.137,-001.141,0007
 
000019615,000000000,000000000,0101.852,0002.163,-001.132,0167
 
000019635,000000000,000000000,0101.867,0002.189,-001.122,0179
 
000019655,000000000,000000000,0101.876,0002.185,-001.116,0179
 
000019675,000000000,000000000,0101.897,0002.207,-001.131,0006
 
000019695,000000000,000000000,0101.902,0002.202,-001.142,0179
 
000019715,000000000,000000000,0101.911,0002.220,-001.110,0006
 
000019735,000000000,000000000,0101.936,0002.237,-001.125,0006
 
000019755,000000000,000000000,0101.947,0002.232,-001.162,0006
 
000019775,000000000,000000000,0101.934,0002.225,-001.171,0006
 
000019795,000000000,000000000,0101.940,0002.222,-001.159,0006
 
000019815,000000000,000000000,0101.920,0002.262,-001.145,0177
 
000019835,000000000,000000000,0101.941,0002.276,-001.158,0006
 
000019855,000000000,000000000,0101.936,0002.287,-001.147,0006
 
000019875,000000000,000000000,0101.930,0002.293,-001.133,0006
 
000019895,000000000,000000000,0101.940,0002.279,-001.147,0166
 
000019915,000000000,000000000,0101.930,0002.261,-001.156,0006
 
000019935,000000000,000000000,0101.930,0002.272,-001.142,0006
 
000019955,000000000,000000000,0101.909,0002.286,-001.175,0007
 
000019975,000000000,000000000,0101.912,0002.273,-001.161,0006
 
000019995,000000000,000000000,0101.902,0002.281,-001.123,0166
 
000020015,000000000,000000000,0101.902,0002.294,-001.113,0167
 
000020035,000000000,000000000,0101.867,0002.299,-001.125,0006
 
000020055,000000000,000000000,0101.890,0002.285,-001.141,0167
 
000020075,000000000,000000000,0101.897,0002.273,-001.153,0167
 
000020095,000000000,000000000,0101.871,0002.260,-001.140,0006
 
000020115,000000000,000000000,0101.825,0002.268,-001.105,0167
 
000020135,000000000,000000000,0101.856,0002.232,-001.118,0172
 
000020155,000000000,000000000,0101.853,0002.250,-001.111,0006
 
000020175,000000000,000000000,0101.860,0002.239,-001.124,0167
 
000020195,000000000,000000000,0101.846,0002.230,-001.114,0173
 
000020215,000000000,000000000,0101.831,0002.245,-001.129,0006
 
000020235,000000000,000000000,0101.831,0002.239,-001.143,0167
 
000020255,000000000,000000000,0101.841,0002.232,-001.155,0178
 
000020275,000000000,000000000,0101.877,0002.204,-001.166,0006
 
000020295,000000000,000000000,0101.861,0002.221,-001.153,0167
 
000020315,000000000,000000000,0101.885,0002.260,-001.142,0006
 
000020335,000000000,000000000,0101.886,0002.250,-001.108,0167
 
000020355,000000000,000000000,0101.878,0002.236,-001.122,0179
 
000020375,000000000,000000000,0101.897,0002.248,-001.112,0178
 
000020395,000000000,000000000,0101.931,0002.217,-001.107,0007
 
000020415,000000000,000000000,0101.912,0002.209,-001.098,0172
 
000020435,000000000,000000000,0101.902,0002.182,-001.134,0006
 
000020455,000000000,000000000,0101.878,0002.180,-001.125,0006
 
000020475,000000000,000000000,0101.875,0002.170,-001.111,0006
 
000020495,000000000,000000000,0101.888,0002.144,-001.126,0167
 
000020515,000000000,000000000,0101.886,0002.120,-001.114,0006
 
000020535,000000000,000000000,0101.923,0002.120,-001.104,0007
 
000020555,000000000,000000000,0101.907,0002.126,-001.076,0007
 
000020575,000000000,000000000,0101.917,0002.127,-001.072,0173
 
000020595,000000000,000000000,0101.948,0002.150,-001.090,0179
 
000020615,000000000,000000000,0101.940,0002.173,-001.129,0166
 
000020635,000000000,000000000,0101.951,0002.173,-001.120,0166
 
000020655,000000000,000000000,0101.960,0002.192,-001.110,0006
 
000020675,000000000,000000000,0101.972,0002.186,-001.079,0006
 
000020695,000000000,000000000,0101.969,0002.231,-001.096,0006
 
000020715,000000000,000000000,0101.969,0002.241,-001.111,0006
 
000020735,000000000,000000000,0101.978,0002.210,-001.149,0006
 
000020755,000000000,000000000,0101.984,0002.201,-001.092,0006
 
000020775,000000000,000000000,0101.984,0002.195,-001.109,0007
 
000020795,000000000,000000000,0101.948,0002.234,-001.124,0166
 
000020815,000000000,000000000,0101.958,0002.245,-001.113,0006
 
000020835,000000000,000000000,0101.937,0002.233,-001.124,0167
 
000020855,000000000,000000000,0101.948,0002.223,-001.114,0172
 
000020875,000000000,000000000,0101.926,0002.187,-001.102,0006
 
000020895,000000000,000000000,0101.894,0002.179,-001.114,0167
 
000020915,000000000,000000000,0101.886,0002.197,-001.105,0171
 
000020935,000000000,000000000,0101.873,0002.144,-001.118,0006
 
000020955,000000000,000000000,0101.867,0002.135,-001.081,0169
 
000020975,000000000,000000000,0101.870,0002.110,-001.097,0179
 
000020995,000000000,000000000,0101.880,0002.135,-001.090,0006
 
000021015,000000000,000000000,0101.867,0002.134,-001.106,0169
 
000021035,000000000,000000000,0101.862,0002.134,-001.098,0179
 
000021055,000000000,000000000,0101.840,0002.129,-001.090,0006
 
000021075,000000000,000000000,0101.871,0002.104,-001.082,0174
 
000021095,000000000,000000000,0101.880,0002.103,-001.052,0178
 
000021115,000000000,000000000,0101.904,0002.128,-001.050,0006
 
000021135,000000000,000000000,0101.932,0002.126,-001.046,0169
 
000021155,000000000,000000000,0101.922,0002.146,-001.044,0006
 
000021175,000000000,000000000,0101.918,0002.163,-001.063,0167
 
000021195,000000000,000000000,0101.917,0002.162,-001.057,0169
 
000021215,000000000,000000000,0101.894,0002.154,-001.072,0006
 
000021235,000000000,000000000,0101.907,0002.172,-001.088,0006
 
000021255,000000000,000000000,0101.933,0002.168,-001.083,0007
 
000021275,000000000,000000000,0101.914,0002.135,-001.073,0167
 
000021295,000000000,000000000,0101.894,0002.154,-001.068,0006
 
000021315,000000000,000000000,0101.902,0002.172,-001.084,0179
 
000021335,000000000,000000000,0101.909,0002.167,-001.079,0006
 
000021355,000000000,000000000,0101.927,0002.160,-001.095,0173
 
000021375,000000000,000000000,0101.899,0002.155,-001.085,0179
 
000021395,000000000,000000000,0101.864,0002.152,-001.100,0167
 
000021415,000000000,000000000,0101.868,0002.170,-001.114,0006
 
000021435,000000000,000000000,0101.874,0002.185,-001.128,0006
 
000021455,000000000,000000000,0101.873,0002.178,-001.118,0007
 
000021475,000000000,000000000,0101.859,0002.149,-001.109,0006
 
000021495,000000000,000000000,0101.872,0002.144,-001.099,0006
 
000021515,000000000,000000000,0101.874,0002.163,-001.135,0006
 
000021535,000000000,000000000,0101.879,0002.179,-001.145,0006
 
000021555,000000000,000000000,0101.893,0002.144,-001.131,0006
 
000021575,000000000,000000000,0101.902,0002.140,-001.122,0006
 
000021595,000000000,000000000,0101.912,0002.139,-001.156,0006
 
000021615,000000000,000000000,0101.905,0002.137,-001.142,0167
 
000021635,000000000,000000000,0101.911,0002.155,-001.151,0171
 
000021655,000000000,000000000,0101.918,0002.172,-001.159,0006
 
000021675,000000000,000000000,0101.918,0002.207,-001.145,0167
 
000021695,000000000,000000000,0101.909,0002.195,-001.131,0173
 
000021715,000000000,000000000,0101.911,0002.208,-001.141,0006
 
000021735,000000000,000000000,0101.902,0002.199,-001.148,0167
 
000021755,000000000,000000000,0101.910,0002.193,-001.160,0178
 
000021775,000000000,000000000,0101.889,0002.202,-001.143,0006
 
000021795,000000000,000000000,0101.895,0002.214,-001.176,0169
 
000021815,000000000,000000000,0101.922,0002.205,-001.183,0178
 
000021835,000000000,000000000,0101.895,0002.193,-001.166,0006
 
000021855,000000000,000000000,0101.886,0002.208,-001.195,0169
 
000021875,000000000,000000000,0101.896,0002.192,-001.198,0006
 
000021895,000000000,000000000,0101.901,0002.155,-001.153,0166
 
000021915,000000000,000000000,0101.917,0002.171,-001.138,0179
 
000021935,000000000,000000000,0101.908,0002.185,-001.171,0006
 
000021955,000000000,000000000,0101.934,0002.151,-001.156,0173
 
000021975,000000000,000000000,0101.944,0002.116,-001.165,0179
 
000021995,000000000,000000000,0101.962,0002.135,-001.151,0007
 
000022015,000000000,000000000,0101.987,0002.177,-001.183,0173
 
000022035,000000000,000000000,0101.968,0002.169,-001.166,0179
 
000022055,000000000,000000000,0101.969,0002.162,-001.148,0006
 
000022075,000000000,000000000,0101.997,0002.157,-001.159,0007
 
000022095,000000000,000000000,0101.957,0002.149,-001.143,0007
 
000022115,000000000,000000000,0101.988,0002.163,-001.130,0167
 
000022135,000000000,000000000,0102.013,0002.176,-001.116,0006
 
000022155,000000000,000000000,0101.999,0002.166,-001.127,0007
 
000022175,000000000,000000000,0102.003,0002.131,-001.115,0166
 
000022195,000000000,000000000,0101.988,0002.125,-001.104,0006
 
000022215,000000000,000000000,0101.970,0002.144,-001.117,0166
 
000022235,000000000,000000000,0101.989,0002.116,-001.128,0006
 
000022255,000000000,000000000,0101.979,0002.111,-001.114,0006
 
000022275,000000000,000000000,0101.973,0002.129,-001.102,0006
 
000022295,000000000,000000000,0101.958,0002.169,-001.116,0166
 
000022315,000000000,000000000,0101.986,0002.158,-001.128,0179
 
000022335,000000000,000000000,0102.005,0002.177,-001.142,0179
 
000022355,000000000,000000000,0102.005,0002.164,-001.129,0006
 
000022375,000000000,000000000,0102.014,0002.154,-001.118,0006
 
000022395,000000000,000000000,0102.042,0002.146,-001.151,0167
 
000022415,000000000,000000000,0102.012,0002.163,-001.158,0171
 
000022435,000000000,000000000,0102.039,0002.175,-001.121,0006
 
000022455,000000000,000000000,0102.063,0002.163,-001.132,0169
 
000022475,000000000,000000000,0102.050,0002.175,-001.119,0172
 
000022495,000000000,000000000,0102.056,0002.166,-001.108,0006
 
000022515,000000000,000000000,0102.022,0002.181,-001.100,0174
 
000022535,000000000,000000000,0102.024,0002.170,-001.114,0179
 
000022555,000000000,000000000,0102.042,0002.136,-001.103,0007
 
000022575,000000000,000000000,0102.017,0002.107,-001.072,0167
 
000022595,000000000,000000000,0102.029,0002.105,-001.065,0178
 
000022615,000000000,000000000,0102.017,0002.122,-001.059,0006
 
000022635,000000000,000000000,0102.019,0002.114,-001.053,0179
 
000022655,000000000,000000000,0102.043,0002.105,-001.025,0006
 
000022675,000000000,000000000,0102.024,0002.079,-001.045,0007
 
000022695,000000000,000000000,0102.026,0002.102,-001.064,0174
 
000022715,000000000,000000000,0102.020,0002.120,-001.080,0006
 
000022735,000000000,000000000,0101.996,0002.137,-001.094,0166
 
000022755,000000000,000000000,0101.974,0002.130,-001.108,0166
 
000022775,000000000,000000000,0101.997,0002.101,-001.098,0006
 
000022795,000000000,000000000,0101.991,0002.119,-001.088,0173
 
000022815,000000000,000000000,0101.980,0002.110,-001.101,0006
 
000022835,000000000,000000000,0101.951,0002.129,-001.071,0006
 
000022855,000000000,000000000,0101.957,0002.099,-001.065,0006
 
000022875,000000000,000000000,0101.955,0002.118,-001.058,0173
 
000022895,000000000,000000000,0101.972,0002.109,-001.076,0167
 
000022915,000000000,000000000,0101.949,0002.102,-001.067,0006
 
000022935,000000000,000000000,0101.936,0002.118,-001.059,0166
 
000022955,000000000,000000000,0101.978,0002.134,-001.075,0006
 
000022975,000000000,000000000,0101.978,0002.125,-001.045,0006
 
000022995,000000000,000000000,0101.953,0002.117,-001.041,0006
 
000023015,000000000,000000000,0101.943,0002.111,-001.059,0166
 
000023035,000000000,000000000,0101.912,0002.126,-001.054,0179
 
000023055,000000000,000000000,0101.949,0002.139,-001.050,0166
 
000023075,000000000,000000000,0101.960,0002.134,-001.024,0167
 
000023095,000000000,000000000,0101.963,0002.102,-001.043,0166
 
000023115,000000000,000000000,0101.988,0002.120,-001.038,0179
 
000023135,000000000,000000000,0101.969,0002.158,-000.990,0172
 
000023155,000000000,000000000,0101.976,0002.121,-001.034,0006
 
000023175,000000000,000000000,0101.963,0002.067,-001.051,0169
 
000023195,000000000,000000000,0101.982,0002.065,-001.044,0166
 
000023215,000000000,000000000,0101.994,0002.036,-001.018,0006
 
000023235,000000000,000000000,0101.993,0002.037,-001.017,0169
 
000023255,000000000,000000000,0102.008,0002.062,-000.995,0178
 
000023275,000000000,000000000,0102.022,0002.058,-000.993,0006
 
000023295,000000000,000000000,0102.029,0002.009,-000.972,0169
 
000023315,000000000,000000000,0102.013,0002.013,-000.996,0006
 
000023335,000000000,000000000,0102.029,0002.017,-001.042,0166
 
000023355,000000000,000000000,0102.034,0002.000,-001.061,0179
 
000023375,000000000,000000000,0102.059,0002.006,-001.033,0007
 
