000370012,-00000049,000000031,0113.624,0004.325,0000.481,0006
 
000370037,000000000,000000000,0112.945,0004.361,0000.486,0167
 
000370061,000000000,000000000,0112.726,0004.103,0000.483,0007
 
000370085,000000000,000000000,0113.247,0004.085,0000.481,0006
 
000370109,000000000,000000000,0111.873,0004.602,0000.971,0006
 
000370133,000000000,000000000,0113.268,0004.103,0000.483,0006
 
000370157,000000000,000000000,0114.127,0003.814,0000.239,0006
 
000370181,000000000,000000000,0112.774,0004.343,0000.483,0006
 
000370205,000000000,000000000,0113.867,0003.862,0000.242,0006
 
000370229,000000000,000000000,0113.565,0004.068,0000.479,0006
 
000370253,000000000,000000000,0113.749,0003.846,0000.481,0166
 
000370277,000000000,000000000,0113.699,0004.102,0000.725,0166
 
000370301,000000000,000000000,0113.282,0004.103,0000.483,0166
 
000370325,000000000,000000000,0112.644,0004.085,0000.481,0167
 
000370349,000000000,000000000,0112.966,0004.343,0000.725,0006
 
000370373,000000000,000000000,0112.744,0004.324,0000.963,0167
 
000370397,000000000,000000000,0113.719,0003.846,0000.481,0007
 
000370421,000000000,000000000,0114.183,0004.085,0000.481,0178
 
000370445,000000000,000000000,0113.755,0003.846,0000.722,0006
 
000370469,000000000,000000000,0112.812,0004.343,0000.483,0178
 
000370493,000000000,000000000,0113.379,0004.120,0000.486,0006
 
000370517,000000000,000000000,0113.044,0004.103,0000.483,0006
 
000370541,000000000,000000000,0113.754,0004.103,0000.483,0006
 
000370565,000000000,000000000,0113.453,0004.103,0000.483,0006
 
000370589,000000000,000000000,0113.662,0004.085,0000.722,0006
 
000370613,000000000,000000000,0114.196,0003.591,0000.719,0006
 
000370637,000000000,000000000,0113.008,0004.362,0000.243,0006
 
000370661,000000000,000000000,0114.375,0003.606,0000.481,0006
 
000370685,000000000,000000000,0113.490,0003.830,0000.479,0006
 
000370709,000000000,000000000,0113.735,0003.862,0000.725,0006
 
000370733,000000000,000000000,0113.399,0004.085,0000.481,0006
 
000370757,000000000,000000000,0113.295,0004.120,0000.728,0006
 
000370781,000000000,000000000,0113.588,0004.380,0000.488,0006
 
000370805,000000000,000000000,0113.159,0004.380,0000.488,0006
 
000370829,000000000,000000000,0114.017,0004.085,0000.481,0006
 
000370853,000000000,000000000,0113.317,0003.830,0000.479,0166
 
000370877,000000000,000000000,0113.801,0003.862,0000.483,0007
 
000370901,000000000,000000000,0113.223,0003.830,0000.719,0006
 
000370925,000000000,000000000,0112.559,0004.343,0000.483,0006
 
000370949,000000000,000000000,0113.363,0004.362,0000.243,0167
 
000370973,000000000,000000000,0114.096,0004.068,0000.719,0167
 
000370997,000000000,000000000,0113.916,0003.830,0000.479,0166
 
000371021,000000000,000000000,0113.854,0004.085,0000.722,0167
 
000371045,000000000,000000000,0113.065,0004.380,0000.488,0166
 
000371069,000000000,000000000,0113.815,0003.546,0001.184,0006
 
000371093,000000000,000000000,0113.664,0004.120,0000.486,0167
 
000371117,000000000,000000000,0112.876,0004.103,0000.483,0006
 
000371141,000000000,000000000,0113.051,0004.343,0000.725,0007
 
000371165,000000000,000000000,0114.382,0003.830,0000.719,0006
 
000371189,000000000,000000000,0112.950,0004.361,0000.486,0006
 
000371213,000000000,000000000,0114.697,0003.846,0000.481,0006
 
000371237,000000000,000000000,0114.448,0003.830,0000.479,0177
 
000371261,000000000,000000000,0113.476,0004.103,0000.483,0166
 
000371285,000000000,000000000,0112.786,0004.343,0000.483,0007
 
000371309,000000000,000000000,0113.344,0004.103,0000.483,0006
 
000371333,000000000,000000000,0113.410,0004.102,0000.725,0006
 
000371357,000000000,000000000,0114.037,0004.103,0000.483,0007
 
000371381,000000000,000000000,0113.878,0004.120,0000.243,0006
 
000371405,000000000,000000000,0113.091,0004.103,0000.483,0006
 
000371429,000000000,000000000,0114.213,0004.103,0000.242,0006
 
000371453,000000000,000000000,0113.190,0004.325,0000.481,0006
 
000371477,000000000,000000000,0112.248,0004.307,0000.479,0006
 
000371501,000000000,000000000,0113.547,0004.103,0000.242,0006
 
000371525,000000000,000000000,0113.501,0003.846,0000.722,0006
 
000371549,000000000,000000000,0113.173,0004.120,0000.243,0006
 
000371573,000000000,000000000,0112.840,0004.564,0000.481,0006
 
000371597,000000000,000000000,0113.159,0004.068,0000.959,0166
 
000371621,000000000,000000000,0113.493,0004.103,0000.483,0166
 
000371645,000000000,000000000,0113.064,0004.120,0000.486,0166
 
000371669,000000000,000000000,0113.370,0004.343,0000.242,0006
 
000371693,000000000,000000000,0113.729,0003.862,0000.725,0006
 
000371717,000000000,000000000,0112.498,0004.380,0000.488,0167
 
000371741,000000000,000000000,0114.487,0003.862,0000.483,0167
 
000371765,000000000,000000000,0114.872,0003.352,0000.479,0006
 
000371789,000000000,000000000,0112.971,0004.103,0000.242,0166
 
000371813,000000000,000000000,0113.143,0004.307,0000.240,0167
 
000371837,000000000,000000000,0113.104,0004.085,0000.722,0007
 
000371861,000000000,000000000,0114.311,0003.878,0000.486,0167
 
000371885,000000000,000000000,0112.531,0004.583,0000.725,0006
 
000371909,000000000,000000000,0113.152,0004.085,0000.481,0178
 
000371933,000000000,000000000,0113.611,0004.085,0000.481,0167
 
000371957,000000000,000000000,0113.995,0003.862,0000.483,0006
 
000371981,000000000,000000000,0112.459,0004.343,0000.725,0178
 
000372005,000000000,000000000,0113.308,0004.085,0000.481,0006
 
000372029,000000000,000000000,0112.595,0004.343,0000.483,0006
 
000372053,000000000,000000000,0112.594,0004.361,0000.486,0007
 
000372077,000000000,000000000,0112.998,0004.068,0000.719,0006
 
000372101,000000000,000000000,0113.994,0004.103,0000.242,0006
 
000372125,000000000,000000000,0113.697,0004.103,0000.242,0006
 
000372149,000000000,000000000,0113.231,0004.085,0000.481,0006
 
000372173,000000000,000000000,0113.932,0004.307,0000.479,0006
 
000372197,000000000,000000000,0112.863,0004.343,0000.483,0006
 
000372221,000000000,000000000,0114.262,0003.846,0000.481,0006
 
000372245,000000000,000000000,0113.936,0004.120,0000.486,0006
 
000372269,000000000,000000000,0113.288,0003.830,0000.479,0006
 
000372293,000000000,000000000,0112.775,0004.085,0000.722,0006
 
000372317,000000000,000000000,0113.621,0003.862,0000.483,0007
 
000372341,000000000,000000000,0112.713,0004.325,0000.481,0006
 
000372365,000000000,000000000,0113.406,0003.878,0000.486,0166
 
000372389,000000000,000000000,0112.506,0004.103,0000.483,0006
 
000372413,000000000,000000000,0102.433,0008.707,0001.463,0006
 
000372437,000000000,-00001543,0110.666,0004.803,0000.722,0006
 
000372461,000000000,-00000013,0111.104,0004.288,0001.432,0166
 
000372485,-00000004,-00000025,0112.818,0003.895,0000.244,0167
 
000372509,-00000002,-00000025,0114.074,0003.126,0000.963,0006
 
000372533,-00000002,-00000013,0112.497,0004.325,0000.722,0167
 
000372557,-00000002,-00003085,0113.501,0004.343,0000.242,0006
 
000372581,-00000004,-00000013,0112.566,0004.622,0000.488,0166
 
000372605,-00000002,-00000013,0111.867,0004.583,0000.725,0006
 
000372629,-00000002,-00000014,0114.069,0004.120,0000.243,0167
 
000372653,-00000002,000000231,0111.093,0005.281,0000.722,0006
 
000372677,-00000004,-00000025,0110.785,0005.303,0000.725,0178
 
000372701,000000252,-00000029,0110.319,0005.782,0000.242,0006
 
000372725,-00000004,-00000049,0111.916,0004.489,0000.947,0178
 
000372749,000000252,-00012337,0113.131,0004.583,0000.483,0167
 
000372773,-00000002,-00000049,0111.605,0004.583,0001.209,0006
 
000372797,-00000002,-00000049,0113.368,0004.325,0000.722,0007
 
000372821,-00000002,-00000049,0115.924,0003.140,0000.242,0007
 
000372845,-00000004,-00000049,0111.935,0004.324,0001.444,0006
 
000372869,-00000002,-00012337,0113.254,0003.636,0000.971,0178
 
000372893,-00000002,-00000030,0115.054,0003.113,0000.479,0178
 
000372917,-00000002,-00000027,0110.573,0004.822,0001.450,0006
 
000372941,-00000001,-00000026,0112.822,0004.120,0000.971,0007
 
000372965,-00000001,-00000027,0112.858,0004.380,0000.488,0006
 
000372989,-00000002,-00000028,0114.838,0003.606,0000.241,0006
 
000373013,-00000002,-00000028,0112.660,0004.564,0000.722,0007
 
000373037,-00000002,-00000030,0114.391,0003.621,0000.000,0006
 
000373061,-00000772,-00000031,0112.095,0004.545,0000.479,0006
 
000373085,-00000002,-00000049,0109.895,0005.496,0001.198,0177
 
000373109,-00000004,-00000049,0112.534,0004.864,0000.488,0007
 
000373133,-00000004,-00000049,0114.719,0003.636,0000.728,0006
 
000373157,-00000004,-00000049,0110.897,0005.041,0001.204,0166
 
000373181,-00000004,-00000049,0114.268,0003.862,0000.725,0007
 
000373205,-00000007,-00000049,0112.653,0004.325,0000.241,0167
 
000373229,-00000772,-00000256,0112.750,0004.361,0000.971,0006
 
000373253,-00000001,-00000049,0112.405,0004.526,0000.716,0006
 
000373277,-00000001,000000207,0113.327,0004.545,0000.479,0167
 
000373301,-00000002,-00000049,0116.704,0003.113,0000.000,0006
 
000373325,-00000001,-00000031,0115.811,0003.380,0000.725,0006
 
000373349,-00000004,-00000028,0115.209,0003.366,0000.722,0007
 
000373373,-00000002,-00000026,0112.449,0005.063,0000.483,0007
 
000373397,-00000002,-00006940,0113.363,0003.878,0001.214,0006
 
000373421,000000000,-00000026,0113.717,0004.102,0001.209,0006
 
000373445,000000000,-00000027,0114.173,0004.068,0000.479,0006
 
000373469,000000000,-00000029,0114.465,0004.325,0000.241,0006
 
000373493,000000001,000000207,0111.877,0005.520,0000.241,0167
 
000373517,000000000,-00000049,0115.943,0003.366,0000.722,0006
 
000373541,000000000,-00000049,0114.466,0004.622,0000.000,0007
 
000373565,-00000001,-00000049,0114.724,0004.361,0000.728,0178
 
000373589,000000001,-00000049,0112.758,0004.622,0000.731,0167
 
000373613,000000003,-00000049,0114.856,0003.845,0000.963,0006
 
000373637,000000002,-00000049,0112.310,0004.638,0002.447,0007
 
000373661,000000000,000000204,0113.467,0003.926,0001.966,0007
 
000373685,000000000,-00000050,0118.697,0002.175,0000.483,0007
 
000373709,-00000002,-00000049,0114.480,0004.379,0000.975,0006
 
000373733,-00000001,-00000049,0116.565,0003.879,0000.000,0006
 
000373757,-00000004,-00000049,0114.183,0004.361,0000.971,0006
 
000373781,-00000004,-00000049,0114.698,0004.583,0000.242,0006
 
000373805,-00000002,000000207,0116.445,0003.862,0000.483,0006
 
000373829,000000000,-00000049,0114.435,0004.545,0000.479,0006
 
000373853,000000000,000000207,0116.430,0004.086,0000.241,0006
 
000373877,000000000,-00000049,0115.579,0004.343,0000.242,0006
 
000373901,000000001,-00000049,0114.186,0005.064,0000.242,0166
 
000373925,000000001,-00000049,0116.218,0004.307,-000.240,0007
 
000373949,000000000,-00000049,0115.564,0004.068,0000.479,0167
 
000373973,-00000001,-00000049,0114.419,0004.763,0000.955,0006
 
000373997,-00000002,-00000049,0113.707,0004.763,0000.716,0167
 
000374021,-00000004,-00000049,0117.229,0003.636,0000.728,0006
 
000374045,-00000002,-00000049,0115.966,0003.576,0001.193,0166
 
000374069,-00000004,-00000049,0114.477,0004.823,0000.725,0006
 
000374093,-00000004,-00000049,0118.166,0003.140,0000.242,0006
 
000374117,-00000002,-00000049,0113.307,0005.041,0001.204,0167
 
000374141,-00000004,-00000049,0116.914,0003.846,0000.481,0007
 
000374165,-00000004,-00000049,0116.405,0004.068,0000.719,0167
 
000374189,-00000004,-00000049,0117.648,0003.637,0000.243,0007
 
000374213,-00000004,-00000049,0117.713,0003.576,0000.477,0006
 
000374237,-00000001,-00000049,0116.105,0004.086,0000.241,0006
 
000374261,-00000002,-00000049,0115.882,0004.137,0000.975,0006
 
000374285,-00000001,-00000049,0117.201,0004.086,0000.241,0007
 
000374309,-00000001,-00000049,0115.383,0004.545,0000.000,0178
 
000374333,-00000002,-00000049,0116.439,0004.307,0000.479,0166
 
000374357,-00000002,-00000049,0116.197,0004.085,0000.481,0167
 
000374381,-00000001,-00000049,0116.370,0004.068,0000.479,0007
 
000374405,-00000002,-00000049,0116.750,0004.085,0000.722,0006
 
000374429,-00000002,-00000049,0114.993,0004.583,0000.725,0166
 
000374453,-00000004,-00000049,0115.376,0004.564,0000.241,0007
 
000374477,-00000001,-00000049,0115.798,0004.564,0000.481,0006
 
000374501,-00000772,000000207,0115.047,0004.602,0000.728,0006
 
000374525,000000000,-00000049,0116.278,0004.545,0000.240,0006
 
000374549,-00000001,-00000049,0115.060,0004.823,0000.725,0006
 
000374573,-00000002,-00000049,0116.228,0004.325,0000.722,0007
 
000374597,-00000001,-00000049,0118.174,0003.830,0000.479,0166
 
000374621,000000252,-00000049,0117.325,0003.846,0000.481,0006
 
000374645,-00000001,-00000049,0117.811,0003.862,0000.483,0006
 
000374669,000000000,000000207,0116.504,0004.307,0000.240,0166
 
000374693,000000000,-00000049,0115.924,0004.324,0001.204,0167
 
000374717,-00000001,-00000049,0116.536,0004.102,0000.967,0167
 
000374741,000000000,-00000049,0115.668,0004.325,0000.481,0167
 
000374765,000000000,-00000049,0116.112,0004.306,0000.959,0167
 
000374789,000000001,-00000031,0116.842,0004.103,0000.242,0167
 
000374813,000000001,-00000030,0116.696,0004.307,0000.240,0166
 
000374837,000000000,-00000029,0116.655,0004.068,0000.479,0167
 
000374861,000000001,-00000029,0116.464,0004.307,0000.719,0167
 
000374885,000000000,-00000027,0118.610,0003.380,0000.725,0178
 
000374909,000000000,-00000025,0118.233,0003.366,0000.241,0167
 
000374933,000000000,-00000025,0117.542,0003.591,0000.959,0167
 
000374957,-00000001,-00000025,0116.293,0004.325,0000.481,0167
 
000374981,-00000001,-00000025,0117.934,0003.830,0000.240,0006
 
000375005,000000000,-00006169,0118.168,0004.086,0000.241,0178
 
000375029,000000000,-00000025,0117.946,0003.606,0000.481,0006
 
000375053,000000000,-00000016,0116.137,0004.361,0000.728,0006
 
000375077,-00000001,-00000016,0116.212,0004.307,0000.479,0006
 
000375101,000000000,-00000015,0116.915,0004.085,0000.481,0178
 
000375125,000000000,-00000015,0115.029,0005.042,0000.241,0006
 
000375149,000000000,-00000025,0115.266,0005.042,0000.481,0006
 
000375173,-00000001,-00000025,0115.983,0004.507,0000.713,0006
 
000375197,-00000001,-00000025,0115.919,0004.325,0000.481,0006
 
000375221,-00000001,-00006169,0116.609,0004.138,0000.244,0006
 
000375245,-00000001,-00000015,0117.278,0004.085,0000.722,0006
 
000375269,000000000,000000243,0118.887,0002.862,0000.716,0006
 
000375293,-00000001,-00000013,0117.436,0004.103,0000.483,0006
 
000375317,000000000,-00000013,0118.513,0003.846,0000.481,0007
 
000375341,000000000,-00000013,0117.599,0003.846,0000.481,0006
 
000375365,-00000001,-00000007,0118.671,0003.846,0000.241,0006
 
000375389,000000000,-00000004,0117.855,0004.103,0000.242,0006
 
000375413,000000000,-00000002,0115.588,0004.526,0000.955,0007
 
000375437,000000000,-00000002,0115.616,0004.864,0000.244,0006
 
000375461,000000000,-00000004,0115.923,0004.583,0000.483,0178
 
000375485,-00000001,-00000004,0117.656,0003.830,0000.479,0006
 
000375509,000000000,-00000002,0117.696,0004.103,0000.483,0007
 
000375533,000000000,-00000001,0117.310,0004.069,0000.240,0006
 
000375557,000000000,000000000,0118.212,0003.606,0000.241,0006
 
000375581,000000000,000000000,0116.666,0004.068,0000.479,0006
 
000375605,000000000,000000000,0116.987,0004.343,0000.242,0007
 
000375629,000000000,000000000,0116.888,0004.325,0000.481,0007
 
000375653,000000000,000000000,0116.474,0004.325,0000.481,0007
 
000375677,000000000,000000000,0115.472,0004.583,0000.242,0007
 
000375701,000000000,-00000001,0115.208,0004.763,0000.477,0007
 
000375725,000000000,-00000007,0119.650,0003.100,0000.239,0006
 
000375749,000000000,-00000004,0118.940,0002.657,0000.242,0006
 
000375773,000000000,-00000002,0117.100,0004.068,0000.479,0006
 
000375797,000000000,000000000,0116.823,0004.380,0000.244,0006
 
000375821,000000000,000000000,0116.391,0004.085,0000.722,0006
 
000375845,000000000,000000000,0116.561,0004.343,0000.242,0166
 
000375869,000000000,000000000,0115.885,0004.103,0000.483,0166
 
000375893,000000000,000000000,0115.318,0004.564,0000.481,0006
 
000375917,000000000,000000000,0116.140,0004.564,0000.481,0007
 
000375941,000000000,000000000,0116.786,0004.103,0000.242,0167
 
000375965,000000000,000000000,0116.320,0004.343,0000.242,0167
 
000375989,000000000,000000000,0115.272,0004.343,0000.483,0166
 
000376013,000000000,000000000,0116.229,0004.307,0000.479,0006
 
000376037,000000000,000000000,0116.336,0004.085,0000.722,0166
 
000376061,000000000,000000000,0116.571,0004.068,0000.719,0006
 
000376085,000000000,000000000,0114.955,0004.361,0000.728,0167
 
000376109,000000000,000000000,0116.090,0004.068,0000.719,0006
 
000376133,000000000,000000000,0116.680,0004.307,0000.479,0166
 
000376157,000000000,000000000,0116.408,0004.583,0000.483,0006
 
000376181,000000000,000000000,0116.683,0003.830,0000.479,0007
 
000376205,000000000,000000000,0115.453,0004.325,0000.722,0006
 
000376229,000000000,000000000,0117.245,0004.103,0000.483,0006
 
000376253,000000000,000000000,0117.588,0004.052,0000.239,0177
 
000376277,000000000,000000000,0115.974,0004.052,0000.477,0006
 
000376301,000000000,000000000,0114.515,0004.823,0000.483,0007
 
000376325,000000000,000000000,0116.143,0004.343,0000.725,0006
 
000376349,000000000,000000000,0115.393,0004.325,0000.481,0006
 
000376373,000000000,-00000001,0116.041,0004.051,0001.193,0006
 
000376397,000000000,000000000,0115.204,0004.564,0000.481,0006
 
000376421,000000000,000000000,0115.934,0004.120,0000.243,0006
 
000376445,000000000,000000000,0116.994,0004.068,0000.719,0006
 
000376469,000000000,000000000,0117.471,0003.830,0000.719,0006
 
000376493,000000000,000000000,0116.256,0004.564,0000.722,0006
 
000376517,000000000,000000000,0116.183,0004.325,0000.481,0006
 
000376541,000000000,000000000,0116.919,0004.085,0000.481,0006
 
000376565,000000000,000000000,0115.947,0004.343,0000.483,0006
 
000376589,000000000,000000000,0115.958,0004.380,0000.488,0006
 
000376613,000000000,000000000,0116.241,0004.018,0000.237,0006
 
000376637,000000000,000000000,0116.570,0003.846,0000.481,0006
 
000376661,000000000,000000000,0116.492,0004.361,0000.728,0007
 
000376685,000000000,000000000,0116.425,0004.307,0000.479,0166
 
000376709,000000000,000000000,0115.170,0004.583,0000.242,0166
 
000376733,000000000,000000000,0116.516,0004.307,0000.479,0166
 
000376757,000000000,000000000,0116.681,0004.343,0000.483,0166
 
000376781,000000000,000000000,0117.421,0004.086,0000.241,0167
 
000376805,000000000,000000000,0116.392,0004.307,0000.479,0006
 
000376829,000000000,000000000,0116.455,0004.325,0000.722,0166
 
000376853,000000000,000000000,0116.807,0003.862,0000.483,0006
 
000376877,000000000,000000000,0117.115,0004.085,0000.481,0166
 
000376901,000000000,000000000,0116.841,0003.846,0000.241,0006
 
000376925,000000000,000000000,0115.940,0004.564,0000.481,0006
 
000376949,000000000,000000000,0116.033,0004.343,0000.483,0178
 
000376973,000000000,000000000,0115.908,0004.325,0000.481,0006
 
000376997,000000000,000000000,0117.603,0003.895,0000.244,0007
 
