000509341,-00000002,000000543,0113.502,0004.120,0000.486,0006
 
000509366,000000000,000000000,0113.270,0004.103,0000.483,0006
 
000509390,000000000,000000000,0112.311,0004.343,0000.483,0178
 
000509414,000000000,000000000,0114.092,0003.830,0000.240,0166
 
000509438,000000000,000000000,0112.976,0004.085,0000.722,0167
 
000509462,000000000,000000000,0112.213,0003.814,0000.955,0006
 
000509486,000000000,000000000,0112.976,0004.085,0000.722,0006
 
000509510,000000000,000000000,0113.581,0003.878,0000.728,0006
 
000509534,000000000,000000000,0112.981,0003.846,0000.722,0006
 
000509558,000000000,000000000,0113.276,0004.085,0000.481,0006
 
000509582,000000000,000000000,0113.096,0004.085,0000.722,0006
 
000509606,000000000,000000000,0111.836,0004.564,0000.481,0007
 
000509630,000000000,000000000,0112.680,0004.102,0000.725,0006
 
000509654,000000000,000000000,0114.665,0003.591,0000.479,0006
 
000509678,000000000,000000000,0113.481,0003.878,0000.728,0007
 
000509702,000000000,000000000,0113.428,0003.846,0000.481,0006
 
000509726,000000000,000000000,0113.706,0004.120,0000.243,0006
 
000509750,000000000,000000000,0112.079,0004.603,0000.243,0006
 
000509774,000000000,000000001,0113.138,0004.085,0000.722,0006
 
000509798,000000000,000000000,0111.414,0004.325,0000.722,0006
 
000509822,000000000,000000001,0111.313,0004.622,0000.488,0006
 
000509846,000000000,000000000,0112.316,0004.102,0000.967,0006
 
000509870,000000000,000000000,0113.705,0003.338,0000.955,0006
 
000509894,000000000,000000000,0113.780,0004.086,0000.241,0006
 
000509918,000000000,000000000,0113.129,0004.085,0000.481,0006
 
000509942,000000000,000000000,0112.502,0004.103,0000.483,0166
 
000509966,000000000,000000000,0113.495,0004.086,0000.241,0166
 
000509990,000000000,000000000,0112.194,0003.846,0000.481,0167
 
000510014,000000000,000000000,0113.197,0003.862,0000.725,0166
 
000510038,000000000,000000000,0112.625,0004.120,0000.728,0166
 
000510062,000000000,000000000,0112.715,0004.068,0000.479,0006
 
000510086,000000000,000000000,0113.272,0004.138,0000.244,0166
 
000510110,000000000,000000000,0110.307,0004.823,0000.725,0007
 
000510134,000000000,000000000,0112.499,0004.085,0000.481,0006
 
000510158,000000000,000000000,0111.879,0004.380,0000.488,0178
 
000510182,000000000,000000000,0114.060,0003.846,0000.481,0177
 
000510206,000000000,000000000,0112.034,0004.120,0000.486,0178
 
000510230,000000000,000000000,0111.993,0004.343,0000.242,0007
 
000510254,000000000,000000000,0111.886,0004.361,0000.486,0006
 
000510278,000000000,000000000,0113.532,0003.591,0000.719,0006
 
000510302,000000000,000000000,0112.888,0004.085,0000.722,0007
 
000510326,000000000,000000000,0112.809,0004.085,0000.481,0006
 
000510350,000000000,000000000,0112.432,0004.103,0000.242,0006
 
000510374,000000000,000000000,0113.374,0003.878,0000.486,0006
 
000510398,000000000,000000000,0113.654,0004.085,0000.481,0006
 
000510422,000000000,000000000,0112.264,0004.085,0000.722,0006
 
000510446,000000000,000000000,0113.408,0003.846,0000.241,0006
 
000510470,000000000,000000000,0113.732,0003.830,0000.479,0006
 
000510494,000000000,000000000,0112.295,0004.102,0000.725,0006
 
000510518,000000000,000000000,0113.322,0004.120,0000.486,0006
 
000510542,000000000,000000000,0111.953,0004.085,0000.481,0006
 
000510566,000000000,000000000,0112.901,0004.103,0000.483,0006
 
000510590,000000000,000000000,0111.794,0004.583,0000.483,0006
 
000510614,000000000,000000000,0111.875,0004.343,0000.483,0007
 
000510638,000000000,000000000,0112.859,0004.103,0000.483,0006
 
000510662,000000000,000000000,0111.593,0004.324,0000.963,0007
 
000510686,000000000,000000000,0113.194,0003.591,0000.719,0006
 
000510710,000000000,000000000,0112.909,0004.103,0000.242,0006
 
000510734,000000000,000000000,0112.997,0004.103,0000.483,0006
 
000510758,000000000,000000000,0111.873,0004.102,0000.725,0006
 
000510782,000000000,000000000,0111.893,0004.343,0000.725,0006
 
000510806,000000000,000000000,0112.111,0004.120,0000.728,0006
 
000510830,000000000,000000000,0113.612,0003.846,0000.481,0007
 
000510854,000000000,000000000,0112.640,0004.120,0000.486,0167
 
000510878,000000000,000000000,0112.922,0003.846,0000.722,0006
 
000510902,000000000,000000000,0112.937,0003.846,0000.481,0178
 
000510926,000000000,000000000,0113.224,0004.361,0000.486,0006
 
000510950,000000000,000000000,0113.207,0004.103,0000.483,0006
 
000510974,000000000,000000000,0113.580,0003.862,0000.483,0007
 
000510998,000000000,000000000,0112.498,0004.103,0000.483,0006
 
000511022,000000000,000000000,0113.570,0003.830,0000.479,0007
 
000511046,000000000,000000000,0113.221,0004.102,0000.725,0006
 
000511070,000000000,000000000,0112.672,0004.103,0000.483,0006
 
000511094,000000000,000000000,0112.209,0004.085,0000.722,0006
 
000511118,000000000,000000000,0113.003,0004.085,0000.481,0007
 
000511142,000000000,000000000,0112.387,0004.120,0000.486,0006
 
000511166,000000000,000000000,0112.914,0004.086,0000.241,0006
 
000511190,000000000,000000000,0112.188,0004.343,0000.483,0006
 
000511214,000000000,000000000,0111.949,0004.307,0000.479,0006
 
000511238,000000000,000000000,0113.233,0004.102,0000.725,0007
 
000511262,000000000,000000000,0112.035,0004.343,0000.483,0006
 
000511286,000000000,000000000,0113.339,0004.325,0000.722,0006
 
000511310,000000000,000000000,0112.247,0004.068,0000.719,0006
 
000511334,000000000,000000000,0112.144,0004.564,0000.481,0006
 
000511358,000000000,000000000,0112.640,0004.120,0000.486,0006
 
000511382,000000000,000000000,0112.385,0004.102,0000.725,0006
 
000511406,000000000,000000000,0112.890,0004.102,0000.725,0167
 
000511430,000000000,000000000,0112.310,0004.120,0000.243,0166
 
000511454,000000000,000000000,0111.785,0004.361,0000.728,0167
 
000511478,000000000,000000000,0111.947,0004.361,0000.486,0167
 
000511502,000000000,000000000,0111.859,0004.068,0000.479,0167
 
000511526,000000000,000000000,0113.976,0004.086,0000.241,0167
 
000511550,000000000,000000000,0112.189,0004.622,0000.244,0166
 
000511574,000000000,000000000,0112.208,0004.068,0000.479,0167
 
000511598,000000000,000000000,0114.679,0003.591,0000.719,0167
 
000511622,000000000,000000000,0112.583,0004.086,0000.241,0166
 
000511646,000000000,000000000,0111.901,0004.343,0000.725,0177
 
000511670,000000000,000000000,0113.118,0004.103,0000.483,0178
 
000511694,000000000,000000000,0111.814,0004.068,0000.719,0006
 
000511718,000000000,000000000,0112.453,0004.343,0000.483,0006
 
000511742,000000000,000000000,0111.680,0004.085,0000.481,0006
 
000511766,000000000,000000000,0113.170,0003.878,0000.243,0006
 
000511790,000000000,000000000,0113.161,0003.846,0000.481,0006
 
000511814,000000000,000000000,0112.601,0004.103,0000.483,0007
 
000511838,000000000,000000000,0112.073,0004.603,0000.243,0006
 
000511862,000000000,000000000,0111.954,0004.103,0000.483,0006
 
000511886,000000000,000000000,0112.186,0004.343,0000.242,0007
 
000511910,000000000,000000000,0113.550,0003.846,0000.481,0006
 
000511934,000000000,000000000,0112.345,0004.343,0000.483,0006
 
000511958,000000000,000000000,0112.425,0004.380,0000.488,0006
 
000511982,000000000,000000000,0113.409,0004.103,0000.483,0006
 
000512006,000000000,000000000,0113.199,0004.085,0000.722,0006
 
000512030,000000000,000000000,0112.576,0004.102,0000.725,0006
 
000512054,000000000,000000000,0112.242,0004.085,0000.722,0006
 
000512078,000000000,000000000,0112.194,0004.085,0000.481,0006
 
000512102,000000000,000000000,0112.389,0004.085,0000.481,0006
 
000512126,000000000,000000000,0112.446,0004.103,0000.242,0007
 
000512150,000000000,000000000,0113.389,0003.637,0000.243,0007
 
000512174,000000000,000000000,0113.408,0003.862,0000.725,0007
 
000512198,000000000,000000000,0112.640,0003.846,0000.481,0007
 
000512222,000000000,000000000,0112.094,0004.103,0000.483,0167
 
000512246,000000000,000000000,0113.408,0004.103,0000.242,0166
 
000512270,000000000,000000000,0111.393,0004.324,0000.963,0167
 
000512294,000000000,000000000,0111.901,0004.343,0000.725,0167
 
000512318,000000000,000000000,0114.017,0003.621,0000.242,0166
 
000512342,000000000,000000000,0112.877,0004.068,0000.479,0167
 
000512366,000000000,000000000,0112.316,0004.343,0000.725,0166
 
000512390,000000000,000000000,0113.117,0003.846,0000.241,0166
 
000512414,000000000,000000000,0112.975,0004.103,0000.483,0178
 
000512438,000000000,000000000,0113.183,0004.085,0000.481,0167
 
000512462,000000000,000000000,0113.580,0003.846,0000.481,0006
 
000512486,000000000,000000000,0113.851,0003.846,0000.481,0006
 
000512510,000000000,000000000,0113.123,0004.068,0000.479,0006
 
000512534,000000000,000000000,0112.013,0004.343,0000.725,0006
 
000512558,000000000,000000000,0114.100,0003.814,0000.477,0006
 
000512582,000000000,000000000,0111.819,0004.361,0000.728,0006
 
000512606,000000000,000000000,0113.497,0003.862,0000.483,0006
 
000512630,000000000,000000000,0112.003,0004.343,0000.242,0006
 
000512654,000000000,000000000,0112.312,0004.103,0000.483,0006
 
000512678,000000000,000000000,0113.504,0004.103,0000.483,0006
 
000512702,000000000,000000000,0112.333,0004.085,0000.722,0006
 
000512726,000000000,000000000,0112.614,0004.085,0000.722,0006
 
000512750,000000000,000000000,0112.668,0004.343,0000.483,0006
 
000512774,000000000,000000000,0113.613,0003.591,0000.479,0006
 
000512798,000000000,000000000,0112.138,0004.361,0000.728,0006
 
000512822,000000000,000000000,0112.838,0004.085,0000.722,0007
 
000512846,000000000,000000000,0111.887,0004.362,0000.243,0006
 
000512870,000000000,000000000,0112.292,0004.361,0000.486,0006
 
000512894,000000000,000000000,0112.951,0004.085,0000.481,0006
 
000512918,000000000,000000000,0112.470,0003.830,0000.719,0166
 
000512942,000000000,000000000,0113.210,0003.846,0000.241,0167
 
000512966,000000000,000000000,0112.787,0003.895,0000.488,0006
 
000512990,000000000,000000000,0113.269,0003.621,0000.483,0167
 
000513014,000000000,000000000,0112.939,0003.606,0000.481,0006
 
000513038,000000000,000000000,0111.659,0004.343,0000.242,0167
 
000513062,000000000,000000000,0113.263,0004.085,0000.481,0167
 
000513086,000000000,000000000,0113.287,0003.878,0000.243,0006
 
000513110,000000000,000000000,0114.367,0003.591,0000.240,0177
 
000513134,000000000,000000000,0112.273,0004.343,0000.483,0006
 
000513158,000000000,000000000,0111.892,0004.138,0000.244,0178
 
000513182,000000000,000000000,0113.429,0003.846,0000.722,0177
 
000513206,000000000,000000000,0111.340,0004.545,0000.719,0006
 
000513230,000000000,000000000,0111.447,0004.306,0000.959,0007
 
000513254,000000000,000000000,0112.011,0004.325,0000.481,0006
 
000513278,000000000,000000000,0111.711,0004.583,0000.483,0006
 
000513302,000000000,000000000,0112.726,0004.068,0000.719,0007
 
000513326,000000000,000000000,0112.744,0004.085,0000.722,0006
 
000513350,000000000,000000000,0113.225,0004.120,0000.486,0007
 
000513374,000000000,000000000,0112.774,0004.085,0000.481,0006
 
000513398,000000000,000000000,0112.677,0004.102,0000.725,0006
 
000513422,000000000,000000000,0112.763,0004.325,0000.481,0006
 
000513446,000000000,000000000,0112.866,0004.325,0000.722,0006
 
000513470,000000000,000000000,0113.521,0003.878,0000.486,0006
 
000513494,000000000,000000000,0111.649,0004.325,0000.481,0006
 
000513518,000000000,000000000,0113.291,0003.862,0000.483,0006
 
000513542,000000000,000000000,0111.875,0004.343,0000.483,0006
 
000513566,000000000,000000000,0112.997,0004.103,0000.483,0006
 
000513590,000000000,000000000,0111.876,0004.085,0000.722,0006
 
000513614,000000000,000000000,0114.035,0004.085,0000.481,0006
 
000513638,000000000,000000000,0112.360,0004.068,0000.479,0167
 
000513662,000000000,000000000,0111.686,0004.325,0000.481,0167
 
000513686,000000000,000000000,0113.043,0004.102,0000.725,0167
 
000513710,000000000,000000000,0113.535,0003.846,0000.481,0166
 
000513734,000000000,000000000,0112.094,0004.102,0000.725,0006
 
000513758,000000000,000000000,0111.068,0004.526,0000.716,0007
 
000513782,000000000,000000000,0111.772,0004.343,0000.483,0007
 
000513806,000000000,000000000,0111.976,0004.102,0000.725,0006
 
000513830,000000000,000000000,0113.355,0004.120,0000.243,0007
 
000513854,000000000,000000000,0113.906,0004.086,0000.241,0006
 
000513878,000000000,000000000,0113.159,0003.862,0000.242,0006
 
000513902,000000000,000000000,0112.913,0004.085,0000.481,0178
 
000513926,000000000,000000000,0113.307,0003.846,0000.722,0006
 
000513950,000000000,000000000,0113.341,0003.830,0000.719,0007
 
000513974,000000000,000000000,0113.449,0004.103,0000.483,0006
 
000513998,000000000,000000000,0112.432,0004.120,0000.486,0007
 
000514022,000000000,000000000,0113.911,0003.561,0000.713,0006
 
000514046,000000000,000000000,0112.300,0004.068,0000.479,0006
 
000514070,000000000,000000000,0113.095,0004.120,0000.486,0006
 
000514094,000000000,000000000,0112.550,0004.103,0000.242,0006
 
000514118,000000000,000000000,0112.292,0004.361,0000.486,0006
 
000514142,000000000,000000000,0113.845,0003.561,0000.713,0006
 
000514166,000000000,000000000,0112.798,0004.086,0000.241,0006
 
000514190,000000000,000000000,0110.685,0004.603,0000.486,0006
 
000514214,000000000,000000000,0112.613,0004.068,0000.719,0006
 
000514238,000000000,000000000,0111.499,0004.361,0000.971,0006
 
000514262,000000000,000000000,0113.094,0004.085,0000.481,0006
 
000514286,000000000,000000000,0113.187,0003.621,0000.483,0006
 
000514310,000000000,000000000,0113.055,0004.103,0000.483,0166
 
000514334,000000000,000000000,0112.450,0004.085,0000.722,0006
 
000514358,000000000,000000000,0113.437,0003.862,0000.725,0166
 
000514382,000000000,000000000,0113.291,0003.862,0000.483,0166
 
000514406,000000000,000000000,0111.438,0004.545,0000.479,0006
 
000514430,000000000,000000000,0113.207,0004.068,0000.719,0006
 
000514454,000000000,000000000,0111.551,0004.325,0000.481,0167
 
000514478,000000000,000000000,0112.375,0004.361,0000.486,0166
 
000514502,000000000,000000000,0112.581,0003.846,0000.722,0006
 
000514526,000000000,000000000,0112.362,0004.361,0000.728,0167
 
000514550,000000000,000000000,0112.148,0003.846,0000.722,0006
 
000514574,000000000,000000000,0112.326,0004.103,0000.242,0006
 
000514598,000000000,000000000,0112.653,0004.362,0000.243,0006
 
000514622,000000000,000000000,0112.584,0004.069,0000.240,0178
 
000514646,000000000,000000000,0113.215,0003.862,0000.483,0177
 
000514670,000000000,000000000,0112.982,0003.846,0000.481,0006
 
000514694,000000000,000000000,0113.145,0004.103,0000.483,0006
 
000514718,000000000,000000000,0113.840,0003.606,0000.481,0006
 
000514742,000000000,000000000,0111.751,0004.307,0000.479,0006
 
000514766,000000000,000000000,0111.883,0004.307,0000.240,0006
 
000514790,000000000,000000000,0113.344,0003.878,0000.486,0006
 
000514814,000000000,000000000,0113.594,0003.878,0000.243,0006
 
000514838,000000000,000000000,0112.839,0003.830,0000.719,0006
 
000514862,000000000,000000000,0111.550,0004.343,0000.483,0006
 
000514886,000000000,000000000,0113.067,0004.085,0000.481,0006
 
000514910,000000000,000000000,0113.535,0003.862,0000.483,0006
 
000514934,000000000,000000000,0113.583,0003.830,0000.719,0006
 
000514958,000000000,000000000,0111.120,0004.564,0000.722,0006
 
000514982,000000000,000000000,0113.935,0003.862,0000.242,0006
 
000515006,000000000,000000000,0113.034,0003.862,0000.725,0006
 
000515030,000000000,000000000,0113.791,0003.830,0000.719,0006
 
000515054,000000000,000000000,0113.784,0003.830,0000.479,0166
 
000515078,000000000,000000000,0113.445,0003.862,0000.725,0006
 
000515102,000000000,000000000,0112.328,0004.085,0000.481,0006
 
000515126,000000000,000000000,0112.038,0004.085,0000.481,0166
 
000515150,000000000,000000000,0113.093,0004.085,0000.481,0167
 
000515174,000000000,000000000,0113.064,0004.120,0000.486,0007
 
000515198,000000000,000000000,0112.925,0003.830,0000.719,0167
 
000515222,000000000,000000000,0113.644,0003.862,0000.242,0167
 
000515246,000000000,000000000,0112.967,0004.068,0000.479,0167
 
000515270,000000000,000000000,0113.417,0003.846,0000.481,0167
 
000515294,000000000,000000000,0111.771,0004.325,0000.481,0167
 
000515318,000000000,-00000002,0114.801,0003.113,-000.479,0167
 
000515342,000000000,-00000013,0112.147,0004.050,0001.432,0166
 
000515366,-00000001,-00000015,0111.770,0004.068,0000.479,0006
 
000515390,-00000001,-00000014,0113.730,0003.637,0000.486,0177
 
000515414,-00000002,-00000013,0112.596,0003.591,0000.479,0006
 
000515438,-00000002,-00000013,0111.418,0004.137,0000.731,0007
 
000515462,-00000002,-00000013,0113.025,0004.068,0000.479,0167
 
000515486,-00000002,-00000013,0110.309,0004.803,0000.722,0006
 
000515510,-00000004,-00000013,0110.132,0005.303,0000.725,0006
 
000515534,-00000004,-00000025,0111.982,0004.545,0000.479,0007
 
000515558,-00000004,-00000025,0111.907,0003.845,0001.204,0006
 
000515582,-00000004,-00000028,0111.301,0004.343,0000.967,0006
 
000515606,-00000004,-00000030,0111.167,0004.661,0000.984,0007
 
000515630,000000252,000000207,0111.552,0004.342,0001.209,0006
 
000515654,-00000004,-00000049,0111.717,0004.379,0000.975,0007
 
000515678,-00000004,-00000049,0111.302,0004.803,-000.241,0006
 
000515702,000000252,000000207,0112.686,0003.846,-000.241,0006
 
000515726,-00000004,-00000049,0112.877,0004.086,0000.241,0006
 
000515750,-00000001,-00000049,0113.454,0003.830,0000.479,0006
 
000515774,-00000001,-00000049,0111.112,0004.622,0000.731,0166
 
000515798,000000000,-00000050,0116.806,0002.416,0000.242,0007
 
000515822,-00000002,-00000049,0112.719,0003.590,0001.438,0006
 
000515846,-00000002,-00000052,0111.817,0004.361,0000.728,0166
 
000515870,000000252,000000196,0107.438,0006.044,0001.699,0006
 
000515894,-00000001,-00000064,0110.930,0004.360,0001.699,0006
 
000515918,-00000002,-00000097,0112.569,0004.102,0000.725,0007
 
000515942,-00000002,-00000097,0112.666,0004.380,0000.244,0166
 
000515966,-00000004,-00000097,0109.667,0005.710,0000.477,0006
 
000515990,-00000004,-00000097,0112.168,0004.545,-000.719,0168
 
000516014,-00000002,-00000097,0111.851,0004.545,0000.479,0006
 
000516038,-00000002,-00000097,0115.539,0002.862,0001.193,0167
 
000516062,-00000001,-00000097,0106.512,0006.578,0001.958,0006
 
000516086,-00000772,-00024673,0109.658,0005.782,0000.725,0006
 
000516110,-00000007,-00000097,0112.590,0004.325,0000.000,0007
 
000516134,-00000007,-00000098,0113.060,0004.959,-000.710,0007
 
000516158,-00000001,-00000100,0113.340,0004.155,0000.735,0006
 
000516182,000000000,-00000097,0114.199,0003.437,0001.721,0006
 
000516206,000000000,-00000097,0113.011,0004.085,0000.722,0006
 
000516230,000000002,-00000097,0115.478,0003.532,0000.000,0168
 
000516254,000000002,-00000097,0111.325,0005.020,0001.198,0167
 
000516278,000000002,-00000097,0112.412,0004.622,0000.975,0007
 
000516302,000000001,-00000097,0113.632,0003.665,0002.203,0006
 
000516326,000000000,-00000097,0113.535,0004.068,0000.719,0007
 
000516350,000000000,-00000097,0112.842,0004.359,0001.941,0007
 
000516374,000000252,000000159,0114.640,0003.423,0001.469,0007
 
000516398,-00000004,-00000097,0113.070,0005.042,0000.241,0007
 
000516422,-00000001,-00000097,0113.251,0004.783,0000.479,0007
 
000516446,-00000001,-00000097,0112.799,0004.563,0001.444,0006
 
000516470,-00000002,-00000097,0113.232,0004.583,0001.209,0006
 
000516494,-00000002,-00000097,0113.819,0004.325,0000.241,0007
 
000516518,000000000,-00024673,0113.940,0004.564,0000.481,0006
 
000516542,-00000001,-00000097,0114.546,0003.862,0000.967,0006
 
000516566,000000000,-00000097,0118.191,0002.426,0000.243,0006
 
000516590,000000000,-00000097,0114.942,0003.379,0001.692,0166
 
000516614,-00000001,-00000097,0111.634,0005.348,0000.488,0006
 
000516638,-00000002,-00000097,0109.124,0006.419,0000.239,0166
 
000516662,000000252,-00000097,0109.681,0006.472,0000.000,0007
 
000516686,-00000004,-00000097,0114.580,0004.361,0000.971,0006
 
000516710,-00000007,-00000097,0116.473,0003.113,0000.240,0006
 
000516734,-00000007,-00000097,0110.007,0005.922,0000.475,0166
 
000516758,-00000002,-00024673,0116.314,0002.923,0000.975,0167
 
000516782,-00000004,-00000097,0115.397,0003.576,0001.193,0167
 
000516806,-00000001,000000159,0111.441,0005.280,0000.963,0167
 
000516830,000000000,-00000097,0115.318,0003.125,0001.685,0167
 
000516854,-00000001,-00000097,0105.671,0007.563,-000.238,0167
 
000516878,-00000002,-00000097,0117.749,0002.862,0000.239,0178
 
000516902,000000000,-00000097,0113.222,0005.021,0000.240,0178
 
000516926,000000001,000000159,0112.007,0004.802,0001.204,0167
 
000516950,000000000,-00000097,0112.934,0004.980,0000.238,0006
 
000516974,-00000001,-00000097,0113.275,0003.620,0001.692,0167
 
000516998,-00000004,-00000097,0109.968,0006.234,0000.000,0170
 
000517022,-00000004,-00000097,0109.962,0005.686,0001.189,0178
 
000517046,-00000007,000000159,0119.906,0001.481,0000.741,0007
 
000517070,-00000004,-00000097,0111.018,0005.758,0000.000,0007
 
000517094,-00000004,-00000097,0118.005,0002.680,0000.975,0167
 
000517118,000000252,000000159,0112.494,0005.303,0000.000,0006
 
000517142,-00000004,000000159,0116.784,0003.621,0000.725,0006
 
000517166,-00000007,-00000097,0110.712,0006.107,0000.000,0007
 
000517190,-00000004,-00000097,0115.047,0004.526,-000.239,0006
 
000517214,-00000001,-00024673,0115.385,0004.343,0000.000,0006
 
000517238,-00000001,-00000097,0116.555,0003.366,0001.204,0006
 
000517262,-00000004,-00000097,0111.842,0005.711,0000.239,0006
 
000517286,-00000007,-00000097,0114.197,0004.325,0000.481,0006
 
000517310,-00000002,-00000097,0110.486,0005.874,0000.000,0007
 
000517334,000000000,-00000097,0110.958,0005.237,0000.955,0006
 
000517358,000000000,000000159,0116.268,0003.591,0000.959,0007
 
000517382,-00000001,-00000097,0112.041,0004.822,0001.450,0007
 
000517406,-00000002,-00000097,0112.834,0004.823,0000.725,0006
 
000517430,-00000004,-00000097,0120.364,0001.901,0000.713,0006
 
000517454,-00001543,-00024673,0120.188,0001.699,0000.486,0007
 
000517478,-00000002,000000159,0108.680,0006.097,0001.224,0007
 
000517502,-00000002,-00000097,0111.828,0005.084,0000.971,0006
 
000517526,-00000002,000000159,0115.717,0004.086,-000.241,0006
 
000517550,-00000002,-00000097,0119.101,0002.886,0000.241,0006
 
000517574,-00000002,-00000097,0113.819,0004.564,0000.963,0007
 
000517598,000000252,000000159,0111.026,0005.758,-000.241,0007
 
000517622,-00000002,-00000097,0106.890,0007.330,0000.238,0006
 
000517646,000000000,-00000097,0115.095,0004.052,0000.477,0007
 
000517670,-00000001,-00000097,0113.899,0004.307,0000.240,0007
 
000517694,000000000,-00000097,0116.551,0004.361,-000.728,0006
 
000517718,000000001,-00000097,0112.080,0005.194,0000.237,0006
 
000517742,000000001,000000159,0114.909,0003.380,0001.450,0006
 
000517766,000000001,-00000097,0113.221,0004.583,0000.725,0006
 
000517790,000000001,-00000097,0111.121,0005.062,0001.209,0007
 
000517814,-00000001,-00000097,0109.263,0005.732,0001.678,0166
 
000517838,-00000004,-00000097,0110.793,0005.303,0000.483,0006
 
000517862,-00000002,-00000097,0112.357,0004.844,0000.728,0006
 
000517886,000000000,-00000097,0109.917,0005.496,0000.719,0007
 
000517910,-00000004,-00000097,0115.368,0003.380,0000.725,0167
 
000517934,-00000002,-00000097,0112.941,0004.361,0000.971,0006
 
000517958,000000000,-00000097,0116.467,0002.624,0001.193,0167
 
000517982,000000003,-00000097,0114.594,0004.085,0000.481,0006
 
000518006,000000002,-00000097,0110.671,0005.042,0000.481,0006
 
000518030,000000005,-00000097,0109.711,0005.259,0000.959,0167
 
000518054,000000005,-00000097,0108.462,0005.922,0000.000,0006
 
000518078,000000004,-00000097,0106.188,0006.766,-000.243,0166
 
000518102,000000003,-00000097,0110.085,0005.474,-000.239,0006
 
000518126,000000000,-00000097,0113.295,0003.620,0001.450,0006
 
000518150,-00000001,-00000097,0110.955,0004.544,0001.438,0006
 
000518174,-00000004,-00000097,0114.520,0003.100,0001.432,0178
 
000518198,-00000004,-00000097,0108.468,0005.542,0000.967,0007
 
000518222,-00000007,-00000097,0113.909,0003.621,0000.483,0006
 
000518246,-00000007,-00000097,0113.333,0003.928,0000.000,0178
 
000518270,-00001543,-00000256,0105.415,0006.157,0000.238,0006
 
000518294,-00000004,-00000097,0101.853,0007.483,0000.000,0167
 
000518318,-00000002,-00000097,0109.927,0004.905,0001.229,0006
 
000518342,-00000002,-00000097,0124.504,0000.488,-001.219,0006
 
000518366,-00000772,-00024673,0110.405,0004.959,0000.710,0006
 
000518390,-00000004,-00000097,0111.931,0004.154,0001.469,0178
 
000518414,-00000013,-00000097,0118.790,0002.416,-000.483,0006
 
000518438,-00000013,-00000097,0110.667,0005.215,0000.713,0006
 
000518462,-00000013,-00000097,0111.554,0005.042,0000.481,0007
 
000518486,-00000013,-00000097,0112.713,0004.803,-000.241,0006
 
000518510,-00000008,-00000097,0123.027,0000.240,0000.959,0006
 
000518534,-00000007,-00000097,0115.192,0003.862,0000.725,0007
 
000518558,-00000007,-00000097,0115.751,0003.846,0000.241,0006
 
000518582,-00000007,-00000063,0112.864,0005.000,0000.477,0166
 
000518606,-00000007,-00000057,0112.641,0004.823,0000.483,0006
 
000518630,-00000004,-00000060,0112.259,0005.259,-000.240,0007
 
000518654,-00000004,-00000062,0115.077,0004.085,0000.481,0167
 
000518678,-00000004,-00000063,0108.803,0006.313,0000.488,0006
 
000518702,-00000007,-00000063,0115.168,0004.564,0000.481,0167
 
000518726,-00000004,-00000063,0113.408,0005.042,0000.481,0006
 
000518750,-00000004,-00000062,0120.400,0002.911,0000.000,0006
 
000518774,-00000002,-00000060,0118.272,0003.100,0000.716,0006
 
000518798,-00000001,-00000058,0116.673,0003.636,0000.971,0006
 
000518822,000000000,-00000055,0122.712,0001.444,0000.963,0167
 
000518846,000000002,-00000049,0116.430,0003.862,0000.725,0006
 
000518870,000000003,-00000049,0118.822,0003.126,0000.722,0006
 
000518894,000000002,-00000049,0116.044,0004.155,0000.490,0167
 
000518918,000000000,-00000049,0116.581,0003.814,0000.716,0006
 
000518942,000000000,-00000032,0115.772,0004.120,0000.728,0166
 
000518966,000000000,-00000029,0117.434,0003.830,0000.240,0006
 
000518990,-00000001,-00000028,0115.586,0004.102,0000.967,0167
 
000519014,-00000001,-00000026,0114.354,0004.507,0000.713,0006
 
000519038,-00000001,-00000025,0114.482,0004.343,0000.725,0006
 
000519062,-00000001,-00000025,0108.986,0006.445,0000.719,0006
 
000519086,-00000004,-00000025,0110.703,0005.996,0000.000,0170
 
000519110,-00000004,-00000025,0114.204,0004.763,0000.477,0006
 
000519134,-00000004,-00000031,0111.907,0005.063,0000.967,0166
 
000519158,-00000001,-00000049,0111.877,0005.326,0000.486,0007
 
000519182,-00000002,000000207,0116.794,0004.068,0000.479,0007
 
000519206,-00000004,000000207,0113.745,0004.642,0000.735,0007
 
000519230,-00000004,-00000049,0114.417,0004.622,0000.975,0006
 
000519254,-00000004,-00000049,0111.082,0005.947,-000.239,0006
 
000519278,-00000004,-00000049,0115.922,0004.584,0000.000,0006
 
000519302,-00000001,-00012337,0117.221,0003.352,0000.959,0006
 
000519326,000000000,-00000049,0116.401,0003.798,0000.951,0178
 
000519350,-00000001,-00000049,0114.194,0005.042,0000.000,0006
 
000519374,-00000001,-00000031,0114.460,0004.783,0000.479,0007
 
000519398,-00000001,-00000030,0115.533,0004.289,0000.716,0006
 
000519422,-00000001,-00000028,0118.661,0003.366,0000.722,0167
 
000519446,000000000,-00000028,0119.309,0003.126,0000.481,0006
 
000519470,-00000001,-00000025,0113.147,0004.979,0001.189,0166
 
000519494,000000000,-00000025,0115.609,0004.564,0000.481,0006
 
000519518,000000000,000000231,0115.402,0004.307,0000.240,0007
 
000519542,-00000002,-00000025,0116.991,0003.798,0000.475,0167
 
000519566,-00000001,-00000015,0116.606,0003.862,0000.725,0006
 
000519590,000000000,-00000015,0117.548,0003.846,0000.722,0167
 
000519614,000000000,-00000014,0115.609,0004.545,0000.479,0007
 
000519638,000000000,-00000014,0117.625,0003.862,0000.483,0167
 
000519662,000000000,-00000013,0116.340,0004.085,0000.481,0006
 
000519686,000000000,-00000013,0115.339,0004.325,0000.481,0007
 
000519710,000000000,-00003085,0115.436,0004.380,0000.731,0178
 
000519734,000000000,-00003085,0114.668,0004.824,0000.242,0167
 
000519758,000000000,-00000008,0117.335,0003.830,0000.479,0006
 
000519782,-00000001,-00000007,0114.971,0004.824,0000.242,0006
 
000519806,000000000,-00000008,0112.949,0005.259,0000.479,0006
 
000519830,-00000001,-00000013,0115.786,0004.085,0000.722,0006
 
000519854,000000000,-00000013,0114.245,0004.823,0000.483,0006
 
000519878,-00000001,-00000013,0116.736,0004.103,0000.483,0006
 
000519902,000000000,-00000008,0117.104,0003.830,0000.479,0006
 
000519926,-00000001,-00001543,0116.856,0003.814,0000.716,0006
 
000519950,-00000001,-00000004,0117.613,0003.830,0000.240,0006
 
000519974,000000000,-00000001,0116.094,0004.343,0000.483,0006
 
000519998,000000000,000000000,0115.045,0004.564,0000.481,0006
 
000520022,000000000,000000000,0115.887,0004.307,0000.479,0006
 
000520046,000000000,000000000,0116.953,0004.086,0000.241,0006
 
000520070,000000000,000000000,0115.741,0004.343,0000.483,0006
 
000520094,000000000,000000000,0116.658,0004.068,0000.719,0006
 
000520118,000000000,-00000004,0112.015,0005.085,0000.486,0166
 
000520142,000000000,-00000013,0113.970,0005.259,0000.479,0166
 
000520166,000000000,-00000013,0117.808,0003.895,0000.244,0006
 
000520190,000000000,-00000013,0121.606,0002.157,0000.240,0166
 
000520214,000000000,-00000004,0117.233,0003.830,0000.719,0006
 
000520238,000000000,-00000001,0115.452,0004.361,0000.486,0006
 
000520262,000000000,000000000,0116.238,0004.343,0000.242,0166
 
000520286,000000000,000000000,0115.587,0004.068,0000.719,0167
 
000520310,000000000,000000000,0116.265,0004.103,0000.483,0167
 
000520334,000000000,000000000,0116.142,0004.103,0000.483,0166
 
000520358,000000000,000000000,0114.357,0004.564,0000.481,0167
 
000520382,000000000,000000000,0116.016,0003.862,0000.725,0007
 
000520406,000000000,000000000,0116.503,0004.103,0000.242,0006
 
000520430,000000000,000000000,0115.606,0004.307,0000.240,0006
 
000520454,000000000,000000000,0115.666,0004.325,0000.241,0006
 
000520478,000000000,000000000,0116.642,0004.086,0000.241,0007
 
000520502,000000000,000000000,0116.198,0004.052,0000.477,0007
 
000520526,000000000,000000000,0116.400,0004.103,0000.242,0006
 
000520550,000000000,000000000,0116.510,0004.361,0000.486,0006
 
000520574,000000000,000000000,0115.664,0004.361,0000.486,0006
 
000520598,000000000,000000000,0116.299,0004.103,0000.242,0006
 
000520622,000000000,000000000,0116.625,0004.307,0000.240,0006
 
000520646,000000000,000000000,0116.202,0004.103,0000.242,0006
 
000520670,000000000,000000000,0114.729,0004.343,0000.483,0006
 
000520694,000000000,000000000,0115.964,0004.307,0000.479,0006
 
000520718,000000000,000000000,0115.327,0004.307,0000.479,0006
 
000520742,000000000,000000000,0115.953,0004.343,0000.483,0006
 
000520766,000000000,000000000,0115.042,0004.325,0000.481,0006
 
000520790,000000000,000000000,0116.292,0004.343,0000.242,0006
 
000520814,000000000,000000000,0116.207,0004.325,0000.241,0006
 
000520838,000000000,000000000,0116.128,0004.307,0000.479,0006
 
000520862,000000000,000000000,0115.435,0004.603,0000.243,0006
 
000520886,000000000,000000000,0115.817,0004.325,0000.481,0006
 
000520910,000000000,000000000,0115.513,0004.325,0000.481,0006
 
000520934,000000000,000000000,0114.028,0004.803,0000.481,0166
 
000520958,000000000,000000000,0114.709,0004.343,0000.483,0006
 
000520982,000000000,000000000,0114.637,0004.564,0000.722,0167
 
000521006,000000000,000000000,0116.424,0004.068,0000.479,0006
 
000521030,000000000,000000000,0115.446,0004.307,0000.479,0167
 
000521054,000000000,000000000,0116.147,0004.307,0000.479,0166
 
000521078,000000000,000000000,0115.302,0004.325,0000.481,0167
 
000521102,000000000,000000000,0115.358,0004.307,0000.479,0167
 
