000474597,000000000,000000000,0110.428,0004.343,0000.483,0167
 
000474621,000000000,000000000,0109.997,0004.120,0000.243,0166
 
000474645,000000000,000000000,0109.908,0003.846,0000.481,0167
 
000474669,000000000,000000000,0111.162,0003.591,0000.719,0167
 
000474693,000000000,000000000,0109.881,0004.120,0000.728,0167
 
000474717,000000000,000000000,0110.825,0004.103,0000.242,0167
 
000474741,000000000,000000000,0109.040,0004.380,0000.731,0167
 
000474765,000000000,000000000,0111.000,0004.120,0000.486,0167
 
000474789,000000000,000000000,0110.205,0003.814,0000.477,0167
 
000474813,000000000,000000000,0110.713,0003.895,0000.731,0173
 
000474837,000000000,000000000,0109.765,0004.068,0000.719,0173
 
000474861,000000000,000000000,0110.665,0003.846,0000.481,0179
 
000474885,000000000,000000000,0110.109,0004.103,0000.483,0179
 
000474909,000000000,000000000,0109.497,0004.602,0000.728,0006
 
000474933,000000000,000000000,0110.204,0004.086,0000.000,0172
 
000474957,000000000,000000000,0110.223,0004.361,0000.486,0167
 
000474981,000000000,000000000,0110.233,0004.380,0000.488,0166
 
000475005,000000000,000000000,0110.141,0004.343,0000.483,0179
 
000475029,000000000,000000000,0110.436,0004.068,0000.479,0006
 
000475053,000000000,000000000,0110.570,0004.137,0000.488,0006
 
000475077,000000000,000000000,0111.404,0003.846,0000.481,0006
 
000475101,000000000,000000000,0110.593,0004.085,0000.722,0006
 
000475125,000000000,000000000,0110.466,0003.846,0000.722,0006
 
000475149,000000000,000000000,0111.077,0004.086,0000.241,0006
 
000475173,000000000,000000000,0110.245,0004.085,0000.722,0006
 
000475197,000000000,000000000,0110.434,0004.120,0000.486,0166
 
000475221,000000000,000000000,0110.973,0003.845,0001.204,0166
 
000475245,000000000,000000000,0109.946,0004.325,0000.722,0166
 
000475269,000000000,000000000,0110.156,0004.361,0000.486,0166
 
000475293,000000000,000000000,0109.808,0004.068,0000.719,0167
 
000475317,000000000,000000000,0110.412,0003.846,0000.722,0167
 
000475341,000000000,000000000,0109.549,0004.343,0000.967,0167
 
000475365,000000000,000000000,0110.794,0004.103,0000.483,0167
 
000475389,000000000,000000000,0110.647,0004.103,0000.483,0167
 
000475413,000000000,000000000,0111.484,0003.878,0000.486,0167
 
000475437,000000000,000000000,0110.725,0004.103,0000.242,0167
 
000475461,000000000,000000000,0110.716,0004.103,0000.483,0167
 
000475485,000000000,000000000,0111.478,0003.846,0000.241,0167
 
000475509,000000000,000000000,0109.580,0004.325,0000.481,0173
 
000475533,000000000,000000000,0110.753,0004.085,0000.481,0173
 
000475557,000000000,000000000,0110.807,0003.862,0000.483,0173
 
000475581,000000000,000000000,0110.277,0004.120,0000.486,0167
 
000475605,000000000,000000000,0110.430,0004.068,0000.479,0168
 
000475629,000000000,000000000,0110.282,0004.343,0000.483,0173
 
000475653,000000000,000000000,0109.377,0004.343,0000.967,0173
 
000475677,000000000,000000000,0110.527,0004.085,0000.722,0179
 
000475701,000000000,000000000,0111.076,0003.861,0001.209,0006
 
000475725,000000000,000000000,0110.853,0003.878,0000.243,0179
 
000475749,000000000,-00000002,0109.702,0004.307,0000.000,0166
 
000475773,000000000,-00000007,0109.573,0004.325,0000.722,0167
 
000475797,000000000,-00000013,0109.778,0004.343,0000.725,0166
 
000475821,000000000,000000231,0110.117,0004.085,0000.481,0166
 
000475845,-00000002,-00000025,0110.449,0004.155,0000.735,0166
 
000475869,-00000001,-00000025,0111.798,0003.814,0000.239,0166
 
000475893,000000000,-00000025,0110.496,0004.085,0000.722,0166
 
000475917,-00000001,-00000025,0110.678,0003.636,0000.728,0166
 
000475941,-00000001,-00000025,0108.963,0004.563,0001.204,0166
 
000475965,-00000002,000000231,0109.126,0004.979,0000.951,0166
 
000475989,-00000001,-00000025,0112.490,0003.576,0000.239,0166
 
000476013,-00000002,-00000028,0106.932,0005.543,0000.000,0179
 
000476037,-00000004,-00000049,0106.872,0005.303,0000.725,0006
 
000476061,000000249,-00012337,0105.676,0005.566,0000.971,0166
 
000476085,-00000008,-00000050,0108.610,0005.042,0000.241,0006
 
000476109,-00000013,-00000055,0109.287,0005.085,-000.728,0166
 
000476133,-00000013,-00000056,0115.872,0001.909,-000.239,0006
 
000476157,-00000007,-00000055,0109.941,0004.398,0000.979,0166
 
000476181,-00000004,-00000056,0111.554,0004.271,0000.000,0006
 
000476205,000000000,-00000058,0108.296,0005.347,0001.463,0166
 
000476229,000000000,-00000058,0109.385,0005.326,0000.000,0172
 
000476253,000000000,-00000060,0110.528,0005.326,0000.000,0167
 
000476277,-00000002,-00000062,0112.186,0003.878,0000.486,0167
 
000476301,-00000002,-00000063,0113.117,0003.652,0000.488,0006
 
000476325,-00000001,-00000064,0113.104,0003.878,0000.486,0166
 
000476349,000000000,-00000064,0110.128,0004.602,0000.728,0006
 
000476373,000000000,-00000064,0110.214,0005.083,0001.699,0173
 
000476397,000000000,-00000064,0109.896,0005.126,0001.713,0167
 
000476421,-00000001,-00000061,0114.925,0003.139,0000.725,0166
 
000476445,000000000,-00000061,0113.559,0004.069,0000.240,0166
 
000476469,000000001,-00015164,0113.111,0004.051,0000.716,0167
 
000476493,000000001,-00000059,0113.166,0003.911,0001.224,0167
 
000476517,000000000,-00000060,0112.674,0004.051,0000.716,0167
 
000476541,000000000,-00000058,0116.631,0002.624,0000.239,0167
 
000476565,-00000004,-00000060,0109.591,0005.102,0002.437,0166
 
000476589,-00000007,-00000062,0113.681,0004.155,0000.490,0166
 
000476613,-00000007,-00000061,0114.528,0003.126,0001.444,0166
 
000476637,-00000004,-00000058,0114.359,0003.561,0000.475,0179
 
000476661,-00000004,-00000058,0114.763,0003.409,0000.975,0179
 
000476685,-00000004,-00000056,0112.600,0004.068,0000.959,0179
 
000476709,-00000004,-00000056,0115.378,0003.153,0000.486,0179
 
000476733,000000249,000000196,0114.880,0003.366,0001.204,0179
 
000476757,-00000007,-00000055,0109.828,0005.972,0000.240,0167
 
000476781,-00000001,-00000055,0111.007,0005.259,0000.000,0006
 
000476805,-00000002,-00000058,0111.366,0005.258,0001.438,0006
 
000476829,-00000001,-00000061,0114.848,0004.120,-000.971,0166
 
000476853,-00000001,-00000064,0112.364,0005.237,-000.239,0006
 
000476877,000000000,-00000097,0114.259,0004.120,0000.728,0167
 
000476901,000000000,-00000097,0117.774,0003.074,-000.947,0006
 
000476925,000000001,-00000097,0111.509,0005.831,0000.000,0167
 
000476949,000000000,-00000097,0115.710,0003.409,0000.975,0166
 
000476973,000000002,-00000097,0116.892,0002.435,0002.193,0179
 
000476997,000000001,-00024673,0113.846,0004.236,0001.179,0166
 
000477021,000000000,-00000097,0116.362,0003.798,-000.475,0168
 
000477045,-00000004,-00000097,0117.150,0003.140,0000.483,0167
 
000477069,-00000007,-00000097,0124.385,-000.238,0000.000,0166
 
000477093,-00000004,-00000097,0118.545,0002.396,0000.719,0166
 
000477117,-00000002,-00000097,0113.013,0005.042,0000.963,0166
 
000477141,-00000007,-00000097,0116.771,0003.366,0000.722,0166
 
000477165,-00000007,-00000097,0113.717,0004.783,0000.719,0167
 
000477189,-00000007,-00000063,0115.968,0003.846,0000.722,0167
 
000477213,-00000007,-00000063,0117.249,0003.830,0000.240,0167
 
000477237,-00000007,-00000061,0119.555,0002.635,0000.719,0167
 
000477261,-00000007,-00000060,0115.380,0004.417,0000.738,0166
 
000477285,-00000008,-00000059,0112.590,0005.280,0000.963,0167
 
000477309,-00000007,-00000062,0113.620,0005.021,0000.240,0166
 
000477333,-00000004,-00000097,0117.031,0004.069,0000.000,0179
 
000477357,-00000007,-00000097,0117.221,0004.069,0000.240,0177
 
000477381,-00000007,-00000097,0117.516,0003.606,0000.722,0167
 
000477405,-00000007,-00000097,0117.110,0003.846,0000.481,0176
 
000477429,-00000007,-00000097,0114.757,0004.823,0000.483,0179
 
000477453,-00000004,000000159,0116.619,0004.362,-000.243,0179
 
000477477,000000000,-00000097,0118.387,0003.576,-000.477,0179
 
000477501,000000003,-00000097,0114.403,0004.783,0000.240,0179
 
000477525,000000003,-00000063,0117.515,0003.366,0000.963,0179
 
000477549,000000004,000000159,0114.328,0004.545,0000.479,0006
 
000477573,000000006,-00000097,0114.631,0005.064,0000.000,0006
 
000477597,000000006,-00000097,0114.793,0004.564,0000.963,0006
 
000477621,000000006,-00000063,0116.347,0004.362,0000.000,0168
 
000477645,000000006,-00000064,0116.711,0003.591,0000.959,0166
 
000477669,000000003,-00000064,0115.455,0003.606,0001.204,0006
 
000477693,000000001,-00000064,0113.240,0005.085,0000.486,0167
 
000477717,000000000,-00000097,0112.296,0005.542,0000.967,0006
 
000477741,-00000004,-00000063,0115.203,0004.803,0000.241,0173
 
000477765,-00000002,-00000061,0112.603,0005.042,0000.963,0006
 
000477789,-00000007,-00000060,0118.645,0002.838,0000.947,0173
 
000477813,-00000004,-00000061,0118.872,0003.113,0000.959,0168
 
000477837,-00000007,-00000058,0115.685,0004.361,0000.486,0006
 
000477861,-00000004,-00000056,0116.789,0004.035,0000.000,0166
 
000477885,-00000002,-00000055,0118.295,0003.862,0000.483,0167
 
000477909,-00000002,-00000055,0116.513,0004.102,0000.967,0166
 
000477933,-00000007,-00000053,0113.369,0005.259,0000.479,0166
 
000477957,-00000004,-00000052,0116.309,0003.829,0000.959,0167
 
000477981,-00000002,-00000052,0115.265,0004.068,0000.959,0167
 
000478005,-00000002,-00000052,0116.663,0003.636,0000.728,0166
 
000478029,-00000001,-00000055,0114.607,0004.783,0000.719,0167
 
000478053,-00000001,-00000055,0111.200,0005.782,0000.725,0167
 
000478077,-00000001,-00000055,0116.769,0004.052,0000.000,0166
 
000478101,-00000001,-00000056,0117.240,0003.846,-000.241,0179
 
000478125,-00000002,-00000058,0110.733,0006.072,0000.000,0167
 
000478149,-00000002,-00000060,0116.394,0004.086,0000.000,0168
 
000478173,-00000002,-00000061,0114.432,0005.064,0000.242,0166
 
000478197,-00000002,-00000060,0116.763,0003.394,0000.971,0173
 
000478221,-00000002,-00000061,0112.560,0005.259,0000.479,0179
 
000478245,000000252,-00000063,0117.399,0003.139,0000.725,0179
 
000478269,-00000004,-00000064,0112.400,0005.734,0000.240,0166
 
000478293,-00000007,-00000097,0115.802,0004.051,0000.955,0006
 
000478317,-00000007,-00000097,0114.216,0004.823,0000.483,0167
 
000478341,-00000004,-00000097,0110.946,0006.208,0000.479,0179
 
000478365,000000252,-00000097,0114.630,0004.361,0000.971,0006
 
000478389,-00000004,-00000097,0117.478,0003.862,0000.000,0166
 
000478413,-00000004,-00000063,0117.841,0003.325,0000.000,0167
 
000478437,-00000004,-00000061,0115.466,0004.103,0000.242,0167
 
000478461,000000252,-00000060,0113.101,0004.763,0000.955,0179
 
000478485,-00000004,-00000055,0116.682,0004.068,0000.479,0168
 
000478509,-00000007,-00000055,0116.175,0003.829,0000.959,0166
 
000478533,-00000002,-00000054,0117.335,0002.898,0001.209,0166
 
000478557,-00000004,-00000050,0115.397,0003.814,0000.477,0166
 
000478581,-00000007,-00000049,0111.169,0005.543,0000.725,0166
 
000478605,-00000007,-00000049,0114.936,0004.288,0001.193,0166
 
000478629,-00003085,-00012337,0116.883,0004.086,0000.000,0167
 
000478653,-00000013,-00000049,0115.559,0004.289,0000.477,0166
 
000478677,-00000007,-00000049,0116.946,0003.153,0000.728,0006
 
000478701,-00000007,-00000049,0116.615,0003.830,0000.479,0166
 
000478725,-00000007,-00000049,0115.381,0004.068,0000.959,0167
 
000478749,-00000007,-00000049,0111.310,0005.237,0000.955,0166
 
000478773,-00000007,000000207,0115.109,0004.399,0000.245,0166
 
000478797,-00001543,-00000256,0116.072,0003.845,0000.963,0166
 
000478821,-00000007,-00000049,0113.789,0004.564,0000.722,0166
 
000478845,-00001543,-00000256,0113.386,0004.824,0000.242,0179
 
000478869,-00000007,-00000049,0114.450,0004.137,0000.488,0166
 
000478893,-00000004,-00000049,0114.773,0004.085,0000.481,0179
 
000478917,-00000004,-00000049,0116.597,0004.103,0000.000,0168
 
000478941,-00000002,-00000032,0114.376,0004.306,0000.959,0166
 
000478965,-00000002,-00000031,0114.419,0004.583,0000.725,0167
 
000478989,000000252,000000207,0113.509,0004.583,0000.967,0179
 
000479013,-00000004,-00000049,0116.999,0003.380,0000.725,0179
 
000479037,-00000772,-00012337,0119.161,0002.613,0000.951,0006
 
000479061,-00000772,-00000049,0116.507,0003.576,0000.477,0006
 
000479085,-00000004,-00000031,0117.137,0003.366,0000.481,0006
 
000479109,-00000002,-00000027,0113.633,0004.545,0000.479,0006
 
000479133,000000252,000000231,0116.083,0003.830,0000.240,0166
 
000479157,-00000001,-00000025,0115.095,0004.068,0000.479,0166
 
000479181,000000000,-00000015,0115.602,0003.846,0000.722,0006
 
000479205,000000000,000000243,0116.710,0003.591,0000.479,0166
 
000479229,000000001,-00000008,0114.050,0004.564,0000.241,0166
 
000479253,000000000,-00000004,0115.427,0003.830,0000.240,0166
 
000479277,000000001,-00000002,0114.590,0004.325,0000.481,0166
 
000479301,000000000,000000000,0115.184,0004.069,0000.240,0166
 
000479325,000000000,000000000,0113.143,0004.545,0000.240,0173
 
000479349,000000000,000000000,0114.404,0004.307,0000.240,0166
 
000479373,000000000,000000000,0114.220,0004.361,0000.486,0166
 
000479397,000000000,000000000,0114.002,0004.325,0000.722,0166
 
000479421,000000000,000000000,0115.093,0004.343,0000.242,0166
 
000479445,000000000,000000000,0113.000,0004.583,0000.483,0166
 
000479469,000000000,000000000,0113.878,0004.583,0000.483,0166
 
000479493,000000000,000000000,0115.152,0004.068,0000.479,0166
 
000479517,000000000,000000000,0114.113,0004.289,0000.716,0167
 
000479541,000000000,000000000,0114.094,0004.343,0000.242,0166
 
000479565,000000000,000000000,0115.959,0004.307,0000.240,0166
 
000479589,000000000,000000000,0115.104,0004.068,0000.719,0166
 
000479613,000000000,000000000,0115.222,0004.307,0000.240,0166
 
000479637,000000000,000000000,0114.492,0004.564,0000.241,0166
 
000479661,000000000,000000000,0115.872,0004.103,0000.242,0166
 
000479685,000000000,000000000,0114.181,0004.307,0000.479,0166
 
000479709,000000000,000000000,0113.690,0004.526,0000.239,0166
 
000479733,000000000,000000000,0111.734,0005.281,0000.722,0166
 
000479757,000000000,000000000,0113.794,0004.603,0000.243,0166
 
000479781,000000000,000000000,0113.128,0004.564,0000.722,0167
 
000479805,000000000,000000000,0114.696,0004.068,0000.479,0006
 
000479829,000000000,000000000,0112.114,0004.583,0000.483,0167
 
000479853,000000000,000000000,0114.907,0004.103,0000.483,0166
 
000479877,000000000,000000000,0113.037,0004.325,0000.481,0166
 
000479901,000000000,000000000,0114.922,0004.325,0000.241,0167
 
000479925,000000000,000000000,0114.327,0004.343,0000.483,0006
 
000479949,000000000,000000000,0113.814,0004.545,0000.719,0167
 
000479973,000000000,000000000,0114.155,0004.307,0000.479,0166
 
000479997,000000000,000000000,0115.260,0003.846,0000.481,0166
 
000480021,000000000,000000000,0113.936,0004.343,0000.242,0166
 
000480045,000000000,000000000,0113.088,0004.564,0000.481,0166
 
000480069,000000000,000000000,0114.166,0004.307,0000.240,0166
 
000480093,000000000,000000000,0115.606,0004.068,0000.479,0166
 
000480117,000000000,000000000,0114.777,0004.325,0000.241,0166
 
000480141,000000000,000000000,0113.966,0004.545,0000.479,0166
 
000480165,000000000,000000000,0113.618,0004.545,0000.479,0166
 
000480189,000000000,000000000,0116.206,0004.052,0000.477,0166
 
000480213,000000000,000000000,0114.518,0004.564,0000.722,0166
 
000480237,000000000,000000000,0116.606,0003.846,0000.241,0166
 
000480261,000000000,000000000,0112.707,0004.823,0000.483,0167
 
000480285,000000000,000000000,0113.920,0004.526,0000.716,0167
 
000480309,000000000,000000000,0114.245,0004.289,0000.716,0166
 
000480333,000000000,000000000,0113.008,0004.564,0000.481,0166
 
000480357,000000000,000000000,0112.465,0004.583,0000.725,0166
 
000480381,000000000,000000000,0114.459,0004.307,0000.719,0166
 
000480405,000000000,000000000,0114.726,0004.583,0000.483,0166
 
000480429,000000000,000000000,0114.169,0004.526,0000.477,0166
 
000480453,000000000,000000000,0114.621,0004.583,0000.242,0179
 
000480477,000000000,000000000,0113.778,0004.583,0000.483,0166
 
000480501,000000000,000000000,0116.103,0004.085,0000.481,0179
 
000480525,000000000,000000000,0114.018,0004.343,0000.242,0006
 
000480549,000000000,000000000,0112.323,0004.823,0000.483,0167
 
000480573,000000000,000000000,0114.750,0004.307,0000.479,0006
 
000480597,000000000,000000000,0114.465,0004.085,0000.722,0167
 
000480621,000000000,000000000,0113.886,0004.343,0000.725,0166
 
000480645,000000000,000000000,0114.532,0004.307,0000.240,0167
 
000480669,000000000,000000000,0114.187,0004.271,0000.951,0006
 
000480693,000000000,000000000,0114.066,0004.583,0000.483,0167
 
000480717,000000000,000000000,0114.814,0004.325,0000.241,0166
 
000480741,000000000,000000000,0115.084,0004.362,0000.243,0166
 
000480765,000000000,000000000,0114.777,0004.343,0000.483,0172
 
000480789,000000000,000000000,0113.609,0004.564,0000.481,0166
 
000480813,000000000,000000000,0113.693,0004.803,0000.481,0166
 
000480837,000000000,000000000,0114.939,0004.307,0000.240,0166
 
000480861,000000000,000000000,0114.915,0004.325,0000.481,0166
 
000480885,000000000,000000000,0113.857,0004.564,0000.722,0166
 
000480909,000000000,000000000,0114.279,0004.307,0000.240,0166
 
000480933,000000000,000000000,0115.359,0004.068,0000.479,0166
 
000480957,000000000,000000000,0114.230,0004.325,0000.481,0166
 
000480981,000000000,000000000,0114.060,0004.564,0000.481,0166
 
000481005,000000000,000000000,0114.288,0004.545,0000.479,0166
 
000481029,000000000,000000000,0115.486,0004.103,0000.483,0167
 
000481053,000000000,000000000,0114.878,0004.068,0000.479,0166
 
000481077,000000000,000000000,0115.332,0004.325,0000.481,0166
 
000481101,000000000,000000000,0113.312,0004.361,0000.486,0166
 
000481125,000000000,000000000,0114.438,0004.583,0000.242,0166
 
000481149,000000000,000000000,0116.298,0004.307,0000.000,0167
 
000481173,000000000,000000000,0115.134,0004.068,0000.479,0179
 
000481197,000000000,000000000,0113.633,0004.564,0000.241,0179
 
000481221,000000000,000000000,0114.887,0004.103,0000.483,0166
 
000481245,000000000,000000000,0114.180,0004.325,0000.481,0166
 
000481269,000000000,000000000,0114.143,0004.583,0000.483,0166
 
000481293,000000000,000000000,0114.425,0004.325,0000.481,0166
 
000481317,000000000,000000000,0114.612,0004.271,0000.238,0167
 
000481341,000000000,000000000,0113.787,0004.545,0000.479,0166
 
000481365,000000000,000000000,0114.298,0004.307,0000.479,0167
 
000481389,000000000,000000000,0114.112,0004.307,0000.479,0167
 
000481413,000000000,000000000,0114.942,0004.583,0000.242,0167
 
000481437,000000000,000000000,0113.451,0004.803,0000.722,0167
 
000481461,000000000,000000000,0114.324,0004.086,0000.241,0167
 
000481485,000000000,000000000,0113.918,0004.583,0000.483,0167
 
000481509,000000000,000000000,0114.831,0004.325,0000.241,0167
 
000481533,000000000,000000000,0114.598,0004.583,0000.483,0167
 
000481557,000000000,000000000,0114.404,0004.307,0000.240,0167
 
000481581,000000000,000000000,0113.790,0004.289,0000.955,0179
 
000481605,000000000,000000000,0113.877,0004.343,0000.242,0179
 
000481629,000000000,000000000,0115.079,0004.069,0000.240,0179
 
000481653,000000000,000000000,0114.744,0004.307,0000.719,0179
 
000481677,000000000,000000000,0114.461,0004.325,0000.481,0179
 
000481701,000000000,000000000,0114.217,0004.325,0000.241,0179
 
000481725,000000000,000000000,0114.064,0004.068,0000.719,0179
 
000481749,000000000,000000000,0113.161,0004.803,0000.481,0179
 
000481773,000000000,000000000,0114.946,0004.103,0000.483,0179
 
000481797,000000000,000000000,0113.520,0004.545,0000.240,0006
 
000481821,000000000,000000000,0114.101,0004.583,0000.242,0006
 
000481845,000000000,000000000,0114.383,0003.862,0000.967,0006
 
000481869,000000000,000000000,0114.153,0004.545,0000.240,0006
 
000481893,000000000,000000000,0113.696,0004.564,0000.481,0006
 
000481917,000000000,000000000,0112.910,0004.564,0000.481,0006
 
000481941,000000000,000000000,0114.443,0004.307,0000.240,0006
 
000481965,000000000,000000000,0116.026,0003.814,0000.716,0166
 
000481989,000000000,000000000,0113.600,0004.803,0000.481,0006
 
000482013,000000000,000000000,0113.683,0004.307,0000.479,0166
 
000482037,000000000,000000000,0114.935,0004.051,0000.716,0166
 
000482061,000000000,000000000,0114.808,0004.325,0000.481,0166
 
000482085,000000000,000000000,0115.349,0004.120,0000.243,0166
 
000482109,000000000,000000000,0114.521,0004.137,0000.488,0166
 
