000407006,000000152,000001487,0109.785,0005.856,0000.245,0179
 
000407031,000000000,000000003,0112.886,0004.307,0000.719,0175
 
000407055,000000000,000000000,0114.354,0003.352,0000.959,0166
 
000407079,000000000,000000000,0112.503,0004.603,0000.486,0166
 
000407103,000000000,000000000,0114.353,0003.606,0000.481,0166
 
000407127,000000000,000000000,0112.767,0004.564,0000.963,0166
 
000407151,000000000,000000000,0111.563,0004.343,0000.725,0166
 
000407175,000000000,000000000,0113.044,0004.103,0000.483,0166
 
000407199,000000000,000000000,0113.266,0004.325,0000.722,0166
 
000407223,000000000,000000000,0113.548,0004.325,0000.722,0179
 
000407247,000000000,000000000,0113.129,0004.307,0000.479,0179
 
000407271,000000000,000000000,0112.899,0004.343,0000.725,0166
 
000407295,000000000,000000000,0113.303,0004.051,0000.716,0166
 
000407319,000000000,000000000,0113.075,0004.103,0000.483,0006
 
000407343,000000000,000000000,0114.059,0004.120,0000.243,0166
 
000407367,000000000,000000000,0113.534,0003.830,0000.719,0166
 
000407391,000000000,000000000,0114.293,0004.085,0000.722,0006
 
000407415,000000000,000000000,0111.860,0004.603,0000.486,0167
 
000407439,000000000,000000000,0113.264,0004.545,0000.719,0167
 
000407463,000000000,000000000,0113.961,0003.845,0000.963,0006
 
000407487,000000000,000000000,0112.527,0004.343,0000.483,0167
 
000407511,000000000,000000000,0113.367,0004.051,0000.716,0006
 
000407535,000000000,000000000,0113.154,0004.085,0000.481,0173
 
000407559,000000000,000000000,0113.778,0004.343,0000.483,0166
 
000407583,000000000,000000000,0112.928,0004.085,0000.722,0166
 
000407607,000000000,000000000,0113.746,0004.068,0000.479,0166
 
000407631,000000000,000000000,0114.261,0003.878,0000.486,0166
 
000407655,000000000,000000000,0113.418,0004.307,0000.479,0166
 
000407679,000000000,000000000,0113.894,0003.878,0000.243,0166
 
000407703,000000000,000000000,0112.901,0004.361,0000.486,0166
 
000407727,000000000,000000000,0113.433,0004.103,0000.483,0166
 
000407751,000000000,000000000,0112.018,0004.583,0000.725,0166
 
000407775,000000000,000000000,0113.256,0004.642,0000.490,0166
 
000407799,000000000,000000000,0114.117,0004.103,0000.242,0166
 
000407823,000000000,000000000,0114.042,0003.829,0000.959,0166
 
000407847,000000000,000000000,0112.887,0004.307,0000.479,0166
 
000407871,000000000,000000000,0113.575,0004.361,0000.486,0166
 
000407895,000000000,000000000,0112.820,0004.306,0000.959,0166
 
000407919,000000000,000000000,0113.701,0004.343,0000.483,0166
 
000407943,000000000,000000000,0113.109,0004.361,0000.486,0166
 
000407967,000000000,000000000,0113.020,0004.343,0000.242,0179
 
000407991,000000000,000000000,0113.846,0004.085,0000.722,0166
 
000408015,000000000,000000000,0112.573,0004.361,0000.728,0166
 
000408039,000000000,000000000,0113.743,0004.068,0000.479,0006
 
000408063,000000000,000000000,0114.422,0003.814,0000.716,0167
 
000408087,000000000,000000000,0114.099,0004.103,0000.483,0167
 
000408111,000000000,000000000,0112.865,0004.583,0000.483,0167
 
000408135,000000000,000000000,0113.447,0004.343,0000.483,0006
 
000408159,000000000,000000000,0113.704,0004.085,0000.481,0167
 
000408183,000000000,000000000,0113.379,0004.325,0000.241,0006
 
000408207,000000000,000000000,0113.363,0004.085,0000.481,0167
 
000408231,000000000,000000000,0113.467,0003.814,0000.716,0006
 
000408255,000000000,000000000,0113.465,0004.343,0000.242,0173
 
000408279,000000000,000000000,0113.412,0004.361,0000.486,0166
 
000408303,000000000,000000000,0113.181,0004.325,0000.722,0166
 
000408327,000000000,000000000,0113.574,0004.085,0000.481,0166
 
000408351,000000000,000000000,0112.503,0004.361,0000.728,0166
 
000408375,000000000,000000000,0113.414,0004.325,0000.481,0166
 
000408399,000000000,000000000,0112.921,0004.102,0000.967,0166
 
000408423,000000000,000000000,0112.768,0004.085,0000.722,0166
 
000408447,000000000,000000000,0113.769,0004.085,0000.481,0166
 
000408471,000000000,000000000,0113.534,0004.068,0000.719,0166
 
000408495,000000000,000000000,0114.912,0004.068,0000.479,0166
 
000408519,000000000,000000000,0113.224,0004.103,0000.242,0167
 
000408543,000000000,000000000,0114.599,0003.606,0000.481,0166
 
000408567,000000000,000000000,0115.292,0003.862,0000.000,0166
 
000408591,000000000,000000000,0113.588,0004.068,0000.479,0179
 
000408615,000000000,000000000,0114.487,0003.846,0000.481,0179
 
000408639,000000000,000000000,0113.962,0003.830,0000.719,0166
 
000408663,000000000,000000000,0112.032,0004.325,0000.722,0166
 
000408687,000000000,000000000,0112.904,0004.085,0000.722,0166
 
000408711,000000000,000000000,0113.136,0004.085,0000.722,0166
 
000408735,000000000,000000000,0113.364,0004.085,0000.722,0166
 
000408759,000000000,000000000,0113.230,0004.120,0000.486,0166
 
000408783,000000000,000000000,0112.045,0004.343,0000.967,0166
 
000408807,000000000,000000000,0113.399,0004.085,0000.481,0167
 
000408831,000000000,000000000,0112.763,0004.102,0000.725,0167
 
000408855,000000000,000000000,0112.839,0004.289,0000.716,0166
 
000408879,000000000,000000000,0114.110,0003.862,0000.483,0007
 
000408903,000000000,000000000,0113.008,0004.306,0000.959,0167
 
000408927,000000000,000000000,0113.513,0004.103,0000.483,0167
 
000408951,000000000,000000000,0115.018,0003.606,0000.241,0167
 
000408975,000000000,000000000,0112.230,0004.844,0000.728,0167
 
000408999,000000000,000000000,0113.953,0004.343,0000.483,0166
 
000409023,000000000,000000000,0113.056,0004.545,0000.240,0166
 
000409047,000000000,000000000,0113.637,0004.103,0000.483,0166
 
000409071,000000000,000000000,0113.720,0003.878,0000.486,0166
 
000409095,000000000,000000000,0114.401,0004.086,0000.000,0166
 
000409119,000000000,000000000,0114.565,0003.862,0000.483,0166
 
000409143,000000000,000000000,0113.431,0004.343,0000.242,0167
 
000409167,000000000,000000000,0114.472,0004.085,0000.481,0166
 
000409191,000000000,000000000,0114.796,0003.621,0000.483,0166
 
000409215,000000000,000000000,0113.144,0004.102,0000.725,0166
 
000409239,000000000,000000000,0113.741,0003.846,0000.481,0166
 
000409263,000000000,000000000,0114.104,0003.878,0000.486,0166
 
000409287,000000000,000000000,0113.770,0004.343,0000.242,0166
 
000409311,000000000,000000000,0112.785,0004.564,0000.241,0166
 
000409335,000000000,000000000,0111.758,0004.545,0000.719,0166
 
000409359,000000000,000000000,0114.733,0003.830,0000.479,0166
 
000409383,000000000,000000000,0112.862,0004.343,0000.725,0166
 
000409407,000000000,000000000,0113.298,0004.103,0000.483,0166
 
000409431,000000000,000000000,0114.120,0004.085,0000.481,0166
 
000409455,000000000,000000000,0113.686,0004.103,0000.483,0166
 
000409479,000000000,000000000,0115.057,0004.120,0000.000,0168
 
000409503,000000000,000000000,0113.859,0004.325,0000.481,0006
 
000409527,000000000,000000000,0112.597,0004.343,0000.725,0166
 
000409551,000000000,000000000,0113.808,0004.120,0000.243,0167
 
000409575,000000000,000000000,0113.929,0003.862,0000.242,0166
 
000409599,000000000,-00000002,0112.413,0004.324,0000.963,0166
 
000409623,000000000,-00000008,0112.574,0004.844,0000.000,0006
 
000409647,000000001,-00000008,0113.134,0004.545,0000.240,0166
 
000409671,000000000,-00000013,0113.192,0004.068,0000.479,0006
 
000409695,000000001,-00000015,0110.239,0005.303,0000.483,0006
 
000409719,000000000,000000231,0111.690,0004.583,0000.725,0167
 
000409743,000000000,-00000025,0110.593,0005.021,0000.959,0166
 
000409767,-00000001,-00000025,0113.266,0003.846,0000.481,0179
 
000409791,-00000002,-00000025,0109.460,0005.303,0000.967,0166
 
000409815,-00000002,-00000028,0110.551,0004.803,0000.722,0166
 
000409839,-00000001,-00000049,0112.754,0004.120,0000.728,0166
 
000409863,-00000001,-00000049,0115.686,0002.862,0000.716,0166
 
000409887,-00000002,-00000049,0113.543,0003.878,0000.728,0166
 
000409911,-00000004,-00000049,0112.979,0003.895,0000.488,0166
 
000409935,-00000002,-00000049,0115.120,0003.591,-000.240,0166
 
000409959,-00000002,-00000049,0112.187,0004.564,0000.722,0167
 
000409983,-00000001,-00012337,0113.878,0004.120,0000.000,0007
 
000410007,-00000004,-00000049,0115.107,0003.862,-000.725,0176
 
000410031,-00000004,-00012337,0112.653,0004.085,0001.204,0173
 
000410055,-00000004,-00000052,0114.063,0004.069,0000.000,0006
 
000410079,-00000007,-00000055,0116.590,0002.886,0000.000,0168
 
000410103,-00000007,-00000055,0116.746,0003.325,-000.475,0166
 
000410127,-00000007,-00000055,0114.519,0003.814,0000.716,0006
 
000410151,-00000004,-00000055,0112.262,0004.823,0000.967,0166
 
000410175,-00001543,-00000055,0117.795,0002.815,-000.939,0166
 
000410199,-00000008,-00000056,0109.783,0005.589,0001.219,0166
 
000410223,-00000007,-00000057,0116.584,0003.338,-000.239,0166
 
000410247,-00000007,-00000057,0113.167,0004.980,0000.000,0168
 
000410271,-00000007,-00000058,0113.784,0004.051,0000.955,0167
 
000410295,-00000007,-00000055,0116.365,0003.126,0000.000,0166
 
000410319,-00000007,-00000056,0114.984,0003.846,0000.000,0168
 
000410343,-00000002,-00000055,0116.809,0003.814,-000.477,0166
 
000410367,000000000,-00000055,0112.748,0005.085,0000.000,0006
 
000410391,-00000001,-00000055,0115.282,0003.636,0000.971,0006
 
000410415,-00000004,-00000055,0114.030,0003.682,0001.721,0006
 
000410439,-00000004,-00000055,0114.631,0004.137,0000.488,0167
 
000410463,000000252,-00000056,0114.523,0004.361,0000.486,0167
 
000410487,-00000002,-00000057,0114.380,0004.306,0000.959,0167
 
000410511,-00000002,-00000057,0117.130,0003.352,0000.000,0167
 
000410535,-00000007,-00000057,0116.287,0003.621,0000.967,0167
 
000410559,-00000002,-00000057,0116.956,0003.100,0000.716,0006
 
000410583,-00000001,-00000056,0115.596,0004.564,-000.481,0167
 
000410607,-00000002,-00000057,0112.983,0005.063,0000.483,0179
 
000410631,-00000002,-00000060,0117.840,0002.635,0000.959,0179
 
000410655,-00000001,-00000061,0114.240,0004.379,0000.975,0179
 
000410679,-00000004,-00000064,0114.277,0004.325,0000.481,0179
 
000410703,-00000007,-00000097,0115.199,0004.564,0000.722,0179
 
000410727,-00000004,-00000097,0113.544,0005.520,0000.481,0179
 
000410751,-00000004,000000159,0114.731,0004.564,0000.963,0179
 
000410775,-00000004,-00000097,0112.847,0004.957,0001.893,0179
 
000410799,-00000004,000000159,0120.246,0003.126,0000.000,0168
 
000410823,-00000004,-00000097,0117.017,0003.878,0000.243,0166
 
000410847,-00000002,-00000097,0111.658,0006.419,0000.239,0167
 
000410871,000000000,-00000097,0114.307,0005.281,0000.241,0006
 
000410895,000000000,-00000097,0116.217,0004.584,0000.000,0006
 
000410919,000000000,-00000097,0114.359,0004.844,0000.486,0179
 
000410943,-00000001,-00000097,0116.848,0003.846,0000.241,0166
 
000410967,000000000,-00000097,0113.134,0005.566,0000.243,0006
 
000410991,000000000,-00000063,0115.712,0004.325,0000.722,0006
 
000411015,000000002,-00000064,0116.863,0004.085,0000.481,0166
 
000411039,000000000,-00000063,0114.767,0004.603,0000.243,0006
 
000411063,000000001,-00000061,0116.525,0003.829,0000.959,0166
 
000411087,000000001,-00000061,0117.599,0003.591,0000.479,0166
 
000411111,000000000,-00000060,0115.142,0004.380,0000.731,0166
 
000411135,000000000,-00000061,0114.097,0004.564,0000.963,0006
 
000411159,000000000,-00000059,0115.105,0004.253,0001.184,0166
 
000411183,-00000001,-00000060,0114.791,0004.564,0000.722,0166
 
000411207,-00000004,-00000063,0117.568,0003.395,0000.486,0167
 
000411231,-00000004,-00000061,0117.056,0003.193,0000.984,0167
 
000411255,-00000004,-00000056,0118.830,0003.381,-000.242,0167
 
000411279,-00000001,-00000055,0115.993,0004.068,0000.479,0167
 
000411303,-00000001,-00000055,0114.709,0004.602,0000.971,0167
 
000411327,-00000001,-00000055,0113.681,0005.021,0000.959,0167
 
000411351,000000000,-00000055,0115.928,0004.068,0000.479,0167
 
000411375,000000001,-00000055,0113.217,0004.803,0000.481,0179
 
000411399,000000001,-00000049,0116.553,0003.591,0000.719,0179
 
000411423,000000000,-00000049,0113.443,0004.844,0000.728,0179
 
000411447,-00000002,-00000049,0117.454,0003.381,0000.242,0179
 
000411471,-00000002,-00000049,0116.112,0004.068,0000.479,0166
 
000411495,-00000001,-00012337,0115.077,0004.307,0000.479,0179
 
000411519,000000000,-00000049,0112.859,0005.000,0000.955,0179
 
000411543,-00000001,-00012337,0108.737,0006.976,0000.242,0179
 
000411567,-00000004,-00000049,0112.092,0005.348,0000.000,0168
 
000411591,-00000004,-00000049,0112.384,0005.042,0000.481,0179
 
000411615,-00000004,-00000052,0119.236,0002.635,0000.479,0167
 
000411639,-00000002,-00000056,0109.621,0006.340,0000.707,0006
 
000411663,-00000001,-00000057,0116.937,0003.140,0000.483,0167
 
000411687,-00000001,-00000056,0115.174,0003.591,0000.719,0166
 
000411711,-00000001,-00000057,0115.497,0003.394,0000.971,0166
 
000411735,-00000001,-00000056,0114.217,0004.085,0001.204,0006
 
000411759,-00000772,-00000056,0109.310,0006.499,0000.000,0167
 
000411783,-00000002,-00000058,0114.896,0003.813,0001.193,0166
 
000411807,-00000001,-00000061,0115.661,0003.576,0000.955,0173
 
000411831,-00000002,-00000060,0111.992,0005.000,0000.716,0166
 
000411855,000000000,-00000055,0111.278,0005.566,0000.243,0166
 
000411879,000000000,-00000055,0113.904,0004.583,0000.242,0166
 
000411903,000000000,-00000056,0109.935,0005.947,0000.477,0166
 
000411927,-00000001,-00000057,0113.196,0004.783,0000.240,0166
 
000411951,000000000,-00000055,0112.568,0005.042,0000.000,0167
 
000411975,000000001,-00000055,0111.632,0005.259,0000.719,0166
 
000411999,000000000,-00000057,0118.778,0002.669,0000.486,0006
 
000412023,000000000,-00000056,0113.693,0004.067,0001.438,0166
 
000412047,000000000,000000201,0113.645,0004.343,0000.725,0167
 
000412071,-00000001,000000201,0118.480,0002.911,-000.243,0166
 
000412095,-00000001,000000201,0113.685,0004.783,0000.000,0168
 
000412119,-00000002,-00000055,0118.847,0001.925,0000.963,0166
 
000412143,-00000002,-00000055,0111.657,0004.541,0002.396,0006
 
000412167,-00000004,-00000055,0115.882,0003.366,0001.204,0166
 
000412191,-00000004,-00000052,0113.327,0004.324,0000.963,0166
 
000412215,-00000004,-00000052,0116.491,0003.352,0000.719,0179
 
000412239,-00000002,-00000050,0109.610,0005.758,0000.722,0179
 
000412263,-00000004,-00000055,0114.702,0003.380,0000.967,0179
 
000412287,-00000002,-00000052,0113.364,0004.583,0000.725,0179
 
000412311,-00000002,-00012337,0111.086,0005.614,0000.000,0006
 
000412335,-00000001,-00000049,0111.476,0005.303,0000.483,0179
 
000412359,-00000001,-00000049,0116.163,0003.366,0000.241,0166
 
000412383,-00000004,-00000050,0115.062,0003.846,0000.722,0007
 
000412407,-00000772,-00000256,0113.756,0004.120,0000.728,0166
 
000412431,-00000001,-00000049,0116.163,0003.621,0000.483,0167
 
000412455,-00000001,-00000049,0110.429,0005.734,0000.479,0006
 
000412479,000000000,-00000049,0113.837,0004.583,0000.242,0167
 
000412503,000000001,000000207,0115.568,0003.814,0000.716,0006
 
000412527,000000000,-00000049,0115.404,0003.636,0001.214,0006
 
000412551,-00000001,000000207,0112.987,0004.824,0000.242,0167
 
000412575,-00000004,-00012337,0114.899,0004.102,0000.725,0166
 
000412599,-00000007,-00000049,0106.227,0006.975,0001.209,0167
 
000412623,-00000004,-00000049,0112.225,0005.042,0000.481,0173
 
000412647,-00000004,-00000049,0117.426,0003.166,0000.000,0006
 
000412671,-00000007,-00012337,0112.174,0005.001,0000.239,0166
 
000412695,-00000007,-00012337,0116.375,0003.830,0000.240,0166
 
000412719,000000249,000000207,0113.203,0004.885,-000.245,0167
 
000412743,-00000772,-00012337,0112.901,0004.564,0000.241,0167
 
000412767,-00000002,-00000049,0118.145,0002.899,0000.242,0166
 
000412791,-00000004,-00000049,0112.039,0005.042,0000.481,0166
 
000412815,-00000002,-00012337,0111.230,0004.844,0000.728,0167
 
000412839,-00000001,-00000032,0114.323,0003.813,0001.193,0179
 
000412863,-00000001,-00000049,0109.728,0005.566,0000.000,0006
 
000412887,-00000002,-00000049,0112.561,0004.763,0000.477,0166
 
000412911,-00000002,-00000049,0112.551,0004.803,0000.963,0167
 
000412935,-00000002,-00012337,0111.985,0004.783,0000.479,0166
 
000412959,-00000002,-00000049,0113.546,0004.507,0001.189,0166
 
000412983,-00000002,-00000049,0112.619,0004.824,0000.242,0179
 
000413007,000000000,-00000049,0112.109,0004.844,0000.486,0179
 
000413031,000000000,000000207,0114.173,0004.052,0000.239,0179
 
000413055,000000000,-00012337,0112.816,0004.489,0000.710,0166
 
000413079,-00000001,-00000049,0114.223,0003.846,0000.000,0167
 
000413103,000000000,-00000049,0115.373,0003.591,0000.479,0167
 
000413127,000000000,-00000049,0113.537,0004.325,0000.481,0166
 
000413151,000000001,-00000049,0115.240,0004.052,0000.239,0166
 
000413175,000000002,-00000031,0116.545,0003.113,0000.719,0006
 
000413199,000000001,-00000027,0112.141,0004.724,0000.474,0006
 
000413223,000000002,-00000025,0112.967,0004.069,0000.000,0167
 
000413247,000000000,-00000025,0108.392,0005.711,0000.239,0179
 
000413271,000000001,-00000025,0112.028,0004.583,0000.483,0006
 
000413295,000000001,-00000025,0113.000,0004.325,0000.722,0173
 
000413319,000000001,-00000025,0115.377,0003.591,0000.240,0006
 
000413343,000000000,-00000025,0110.145,0005.497,0000.479,0166
 
000413367,000000000,000000231,0112.016,0004.783,0000.240,0166
 
000413391,-00000001,-00000025,0114.860,0003.591,0000.719,0166
 
000413415,000000000,-00000025,0117.023,0002.657,0000.725,0166
 
000413439,000000000,-00000014,0117.835,0002.175,0000.725,0167
 
000413463,000000000,-00000007,0112.625,0004.289,0000.477,0166
 
000413487,000000000,-00000001,0113.070,0004.343,0000.242,0166
 
000413511,000000000,000000000,0113.563,0004.068,0000.719,0166
 
000413535,000000000,000000000,0112.487,0004.564,0000.481,0166
 
000413559,000000000,000000000,0111.674,0004.844,0000.486,0166
 
000413583,000000000,000000000,0112.464,0004.289,0000.477,0166
 
000413607,000000000,000000000,0111.058,0005.042,0000.481,0166
 
000413631,000000000,000000000,0111.858,0004.583,0000.725,0166
 
000413655,000000000,000000000,0112.305,0004.325,0000.481,0166
 
000413679,000000000,000000000,0112.310,0004.325,0000.722,0006
 
000413703,000000000,000000000,0114.014,0004.103,0000.483,0166
 
000413727,000000000,000000000,0112.233,0004.325,0000.722,0166
 
000413751,000000000,000000000,0112.371,0004.068,0001.198,0166
 
000413775,000000000,000000000,0112.835,0004.583,0000.242,0166
 
000413799,000000000,000000000,0112.332,0004.583,0000.483,0166
 
000413823,000000000,000000000,0112.740,0004.325,0000.481,0166
 
000413847,000000000,000000000,0115.417,0003.621,0000.242,0167
 
000413871,000000000,000000000,0112.472,0004.603,0000.243,0007
 
000413895,000000000,000000000,0111.548,0004.564,0000.241,0167
 
000413919,000000000,000000000,0113.420,0004.034,0000.951,0167
 
000413943,000000000,000000000,0112.248,0004.583,0000.483,0167
 
000413967,000000000,000000000,0112.384,0004.361,0000.728,0167
 
000413991,000000000,000000000,0113.234,0004.271,0000.475,0006
 
000414015,000000000,000000000,0113.075,0004.343,0000.242,0173
 
000414039,000000000,000000000,0112.356,0004.564,0000.241,0166
 
000414063,000000000,000000000,0113.399,0004.052,0000.477,0166
 
000414087,000000000,000000000,0113.423,0004.068,0000.479,0167
 
000414111,000000000,000000000,0110.703,0004.803,0000.963,0166
 
000414135,000000000,000000000,0112.746,0004.085,0000.481,0006
 
000414159,000000000,000000000,0113.215,0004.068,0000.479,0006
 
000414183,000000000,000000000,0113.462,0004.307,0000.479,0173
 
000414207,000000000,000000000,0110.795,0004.844,0000.486,0166
 
000414231,000000000,000000000,0112.948,0004.103,0000.483,0179
 
000414255,000000000,000000000,0114.536,0004.069,0000.240,0166
 
000414279,000000000,000000000,0111.957,0004.380,0000.244,0166
 
000414303,000000000,000000000,0113.002,0004.103,0000.483,0166
 
000414327,000000000,000000000,0112.848,0004.289,0000.716,0166
 
000414351,000000000,000000000,0112.678,0004.325,0000.481,0166
 
000414375,000000000,000000000,0111.563,0004.906,0000.246,0166
 
000414399,000000000,000000000,0113.976,0003.862,0000.725,0166
 
000414423,000000000,000000000,0113.980,0004.307,0000.479,0166
 
000414447,000000000,000000000,0111.326,0004.583,0000.483,0166
 
000414471,000000000,000000000,0112.647,0004.325,0000.722,0166
 
000414495,000000000,000000000,0112.266,0004.307,0000.719,0166
 
000414519,000000000,000000000,0113.672,0004.362,0000.243,0166
 
000414543,000000000,000000000,0112.389,0004.307,0000.479,0167
 
000414567,000000000,000000000,0113.614,0004.325,0000.481,0166
 
000414591,000000000,000000000,0113.378,0004.069,0000.240,0166
 
000414615,000000000,000000000,0113.132,0004.343,0000.483,0166
 
000414639,000000000,000000000,0112.881,0004.325,0000.481,0006
 
000414663,000000000,000000000,0112.169,0004.343,0000.483,0167
 
000414687,000000000,000000000,0112.207,0004.583,0000.483,0166
 
000414711,000000000,000000000,0112.476,0004.325,0000.481,0167
 
000414735,000000000,000000000,0113.013,0004.085,0000.963,0167
 
000414759,000000000,000000000,0111.569,0004.803,0000.481,0166
 
000414783,000000000,000000000,0111.873,0004.325,0000.722,0167
 
000414807,000000000,000000000,0113.437,0004.307,0000.479,0173
 
000414831,000000000,000000000,0112.649,0004.325,0000.241,0166
 
000414855,000000000,000000000,0112.028,0004.343,0000.483,0166
 
000414879,000000000,000000000,0113.143,0004.325,0000.241,0166
 
000414903,000000000,000000000,0112.520,0004.289,0000.477,0166
 
000414927,000000000,000000000,0113.965,0004.343,0000.483,0006
 
000414951,000000000,000000000,0113.086,0004.069,0000.240,0173
 
000414975,000000000,000000000,0112.318,0004.307,0000.479,0166
 
000414999,000000000,000000000,0112.196,0004.325,0000.481,0166
 
