000563344,000000000,000000000,0109.948,0004.068,0000.719,0006
 
000563369,000000000,000000000,0110.735,0004.120,0000.486,0166
 
000563393,000000000,000000000,0112.028,0003.409,0000.000,0167
 
000563417,000000000,000000000,0110.094,0004.102,0000.967,0007
 
000563441,000000000,000000000,0111.450,0003.846,0000.481,0166
 
000563465,000000000,000000000,0111.429,0004.085,0000.481,0178
 
000563489,000000000,000000000,0110.695,0004.325,0000.481,0006
 
000563513,000000000,000000000,0111.006,0004.103,0000.242,0007
 
000563537,000000000,000000000,0111.698,0003.846,0000.722,0006
 
000563561,000000000,000000000,0111.557,0004.085,0000.722,0006
 
000563585,000000000,000000000,0109.882,0004.823,0000.483,0006
 
000563609,000000000,000000000,0110.900,0004.085,0000.722,0007
 
000563633,000000000,000000000,0110.514,0004.120,0000.728,0007
 
000563657,000000000,000000000,0110.515,0004.085,0000.481,0006
 
000563681,000000000,000000000,0111.348,0003.606,0000.481,0006
 
000563705,000000000,000000000,0109.951,0004.622,0000.244,0006
 
000563729,000000000,000000000,0110.930,0003.862,0000.483,0006
 
000563753,000000000,000000000,0110.847,0004.102,0000.725,0006
 
000563777,000000000,000000000,0111.405,0004.103,0000.483,0007
 
000563801,000000000,000000000,0110.008,0004.102,0000.725,0006
 
000563825,000000000,000000000,0111.164,0004.120,0000.486,0006
 
000563849,000000000,000000000,0110.738,0004.103,0000.483,0006
 
000563873,000000000,000000000,0110.292,0004.103,0000.483,0006
 
000563897,000000000,000000000,0111.379,0004.120,0000.486,0007
 
000563921,000000000,000000000,0110.899,0004.307,0000.240,0006
 
000563945,000000000,000000000,0110.907,0004.103,0000.483,0006
 
000563969,000000000,000000000,0109.487,0004.102,0000.725,0006
 
000563993,000000000,000000000,0109.995,0004.343,0000.483,0007
 
000564017,000000000,000000000,0111.032,0003.846,0000.722,0006
 
000564041,000000000,000000000,0110.782,0004.085,0000.481,0007
 
000564065,000000000,000000000,0111.865,0003.606,0000.481,0007
 
000564089,000000000,000000000,0110.414,0004.325,0000.481,0007
 
000564113,000000000,000000000,0110.301,0004.361,0000.728,0006
 
000564137,000000000,000000000,0111.427,0004.085,0000.481,0007
 
000564161,000000000,000000000,0111.327,0003.846,0000.722,0006
 
000564185,000000000,000000000,0110.003,0004.343,0000.725,0007
 
000564209,000000000,000000000,0111.450,0003.878,0000.728,0006
 
000564233,000000000,000000000,0111.163,0004.085,0000.481,0006
 
000564257,000000000,000000000,0111.012,0004.137,0000.488,0006
 
000564281,000000000,000000000,0110.091,0004.103,0000.483,0007
 
000564305,000000000,000000000,0110.224,0004.325,0000.722,0007
 
000564329,000000000,000000000,0111.137,0004.068,0000.479,0006
 
000564353,000000000,000000000,0111.187,0004.103,0000.483,0006
 
000564377,000000000,000000000,0109.417,0004.343,0000.483,0006
 
000564401,000000000,000000000,0109.912,0004.583,0000.483,0006
 
000564425,000000000,000000000,0111.083,0004.068,0000.479,0006
 
000564449,000000000,000000000,0110.220,0004.325,0000.481,0006
 
000564473,000000000,000000000,0110.051,0004.343,0000.725,0006
 
000564497,000000000,000000000,0111.399,0003.561,0000.713,0006
 
000564521,000000000,000000000,0109.650,0004.361,0000.486,0006
 
000564545,000000000,000000000,0110.713,0004.085,0000.481,0006
 
000564569,000000000,000000000,0111.084,0003.814,0000.477,0006
 
000564593,000000000,000000000,0111.721,0003.846,0000.722,0006
 
000564617,000000000,000000000,0111.787,0003.830,0000.719,0006
 
000564641,000000000,000000000,0110.354,0004.103,0000.242,0006
 
000564665,000000000,000000000,0110.471,0004.343,0000.483,0006
 
000564689,000000000,000000000,0110.752,0004.085,0000.722,0006
 
000564713,000000000,000000000,0110.420,0004.068,0000.719,0007
 
000564737,000000000,000000000,0109.831,0004.325,0000.481,0006
 
000564761,000000000,000000000,0110.768,0004.085,0000.722,0006
 
000564785,000000000,000000000,0110.030,0004.603,0000.486,0007
 
000564809,000000000,000000000,0110.850,0004.120,0000.243,0006
 
000564833,000000000,000000000,0110.476,0004.085,0000.722,0006
 
000564857,000000000,000000000,0110.722,0004.120,0000.486,0006
 
000564881,000000000,000000000,0111.473,0004.103,0000.483,0006
 
000564905,000000000,000000000,0111.713,0004.068,0000.719,0007
 
000564929,000000000,000000000,0110.123,0004.325,0000.481,0006
 
000564953,000000000,000000000,0109.703,0004.289,0000.477,0006
 
000564977,000000000,000000000,0111.132,0004.120,0000.243,0006
 
000565001,000000000,000000000,0111.233,0003.878,0000.728,0006
 
000565025,000000000,000000000,0111.070,0003.636,0000.728,0006
 
000565049,000000000,000000000,0111.358,0004.103,0000.483,0007
 
000565073,000000000,000000000,0110.168,0004.343,0000.483,0006
 
000565097,000000000,000000000,0111.202,0003.862,0000.725,0006
 
000565121,000000000,000000000,0110.884,0003.830,0000.479,0006
 
000565145,000000000,000000000,0111.506,0004.120,0000.486,0007
 
000565169,000000000,000000000,0111.149,0003.846,0000.481,0006
 
000565193,000000000,000000000,0109.724,0004.622,0000.488,0006
 
000565217,000000000,000000000,0111.257,0004.103,0000.483,0007
 
000565241,000000000,000000000,0110.817,0003.813,0001.193,0006
 
000565265,000000000,000000000,0110.504,0004.068,0000.479,0006
 
000565289,000000000,000000000,0112.890,0003.381,0000.242,0006
 
000565313,000000000,000000000,0109.882,0004.583,0000.725,0006
 
000565337,000000000,000000000,0110.962,0004.085,0000.481,0006
 
000565361,000000000,000000000,0110.600,0004.325,0000.481,0006
 
000565385,000000000,000000000,0110.980,0004.085,0000.481,0007
 
000565409,000000000,-00000004,0110.883,0003.591,0000.479,0006
 
000565433,-00000001,-00000007,0110.159,0004.068,0000.959,0006
 
000565457,000000000,-00000008,0110.090,0004.085,0000.481,0007
 
000565481,000000000,-00000013,0109.767,0004.120,0000.243,0006
 
000565505,000000000,000000243,0109.045,0004.361,0000.486,0006
 
000565529,000000000,-00000013,0109.307,0003.830,0000.719,0166
 
000565553,000000000,-00000013,0109.511,0004.103,0000.242,0007
 
000565577,000000000,-00000014,0109.611,0003.606,0000.481,0006
 
000565601,-00000001,-00000015,0108.619,0004.564,0000.000,0006
 
000565625,-00000001,-00000014,0109.480,0003.846,0000.481,0006
 
000565649,000000000,-00000016,0108.809,0004.307,0000.240,0006
 
000565673,000000000,-00006169,0109.846,0003.862,0000.725,0178
 
000565697,000000000,-00000025,0107.659,0004.823,0000.725,0006
 
000565721,-00000001,-00000025,0108.432,0004.324,0001.204,0178
 
000565745,-00000001,-00000029,0108.737,0004.085,0000.481,0006
 
000565769,-00000002,-00000031,0110.679,0003.846,0000.241,0006
 
000565793,-00000001,-00000032,0111.213,0003.409,0000.488,0007
 
000565817,-00000001,-00000032,0109.032,0003.620,0001.450,0006
 
000565841,-00000001,-00000049,0110.637,0003.606,0001.204,0006
 
000565865,-00000002,-00000049,0110.125,0003.845,0000.963,0006
 
000565889,-00000001,-00000049,0109.099,0004.119,0001.456,0006
 
000565913,-00000001,-00000049,0108.776,0004.622,0000.488,0006
 
000565937,-00000002,-00000049,0111.200,0003.829,0000.959,0006
 
000565961,000000000,-00000049,0108.130,0005.128,0000.735,0006
 
000565985,-00000001,-00000049,0113.085,0002.839,0000.710,0006
 
000566009,-00000001,-00000049,0109.041,0004.844,0000.486,0006
 
000566033,-00000002,-00000049,0108.814,0005.063,0000.483,0006
 
000566057,-00000001,-00000049,0111.432,0004.380,0000.000,0006
 
000566081,-00000001,-00000049,0107.527,0005.542,0000.967,0006
 
000566105,-00000001,-00000049,0109.809,0004.783,0000.240,0007
 
000566129,-00000001,-00000052,0111.492,0003.862,0000.483,0166
 
000566153,-00000001,000000201,0109.706,0005.042,0000.722,0006
 
000566177,-00000001,-00000055,0113.179,0003.409,0000.488,0166
 
000566201,-00000002,-00000055,0111.699,0004.764,-000.239,0006
 
000566225,-00000004,-00000054,0110.940,0005.063,-000.483,0167
 
000566249,-00000772,-00000772,0113.135,0003.138,0001.692,0006
 
000566273,-00000004,-00000055,0110.798,0005.042,0000.481,0006
 
000566297,-00000007,-00000055,0112.103,0004.120,0000.971,0167
 
000566321,-00000007,-00000055,0111.893,0004.362,0000.243,0167
 
000566345,-00000004,-00000052,0114.723,0003.683,0000.000,0166
 
000566369,-00000002,-00013879,0112.249,0003.782,0000.947,0007
 
000566393,-00000001,-00000050,0112.291,0004.764,0000.239,0006
 
000566417,000000000,000000204,0109.347,0006.021,0000.483,0006
 
000566441,000000000,-00000052,0111.776,0004.642,0000.735,0166
 
000566465,-00000001,000000204,0117.354,0002.635,0000.240,0167
 
000566489,-00000002,-00000050,0114.642,0004.052,-000.239,0006
 
000566513,-00000001,-00000055,0112.506,0004.583,0000.725,0178
 
000566537,000000003,-00000060,0110.574,0005.566,-000.243,0006
 
000566561,000000004,-00000062,0111.778,0004.563,0001.204,0006
 
000566585,000000004,-00000097,0112.170,0004.783,0000.240,0006
 
000566609,000000002,-00000097,0110.618,0005.451,0000.713,0007
 
000566633,000000000,-00000097,0112.538,0005.303,-000.242,0006
 
000566657,-00000001,-00024673,0110.698,0005.369,0001.469,0006
 
000566681,-00000004,-00000097,0114.442,0004.603,-000.486,0006
 
000566705,-00000007,-00000097,0112.129,0005.566,-000.486,0006
 
000566729,-00000004,000000159,0118.975,0002.862,-000.955,0006
 
000566753,-00000004,-00000097,0120.150,0002.193,-000.488,0006
 
000566777,-00000004,-00000097,0116.552,0003.606,0000.241,0006
 
000566801,-00000772,-00000097,0116.333,0004.452,-000.939,0006
 
000566825,-00000002,000000159,0114.694,0004.583,0000.725,0006
 
000566849,-00000004,-00000097,0113.419,0004.939,0000.472,0006
 
000566873,-00000001,-00000063,0115.355,0004.343,-000.242,0006
 
000566897,-00000001,-00000060,0117.978,0003.113,0000.959,0006
 
000566921,-00000001,-00000060,0116.381,0002.923,0000.975,0166
 
000566945,-00000001,-00000061,0110.495,0006.259,0001.209,0007
 
000566969,000000252,-00000060,0113.107,0005.259,0000.719,0167
 
000566993,-00000002,-00000061,0115.676,0004.254,0000.237,0006
 
000567017,-00000002,-00000064,0113.907,0004.864,0000.731,0166
 
000567041,-00000004,-00000097,0114.945,0004.084,0001.444,0006
 
000567065,-00000004,-00000097,0116.836,0004.035,-000.238,0006
 
000567089,000000252,000000159,0117.561,0003.193,0000.984,0166
 
000567113,-00000004,-00000097,0109.334,0006.861,0000.475,0006
 
000567137,000000249,000000159,0115.504,0004.362,0000.243,0167
 
000567161,-00000007,000000159,0114.976,0004.526,0000.477,0006
 
000567185,000000243,000000159,0113.751,0005.734,-000.959,0007
 
000567209,-00000013,-00000097,0111.461,0006.234,0000.722,0006
 
000567233,-00000013,-00000097,0112.860,0005.020,0001.438,0006
 
000567257,-00000007,-00000097,0110.916,0006.682,-000.240,0007
 
000567281,-00000007,-00000097,0112.871,0005.325,0001.214,0006
 
000567305,-00000007,-00000097,0118.485,0003.862,0000.242,0006
 
000567329,-00001543,-00024673,0117.235,0003.591,0000.959,0178
 
000567353,-00000007,-00000097,0118.063,0002.922,0001.463,0166
 
000567377,-00000007,-00000097,0119.745,0002.898,0000.483,0007
 
000567401,000000000,-00000097,0117.822,0003.636,0000.728,0006
 
000567425,000000000,-00000097,0114.166,0005.000,0000.955,0007
 
000567449,000000001,-00000097,0115.636,0004.324,0001.204,0007
 
000567473,-00000002,-00000097,0112.505,0005.709,0001.193,0007
 
000567497,-00001543,-00024673,0115.292,0005.021,0000.240,0006
 
000567521,-00000004,-00000062,0116.095,0004.783,0000.000,0006
 
000567545,-00000002,-00000064,0112.556,0006.124,0000.246,0006
 
000567569,-00000001,-00000097,0114.225,0005.303,0000.725,0178
 
000567593,-00000001,-00000097,0120.712,0003.166,-000.488,0006
 
000567617,-00000772,-00000256,0119.479,0003.126,0000.722,0166
 
000567641,-00000002,-00000097,0115.134,0005.021,0000.719,0007
 
000567665,000000000,-00000097,0118.050,0003.621,0000.967,0167
 
000567689,000000000,-00000097,0118.395,0003.351,0001.438,0006
 
000567713,000000000,-00000097,0117.192,0004.103,0000.242,0167
 
000567737,000000000,-00000097,0114.017,0005.451,0000.475,0166
 
000567761,000000001,-00000097,0122.454,0001.432,0001.193,0006
 
000567785,000000000,-00000097,0112.509,0005.807,0000.486,0006
 
000567809,-00000001,-00000097,0116.167,0004.361,0000.486,0167
 
000567833,000000000,-00000097,0115.976,0004.602,0000.728,0005
 
000567857,000000000,-00024673,0114.553,0005.520,-000.241,0166
 
000567881,000000000,-00000097,0114.326,0005.216,0000.238,0167
 
000567905,-00000002,-00000097,0114.641,0005.326,0000.243,0006
 
000567929,-00000004,000000159,0113.118,0005.520,0000.481,0006
 
000567953,000000249,-00000097,0117.991,0003.126,0001.204,0006
 
000567977,-00000008,-00000097,0114.936,0005.237,0000.477,0007
 
000568001,-00000008,-00000097,0110.824,0006.765,-000.971,0007
 
000568025,-00000007,-00000097,0118.208,0004.325,-000.241,0007
 
000568049,-00000007,-00000097,0115.043,0004.802,0001.444,0006
 
000568073,-00000004,000000159,0116.058,0004.137,0000.731,0006
 
000568097,-00000004,-00000097,0116.717,0004.306,0000.959,0007
 
000568121,-00000007,-00000097,0117.078,0003.683,0000.984,0006
 
000568145,000000249,000000159,0115.844,0004.584,0000.000,0178
 
000568169,-00000007,-00000097,0117.631,0003.798,0000.713,0006
 
000568193,-00000007,-00000097,0115.648,0004.545,0000.719,0178
 
000568217,-00000772,-00000064,0116.853,0004.052,0000.239,0006
 
000568241,-00001543,-00000256,0118.332,0003.830,0000.000,0006
 
000568265,-00000007,-00000062,0116.631,0004.086,0000.241,0007
 
000568289,-00000004,-00000060,0120.974,0002.416,0000.967,0006
 
000568313,-00000007,-00000060,0117.605,0003.606,0000.963,0006
 
000568337,-00000007,-00000061,0120.495,0002.396,0000.959,0166
 
000568361,-00000007,-00000063,0113.404,0005.042,0000.963,0006
 
000568385,-00000007,-00000097,0115.526,0004.325,0000.722,0006
 
000568409,-00000004,-00000064,0116.934,0003.830,0000.719,0006
 
000568433,-00000002,-00000060,0118.266,0003.830,-000.240,0167
 
000568457,-00000002,-00000058,0113.835,0005.042,0000.481,0006
 
000568481,-00000001,-00000056,0116.016,0004.325,0000.481,0006
 
000568505,000000252,-00000056,0116.770,0004.343,0000.000,0166
 
000568529,-00000002,-00000056,0114.375,0004.783,0000.479,0006
 
000568553,-00000001,-00000055,0118.875,0003.113,0000.479,0006
 
000568577,-00000002,-00000055,0116.692,0003.862,0000.967,0006
 
000568601,000000000,-00000050,0117.323,0003.591,0000.719,0167
 
000568625,000000000,-00000049,0115.454,0004.564,0000.481,0006
 
000568649,-00000001,-00000052,0115.228,0004.844,0000.243,0006
 
000568673,000000000,-00000052,0114.037,0005.042,0000.481,0168
 
000568697,000000000,-00000050,0114.145,0004.803,0000.241,0006
 
000568721,000000000,-00000052,0115.512,0004.102,0000.967,0006
 
000568745,000000000,-00000055,0115.013,0004.545,0000.000,0178
 
000568769,000000000,-00000057,0119.233,0003.381,0000.000,0168
 
000568792,-00000001,-00000061,0120.668,0002.936,0000.000,0006
 
000568817,-00000002,-00000063,0113.790,0004.544,0001.198,0007
 
000568841,-00000004,-00000097,0113.793,0004.782,0001.438,0006
 
000568865,-00000007,-00000097,0111.592,0006.022,0000.242,0007
 
000568889,-00000004,-00000097,0114.943,0004.783,0000.719,0006
 
000568913,-00000004,-00000097,0109.948,0005.806,0000.728,0007
 
000568937,-00000007,-00000097,0116.872,0004.069,0000.000,0006
 
000568961,-00000002,-00000097,0113.656,0004.525,0001.193,0007
 
000568985,-00000004,-00000097,0120.032,0002.635,0000.719,0006
 
000569009,-00000001,-00000097,0114.233,0005.042,0000.241,0007
 
000569033,-00000001,-00000097,0111.243,0005.947,0000.000,0006
 
000569057,-00000004,-00000097,0114.292,0004.783,0000.959,0006
 
000569081,-00000008,-00000097,0115.495,0003.862,0000.967,0006
 
000569105,-00000013,000000159,0114.578,0004.342,0001.209,0166
 
000569129,-00000013,-00000097,0118.741,0003.113,0000.479,0006
 
000569153,-00000013,-00000097,0112.909,0005.758,-000.241,0006
 
000569177,-00000013,-00000097,0116.234,0004.325,0000.722,0006
 
000569201,-00000013,-00000097,0117.553,0003.912,0000.245,0006
 
000569225,-00000013,-00000097,0120.684,0002.426,0000.728,0166
 
000569249,-00000014,-00000097,0118.424,0003.380,0000.725,0006
 
000569273,-00000013,-00000097,0121.258,0002.657,-000.242,0006
 
000569297,-00000007,-00000097,0119.460,0003.591,-000.240,0006
 
000569321,-00000004,-00000061,0123.049,0002.396,0000.240,0006
 
000569345,-00000007,-00000097,0119.268,0003.153,0000.728,0167
 
000569369,-00000007,-00000061,0116.717,0003.829,0001.438,0006
 
000569393,-00000007,-00000058,0119.462,0004.086,0000.000,0006
 
000569417,-00000007,-00000057,0123.253,0002.898,-000.483,0006
 
000569441,-00000007,-00000055,0118.123,0003.895,0000.488,0006
 
000569465,-00000007,-00000050,0117.678,0004.545,0000.240,0006
 
000569489,-00000004,-00000049,0113.610,0005.519,0001.204,0006
 
000569513,-00000007,-00000052,0118.455,0003.845,0000.963,0178
 
000569537,-00000004,000000204,0117.781,0003.862,0000.967,0006
 
000569561,-00000007,-00000049,0117.195,0004.508,0000.238,0006
 
000569585,-00000007,-00000049,0115.083,0005.063,0000.483,0007
 
000569609,-00000004,-00000049,0119.176,0004.052,0000.477,0007
 
000569633,-00000002,-00000049,0115.078,0005.042,0000.963,0006
 
000569657,-00000004,-00000049,0119.001,0003.829,0001.198,0006
 
000569681,-00000007,-00000049,0119.242,0003.846,0000.722,0006
 
000569705,-00000007,-00000049,0117.996,0004.306,0000.959,0006
 
000569729,-00000004,-00000049,0118.614,0004.289,0000.716,0007
 
000569753,-00000001,-00000049,0114.068,0005.972,-000.240,0167
 
000569777,-00000002,-00000049,0114.385,0005.782,0000.000,0006
 
000569801,-00000001,-00000049,0122.624,0003.100,0000.477,0006
 
000569825,-00000001,000000207,0116.434,0005.259,0000.240,0006
 
000569849,-00000002,-00000049,0118.765,0004.564,0000.000,0006
 
000569873,-00000002,000000207,0114.932,0005.566,0000.486,0006
 
000569897,000000000,-00000049,0119.886,0003.606,0000.481,0006
 
000569921,-00000001,-00000049,0119.155,0003.830,0000.479,0166
 
000569945,-00000002,000000207,0118.515,0004.271,0000.713,0167
 
000569969,-00000001,-00000049,0117.718,0004.584,0000.000,0006
 
000569993,-00000002,-00000049,0115.932,0005.303,0000.242,0006
 
000570017,-00000001,-00000049,0115.188,0005.281,0000.722,0006
 
000570041,000000000,000000207,0120.736,0003.139,0000.967,0166
 
000570065,-00000001,-00000030,0118.546,0004.583,0000.242,0167
 
000570089,-00000001,-00000028,0119.980,0004.068,0000.719,0167
 
000570113,000000000,-00000028,0119.461,0004.102,0000.967,0167
 
000570137,000000000,-00000028,0117.459,0004.783,0000.719,0167
 
000570161,000000000,-00000028,0121.952,0003.338,0000.239,0178
 
000570185,000000000,-00000025,0117.717,0004.564,0000.481,0178
 
000570209,-00000002,-00000025,0118.281,0004.583,0000.242,0167
 
000570233,-00000002,-00000025,0117.875,0004.526,0000.716,0006
 
000570257,-00000002,-00000025,0116.315,0004.783,0000.719,0006
 
000570281,-00000004,-00000026,0116.473,0005.303,0000.483,0006
 
000570305,-00000004,-00000028,0118.020,0004.603,0000.486,0007
 
000570329,-00000004,-00000026,0120.894,0003.862,0000.242,0006
 
000570353,-00000004,-00000025,0117.913,0004.564,0000.963,0007
 
000570377,-00000004,-00000025,0115.690,0005.063,0000.967,0006
 
000570401,-00000004,-00000025,0116.823,0005.085,0000.000,0006
 
000570425,-00000002,-00000025,0120.839,0004.052,0000.239,0006
 
000570449,-00000004,-00000025,0118.028,0004.545,0000.959,0007
 
000570473,-00000002,-00000025,0121.429,0003.637,0000.243,0006
 
000570497,-00000002,-00000025,0119.442,0003.830,0000.719,0006
 
000570521,000000000,-00000016,0119.735,0004.343,0000.483,0006
 
000570545,-00000001,-00000013,0119.485,0004.085,0000.481,0006
 
000570569,000000000,-00000013,0121.793,0003.576,0000.239,0006
 
000570593,000000000,000000243,0120.688,0003.621,0000.483,0006
 
000570617,-00000001,-00000007,0120.551,0003.830,0000.479,0006
 
000570641,-00000001,-00000002,0121.769,0003.621,0000.483,0006
 
000570665,000000000,-00000001,0119.114,0004.564,0000.241,0006
 
000570689,000000000,-00000001,0118.114,0004.583,0000.242,0007
 
000570713,000000000,-00000001,0118.732,0004.307,0000.479,0006
 
000570737,000000000,000000000,0119.090,0004.289,0000.716,0006
 
000570761,000000000,000000000,0120.316,0004.103,0000.242,0006
 
000570785,000000000,000000000,0118.819,0004.343,0000.483,0006
 
000570809,000000000,000000000,0117.045,0004.602,0000.728,0006
 
000570833,000000000,000000000,0118.662,0004.325,0000.481,0006
 
000570857,000000000,000000000,0119.390,0004.052,0000.477,0007
 
000570881,000000000,000000000,0120.323,0004.307,0000.479,0007
 
000570905,000000000,000000000,0118.703,0004.307,0000.479,0007
 
000570929,000000000,000000000,0117.508,0004.583,0000.483,0007
 
000570953,000000000,000000000,0118.251,0004.289,0000.477,0007
 
000570977,000000000,000000000,0120.284,0004.085,0000.481,0006
 
000571001,000000000,000000000,0119.093,0004.564,0000.481,0007
 
000571025,000000000,000000000,0118.337,0004.343,0000.242,0006
 
000571049,000000000,-00000001,0125.366,0001.833,0000.458,0006
 
000571073,000000000,-00000004,0120.874,0003.752,0000.470,0166
 
000571097,000000000,-00000004,0117.892,0004.744,0000.238,0166
 
000571121,000000001,000000249,0116.049,0004.864,0000.488,0006
 
000571145,000000000,-00000004,0119.319,0003.606,0000.963,0166
 
000571169,000000000,-00000004,0120.213,0003.830,0000.479,0007
 
000571193,000000000,-00000001,0118.046,0004.343,0000.483,0166
 
000571217,000000000,000000000,0118.045,0004.343,0000.242,0166
 
000571241,000000000,000000000,0117.550,0004.289,0000.716,0167
 
000571265,000000000,000000000,0117.778,0004.307,0000.240,0166
 
000571289,000000000,000000000,0118.034,0004.325,0000.481,0167
 
000571313,000000000,000000000,0119.104,0004.085,0000.481,0167
 
000571337,000000000,000000000,0118.172,0004.362,0000.243,0006
 
000571361,000000000,000000000,0117.513,0004.545,0000.479,0167
 
000571385,000000000,000000000,0118.894,0004.068,0000.479,0006
 
000571409,000000000,000000000,0117.893,0004.361,0000.486,0178
 
000571433,000000000,000000000,0119.427,0004.086,0000.241,0007
 
000571457,000000000,000000000,0118.842,0004.583,0000.242,0007
 
000571481,000000000,000000000,0118.583,0004.564,0000.481,0006
 
000571505,000000000,000000000,0116.855,0004.783,0000.719,0007
 
000571529,000000000,000000000,0119.159,0004.325,0000.000,0007
 
000571553,000000000,000000000,0118.757,0004.307,0000.240,0006
 
000571577,000000000,000000000,0119.714,0004.086,0000.241,0006
 
000571601,000000000,000000000,0119.928,0003.830,0000.479,0006
 
000571625,000000000,000000000,0119.174,0004.103,0000.483,0006
 
000571649,000000000,000000000,0118.015,0004.307,0000.479,0006
 
000571673,000000000,000000000,0118.328,0004.545,0000.240,0006
 
000571697,000000000,000000000,0118.191,0004.545,0000.479,0006
 
000571721,000000000,000000000,0119.143,0004.343,0000.483,0007
 
000571745,000000000,000000000,0119.116,0004.325,0000.241,0006
 
000571769,000000000,000000000,0118.022,0004.545,0000.479,0006
 
000571793,000000000,000000000,0118.978,0004.018,0000.710,0006
 
000571817,000000000,000000000,0118.584,0004.343,0000.483,0006
 
000571841,000000000,000000000,0117.518,0004.583,0000.483,0166
 
000571865,000000000,000000000,0118.904,0004.343,0000.483,0006
 
000571889,000000000,000000000,0118.648,0004.343,0000.725,0007
 
000571913,000000000,000000000,0118.517,0004.085,0000.481,0167
 
000571937,000000000,000000000,0118.595,0004.361,0000.486,0006
 
000571961,000000000,000000000,0117.315,0004.603,0000.486,0167
 
000571985,000000000,000000000,0118.215,0004.289,0000.477,0167
 
000572009,000000000,000000000,0118.575,0004.361,0000.486,0006
 
000572033,000000000,000000000,0116.504,0004.803,0000.481,0167
 
000572057,000000000,000000000,0117.808,0004.545,0000.479,0166
 
000572081,000000000,000000000,0117.607,0004.583,0000.725,0167
 
000572105,000000000,000000000,0118.463,0004.603,0000.486,0166
 
000572129,000000000,000000000,0119.418,0004.086,0000.241,0006
 
