000427283,000000000,000000000,0113.009,0004.137,0000.488,0167
 
000427307,000000000,000000000,0112.178,0004.343,0000.725,0006
 
000427331,000000000,000000000,0112.898,0004.102,0000.725,0166
 
000427355,000000000,000000000,0112.590,0004.120,0000.486,0006
 
000427379,000000000,000000000,0112.254,0004.362,0000.243,0178
 
000427403,000000000,000000000,0112.626,0004.361,0000.728,0006
 
000427427,000000000,000000000,0112.885,0003.878,0000.728,0006
 
000427451,000000000,000000000,0113.650,0003.830,0000.719,0006
 
000427475,000000000,000000000,0112.588,0004.102,0000.725,0006
 
000427499,000000000,000000000,0112.687,0004.086,0000.241,0006
 
000427523,000000000,000000000,0112.632,0003.846,0000.722,0007
 
000427547,000000000,000000000,0111.760,0004.343,0000.725,0007
 
000427571,000000000,000000000,0112.042,0004.343,0000.725,0006
 
000427595,000000000,000000000,0113.530,0003.862,0000.483,0006
 
000427619,000000000,000000000,0112.666,0004.343,0000.725,0006
 
000427643,000000000,000000000,0113.271,0003.830,0000.240,0006
 
000427667,000000000,000000000,0112.472,0004.399,0000.490,0006
 
000427691,000000000,000000000,0113.782,0003.637,0000.486,0006
 
000427715,000000000,000000000,0111.865,0004.343,0000.483,0006
 
000427739,000000000,000000000,0113.034,0004.085,0000.481,0006
 
000427763,000000000,000000000,0111.956,0004.102,0000.725,0006
 
000427787,000000000,000000000,0112.719,0004.343,0000.242,0006
 
000427811,000000000,000000000,0112.959,0004.120,0000.486,0006
 
000427835,000000000,000000000,0112.094,0004.085,0000.722,0006
 
000427859,000000000,000000000,0113.046,0004.138,0000.244,0006
 
000427883,000000000,000000000,0112.287,0004.085,0000.481,0006
 
000427907,000000000,000000000,0113.843,0003.814,0000.477,0006
 
000427931,000000000,000000000,0112.321,0004.325,0000.481,0166
 
000427955,000000000,000000000,0112.239,0004.325,0000.722,0006
 
000427979,000000000,000000000,0111.961,0004.324,0000.963,0167
 
000428003,000000000,000000000,0112.623,0004.120,0000.728,0006
 
000428027,000000000,000000000,0112.361,0004.120,0000.486,0167
 
000428051,000000000,000000000,0113.333,0004.102,0000.725,0166
 
000428075,000000000,000000000,0112.561,0003.846,0000.722,0167
 
000428099,000000000,000000000,0112.375,0004.361,0000.486,0167
 
000428123,000000000,000000000,0112.321,0004.325,0000.481,0167
 
000428147,000000000,000000000,0112.260,0003.894,0000.975,0167
 
000428171,000000000,000000000,0112.668,0004.343,0000.483,0007
 
000428195,000000000,000000000,0113.787,0003.591,0000.479,0178
 
000428219,000000000,000000000,0113.177,0004.137,0000.488,0006
 
000428243,000000000,000000000,0112.009,0004.583,0000.725,0007
 
000428267,000000000,000000000,0112.578,0004.085,0000.722,0007
 
000428291,000000000,000000000,0113.354,0004.034,0000.951,0006
 
000428315,000000000,000000000,0112.382,0004.361,0000.486,0006
 
000428339,000000000,000000000,0113.512,0004.103,0000.242,0006
 
000428363,000000000,000000000,0112.684,0003.846,0000.722,0006
 
000428387,000000000,000000000,0111.808,0004.343,0000.725,0006
 
000428411,000000000,000000000,0112.511,0004.399,0000.245,0006
 
000428435,000000000,000000000,0113.387,0003.830,0000.719,0006
 
000428459,000000000,000000000,0112.736,0003.846,0000.241,0006
 
000428483,000000000,000000000,0112.449,0004.343,0000.483,0006
 
000428507,000000000,000000000,0113.237,0004.103,0000.483,0006
 
000428531,000000000,000000000,0113.102,0003.846,0000.481,0007
 
000428555,000000000,000000000,0113.542,0003.862,0000.483,0006
 
000428579,000000000,000000000,0113.757,0003.878,0000.243,0006
 
000428603,000000000,000000000,0112.306,0004.051,0000.716,0006
 
000428627,000000000,000000000,0113.068,0004.086,0000.241,0006
 
000428651,000000000,000000000,0113.875,0004.137,0000.488,0006
 
000428675,000000000,000000000,0113.170,0003.862,0000.483,0006
 
000428699,000000000,000000000,0113.200,0003.862,0000.483,0006
 
000428723,000000000,000000000,0111.867,0004.564,0000.481,0006
 
000428747,000000000,000000000,0112.675,0004.103,0000.483,0006
 
000428771,000000000,000000000,0112.087,0004.361,0000.728,0006
 
000428795,000000000,-00000004,0107.443,0006.021,0000.725,0007
 
000428819,000000000,-00000013,0112.861,0003.652,0000.488,0006
 
000428843,000000000,-00000014,0111.654,0004.120,0000.728,0007
 
000428867,000000000,-00000025,0114.865,0002.886,0000.241,0006
 
000428891,-00000004,-00000025,0113.240,0003.862,0000.000,0006
 
000428915,-00000004,-00000025,0111.331,0004.603,0000.243,0006
 
000428939,-00000004,-00000025,0109.383,0005.566,0000.243,0007
 
000428963,000000000,-00000029,0109.581,0005.259,0000.959,0005
 
000428987,-00000001,-00000032,0111.676,0004.380,0000.244,0006
 
000429011,-00000002,-00000049,0110.449,0005.281,0000.241,0006
 
000429035,-00000001,000000207,0111.397,0004.823,0000.483,0006
 
000429059,000000001,000000207,0112.740,0004.288,0001.193,0006
 
000429083,000000003,-00000049,0113.654,0004.052,0000.477,0166
 
000429107,000000002,000000207,0113.087,0004.564,-000.722,0007
 
000429131,000000000,000000207,0112.334,0004.068,0001.198,0006
 
000429155,000000000,-00000049,0113.058,0003.636,0001.214,0006
 
000429179,000000001,000000207,0113.507,0003.366,0000.722,0166
 
000429203,000000001,-00000049,0111.341,0003.877,0001.456,0006
 
000429227,000000000,-00000049,0111.264,0004.783,0000.959,0167
 
000429251,-00000002,-00012337,0112.424,0004.526,0000.239,0007
 
000429275,-00000001,-00000049,0113.277,0003.606,0000.481,0006
 
000429299,-00000002,-00000049,0111.922,0004.526,-000.239,0167
 
000429323,-00000002,-00000049,0112.803,0004.120,0000.728,0006
 
000429347,-00000004,-00000049,0113.799,0003.561,0000.713,0166
 
000429371,-00000004,-00000049,0110.796,0004.823,0000.725,0007
 
000429395,-00000004,-00000049,0111.342,0004.525,0001.432,0178
 
000429419,-00000002,-00000049,0112.291,0004.085,0000.722,0006
 
000429443,-00000001,-00000049,0111.516,0004.864,0000.731,0178
 
000429467,-00000004,-00000049,0114.969,0002.897,0001.692,0006
 
000429491,-00000004,-00000049,0106.945,0006.682,0000.240,0006
 
000429515,-00000002,000000207,0113.664,0003.409,0000.731,0006
 
000429539,-00000004,-00012337,0115.262,0003.140,0000.483,0007
 
000429563,-00000007,-00000052,0114.197,0003.830,0000.479,0006
 
000429587,-00000002,000000201,0113.917,0003.380,0001.450,0007
 
000429611,000000000,-00000052,0112.739,0004.802,-001.204,0006
 
000429635,-00000001,-00000052,0109.890,0005.392,0001.475,0007
 
000429659,-00000004,-00000053,0109.808,0005.371,0000.735,0006
 
000429683,-00000002,-00000055,0108.593,0005.804,0001.699,0006
 
000429707,-00000002,-00000055,0112.921,0004.155,0000.979,0006
 
000429731,-00000001,-00000055,0114.061,0003.606,0000.963,0007
 
000429755,-00000004,-00000055,0116.808,0002.183,0001.941,0007
 
000429779,-00000002,-00000050,0109.729,0005.898,0000.710,0006
 
000429803,-00000004,-00000049,0115.620,0003.126,0000.722,0006
 
000429827,-00000004,-00000052,0117.252,0003.126,0000.241,0007
 
000429851,-00000002,-00000052,0114.344,0004.545,0000.240,0006
 
000429875,-00000004,-00000049,0115.644,0003.380,0000.967,0166
 
000429899,-00000004,-00000049,0114.047,0003.589,0001.917,0006
 
000429923,-00000007,-00000049,0112.698,0005.085,0000.486,0167
 
000429947,-00000004,-00000049,0114.955,0004.325,-000.481,0006
 
000429971,-00000004,-00012337,0114.271,0004.086,0000.000,0006
 
000429995,-00000002,-00000049,0114.406,0004.120,0000.728,0007
 
000430019,-00000001,-00000049,0114.722,0003.830,0000.000,0006
 
000430043,-00000001,-00000049,0113.890,0003.667,0001.469,0006
 
000430067,-00000001,-00000050,0110.874,0005.542,0000.967,0006
 
000430091,-00000001,-00000055,0109.927,0006.021,0000.967,0166
 
000430115,-00000002,-00000057,0116.928,0002.923,0000.244,0007
 
000430139,-00000002,-00000060,0115.006,0003.878,0000.728,0178
 
000430163,000000252,-00000062,0110.131,0005.496,0000.719,0006
 
000430187,-00000004,-00000097,0110.476,0005.344,0002.193,0007
 
000430211,-00000004,-00000097,0108.946,0005.751,0002.886,0177
 
000430235,-00000002,-00024673,0114.726,0004.545,-000.719,0006
 
000430259,-00000004,-00000097,0118.708,0002.203,0000.000,0007
 
000430283,-00000007,-00000097,0113.886,0003.631,0003.153,0006
 
000430307,-00000007,-00000097,0111.050,0005.589,0000.731,0006
 
000430331,-00000004,-00000097,0112.618,0005.281,0000.241,0178
 
000430355,-00001543,000000249,0115.863,0003.310,0001.420,0006
 
000430379,-00000004,-00000097,0117.543,0002.680,0000.975,0167
 
000430403,-00000001,-00000097,0113.232,0005.303,0000.483,0178
 
000430427,-00000001,-00000063,0113.627,0005.303,0000.000,0167
 
000430451,000000000,-00000064,0112.871,0004.782,0001.198,0167
 
000430475,-00000001,-00000061,0112.496,0005.259,0000.479,0166
 
000430499,-00000002,-00000058,0115.304,0004.307,0000.240,0006
 
000430523,-00000002,-00000055,0117.387,0003.352,0000.240,0006
 
000430547,000000000,000000204,0111.475,0006.022,-000.242,0007
 
000430571,000000000,-00000049,0111.898,0005.590,0000.244,0006
 
000430595,-00000001,-00000049,0115.848,0003.845,0001.204,0007
 
000430619,-00000001,-00000049,0110.423,0006.260,0000.483,0006
 
000430643,-00000001,-00000052,0109.912,0006.312,0001.219,0166
 
000430667,-00000001,-00000052,0111.987,0005.782,0000.000,0006
 
000430691,-00000004,-00000052,0117.297,0003.591,0000.240,0007
 
000430715,-00000002,-00000052,0115.621,0003.621,0000.967,0006
 
000430739,000000252,000000201,0109.577,0005.804,0001.699,0167
 
000430763,-00000004,-00000056,0115.635,0004.307,0000.240,0006
 
000430787,-00000007,-00000058,0115.639,0003.829,0000.959,0167
 
000430811,-00000007,-00000061,0110.475,0006.046,0000.971,0006
 
000430835,-00000007,-00000063,0110.312,0006.071,0001.219,0167
 
000430859,000000249,000000159,0110.651,0006.527,0000.000,0007
 
000430883,-00000007,-00000063,0117.892,0003.621,-000.242,0006
 
000430907,-00000007,-00000062,0114.247,0004.564,0000.722,0006
 
000430931,-00001543,-00000256,0117.557,0004.325,-000.481,0006
 
000430955,-00000004,-00000058,0112.642,0005.734,0000.479,0166
 
000430979,000000249,-00000055,0114.295,0005.021,0000.479,0006
 
000431003,-00000004,-00000055,0116.499,0004.069,0000.000,0006
 
000431027,-00000004,-00000055,0118.076,0002.911,0000.728,0007
 
000431051,-00000002,-00000052,0115.657,0004.380,0000.488,0006
 
000431075,-00000002,-00000052,0117.366,0003.352,0000.959,0007
 
000431099,-00000002,-00000055,0113.737,0004.763,0000.955,0006
 
000431123,-00000002,-00000055,0119.098,0002.635,0000.719,0006
 
000431147,-00000002,-00000055,0115.562,0004.307,0000.240,0007
 
000431171,-00000002,-00000050,0119.443,0002.862,0000.716,0007
 
000431195,-00000002,-00000049,0116.801,0003.606,0000.722,0006
 
000431219,-00000002,-00000049,0117.516,0003.637,0000.486,0006
 
000431243,-00000001,000000207,0117.715,0003.366,0000.481,0006
 
000431267,-00000004,-00000049,0117.203,0003.381,0000.483,0007
 
000431291,-00000001,000000207,0116.258,0003.380,0001.209,0166
 
000431315,000000000,-00000049,0117.197,0003.846,-000.241,0007
 
000431339,000000000,-00000049,0112.998,0004.583,0000.725,0166
 
000431363,-00000001,-00000049,0115.719,0003.576,0000.955,0007
 
000431387,-00000001,-00000049,0116.002,0003.621,0000.483,0166
 
000431411,000000000,-00012337,0113.609,0004.583,0000.967,0006
 
000431435,000000000,-00000049,0114.064,0004.380,0000.731,0167
 
000431459,000000001,-00000049,0111.029,0005.520,0000.241,0006
 
000431483,000000000,-00000049,0111.830,0005.348,0000.488,0166
 
000431507,-00000001,-00000049,0113.017,0004.803,0000.481,0166
 
000431531,-00000001,000000207,0117.388,0002.862,0001.193,0006
 
000431555,-00000004,-00000049,0111.973,0005.042,0000.241,0006
 
000431579,-00000004,-00000049,0111.016,0005.782,0000.483,0166
 
000431603,-00000002,-00000049,0114.193,0004.526,0000.716,0006
 
000431627,-00000004,-00000052,0113.304,0004.622,0000.975,0167
 
000431651,-00000007,-00000055,0111.869,0005.326,0000.486,0007
 
000431675,-00000007,-00000058,0116.355,0003.636,0000.728,0006
 
000431699,-00000004,-00000058,0118.744,0002.911,0000.243,0006
 
000431723,-00000004,-00000056,0110.609,0005.734,0000.000,0178
 
000431747,-00000004,-00000055,0119.787,0001.925,0000.481,0006
 
000431771,000000252,-00000055,0116.321,0003.846,0000.000,0006
 
000431795,-00000004,-00000050,0118.846,0002.447,0000.490,0166
 
000431819,-00000004,-00000049,0113.839,0004.307,0000.479,0166
 
000431843,-00000002,000000207,0112.746,0004.763,0000.716,0007
 
000431867,-00000772,-00000772,0117.920,0002.668,0000.728,0007
 
000431891,-00000001,000000207,0113.991,0004.307,0000.240,0167
 
000431915,000000000,-00000049,0111.677,0005.001,0000.239,0167
 
000431939,000000000,000000207,0111.207,0005.042,0000.241,0006
 
000431963,-00000001,-00012337,0111.744,0005.281,0000.722,0006
 
000431987,-00000002,-00000049,0116.139,0003.152,0000.971,0006
 
000432011,-00000001,-00000049,0113.959,0003.845,0000.963,0006
 
000432035,000000252,-00000049,0111.215,0005.000,0000.477,0006
 
000432059,-00000001,-00000049,0112.103,0004.824,0000.242,0166
 
000432083,-00000001,-00000049,0114.482,0003.830,0000.719,0007
 
000432107,000000000,-00000049,0113.488,0004.325,0000.722,0006
 
000432131,-00000001,-00000049,0114.529,0003.878,0000.728,0166
 
000432155,000000000,-00012337,0109.739,0005.566,0000.000,0007
 
000432179,000000000,-00000049,0112.485,0004.380,0000.731,0006
 
000432203,000000001,-00000032,0112.128,0004.603,0000.243,0007
 
000432227,000000001,-00000030,0113.412,0004.545,0000.000,0006
 
000432251,000000000,-00000029,0110.514,0005.303,0000.483,0006
 
000432275,-00000001,-00000029,0111.065,0004.803,0000.722,0006
 
000432299,000000000,-00000030,0114.076,0003.591,0000.719,0167
 
000432323,000000000,-00000030,0113.113,0004.085,0000.481,0006
 
000432347,-00000002,-00000027,0111.006,0005.042,0000.481,0007
 
000432371,-00000001,-00000026,0111.176,0004.824,0000.242,0177
 
000432395,-00000001,-00000025,0111.774,0004.343,0000.483,0167
 
000432419,-00000001,-00000026,0111.718,0004.545,0000.479,0006
 
000432443,-00000001,-00000028,0113.090,0004.325,0000.000,0178
 
000432467,-00000001,-00000026,0110.906,0005.000,0000.477,0006
 
000432491,-00000001,-00000025,0111.818,0004.564,0000.963,0006
 
000432515,-00000001,-00000025,0111.968,0004.803,0000.481,0006
 
000432539,-00000001,-00000025,0113.426,0004.068,0000.479,0006
 
000432563,-00000001,-00000025,0110.008,0005.042,0000.722,0006
 
000432587,-00000001,-00000025,0110.989,0005.303,0000.483,0006
 
000432611,000000000,-00000025,0113.796,0004.068,0000.479,0006
 
000432635,-00000002,-00000026,0109.883,0005.021,0000.479,0007
 
000432659,-00000002,-00000026,0112.126,0004.343,0000.483,0007
 
000432683,-00000001,-00000025,0111.764,0004.823,0000.725,0006
 
000432707,000000000,-00000025,0112.336,0004.583,0000.483,0006
 
000432731,-00000001,-00000025,0112.723,0004.068,0000.959,0006
 
000432755,-00000002,000000231,0113.113,0004.289,0000.477,0006
 
000432779,-00000001,-00000025,0118.168,0002.406,0000.481,0006
 
000432803,-00000001,-00000016,0114.479,0003.862,0000.242,0166
 
000432827,000000000,-00000015,0112.009,0004.545,0000.719,0006
 
000432851,000000000,-00000016,0112.648,0004.289,0000.716,0166
 
000432875,000000000,000000231,0111.621,0004.583,0000.483,0006
 
000432899,000000000,-00006169,0113.872,0004.307,0000.000,0006
 
000432923,000000000,-00000025,0113.088,0004.120,0000.728,0006
 
000432947,-00000001,-00000025,0112.589,0004.289,0000.716,0007
 
000432971,-00000002,-00000025,0116.091,0003.100,0000.477,0167
 
000432995,-00000002,-00006169,0114.580,0003.591,0000.479,0006
 
000433019,000000000,-00000016,0113.593,0003.862,0000.483,0006
 
000433043,000000000,-00000013,0113.821,0003.621,0000.483,0166
 
000433067,000000000,-00000008,0113.833,0003.862,0000.483,0006
 
000433091,-00000001,-00000004,0113.828,0004.120,0000.000,0167
 
000433115,000000000,-00000002,0112.682,0004.325,0000.481,0006
 
000433139,000000000,000000000,0113.401,0004.035,0000.475,0006
 
000433163,000000000,000000000,0112.527,0004.583,0000.242,0007
 
000433187,000000000,000000000,0111.596,0004.603,0000.243,0178
 
000433211,000000000,000000000,0114.374,0003.862,0000.483,0006
 
000433235,000000000,000000000,0112.879,0004.325,0000.481,0006
 
000433259,000000000,000000000,0114.030,0004.103,0000.000,0178
 
000433283,000000000,000000000,0112.493,0004.583,0000.483,0006
 
000433307,000000000,000000000,0114.108,0004.068,0000.479,0006
 
000433331,000000000,000000000,0112.957,0004.307,0000.240,0006
 
000433355,000000000,000000000,0113.785,0004.069,0000.240,0006
 
000433379,000000000,000000252,0112.996,0004.399,0000.490,0006
 
000433403,000000000,-00000004,0112.098,0004.343,0000.242,0007
 
000433427,-00000001,-00001543,0112.023,0004.325,0000.241,0006
 
000433451,-00000001,-00000004,0114.920,0003.366,0000.241,0006
 
000433475,000000000,-00000772,0114.611,0003.591,0000.479,0007
 
000433499,000000000,000000000,0114.141,0003.783,0000.237,0007
 
000433523,000000000,000000000,0112.978,0004.307,0000.479,0006
 
000433547,000000000,000000000,0112.088,0004.564,0000.481,0006
 
000433571,000000000,000000000,0113.155,0004.343,0000.483,0006
 
000433595,000000000,000000000,0112.352,0004.545,0000.719,0166
 
000433619,000000000,000000000,0112.778,0004.361,0000.728,0007
 
000433643,000000000,000000000,0111.714,0004.343,0000.725,0006
 
000433667,000000000,000000000,0111.964,0004.545,0000.240,0166
 
000433691,000000000,000000000,0112.304,0004.325,0000.241,0167
 
000433715,000000000,000000000,0112.694,0004.068,0000.479,0167
 
000433739,000000000,000000000,0112.505,0004.343,0000.483,0167
 
000433763,000000000,000000000,0111.517,0004.545,0000.479,0166
 
000433787,000000000,000000000,0111.880,0004.564,0000.241,0167
 
000433811,000000000,000000000,0113.682,0004.103,0000.242,0167
 
000433835,000000000,000000000,0111.348,0004.583,0000.242,0166
 
000433859,000000000,000000000,0112.212,0004.325,0000.481,0167
 
000433883,000000000,000000000,0112.818,0004.289,0000.477,0166
 
000433907,000000000,000000000,0112.104,0004.343,0000.725,0006
 
000433931,000000000,000000000,0112.295,0004.325,0000.481,0006
 
000433955,000000000,000000000,0111.987,0004.583,0000.725,0006
 
000433979,000000000,000000000,0113.696,0004.085,0000.481,0006
 
000434003,000000000,000000000,0114.602,0003.814,0000.477,0007
 
000434027,000000000,000000000,0114.031,0004.138,0000.244,0007
 
000434051,000000000,000000000,0114.135,0004.085,0000.481,0006
 
000434075,000000000,000000000,0112.133,0004.325,0000.481,0006
 
000434099,000000000,000000000,0112.205,0004.307,0000.479,0006
 
000434123,000000000,000000000,0112.713,0004.343,0000.725,0006
 
000434147,000000000,000000000,0114.620,0004.052,0000.239,0006
 
000434171,000000000,000000000,0113.659,0004.120,0000.000,0006
 
000434195,000000000,000000000,0113.222,0004.325,0000.481,0007
 
000434219,000000000,000000000,0113.121,0004.307,0000.719,0006
 
000434243,000000000,000000000,0112.873,0004.325,0000.481,0007
 
000434267,000000000,000000000,0112.145,0004.362,0000.243,0006
 
000434291,000000000,000000000,0113.650,0004.018,0000.710,0006
 
000434315,000000000,000000000,0112.315,0004.583,0000.483,0006
 
000434339,000000000,000000000,0113.123,0004.325,0000.481,0006
 
000434363,000000000,000000000,0113.908,0004.137,0000.488,0006
 
000434387,000000000,000000000,0112.535,0004.325,0000.481,0006
 
000434411,000000000,000000000,0112.621,0004.325,0000.481,0166
 
000434435,000000000,000000000,0111.718,0004.380,0000.488,0006
 
000434459,000000000,000000000,0110.998,0004.823,0000.483,0006
 
000434483,000000000,000000000,0113.123,0004.325,0000.481,0006
 
000434507,000000000,000000000,0111.567,0004.271,0000.951,0006
 
000434531,000000000,000000000,0113.147,0004.103,0000.242,0006
 
000434555,000000000,000000000,0112.899,0004.325,0000.481,0006
 
000434579,000000000,000000000,0113.761,0004.307,0000.719,0167
 
000434603,000000000,000000000,0113.012,0004.545,0000.240,0006
 
000434627,000000000,000000000,0112.902,0004.307,0000.240,0167
 
000434651,000000000,-00000001,0087.745,0012.575,0001.420,0166
 
000434675,000000000,-00000004,0113.919,0003.621,0000.725,0006
 
000434699,000000000,-00000004,0113.545,0003.846,0000.481,0178
 
000434723,000000000,000000000,0112.820,0004.103,0000.483,0007
 
000434747,000000000,000000000,0113.108,0004.103,0000.242,0178
 
000434771,000000000,000000000,0112.685,0004.120,0000.486,0006
 
000434795,000000000,000000000,0112.423,0004.085,0000.722,0007
 
000434819,000000000,000000000,0111.876,0004.783,0000.240,0006
 
000434843,000000000,000000000,0113.018,0004.086,0000.241,0007
 
000434867,000000000,000000000,0111.300,0004.306,0000.959,0006
 
000434891,000000000,000000000,0113.159,0004.325,0000.241,0006
 
000434915,000000000,000000000,0111.987,0004.583,0000.483,0006
 
000434939,000000000,000000000,0112.535,0004.583,0000.483,0006
 
000434963,000000000,000000000,0114.452,0004.052,0000.239,0006
 
000434987,000000000,000000000,0113.438,0004.325,0000.241,0006
 
000435011,000000000,000000000,0113.375,0004.085,0000.481,0006
 
000435035,000000000,000000000,0111.893,0004.583,0000.483,0006
 
000435059,000000000,000000000,0112.877,0004.069,0000.240,0006
 
000435083,000000000,000000000,0111.922,0004.361,0000.728,0006
 
000435107,000000000,000000000,0112.127,0004.583,0000.483,0006
 
000435131,000000000,000000000,0112.726,0004.325,0000.722,0006
 
000435155,000000000,000000000,0112.190,0004.803,0000.722,0166
 
000435179,000000000,000000000,0112.041,0004.289,0000.477,0006
 
000435203,000000000,000000000,0111.644,0004.325,0000.481,0006
 
000435227,000000000,000000000,0114.340,0003.846,0000.241,0007
 
000435251,000000000,000000000,0113.468,0004.325,0000.481,0007
 
