000351990,000000000,000000000,0117.683,0003.814,0000.477,0006
 
000352015,000000000,000000000,0115.847,0004.622,0000.731,0168
 
000352039,000000000,000000000,0117.684,0003.878,0000.486,0179
 
000352063,000000000,000000000,0115.188,0004.324,0001.204,0006
 
000352087,000000000,000000000,0115.339,0004.583,0000.725,0006
 
000352111,000000000,000000000,0117.175,0004.103,0000.483,0177
 
000352135,000000000,000000000,0116.002,0004.085,0000.481,0007
 
000352159,000000000,000000000,0117.531,0003.814,0000.477,0177
 
000352183,000000000,000000000,0116.189,0004.103,0000.483,0006
 
000352207,000000000,000000000,0117.072,0004.120,0000.486,0177
 
000352231,000000000,000000000,0115.812,0004.343,0000.483,0006
 
000352255,000000000,000000002,0116.984,0000.724,0006.527,0177
 
000352279,000000000,000000008,0115.006,0004.564,0000.000,0006
 
000352303,000000000,000000011,0113.649,0004.844,0000.486,0168
 
000352327,-00000002,000000009,0114.386,0004.803,-000.241,0172
 
000352351,000000000,000000006,0115.002,0003.814,0000.716,0168
 
000352375,000000000,000000001,0114.231,0004.343,0000.483,0168
 
000352399,000000000,000000000,0113.143,0004.603,0000.486,0168
 
000352423,000000000,000000000,0114.105,0004.102,0000.725,0171
 
000352447,000000000,000000000,0115.101,0003.878,0000.243,0171
 
000352471,000000000,000000000,0113.923,0004.325,0000.481,0172
 
000352495,-00000002,000000000,0108.396,0004.975,0007.861,0171
 
000352519,-00000013,000000001,0119.981,0002.403,-002.646,0171
 
000352543,-00000025,000000002,0115.043,0003.846,0000.241,0006
 
000352567,-00000015,000000004,0115.704,0003.862,-000.725,0171
 
000352591,-00000007,000000003,0114.125,0004.086,0000.241,0006
 
000352615,-00000002,000000001,0113.965,0004.085,0000.722,0171
 
000352639,000000000,000000000,0113.651,0004.068,0000.719,0006
 
000352663,000000000,000000000,0114.066,0004.103,0000.483,0179
 
000352687,000000000,000000000,0114.200,0004.155,0000.245,0172
 
000352711,000000000,000000000,0114.367,0003.846,0000.481,0179
 
000352735,000000000,000000002,0112.383,0004.582,0001.450,0172
 
000352759,000000000,000000006,0112.662,0005.042,-000.241,0006
 
000352783,000000000,000000008,0113.200,0004.564,0000.481,0007
 
000352807,000000001,000000004,0113.645,0004.325,0000.241,0006
 
000352831,000000000,000000002,0112.904,0004.325,0000.241,0006
 
000352855,000000000,000000000,0113.963,0004.085,0000.481,0177
 
000352879,000000000,000000000,0113.505,0004.103,0000.483,0007
 
000352903,000000000,000000000,0113.258,0004.085,0000.481,0177
 
000352927,000000000,000000000,0114.384,0003.846,0000.722,0006
 
000352951,000000000,000000000,0113.660,0004.343,0000.483,0006
 
000352975,000000000,000000000,0114.041,0004.583,0000.242,0006
 
000352999,000000000,000000003,0111.412,0005.042,0000.481,0006
 
000353023,000000000,000000004,0113.076,0004.583,0000.483,0176
 
000353047,000000000,000000002,0114.384,0004.120,0000.486,0006
 
000353071,000000000,000000000,0113.360,0004.085,0000.481,0006
 
000353095,000000001,000000000,0113.880,0004.085,0000.481,0168
 
000353119,000000000,000000000,0113.962,0004.085,0000.722,0167
 
000353143,000000000,000000000,0114.019,0004.103,0000.242,0168
 
000353167,000000000,000000000,0114.188,0004.085,0000.481,0172
 
000353191,000000000,000000000,0113.777,0004.068,0000.719,0168
 
000353215,000000000,000000000,0113.665,0003.830,0000.719,0172
 
000353239,000000000,000000000,0115.383,0004.103,0000.242,0171
 
000353263,000000000,000000000,0113.802,0004.085,0000.481,0172
 
000353287,000000000,000000000,0114.623,0003.846,0000.481,0168
 
000353311,000000000,000000000,0114.514,0004.103,0000.483,0172
 
000353335,000000000,000000000,0114.453,0004.103,0000.483,0172
 
000353359,000000000,000000000,0114.976,0004.068,0000.479,0172
 
000353383,000000000,000000000,0113.748,0004.583,0000.483,0167
 
000353407,000000000,000000000,0114.333,0004.085,0000.722,0006
 
000353431,000000000,000000000,0114.270,0004.103,0000.242,0179
 
000353455,000000000,000000000,0114.052,0004.103,0000.483,0179
 
000353479,000000000,000000000,0114.137,0004.325,0000.481,0179
 
000353503,000000000,000000000,0113.535,0004.325,0000.241,0172
 
000353527,000000000,000000000,0113.879,0004.343,0000.483,0006
 
000353551,000000000,000000000,0114.529,0003.846,0000.481,0006
 
000353575,000000000,000000000,0114.146,0004.068,0000.719,0006
 
000353599,000000000,000000000,0114.853,0004.085,0000.722,0177
 
000353623,000000000,000000000,0114.061,0004.068,0000.479,0006
 
000353647,000000000,000000000,0113.847,0004.307,0000.479,0177
 
000353671,000000000,000000000,0114.735,0004.102,0000.725,0006
 
000353695,000000000,000000000,0113.127,0004.325,0000.481,0177
 
000353719,000000000,000000000,0113.574,0004.325,0000.481,0006
 
000353743,000000000,000000000,0115.598,0003.366,0000.241,0177
 
000353767,000000000,000000000,0113.673,0004.307,0000.479,0006
 
000353791,000000000,000000000,0112.806,0004.602,0000.728,0177
 
000353815,000000000,000000000,0113.321,0004.361,0000.728,0168
 
000353839,000000000,000000000,0113.137,0004.343,0000.725,0167
 
000353863,000000000,000000000,0113.560,0003.862,0000.725,0168
 
000353887,000000000,000000000,0113.895,0003.846,0000.722,0168
 
000353911,000000000,000000000,0114.313,0004.325,0000.481,0168
 
000353935,000000000,000000000,0115.358,0003.621,0000.483,0172
 
000353959,000000000,000000000,0115.673,0003.621,0000.483,0168
 
000353983,000000000,000000000,0114.635,0003.862,0000.242,0172
 
000354007,000000000,000000000,0114.359,0004.361,0000.486,0172
 
000354031,000000000,000000000,0113.310,0004.068,0000.479,0168
 
000354055,000000000,000000000,0114.287,0003.862,0000.483,0172
 
000354079,000000000,000000000,0114.147,0004.052,0000.477,0006
 
000354103,000000000,000000000,0114.350,0004.086,0000.241,0172
 
000354127,000000000,000000000,0113.833,0004.583,0000.483,0179
 
000354151,000000000,000000000,0113.981,0004.068,0000.719,0006
 
000354175,000000000,000000000,0115.185,0003.846,0000.241,0179
 
000354199,000000000,000000000,0115.351,0004.103,0000.483,0172
 
000354223,000000000,000000000,0114.764,0004.068,0000.719,0006
 
000354247,000000000,000000000,0113.929,0003.830,0000.479,0006
 
000354271,000000000,000000000,0114.318,0004.103,0000.242,0006
 
000354295,000000000,000000000,0114.605,0003.878,0000.971,0006
 
000354319,000000000,000000000,0115.346,0003.846,0000.241,0006
 
000354343,000000000,000000000,0114.446,0004.086,0000.241,0176
 
000354367,000000000,000000000,0113.846,0004.343,0000.242,0006
 
000354391,000000000,000000000,0114.725,0004.103,0000.483,0176
 
000354415,000000000,000000000,0115.742,0003.606,0000.481,0006
 
000354439,000000000,000000000,0114.084,0004.102,0000.725,0177
 
000354463,000000000,000000000,0113.763,0004.103,0000.483,0006
 
000354487,000000000,000000000,0113.107,0004.085,0000.481,0006
 
000354511,000000000,000000000,0113.925,0004.085,0000.481,0177
 
000354535,000000000,000000000,0114.874,0004.085,0000.481,0006
 
000354559,000000000,000000000,0114.480,0004.086,0000.241,0168
 
000354583,000000000,000000000,0114.194,0003.846,0000.481,0168
 
000354607,000000000,000000000,0114.452,0004.051,0000.716,0168
 
000354631,000000000,000000000,0115.327,0004.103,0000.242,0168
 
000354655,000000000,000000000,0114.805,0004.103,0000.483,0171
 
000354679,000000000,000000000,0113.300,0004.325,0000.722,0172
 
000354703,000000000,000000000,0113.220,0004.325,0000.481,0168
 
000354727,000000000,000000000,0113.288,0004.361,0000.486,0172
 
000354751,000000000,000000000,0113.635,0004.343,0000.483,0168
 
000354775,000000000,000000000,0114.318,0004.085,0000.481,0168
 
000354799,000000000,000000000,0113.547,0004.120,0000.728,0172
 
000354823,000000000,000000000,0115.469,0003.846,0000.481,0172
 
000354847,000000000,000000000,0114.042,0004.325,0000.481,0172
 
000354871,000000000,000000000,0114.033,0004.085,0000.481,0172
 
000354895,000000000,000000000,0113.146,0004.120,0000.728,0172
 
000354919,000000000,000000000,0112.568,0004.380,0000.488,0006
 
000354943,000000000,000000000,0114.583,0003.862,0000.483,0179
 
000354967,000000000,000000000,0114.658,0003.830,0000.479,0006
 
000354991,000000000,000000000,0113.995,0004.085,0000.481,0007
 
000355015,000000000,000000000,0114.653,0004.362,0000.243,0006
 
000355039,000000000,000000000,0113.767,0004.103,0000.483,0006
 
000355063,000000000,000000000,0113.171,0004.324,0000.963,0006
 
000355087,000000000,000000000,0114.450,0004.343,0000.242,0177
 
000355111,000000000,000000000,0113.936,0004.325,0000.481,0006
 
000355135,000000000,000000000,0115.670,0003.606,0000.481,0176
 
000355159,000000000,000000000,0112.980,0004.343,0000.483,0006
 
000355183,000000000,000000000,0114.535,0003.862,0000.483,0176
 
000355207,000000000,000000000,0114.151,0004.085,0000.481,0006
 
000355231,000000000,000000000,0115.350,0003.846,0000.481,0177
 
000355255,000000000,000000000,0113.735,0003.846,0000.722,0006
 
000355279,000000000,000000000,0114.573,0003.878,0000.243,0006
 
000355303,000000000,000000000,0114.056,0004.103,0000.242,0176
 
000355327,000000000,000000000,0098.173,0010.982,0001.209,0177
 
000355351,000000000,-00000004,0114.792,0003.846,0000.241,0168
 
000355375,000000000,-00000008,0109.675,0005.566,0000.728,0168
 
000355399,000000000,-00000013,0114.571,0003.621,0000.483,0172
 
000355423,-00000001,-00000013,0114.528,0003.830,0000.719,0168
 
000355447,-00000001,-00000013,0112.654,0004.583,0000.725,0178
 
000355471,-00000002,-00000013,0111.858,0004.864,0000.731,0178
 
000355495,-00000772,000000252,0114.259,0003.830,0000.240,0168
 
000355519,-00000004,-00000013,0111.990,0004.823,0000.725,0007
 
000355543,-00000004,-00000013,0112.389,0004.823,0000.483,0172
 
000355567,-00000004,-00000014,0113.174,0004.564,0000.722,0007
 
000355591,000000249,000000231,0112.236,0004.803,0000.722,0006
 
000355615,-00000004,-00000025,0112.684,0004.564,-000.241,0007
 
000355639,-00000004,-00000025,0112.611,0005.042,0000.241,0179
 
000355663,-00000002,-00000025,0112.210,0004.602,0000.971,0006
 
000355687,-00000002,-00000030,0114.106,0004.035,0000.475,0179
 
000355711,-00000004,-00000049,0111.540,0004.980,0000.713,0006
 
000355735,-00000002,-00000049,0113.783,0004.137,0000.488,0172
 
000355759,000000000,-00000049,0112.265,0004.723,0001.184,0006
 
000355783,000000000,-00000049,0112.850,0004.525,0001.193,0006
 
000355807,000000001,-00000050,0111.580,0005.041,0001.444,0006
 
000355831,000000001,-00000050,0115.370,0002.923,0001.219,0006
 
000355855,000000000,000000204,0113.951,0004.343,0000.242,0177
 
000355879,000000000,-00000049,0115.286,0003.352,0000.479,0006
 
000355903,-00000001,-00000049,0114.110,0004.068,0000.479,0006
 
000355927,-00000002,-00000049,0115.644,0003.113,0000.240,0006
 
000355951,-00000004,-00000049,0115.488,0003.352,0000.959,0006
 
000355975,-00000007,-00000049,0115.437,0003.113,0001.198,0006
 
000355999,-00000007,-00000049,0115.630,0003.767,-000.236,0006
 
000356023,-00000007,-00000049,0113.175,0004.343,0000.242,0006
 
000356047,-00000772,-00000772,0112.601,0004.602,0000.971,0168
 
000356071,000000252,-00000028,0115.407,0003.606,0000.241,0177
 
000356095,-00000004,-00000028,0114.572,0003.576,0000.716,0177
 
000356119,-00000004,-00000026,0115.921,0003.381,0000.000,0006
 
000356143,-00000007,-00000025,0110.588,0005.710,0000.716,0006
 
000356167,-00000004,-00000025,0111.309,0005.259,0000.959,0177
 
000356191,-00000004,-00000025,0112.976,0004.564,0000.722,0172
 
000356215,-00000004,-00000028,0112.226,0004.324,0001.204,0178
 
000356239,-00000004,-00000029,0113.195,0004.085,0000.963,0168
 
000356263,-00000007,-00000030,0114.020,0004.102,0000.967,0006
 
000356287,-00000004,-00000029,0111.604,0004.563,0001.204,0172
 
000356311,-00000001,-00000029,0112.939,0004.324,0000.963,0006
 
000356335,-00000001,-00000030,0114.685,0003.606,0000.241,0172
 
000356359,-00000002,-00000031,0114.791,0003.862,0000.242,0006
 
000356383,-00000004,-00000049,0113.886,0004.068,0000.959,0172
 
000356407,000000249,-00000032,0115.623,0003.652,0000.244,0006
 
000356431,000000249,000000207,0111.836,0005.325,0000.728,0007
 
000356455,-00000007,-00000031,0112.355,0004.824,0000.242,0006
 
000356479,-00000001,-00000030,0116.372,0003.366,0000.481,0006
 
000356503,-00000001,-00000032,0112.975,0004.864,0000.244,0006
 
000356527,-00000001,000000207,0113.786,0004.306,0001.198,0006
 
000356551,-00000001,-00012337,0112.892,0004.823,0001.209,0006
 
000356575,-00000002,-00000049,0114.930,0004.034,0000.951,0006
 
000356599,-00000001,-00000049,0114.350,0004.307,0000.000,0006
 
000356623,-00000002,-00000049,0112.663,0005.281,-000.241,0179
 
000356647,000000000,-00000049,0113.529,0004.622,0000.244,0172
 
000356671,000000000,-00000049,0114.818,0003.862,0000.967,0006
 
000356695,000000000,-00000049,0113.964,0004.583,0000.725,0006
 
000356719,-00000001,-00000049,0113.322,0005.042,0000.722,0007
 
000356743,000000000,-00000049,0112.876,0005.021,0000.479,0006
 
000356767,000000000,-00000049,0115.511,0003.846,-000.241,0006
 
000356791,000000001,-00000049,0116.351,0003.338,0000.955,0168
 
000356815,000000000,-00000049,0114.316,0004.323,0001.685,0168
 
000356839,000000000,-00000049,0111.456,0005.280,0001.204,0168
 
000356863,-00000002,-00000049,0116.385,0004.120,0000.000,0006
 
000356887,-00000002,-00000049,0114.371,0004.763,0000.477,0006
 
000356911,-00000004,-00000049,0114.948,0004.583,0000.242,0177
 
000356935,-00000004,-00000049,0115.471,0003.830,0000.719,0167
 
000356959,-00000007,-00000049,0115.812,0004.052,0000.239,0167
 
000356983,-00001543,-00012337,0114.437,0004.824,0000.242,0171
 
000357007,-00000004,-00000049,0116.840,0003.606,0000.241,0168
 
000357031,-00000004,-00000049,0118.092,0003.100,0000.477,0171
 
000357055,-00000002,-00000049,0116.848,0003.606,0000.481,0167
 
000357079,-00000002,-00000049,0118.574,0002.862,0000.955,0171
 
000357103,-00000004,-00000049,0116.970,0003.591,0000.719,0172
 
000357127,-00000004,-00000049,0115.677,0003.620,0001.450,0172
 
000357151,-00000004,-00000049,0115.156,0004.545,0000.719,0172
 
000357175,-00000002,-00012337,0115.534,0003.845,0000.963,0171
 
000357199,-00000002,-00000049,0114.972,0004.564,0000.241,0179
 
000357223,-00000004,-00000049,0111.892,0005.589,0000.731,0179
 
000357247,-00000002,-00000049,0116.151,0003.846,0000.481,0006
 
000357271,-00000002,-00000049,0117.643,0003.338,0000.716,0006
 
000357295,-00000002,-00000049,0116.121,0003.846,0000.481,0179
 
000357319,-00000001,000000207,0118.885,0003.366,0000.241,0177
 
000357343,-00000004,-00000049,0116.447,0003.846,0000.722,0177
 
000357367,-00000002,-00000049,0115.752,0004.545,0000.479,0177
 
000357391,-00000002,-00000049,0116.729,0003.846,0000.722,0176
 
000357415,-00000001,-00000049,0114.972,0004.824,0000.000,0006
 
000357439,-00000001,-00000032,0115.596,0004.035,0000.713,0006
 
000357463,-00000001,-00000031,0115.275,0004.783,0000.240,0006
 
000357487,000000000,-00000031,0115.032,0004.823,0000.483,0178
 
000357511,000000001,-00000031,0117.128,0004.103,0000.483,0177
 
000357535,000000001,-00000031,0117.434,0003.606,0000.722,0006
 
000357559,000000001,-00000032,0116.581,0004.068,0000.479,0006
 
000357583,000000002,-00000030,0113.782,0004.803,0000.722,0006
 
000357607,000000000,-00000029,0113.908,0005.042,0000.722,0006
 
000357631,000000000,-00000029,0114.267,0005.000,0000.477,0006
 
000357655,000000000,-00000029,0113.459,0004.844,0000.486,0006
 
000357679,-00000002,-00000031,0116.880,0003.636,0000.971,0006
 
000357703,-00000001,-00000049,0116.605,0003.814,0000.239,0006
 
000357727,-00000002,-00012337,0113.719,0005.281,0000.481,0006
 
000357751,-00000002,-00000032,0113.678,0005.106,0000.000,0167
 
000357775,-00000001,-00000029,0114.591,0004.783,0000.479,0168
 
000357799,-00000002,-00000027,0118.648,0002.911,0000.486,0007
 
000357823,000000000,-00000025,0115.705,0004.526,0000.239,0006
 
000357847,-00000001,-00000025,0117.452,0003.911,0000.490,0006
 
000357871,-00000001,000000231,0116.452,0004.289,0000.477,0006
 
000357895,000000000,-00000025,0114.309,0005.281,0000.481,0006
 
000357919,-00000001,-00000025,0115.650,0004.325,0000.722,0006
 
000357943,-00000002,-00000025,0117.216,0003.352,0000.719,0006
 
000357967,000000252,-00000025,0119.400,0003.381,-000.242,0006
 
000357991,-00000002,-00000025,0114.898,0004.545,0000.479,0006
 
000358015,-00000002,-00000025,0113.665,0005.085,0000.728,0006
 
000358039,-00000001,-00000025,0114.552,0004.823,0000.483,0006
 
000358063,000000000,-00000025,0116.789,0004.086,0000.241,0006
 
000358087,-00000002,-00006169,0116.698,0003.846,0000.722,0168
 
000358111,-00000002,-00000014,0118.289,0003.113,0000.479,0006
 
000358135,000000000,-00000007,0116.826,0004.103,0000.242,0168
 
000358159,000000000,-00000001,0115.840,0004.307,0000.479,0168
 
000358183,000000000,000000000,0117.181,0003.814,0000.477,0172
 
000358207,000000000,000000000,0116.009,0004.361,0000.486,0172
 
000358231,000000000,000000000,0115.823,0004.343,0000.483,0172
 
000358255,000000000,000000000,0116.313,0004.325,0000.481,0168
 
000358279,000000000,000000000,0116.013,0004.361,0000.486,0172
 
000358303,000000000,-00000001,0114.530,0004.991,0000.250,0006
 
000358327,000000000,-00000002,0116.584,0004.085,0000.481,0172
 
000358351,000000000,-00000004,0117.626,0003.338,0000.955,0006
 
000358375,000000001,-00000001,0115.508,0004.603,0000.243,0179
 
000358399,000000000,000000000,0116.160,0004.103,0000.483,0179
 
000358423,000000000,000000000,0115.257,0004.325,0000.722,0179
 
000358447,000000000,000000000,0115.737,0004.343,0000.483,0006
 
000358471,000000000,000000000,0117.601,0003.878,0000.243,0179
 
000358495,000000000,000000000,0115.924,0004.103,0000.483,0006
 
000358519,000000000,000000000,0116.579,0004.103,0000.242,0007
 
000358543,000000000,000000000,0115.855,0004.325,0000.241,0006
 
000358567,000000000,000000000,0116.242,0004.325,0000.241,0006
 
000358591,000000000,000000000,0116.262,0004.085,0000.481,0176
 
000358615,000000000,000000000,0116.386,0004.085,0000.481,0006
 
000358639,000000000,000000000,0116.389,0004.103,0000.483,0006
 
000358663,000000000,000000000,0115.535,0004.583,0000.483,0177
 
000358687,000000000,000000000,0115.823,0004.307,0000.479,0006
 
000358711,000000000,000000000,0115.669,0004.035,0000.713,0177
 
000358735,000000000,000000000,0117.638,0004.086,0000.241,0006
 
000358759,000000000,000000000,0117.025,0004.103,0000.000,0006
 
000358783,000000000,000000000,0117.237,0004.085,0000.481,0006
 
000358807,000000000,000000000,0116.762,0004.086,0000.241,0007
 
000358831,000000000,000000000,0117.446,0004.086,0000.241,0177
 
000358855,000000000,000000000,0115.836,0004.325,0000.481,0168
 
000358879,000000000,000000000,0115.806,0004.307,0000.479,0168
 
000358903,000000000,-00000001,0114.885,0004.803,0000.481,0172
 
000358927,000000000,-00000007,0114.943,0004.271,0000.951,0168
 
000358951,000000000,-00000004,0115.513,0004.289,0000.716,0171
 
000358975,000000000,-00000007,0116.615,0003.621,0000.483,0172
 
000358999,000000000,-00000004,0117.662,0003.366,0000.241,0172
 
000359023,000000000,000000000,0116.061,0004.307,0000.240,0172
 
000359047,000000000,000000000,0115.950,0004.325,0000.481,0172
 
000359071,000000000,000000000,0114.312,0004.325,0000.481,0172
 
000359095,-00000001,000000000,0115.619,0004.362,0000.243,0172
 
000359119,000000000,000000000,0116.040,0004.325,0000.241,0172
 
000359143,000000000,000000000,0115.609,0004.362,0000.243,0172
 
000359167,000000000,000000000,0116.131,0004.103,0000.242,0179
 
000359191,000000000,000000000,0115.486,0004.343,0000.483,0179
 
000359215,000000000,000000000,0115.468,0004.085,0000.481,0006
 
000359239,000000000,000000000,0115.525,0004.085,0000.481,0006
 
000359263,000000000,000000000,0116.196,0004.343,0000.242,0006
 
000359287,000000000,000000000,0114.779,0004.583,0000.483,0006
 
000359311,000000000,000000000,0115.630,0004.526,0000.716,0006
 
000359335,000000000,000000000,0114.834,0004.564,0000.481,0177
 
000359359,000000000,000000000,0114.531,0004.583,0000.483,0006
 
000359383,000000000,000000000,0116.802,0004.103,0000.242,0006
 
000359407,000000000,000000000,0115.182,0004.325,0000.481,0177
 
000359431,000000000,000000000,0115.460,0004.362,0000.243,0007
 
000359455,000000000,000000000,0116.574,0004.085,0000.481,0177
 
000359479,000000000,000000000,0115.849,0004.325,0000.481,0006
 
000359503,000000000,000000000,0114.830,0004.325,0000.481,0177
 
000359527,000000000,000000000,0114.382,0004.603,0000.243,0006
 
000359551,000000000,000000000,0114.988,0004.343,0000.483,0006
 
000359575,000000000,000000000,0116.351,0004.085,0000.481,0006
 
000359599,000000000,000000000,0114.753,0004.343,0000.483,0006
 
000359623,000000000,000000000,0117.248,0004.068,0000.479,0168
 
000359647,000000000,000000000,0115.063,0004.325,0000.481,0168
 
000359671,000000000,000000000,0116.800,0004.085,0000.481,0172
 
000359695,000000000,000000000,0115.209,0004.545,0000.719,0172
 
000359719,000000000,000000000,0116.934,0004.086,0000.241,0172
 
000359743,000000000,000000000,0115.868,0004.103,0000.483,0171
 
000359767,000000000,000000000,0116.561,0004.103,0000.000,0167
 
000359791,000000000,000000000,0116.466,0004.086,0000.241,0177
 
000359815,000000000,000000000,0115.196,0004.583,0000.725,0177
 
000359839,000000000,000000000,0116.595,0003.846,0000.241,0172
 
000359863,000000000,000000000,0115.763,0004.120,0000.486,0006
 
000359887,000000000,000000000,0115.572,0004.325,0000.481,0179
 
000359911,000000000,000000000,0117.184,0003.846,0000.481,0006
 
000359935,000000000,000000000,0115.543,0004.085,0000.481,0179
 
000359959,000000000,000000000,0116.446,0003.878,0000.486,0006
 
000359983,000000000,000000000,0116.135,0003.830,0000.719,0006
 
