000391710,000000000,000000000,0112.892,0004.103,0000.483,0166
 
000391734,000000000,000000000,0112.753,0003.830,0000.479,0006
 
000391758,000000000,000000000,0113.151,0003.830,0000.479,0166
 
000391782,000000000,000000000,0113.024,0003.862,0000.242,0166
 
000391806,000000000,000000000,0112.996,0003.846,0000.722,0167
 
000391830,000000000,000000000,0112.437,0004.068,0000.479,0006
 
000391854,000000000,000000000,0112.575,0004.362,0000.243,0167
 
000391878,000000000,000000000,0112.054,0004.085,0000.722,0166
 
000391902,000000000,000000000,0113.026,0003.846,0000.481,0167
 
000391926,000000000,000000000,0113.925,0003.591,0000.719,0166
 
000391950,000000000,000000000,0111.695,0004.103,0000.242,0007
 
000391974,000000000,000000000,0112.706,0003.862,0000.242,0167
 
000391998,000000000,000000000,0112.084,0004.068,0000.719,0167
 
000392022,000000000,000000000,0111.972,0004.102,0000.725,0167
 
000392046,000000000,000000000,0112.002,0004.343,0000.725,0173
 
000392070,000000000,000000000,0113.239,0003.830,0000.719,0173
 
000392094,000000000,000000000,0112.380,0004.103,0000.483,0166
 
000392118,000000000,000000000,0112.982,0003.846,0000.481,0166
 
000392142,000000000,000000000,0112.596,0004.343,0000.483,0166
 
000392166,000000000,000000000,0111.279,0004.325,0000.722,0166
 
000392190,000000000,000000000,0112.192,0004.102,0000.725,0166
 
000392214,000000000,000000000,0112.695,0003.798,0000.475,0173
 
000392238,000000000,000000000,0112.140,0004.307,0000.719,0166
 
000392262,000000000,000000000,0112.145,0004.068,0000.479,0166
 
000392286,000000000,000000000,0111.210,0004.564,0000.481,0166
 
000392310,000000000,000000000,0113.170,0004.052,0000.239,0167
 
000392334,000000000,000000000,0112.333,0004.102,0000.725,0166
 
000392358,000000000,000000000,0112.400,0004.120,0000.486,0166
 
000392382,000000000,000000000,0112.719,0003.830,0000.479,0166
 
000392406,000000000,000000000,0112.913,0004.052,0000.477,0166
 
000392430,000000000,000000000,0111.584,0004.325,0000.481,0166
 
000392454,000000000,000000000,0110.593,0004.583,0000.483,0167
 
000392478,000000000,000000000,0113.259,0003.591,0000.479,0166
 
000392502,000000000,000000000,0112.460,0004.085,0000.481,0006
 
000392526,000000000,000000000,0112.798,0004.085,0000.481,0166
 
000392550,000000000,000000000,0112.183,0004.307,0000.479,0168
 
000392574,000000000,000000000,0113.308,0003.606,0000.722,0167
 
000392598,000000000,000000000,0111.174,0004.564,0000.481,0167
 
000392622,000000000,000000000,0112.796,0004.085,0000.481,0167
 
000392646,000000000,000000000,0112.408,0004.068,0000.719,0167
 
000392670,000000000,000000000,0111.948,0004.325,0000.481,0167
 
000392694,000000000,000000000,0112.774,0004.086,0000.241,0167
 
000392718,000000000,000000000,0111.534,0004.103,0000.483,0167
 
000392742,000000000,000000000,0112.562,0004.086,0000.241,0167
 
000392766,000000000,000000000,0111.590,0004.343,0000.242,0167
 
000392790,000000000,000000000,0112.527,0004.085,0000.722,0179
 
000392814,000000000,000000000,0112.314,0003.862,0000.725,0167
 
000392838,000000000,000000000,0112.044,0003.862,0000.483,0173
 
000392862,000000000,000000000,0112.630,0004.103,0000.483,0179
 
000392886,000000000,000000000,0111.618,0004.343,0000.483,0179
 
000392910,000000000,000000000,0112.062,0004.103,0000.483,0179
 
000392934,000000000,000000000,0111.448,0004.137,0000.488,0179
 
000392958,000000000,000000000,0112.864,0003.846,0000.481,0166
 
000392982,000000000,000000000,0110.885,0004.583,0000.483,0179
 
000393006,000000000,000000000,0112.193,0003.830,0000.479,0179
 
000393030,000000000,000000000,0112.004,0003.846,0000.722,0179
 
000393054,000000000,000000000,0112.328,0004.085,0000.481,0179
 
000393078,000000000,000000000,0111.929,0004.085,0000.722,0166
 
000393102,000000000,000000000,0111.598,0004.120,0000.243,0007
 
000393126,000000000,000000000,0112.265,0004.085,0000.963,0006
 
000393150,000000000,000000000,0111.337,0004.361,0000.486,0006
 
000393174,000000000,000000000,0111.469,0004.343,0000.242,0006
 
000393198,000000000,000000000,0112.125,0004.103,0000.483,0166
 
000393222,000000000,000000000,0112.994,0004.325,0000.241,0006
 
000393246,000000000,000000000,0112.047,0003.829,0000.959,0006
 
000393270,000000000,000000000,0112.108,0004.102,0000.725,0166
 
000393294,000000000,000000000,0112.168,0004.325,0000.722,0166
 
000393318,000000000,000000000,0112.487,0004.120,0000.243,0166
 
000393342,000000000,000000000,0110.789,0004.307,0000.479,0166
 
000393366,000000000,000000000,0112.644,0004.085,0000.481,0166
 
000393390,-00000001,-00000007,0105.710,0006.793,0001.219,0166
 
000393414,-00000007,-00000025,0109.942,0005.042,0000.963,0166
 
000393438,000000243,-00012337,0116.808,0002.166,0000.481,0167
 
000393462,-00000007,-00000025,0117.363,0001.933,0000.242,0168
 
000393486,-00000004,-00000013,0117.326,0002.166,0000.000,0007
 
000393510,-00000002,-00000007,0113.364,0003.830,0000.479,0167
 
000393534,-00000001,-00000002,0109.320,0005.519,0000.963,0167
 
000393558,-00000002,-00000007,0105.283,0007.420,0000.963,0166
 
000393582,-00000004,-00000025,0105.788,0006.946,0001.204,0166
 
000393606,-00000004,000000207,0104.363,0007.827,0001.432,0166
 
000393630,-00000007,-00000055,0107.099,0006.394,0000.741,0166
 
000393654,000000249,000000159,0114.848,0003.381,0000.000,0166
 
000393677,-00000008,-00000097,0116.569,0002.657,0000.000,0006
 
000393702,-00001543,-00000256,0116.048,0002.646,0000.241,0167
 
000393726,-00000004,-00000064,0114.072,0004.069,-000.240,0006
 
000393750,000000000,-00000054,0115.168,0003.180,0000.735,0166
 
000393774,000000002,-00000049,0115.852,0003.088,0000.475,0166
 
000393798,000000003,-00000049,0115.657,0002.898,0000.483,0179
 
000393822,000000001,-00000049,0117.506,0002.635,0000.000,0168
 
000393846,000000000,-00000049,0113.630,0003.878,0000.486,0166
 
000393870,-00000001,-00000049,0111.457,0005.042,0000.481,0167
 
000393894,-00000004,-00000049,0114.707,0003.636,0000.728,0006
 
000393918,-00000002,-00000049,0115.973,0003.366,0000.241,0167
 
000393942,-00000001,000000207,0111.182,0005.083,0001.456,0006
 
000393966,000000000,-00000050,0115.318,0003.352,0000.479,0167
 
000393990,000000000,000000207,0114.474,0003.895,0000.488,0006
 
000394014,000000000,-00000049,0114.795,0004.035,-000.238,0167
 
000394038,000000000,000000207,0112.414,0004.823,0000.725,0166
 
000394062,000000001,-00000049,0114.430,0003.830,0000.240,0167
 
000394086,000000001,-00000049,0113.984,0004.068,0000.479,0166
 
000394110,000000001,-00000049,0112.043,0004.763,0000.955,0006
 
000394134,000000001,-00000049,0115.022,0003.783,0000.000,0168
 
000394158,000000002,-00000049,0116.462,0003.126,0000.481,0166
 
000394182,000000000,000000207,0114.482,0003.829,0000.959,0166
 
000394206,-00000001,-00000031,0113.670,0004.068,0000.719,0167
 
000394230,-00000002,-00000029,0112.274,0005.001,0000.000,0167
 
000394254,-00000002,-00000030,0112.853,0004.564,0000.722,0166
 
000394278,-00000001,-00000029,0114.310,0003.814,0000.239,0167
 
000394302,-00000002,-00000031,0113.694,0004.155,0000.979,0166
 
000394326,-00000004,-00000049,0112.394,0004.783,0000.479,0167
 
000394350,-00000007,-00000049,0114.521,0004.086,0000.241,0179
 
000394374,-00001543,-00012337,0114.351,0004.325,0000.481,0166
 
000394398,-00000004,-00000049,0116.067,0003.380,0000.725,0166
 
000394422,-00000002,-00000049,0113.166,0004.564,0000.481,0179
 
000394446,-00000002,-00000049,0115.514,0003.606,0000.241,0179
 
000394470,-00000001,000000207,0114.769,0004.085,0000.481,0179
 
000394494,000000000,-00000049,0113.726,0004.069,0000.240,0179
 
000394518,-00000001,000000207,0111.320,0005.259,0000.719,0179
 
000394542,000000000,-00000049,0113.908,0005.064,0000.242,0179
 
000394566,-00000002,-00000049,0116.303,0003.325,0000.000,0167
 
000394590,000000000,-00000049,0113.540,0004.361,0000.486,0179
 
000394614,-00000001,-00000049,0112.287,0005.085,0000.728,0166
 
000394638,-00000001,-00000049,0115.580,0003.606,0000.722,0006
 
000394662,-00000002,-00000049,0115.315,0003.591,0000.959,0006
 
000394686,-00000001,-00000049,0114.313,0004.324,0000.963,0167
 
000394710,-00000004,-00000049,0113.807,0004.824,0000.242,0006
 
000394734,-00000002,-00000049,0116.019,0003.606,0000.481,0167
 
000394758,-00000002,-00000049,0115.388,0003.862,0000.242,0006
 
000394782,-00000001,-00000049,0112.675,0005.259,0000.240,0167
 
000394806,-00000001,-00000049,0116.849,0003.366,0000.722,0166
 
000394830,-00000004,-00000049,0113.594,0004.823,0000.967,0166
 
000394854,-00000004,-00000049,0116.861,0003.637,0000.243,0166
 
000394878,-00000004,-00000049,0115.780,0004.018,0000.474,0166
 
000394902,-00000004,-00000049,0116.981,0003.878,0000.728,0006
 
000394926,000000252,000000207,0115.009,0004.325,0000.481,0166
 
000394950,-00000004,-00000049,0115.299,0004.343,0000.725,0167
 
000394974,-00000001,000000207,0115.239,0004.325,0000.241,0166
 
000394998,-00000001,-00000049,0113.248,0004.844,0000.728,0167
 
000395022,000000000,-00000049,0117.687,0003.381,0000.483,0167
 
000395046,-00000001,-00000049,0116.016,0003.621,0000.483,0166
 
000395070,000000000,-00000049,0118.624,0002.874,0000.959,0167
 
000395094,000000000,-00000049,0115.774,0003.846,0000.722,0166
 
000395118,-00000001,-00000049,0114.233,0004.564,0000.241,0179
 
000395142,-00000001,-00000049,0117.008,0003.606,0000.963,0167
 
000395166,-00000002,-00000049,0113.568,0005.281,0000.481,0166
 
000395190,000000000,-00000049,0114.348,0005.064,0000.242,0179
 
000395214,000000000,-00000031,0116.059,0004.289,0000.955,0166
 
000395238,000000000,-00000049,0115.996,0004.068,0000.959,0166
 
000395262,000000000,-00000049,0116.182,0004.564,0000.000,0169
 
000395286,-00000001,-00000032,0117.095,0003.576,0000.477,0177
 
000395310,000000000,-00000049,0115.545,0004.324,0000.963,0173
 
000395334,-00000002,-00000049,0119.032,0002.874,0000.240,0006
 
000395358,-00000002,000000207,0115.954,0004.526,0000.477,0166
 
000395382,-00000004,-00000049,0118.463,0003.352,0000.959,0179
 
000395406,000000252,-00000032,0116.891,0004.052,0000.477,0006
 
000395430,-00000001,-00000029,0113.255,0005.281,0000.481,0006
 
000395454,000000000,-00000030,0116.736,0003.862,0000.242,0166
 
000395478,000000000,-00000028,0117.171,0003.606,0000.481,0006
 
000395502,000000001,-00000026,0113.863,0005.085,0000.728,0167
 
000395526,-00000001,-00000026,0113.002,0005.085,0000.486,0166
 
000395550,-00000001,-00000028,0114.423,0004.051,0001.193,0166
 
000395574,-00000002,-00000030,0115.234,0004.470,0000.943,0166
 
000395598,-00000004,-00000029,0118.742,0002.886,0000.481,0167
 
000395622,-00000004,-00000029,0113.973,0004.844,0000.728,0167
 
000395646,-00000001,-00000025,0116.010,0004.271,0000.475,0167
 
000395670,000000000,-00000025,0113.546,0005.281,0000.481,0006
 
000395694,-00000002,-00000026,0112.710,0006.021,0000.483,0166
 
000395718,-00000004,-00000026,0116.102,0004.307,0000.479,0167
 
000395742,-00000002,-00000025,0117.135,0003.576,0000.955,0166
 
000395766,-00000001,-00000025,0115.533,0004.545,0000.240,0166
 
000395790,-00000004,-00000025,0118.720,0003.100,0000.239,0167
 
000395814,-00000772,-00000256,0117.045,0003.814,0000.716,0166
 
000395838,-00000004,-00000025,0117.182,0003.830,0000.240,0167
 
000395862,-00000002,-00000025,0116.085,0004.824,0000.242,0179
 
000395886,-00000004,-00000016,0117.958,0003.606,0000.481,0166
 
000395910,-00000002,-00000014,0118.895,0003.126,0000.481,0179
 
000395934,-00000001,-00003085,0117.247,0003.862,0000.242,0179
 
000395958,000000000,-00000007,0119.229,0003.153,0000.486,0179
 
000395982,-00000001,-00000004,0117.318,0004.085,0000.481,0167
 
000396006,000000000,000000000,0116.129,0004.325,0000.000,0168
 
000396030,000000000,000000000,0116.874,0004.380,0000.244,0177
 
000396054,000000000,000000000,0117.369,0003.606,0000.481,0006
 
000396078,000000000,000000000,0116.016,0004.307,0000.479,0167
 
000396102,000000000,000000000,0115.888,0004.603,0000.243,0166
 
000396126,000000000,-00000001,0106.873,0008.095,0001.198,0167
 
000396150,000000000,-00000004,0116.112,0004.068,0000.719,0167
 
000396174,000000000,-00000007,0116.618,0004.155,0000.245,0167
 
000396198,000000000,-00000002,0117.129,0004.103,0000.483,0167
 
000396222,000000000,-00000001,0117.866,0003.576,0000.716,0167
 
000396246,000000000,-00000001,0116.324,0004.343,0000.483,0006
 
000396270,000000000,000000000,0117.462,0004.086,0000.241,0173
 
000396294,000000000,000000000,0117.800,0003.830,0000.240,0166
 
000396318,000000000,-00000001,0116.880,0004.103,0000.483,0166
 
000396342,000000000,000000000,0116.075,0004.343,0000.242,0167
 
000396366,000000000,000000000,0116.011,0004.325,0000.722,0166
 
000396390,000000000,000000000,0116.677,0004.068,0000.719,0166
 
000396414,000000000,000000000,0115.748,0004.361,0000.486,0166
 
000396438,000000000,000000000,0115.632,0004.325,0000.722,0166
 
000396462,000000000,000000000,0116.719,0004.343,0000.483,0166
 
000396486,000000000,000000000,0114.864,0004.583,0000.725,0166
 
000396510,000000000,000000000,0115.823,0004.343,0000.483,0166
 
000396534,000000000,000000000,0117.503,0003.814,0000.477,0167
 
000396558,000000000,000000000,0117.495,0003.814,0000.716,0166
 
000396582,000000000,000000000,0115.195,0004.325,0000.481,0166
 
000396606,000000000,000000000,0117.172,0004.289,0000.477,0166
 
000396630,000000000,000000000,0115.836,0004.325,0000.481,0166
 
000396654,000000000,000000000,0115.135,0004.583,0000.483,0166
 
000396678,000000000,000000000,0116.383,0004.103,0000.242,0166
 
000396702,000000000,000000000,0116.989,0003.862,0000.483,0166
 
000396726,000000000,000000000,0116.433,0004.564,0000.481,0166
 
000396750,000000000,000000000,0116.077,0004.325,0000.481,0179
 
000396774,000000000,000000000,0115.860,0004.325,0000.481,0166
 
000396798,000000000,000000000,0116.391,0004.307,0000.479,0166
 
000396822,000000000,000000000,0114.933,0004.545,0000.240,0167
 
000396846,000000000,000000000,0115.461,0004.325,0000.722,0007
 
000396870,000000000,000000000,0116.455,0004.086,0000.241,0167
 
000396894,000000000,000000000,0116.179,0004.103,0000.242,0179
 
000396918,000000000,000000000,0117.413,0004.086,0000.241,0167
 
000396942,000000000,000000000,0116.327,0004.325,0000.481,0167
 
000396966,000000000,000000000,0115.660,0004.307,0000.240,0166
 
000396990,000000000,000000000,0116.295,0004.361,0000.486,0006
 
000397014,000000000,000000000,0116.779,0004.325,0000.481,0179
 
000397038,000000000,000000000,0115.196,0004.603,0000.486,0166
 
000397062,000000000,000000000,0115.901,0004.325,0000.722,0166
 
000397086,000000000,000000000,0114.660,0004.583,0000.483,0166
 
000397110,000000000,000000000,0115.278,0004.622,0000.731,0166
 
000397134,000000000,000000000,0116.651,0004.343,0000.242,0166
 
000397158,000000000,000000000,0115.827,0004.583,0000.242,0166
 
000397182,000000000,000000000,0116.267,0003.830,0000.719,0166
 
000397206,000000000,000000000,0116.805,0004.583,0000.242,0166
 
000397230,000000000,000000000,0116.993,0004.052,0000.239,0167
 
