000005365,000000000,000000000,0118.804,0006.016,-000.178,0166
 
000005380,000000000,000000000,0118.776,0005.904,-000.115,0006
 
000005398,000000000,000000000,0118.737,0005.844,-000.087,0006
 
000005416,000000000,000000000,0118.698,0005.808,-000.062,0167
 
000005434,000000000,000000000,0118.657,0005.770,-000.039,0167
 
000005452,000000000,000000000,0118.617,0005.736,-000.018,0167
 
000005470,000000000,000000000,0118.577,0005.711,0000.001,0006
 
000005488,000000000,000000000,0118.537,0005.668,0000.039,0167
 
000005506,000000000,000000000,0118.500,0005.627,0000.056,0167
 
000005524,000000000,000000000,0118.467,0005.605,0000.070,0177
 
000005542,000000000,000000000,0118.442,0005.571,0000.100,0167
 
000005560,000000000,000000000,0118.405,0005.533,0000.091,0006
 
000005578,000000000,000000000,0118.375,0005.497,0000.103,0007
 
000005596,000000000,000000000,0118.342,0005.465,0000.115,0006
 
000005614,000000000,000000000,0118.313,0005.433,0000.124,0006
 
000005632,000000000,000000000,0118.289,0005.383,0000.135,0006
 
000005650,000000000,000000000,0118.260,0005.380,0000.143,0006
 
000005668,000000000,000000000,0118.225,0005.378,0000.132,0006
 
000005686,000000000,000000000,0118.198,0005.394,0000.141,0006
 
000005704,000000000,000000000,0118.166,0005.368,0000.147,0006
 
000005722,000000000,000000000,0118.142,0005.361,0000.156,0006
 
000005740,000000000,000000000,0118.118,0005.317,0000.183,0006
 
000005758,000000000,000000000,0118.090,0005.320,0000.189,0006
 
000005776,000000000,000000000,0118.060,0005.323,0000.193,0006
 
000005794,000000000,000000000,0118.032,0005.316,0000.215,0006
 
000005812,000000000,000000000,0118.005,0005.290,0000.219,0006
 
000005830,000000000,000000000,0117.980,0005.291,0000.240,0006
 
000005848,000000000,000000000,0117.955,0005.253,0000.239,0006
 
000005866,000000000,000000000,0117.930,0005.218,0000.239,0006
 
000005884,000000000,000000000,0117.907,0005.208,0000.240,0007
 
000005902,000000000,000000000,0117.880,0005.233,0000.240,0007
 
000005920,000000000,000000000,0117.858,0005.225,0000.241,0007
 
000005938,000000000,000000000,0117.842,0005.219,0000.243,0007
 
000005956,000000000,000000000,0117.815,0005.223,0000.244,0007
 
000005974,000000000,000000000,0117.793,0005.265,0000.244,0007
 
000005992,000000000,000000000,0117.770,0005.230,0000.244,0007
 
000006010,000000000,000000000,0117.743,0005.237,0000.244,0007
 
000006028,000000000,000000000,0117.736,0005.221,0000.265,0006
 
000006046,000000000,000000000,0117.716,0005.243,0000.264,0006
 
000006064,000000000,000000000,0117.695,0005.248,0000.262,0006
 
000006082,000000000,000000000,0117.671,0005.232,0000.260,0007
 
000006100,000000000,000000000,0117.654,0005.220,0000.259,0007
 
000006118,000000000,000000000,0117.633,0005.183,0000.257,0007
 
000006136,000000000,000000000,0117.613,0005.194,0000.256,0006
 
000006154,000000000,000000000,0117.600,0005.221,0000.293,0006
 
000006172,000000000,000000000,0117.582,0005.226,0000.289,0006
 
000006190,000000000,000000000,0117.561,0005.254,0000.304,0007
 
000006208,000000000,000000000,0117.542,0005.255,0000.319,0006
 
000006226,000000000,000000000,0117.525,0005.255,0000.373,0167
 
000006244,000000000,000000000,0117.508,0005.262,0000.343,0167
 
000006262,000000000,000000000,0117.485,0005.265,0000.317,0167
 
000006280,000000000,000000000,0117.473,0005.242,0000.350,0167
 
000006298,000000000,000000000,0117.451,0005.243,0000.342,0006
 
000006316,000000000,000000000,0117.439,0005.266,0000.335,0006
 
000006334,000000000,000000000,0117.428,0005.267,0000.330,0006
 
000006352,000000000,000000000,0117.408,0005.267,0000.325,0006
 
000006370,000000000,000000000,0117.393,0005.287,0000.339,0007
 
000006388,000000000,000000000,0117.382,0005.268,0000.370,0006
 
000006406,000000000,000000000,0117.362,0005.249,0000.401,0006
 
000006424,000000000,000000000,0117.336,0005.251,0000.390,0007
 
000006442,000000000,000000000,0117.317,0005.273,0000.397,0007
 
000006460,000000000,000000000,0117.298,0005.255,0000.367,0006
 
000006478,000000000,000000000,0117.280,0005.235,0000.339,0006
 
000006496,000000000,000000000,0117.265,0005.220,0000.333,0006
 
000006514,000000000,000000000,0117.241,0005.223,0000.345,0006
 
000006532,000000000,000000000,0117.229,0005.205,0000.337,0006
 
000006550,000000000,000000000,0117.214,0005.232,0000.330,0006
 
000006568,000000000,000000000,0117.193,0005.256,0000.324,0006
 
000006586,000000000,000000000,0117.182,0005.252,0000.338,0006
 
000006604,000000000,000000000,0117.171,0005.239,0000.314,0006
 
000006622,000000000,000000000,0117.150,0005.242,0000.309,0006
 
000006640,000000000,000000000,0117.132,0005.282,0000.323,0007
 
000006658,000000000,000000000,0117.118,0005.282,0000.317,0007
 
000006676,000000000,000000000,0117.110,0005.283,0000.312,0007
 
000006694,000000000,000000000,0117.096,0005.241,0000.308,0007
 
000006712,000000000,000000000,0117.084,0005.221,0000.304,0007
 
000006730,000000000,000000000,0117.068,0005.203,0000.299,0006
 
000006748,000000000,000000000,0117.056,0005.191,0000.294,0006
 
000006766,000000000,000000000,0117.046,0005.210,0000.309,0006
 
000006784,000000000,000000000,0117.030,0005.214,0000.304,0006
 
000006802,000000000,000000000,0117.009,0005.239,0000.280,0006
 
000006820,000000000,000000000,0117.001,0005.241,0000.298,0006
 
000006838,000000000,000000000,0116.993,0005.247,0000.296,0006
 
000006856,000000000,000000000,0116.978,0005.230,0000.293,0006
 
000006874,000000000,000000000,0116.967,0005.209,0000.290,0007
 
000006892,000000000,000000000,0116.961,0005.191,0000.286,0006
 
000006910,000000000,000000000,0116.942,0005.217,0000.283,0006
 
000006928,000000000,000000000,0116.930,0005.224,0000.262,0006
 
000006946,000000000,000000000,0116.916,0005.226,0000.262,0006
 
000006964,000000000,000000000,0116.904,0005.212,0000.260,0006
 
000006982,000000000,000000000,0116.890,0005.197,0000.241,0006
 
000007000,000000000,000000000,0116.879,0005.181,0000.263,0006
 
000007018,000000000,000000000,0116.869,0005.206,0000.264,0007
 
000007036,000000000,000000000,0116.866,0005.192,0000.263,0007
 
000007054,000000000,000000000,0116.856,0005.177,0000.261,0167
 
000007072,000000000,000000000,0116.837,0005.154,0000.241,0006
 
000007090,000000000,000000000,0116.824,0005.142,0000.241,0006
 
000007108,000000000,000000000,0116.810,0005.128,0000.242,0006
 
000007126,000000000,000000000,0116.798,0005.136,0000.244,0006
 
000007144,000000000,000000000,0116.786,0005.127,0000.245,0006
 
000007162,000000000,000000000,0116.777,0005.115,0000.264,0006
 
000007180,000000000,000000000,0116.762,0005.126,0000.282,0006
 
000007198,000000000,000000000,0116.756,0005.140,0000.261,0006
 
000007216,000000000,000000000,0116.734,0005.152,0000.242,0006
 
000007234,000000000,000000000,0116.731,0005.175,0000.245,0006
 
000007252,000000000,000000000,0116.725,0005.158,0000.247,0006
 
000007270,000000000,000000000,0116.718,0005.162,0000.267,0006
 
000007288,000000000,000000000,0116.707,0005.166,0000.267,0006
 
000007306,000000000,000000000,0116.696,0005.170,0000.268,0007
 
000007324,000000000,000000000,0116.689,0005.175,0000.267,0006
 
000007342,000000000,000000000,0116.678,0005.161,0000.266,0006
 
000007360,000000000,000000000,0116.662,0005.187,0000.265,0006
 
000007378,000000000,000000000,0116.661,0005.211,0000.265,0006
 
000007396,000000000,000000000,0116.652,0005.216,0000.281,0007
 
000007414,000000000,000000000,0116.642,0005.198,0000.261,0007
 
000007432,000000000,000000000,0116.639,0005.181,0000.261,0007
 
000007450,000000000,000000000,0116.635,0005.185,0000.297,0007
 
000007468,000000000,000000000,0116.627,0005.209,0000.293,0007
 
000007486,000000000,000000000,0116.622,0005.211,0000.292,0007
 
000007504,000000000,000000000,0116.610,0005.210,0000.290,0007
 
000007522,000000000,000000000,0116.603,0005.188,0000.288,0006
 
000007540,000000000,000000000,0116.591,0005.169,0000.288,0006
 
000007558,000000000,000000000,0116.584,0005.214,0000.306,0167
 
000007576,000000000,000000000,0116.583,0005.193,0000.303,0166
 
000007594,000000000,000000000,0116.566,0005.178,0000.300,0167
 
000007612,000000000,000000000,0116.562,0005.160,0000.296,0167
 
000007630,000000000,000000000,0116.552,0005.144,0000.291,0167
 
000007648,000000000,000000000,0116.551,0005.190,0000.270,0167
 
000007666,000000000,000000000,0116.543,0005.173,0000.251,0167
 
000007684,000000000,000000000,0116.533,0005.172,0000.251,0167
 
000007702,000000000,000000000,0116.526,0005.172,0000.254,0167
 
000007720,000000000,000000000,0116.519,0005.171,0000.274,0167
 
000007738,000000000,000000000,0116.519,0005.157,0000.292,0167
 
000007756,000000000,000000000,0116.517,0005.163,0000.288,0167
 
000007774,000000000,000000000,0116.515,0005.187,0000.288,0006
 
000007792,000000000,000000000,0116.503,0005.184,0000.287,0006
 
000007810,000000000,000000000,0116.498,0005.186,0000.304,0007
 
000007828,000000000,000000000,0116.490,0005.185,0000.300,0006
 
000007846,000000000,000000000,0116.481,0005.166,0000.299,0007
 
000007864,000000000,000000000,0116.478,0005.148,0000.297,0006
 
000007882,000000000,000000000,0116.468,0005.159,0000.293,0006
 
000007900,000000000,000000000,0116.462,0005.164,0000.273,0006
 
000007918,000000000,000000000,0116.451,0005.186,0000.271,0007
 
000007936,000000000,000000000,0116.444,0005.205,0000.271,0006
 
000007954,000000000,000000000,0116.442,0005.185,0000.271,0007
 
000007972,000000000,000000000,0116.438,0005.165,0000.271,0006
 
000007990,000000000,000000000,0116.436,0005.131,0000.271,0006
 
000008008,000000000,000000000,0116.433,0005.136,0000.271,0006
 
000008026,000000000,000000000,0116.429,0005.141,0000.271,0006
 
000008044,000000000,000000000,0116.423,0005.162,0000.271,0006
 
000008062,000000000,000000000,0116.416,0005.169,0000.273,0006
 
000008080,000000000,000000000,0116.417,0005.152,0000.290,0006
 
000008098,000000000,000000000,0116.408,0005.133,0000.307,0006
 
000008116,000000000,000000000,0116.398,0005.137,0000.303,0006
 
000008134,000000000,000000000,0116.393,0005.124,0000.318,0007
 
000008152,000000000,000000000,0116.390,0005.131,0000.294,0007
 
000008170,000000000,000000000,0116.377,0005.115,0000.291,0007
 
000008188,000000000,000000000,0116.373,0005.102,0000.286,0007
 
000008206,000000000,000000000,0116.378,0005.084,0000.303,0007
 
000008224,000000000,000000000,0116.382,0005.092,0000.302,0007
 
000008242,000000000,000000000,0116.369,0005.080,0000.300,0007
 
000008260,000000000,000000000,0116.362,0005.071,0000.298,0006
 
000008278,000000000,000000000,0116.361,0005.062,0000.297,0007
 
000008296,000000000,000000000,0116.362,0005.091,0000.295,0007
 
000008314,000000000,000000000,0116.362,0005.115,0000.294,0166
 
000008332,000000000,000000000,0116.361,0005.139,0000.294,0167
 
000008350,000000000,000000000,0116.354,0005.123,0000.292,0166
 
000008368,000000000,000000000,0116.351,0005.142,0000.290,0167
 
000008386,000000000,000000000,0116.350,0005.138,0000.269,0167
 
000008404,000000000,000000000,0116.350,0005.106,0000.270,0007
 
000008422,000000000,000000000,0116.351,0005.091,0000.270,0006
 
000008440,000000000,000000000,0116.347,0005.097,0000.290,0006
 
000008458,000000000,000000000,0116.349,0005.119,0000.310,0006
 
000008476,000000000,000000000,0116.334,0005.162,0000.326,0007
 
000008494,000000000,000000000,0116.333,0005.201,0000.341,0167
 
000008512,000000000,000000000,0116.333,0005.197,0000.317,0167
 
000008530,000000000,000000000,0116.321,0005.177,0000.314,0167
 
000008548,000000000,000000000,0116.307,0005.150,0000.329,0006
 
000008566,000000000,000000000,0116.294,0005.129,0000.306,0178
 
000008584,000000000,000000000,0116.284,0005.118,0000.321,0006
 
000008602,000000000,000000000,0116.274,0005.081,0000.315,0006
 
000008620,000000000,000000000,0116.275,0005.127,0000.312,0006
 
000008638,000000000,000000000,0116.276,0005.128,0000.309,0006
 
000008656,000000000,000000000,0116.262,0005.130,0000.305,0007
 
000008674,000000000,000000000,0116.254,0005.101,0000.285,0007
 
000008692,000000000,000000000,0116.243,0005.090,0000.286,0006
 
000008710,000000000,000000000,0116.242,0005.094,0000.284,0006
 
000008728,000000000,000000000,0116.239,0005.072,0000.302,0006
 
000008746,000000000,000000000,0116.238,0005.096,0000.301,0006
 
000008764,000000000,000000000,0116.232,0005.105,0000.317,0006
 
000008782,000000000,000000000,0116.238,0005.129,0000.295,0006
 
000008800,000000000,000000000,0116.236,0005.152,0000.275,0006
 
000008818,000000000,000000000,0116.228,0005.173,0000.256,0007
 
000008836,000000000,000000000,0116.228,0005.128,0000.258,0006
 
000008854,000000000,000000000,0116.224,0005.085,0000.280,0006
 
000008872,000000000,000000000,0116.226,0005.110,0000.280,0007
 
000008890,000000000,000000000,0116.220,0005.069,0000.299,0010
 
000008908,000000000,000000000,0116.221,0005.073,0000.318,0009
 
000008926,000000000,000000000,0116.217,0005.062,0000.295,0008
 
000008944,000000000,000000000,0116.218,0005.047,0000.294,0009
 
000008962,000000000,000000000,0116.207,0005.036,0000.275,0007
 
000008980,000000000,000000000,0116.200,0005.028,0000.257,0007
 
000008998,000000000,000000000,0116.205,0005.021,0000.257,0008
 
000009016,000000000,000000000,0116.206,0004.967,0000.278,0008
 
000009034,000000000,000000000,0116.205,0004.982,0000.260,0008
 
000009052,000000000,000000000,0116.205,0005.014,0000.261,0008
 
000009070,000000000,000000000,0116.206,0005.022,0000.263,0007
 
000009088,000000000,000000000,0116.209,0005.008,0000.263,0007
 
000009106,000000000,000000000,0116.202,0004.998,0000.283,0007
 
000009124,000000000,000000000,0116.207,0004.963,0000.303,0007
 
000009142,000000000,000000000,0116.207,0004.932,0000.321,0007
 
000009160,000000000,000000000,0116.205,0004.951,0000.318,0007
 
000009178,000000000,000000000,0116.203,0004.983,0000.316,0006
 
000009196,000000000,000000000,0116.195,0004.978,0000.295,0007
 
000009214,000000000,000000000,0116.199,0005.013,0000.293,0007
 
000009232,000000000,000000000,0116.197,0004.998,0000.274,0007
 
000009250,000000000,000000000,0116.201,0004.987,0000.276,0167
 
000009268,000000000,000000000,0116.199,0004.999,0000.277,0167
 
000009286,000000000,000000000,0116.204,0005.006,0000.297,0167
 
000009304,000000000,000000000,0116.201,0005.015,0000.317,0007
 
000009322,000000000,000000000,0116.195,0005.025,0000.297,0007
 
000009340,000000000,000000000,0116.194,0005.055,0000.297,0007
 
000009358,000000000,000000000,0116.198,0005.039,0000.297,0007
 
000009376,000000000,000000000,0116.192,0005.029,0000.278,0006
 
000009394,000000000,000000000,0116.195,0005.058,0000.279,0007
 
000009412,000000000,000000000,0116.190,0005.021,0000.280,0007
 
000009430,000000000,000000000,0116.192,0005.028,0000.282,0007
 
000009448,000000000,000000000,0116.191,0005.035,0000.284,0007
 
000009466,000000000,000000000,0116.191,0005.043,0000.285,0007
 
000009484,000000000,000000000,0116.178,0005.008,0000.248,0007
 
000009502,000000000,000000000,0116.175,0005.024,0000.251,0006
 
000009520,000000000,000000000,0116.186,0005.009,0000.254,0007
 
000009538,000000000,000000000,0116.185,0004.995,0000.278,0006
 
000009556,000000000,000000000,0116.188,0004.986,0000.260,0006
 
000009574,000000000,000000000,0116.188,0004.999,0000.281,0006
 
000009592,000000000,000000000,0116.184,0005.013,0000.281,0007
 
000009610,000000000,000000000,0116.183,0005.046,0000.282,0007
 
000009628,000000000,000000000,0116.177,0005.076,0000.280,0007
 
000009646,000000000,000000000,0116.177,0005.038,0000.280,0007
 
000009664,000000000,000000000,0116.182,0005.035,0000.320,0007
 
000009682,000000000,000000000,0116.176,0005.043,0000.319,0007
 
000009700,000000000,000000000,0116.169,0005.024,0000.317,0007
 
000009718,000000000,000000000,0116.170,0005.034,0000.318,0007
 
000009736,000000000,000000000,0116.160,0005.060,0000.297,0007
 
000009754,000000000,000000000,0116.154,0005.063,0000.295,0007
 
000009772,000000000,000000000,0116.153,0005.068,0000.276,0007
 
000009790,000000000,000000000,0116.150,0005.072,0000.257,0007
 
000009808,000000000,000000000,0116.152,0005.080,0000.298,0007
 
000009826,000000000,000000000,0116.151,0005.060,0000.317,0007
 
000009844,000000000,000000000,0116.149,0005.062,0000.313,0007
 
000009862,000000000,000000000,0116.145,0005.067,0000.292,0007
 
000009880,000000000,000000000,0116.136,0005.049,0000.273,0007
 
000009898,000000000,000000000,0116.137,0005.068,0000.274,0007
 
000009916,000000000,000000000,0116.136,0005.051,0000.275,0007
 
000009934,000000000,000000000,0116.140,0005.052,0000.279,0167
 
000009952,000000000,000000000,0116.141,0005.052,0000.281,0167
 
000009970,000000000,000000000,0116.147,0005.056,0000.284,0007
 
000009988,000000000,000000000,0116.143,0005.060,0000.286,0007
 
000010006,000000000,000000000,0116.148,0005.083,0000.306,0167
 
000010024,000000000,000000000,0116.143,0005.089,0000.306,0167
 
000010042,000000000,000000000,0116.141,0005.072,0000.305,0168
 
000010060,000000000,000000000,0116.138,0005.049,0000.304,0167
 
000010078,000000000,000000000,0116.138,0005.031,0000.305,0167
 
000010096,000000000,000000000,0116.141,0005.015,0000.303,0168
 
000010114,000000000,000000000,0116.141,0005.042,0000.302,0168
 
000010132,000000000,000000000,0116.141,0005.044,0000.301,0007
 
000010151,000000000,000000000,0116.134,0005.072,0000.299,1023
 
000010169,000000000,000000000,0116.114,0005.056,0000.296,1023
 
000010187,000000000,000000000,0116.084,0005.058,0000.295,1023
 
000010205,000000000,000000000,0116.054,0005.059,0000.313,1023
 
000010223,000000000,000000000,0116.014,0005.041,0000.290,1023
 
000010241,000000000,000000000,0115.959,0005.065,0000.286,1023
 
000010259,000000000,000000000,0115.932,0005.087,0000.285,1023
 
000010277,000000000,000000000,0115.919,0004.994,0000.283,1023
 
000010295,000000000,000000000,0115.874,0004.977,0000.242,1023
 
000010313,000000000,000000000,0115.818,0005.002,0000.222,1023
 
000010331,000000000,000000000,0115.734,0005.046,0000.239,1023
 
000010349,000000000,000000000,0115.642,0005.069,0000.256,1023
 
000010367,000000000,000000000,0115.525,0005.090,0000.233,1023
 
000010385,000000000,000000000,0115.363,0005.146,0000.228,1023
 
000010403,000000000,000000000,0115.188,0005.193,0000.222,1023
 
000010421,000000000,000000000,0114.992,0005.237,0000.214,1023
 
000010439,000000000,000000000,0114.786,0005.244,0000.225,1023
 
000010457,000000000,000000000,0114.535,0005.233,0000.214,1023
 
000010475,000000000,000000000,0114.224,0005.275,0000.219,1023
 
000010493,000000000,000000000,0113.908,0005.338,0000.202,1023
 
000010511,000000000,000000000,0113.606,0005.283,0000.186,1023
 
000010529,000000000,000000000,0113.296,0005.248,0000.171,1023
 
000010547,000000000,000000000,0112.966,0005.294,0000.154,1023
 
000010565,000000000,000000000,0112.637,0005.277,0000.140,1023
 
000010583,000000000,000000000,0112.345,0005.265,0000.129,1023
 
000010601,000000000,000000000,0112.038,0005.212,0000.121,1023
 
000010619,000000000,000000000,0111.705,0005.238,0000.131,1023
 
000010637,000000000,000000000,0111.386,0005.245,0000.141,1023
 
000010655,000000000,000000000,0111.081,0005.135,0000.149,1023
 
000010673,000000000,000000000,0110.709,0005.164,0000.136,1023
 
000010691,000000000,000000000,0110.322,0005.252,0000.141,1023
 
000010709,000000000,000000000,0109.948,0005.177,0000.125,1023
 
000010727,000000000,000000000,0109.522,0005.244,0000.107,1023
 
000010745,000000000,000000000,0109.080,0005.307,0000.094,1023
 
000010763,000000000,000000000,0108.668,0005.348,0000.078,1023
 
000010781,000000000,000000000,0108.237,0005.227,0000.066,1023
 
000010799,000000000,000000000,0107.861,0005.271,0000.059,1023
 
000010817,000000000,000000000,0107.496,0005.161,0000.069,1023
 
000010835,000000000,000000000,0107.087,0005.166,0000.100,1023
 
000010853,000000000,000000000,0106.682,0005.211,0000.109,1023
 
000010871,000000000,000000000,0106.333,0005.128,0000.114,1023
 
000010889,000000000,000000000,0105.956,0005.162,0000.123,1023
 
000010907,000000000,000000000,0105.574,0005.190,0000.131,1023
 
000010925,000000000,000000000,0105.252,0005.147,0000.120,1023
 
000010943,000000000,000000000,0104.858,0005.096,0000.129,1023
 
000010961,000000000,000000000,0104.445,0005.184,0000.137,1023
 
000010979,000000000,000000000,0104.088,0005.176,0000.126,1023
 
000010997,000000000,000000000,0103.715,0005.125,0000.115,1023
 
000011015,000000000,000000000,0103.335,0005.136,0000.105,1023
 
000011033,000000000,000000000,0102.981,0005.096,0000.078,1023
 
000011051,000000000,000000000,0102.631,0005.072,0000.071,1023
 
000011069,000000000,000000000,0102.264,0005.048,0000.067,1023
 
000011087,000000000,000000000,0101.897,0005.105,0000.061,1023
 
000011105,000000000,000000000,0101.541,0005.060,0000.054,1023
 
000011123,000000000,000000000,0101.168,0005.060,0000.086,1023
 
000011141,000000000,000000000,0100.769,0005.117,0000.096,1023
 
000011159,000000000,000000000,0100.381,0005.095,0000.086,1023
 
000011177,000000000,000000000,0100.002,0005.029,0000.097,1023
 
000011195,000000000,000000000,0099.633,0005.048,0000.091,1023
 
000011213,000000000,000000000,0099.285,0004.989,0000.068,1023
 
000011231,000000000,000000000,0098.919,0004.937,0000.044,1023
 
000011249,000000000,000000000,0098.509,0004.928,0000.041,1023
 
000011267,000000000,000000000,0098.106,0005.032,0000.054,1023
 
000011285,000000000,000000000,0097.690,0004.975,0000.046,1023
 
000011303,000000000,000000000,0097.239,0005.000,0000.057,1023
 
000011321,000000000,000000000,0096.799,0005.005,0000.067,1023
 
000011339,000000000,000000000,0096.336,0005.012,0000.054,1023
 
000011357,000000000,000000000,0095.866,0005.056,0000.061,1023
 
000011375,000000000,000000000,0095.396,0005.038,0000.068,1023
 
000011393,000000000,000000000,0094.882,0005.020,0000.073,1023
 
000011411,000000000,000000000,0094.395,0005.064,0000.077,1023
 
000011429,000000000,000000000,0093.878,0004.963,0000.063,1023
 
000011447,000000000,000000000,0093.374,0005.042,0000.068,1023
 
000011465,000000000,000000000,0092.864,0004.945,0000.055,1023
 
000011483,000000000,000000000,0092.361,0004.953,0000.061,1023
 
000011501,000000000,000000000,0091.896,0004.862,0000.050,1023
 
000011519,000000000,000000000,0091.422,0004.916,0000.038,1023
 
000011537,000000000,000000000,0090.978,0004.870,0000.051,1023
 
000011555,000000000,000000000,0090.507,0004.829,0000.058,1023
 
000011573,000000000,000000000,0090.001,0004.888,0000.047,1023
 
000011591,000000000,000000000,0089.528,0004.899,0000.036,1023
 
000011609,000000000,000000000,0089.037,0004.832,0000.045,1023
 
000011627,000000000,000000000,0088.538,0004.882,0000.053,1023
 
000011645,000000000,000000000,0088.031,0004.859,0000.039,1023
 
000011663,000000000,000000000,0087.514,0004.910,0000.065,1023
 
000011681,000000000,000000000,0087.039,0004.822,0000.053,1023
 
000011699,000000000,000000000,0086.504,0004.916,0000.042,1023
 
000011717,000000000,000000000,0086.002,0005.004,0000.032,1023
 
000011735,000000000,000000000,0085.498,0004.870,0000.003,1023
 
000011753,000000000,000000000,0085.014,0004.921,-000.003,1023
 
000011771,000000000,000000000,0084.566,0004.817,0000.012,1023
 
000011789,000000000,000000000,0084.068,0004.795,0000.043,1023
 
000011807,000000000,000000000,0083.609,0004.797,0000.054,1023
 
000011825,000000000,000000000,0083.116,0004.855,0000.040,1023
 
000011843,000000000,000000000,0082.600,0004.922,0000.068,1023
 
000011861,000000000,000000000,0082.122,0004.983,0000.094,1023
 
000011879,000000000,000000000,0081.640,0004.851,0000.063,1023
 
000011897,000000000,000000000,0081.202,0004.884,0000.093,1023
 
000011915,000000000,000000000,0080.773,0004.796,0000.102,1023
 
000011933,000000000,000000000,0080.330,0004.856,0000.130,1023
 
000011951,000000000,000000000,0079.927,0004.737,0000.119,1023
 
000011969,000000000,000000000,0079.511,0004.760,0000.128,1023
 
000011987,000000000,000000000,0079.061,0004.842,0000.116,1023
 
000012005,000000000,000000000,0078.669,0004.815,0000.128,1023
 
000012023,000000000,000000000,0078.258,0004.792,0000.137,1023
 
000012041,000000000,000000000,0077.807,0004.832,0000.142,1023
 
000012059,000000000,000000000,0077.421,0004.865,0000.131,1023
 
000012077,000000000,000000000,0077.025,0004.738,0000.140,1023
 
000012095,000000000,000000000,0076.624,0004.800,0000.131,1023
 
000012113,000000000,000000000,0076.269,0004.764,0000.141,1023
 
000012131,000000000,000000000,0075.934,0004.725,0000.154,1023
 
000012149,000000000,000000000,0075.550,0004.785,0000.162,1023
 
000012167,000000000,000000000,0075.168,0004.808,0000.151,1023
 
000012185,000000000,000000000,0074.864,0004.828,0000.142,1023
 
000012203,000000000,000000000,0074.512,0004.707,0000.137,1023
 
000012221,000000000,000000000,0074.141,0004.791,0000.148,1023
 
000012239,000000000,000000000,0073.837,0004.846,0000.163,1023
 
000012257,000000000,000000000,0073.544,0004.729,0000.195,1023
 
000012275,000000000,000000000,0073.225,0004.792,0000.207,1023
 
000012293,000000000,000000000,0072.885,0004.846,0000.235,1023
 
000012311,000000000,000000000,0072.628,0004.756,0000.249,1023
 
000012329,000000000,000000000,0072.383,0004.700,0000.259,1023
 
000012347,000000000,000000000,0072.085,0004.648,0000.267,1023
 
000012365,000000000,000000000,0071.750,0004.777,0000.288,1023
 
000012383,000000000,000000000,0071.418,0004.873,0000.308,1023
 
000012401,000000000,000000000,0071.162,0004.780,0000.291,1023
 
000012419,000000000,000000000,0070.895,0004.746,0000.313,1023
 
000012437,000000000,000000000,0070.598,0004.809,0000.315,1023
 
000012455,000000000,000000000,0070.277,0004.848,0000.316,1023
 
000012473,000000000,000000000,0070.010,0004.770,0000.338,1023
 
000012491,000000000,000000000,0069.766,0004.753,0000.360,1023
 
000012509,000000001,-00000007,0069.486,0004.738,0000.378,1023
 
000012527,000000002,-00000014,0069.185,0004.804,0000.356,1023
 
000012545,000000004,-00000025,0068.904,0004.858,0000.355,1023
 
000012563,000000002,-00000013,0068.687,0004.774,0000.320,1023
 
000012581,000000001,-00000013,0068.466,0004.700,0000.329,1023
 
000012599,000000002,-00000013,0068.224,0004.739,0000.392,1023
 
000012617,000000001,-00000013,0067.951,0004.822,0000.371,1023
 
000012635,000000000,-00000015,0067.609,0004.973,0000.366,1023
 
000012653,000000001,-00000015,0067.365,0004.839,0000.365,1023
 
000012671,000000000,-00000013,0067.139,0004.718,0000.368,1023
 
000012689,000000001,-00000013,0066.915,0004.702,0000.370,1023
 
000012707,000000000,-00000007,0066.629,0004.749,0000.407,1023
 
000012725,000000000,-00000002,0066.325,0004.824,0000.401,1023
 
000012743,000000000,000000000,0066.131,0004.708,0000.403,1023
 
000012761,000000000,000000000,0065.967,0004.658,0000.389,1023
 
000012779,000000000,000000000,0065.812,0004.647,0000.394,1023
 
000012797,000000000,000000000,0065.681,0004.639,0000.383,1023
 
000012815,000000000,000000000,0065.565,0004.632,0000.390,1023
 
000012833,000000000,000000000,0065.422,0004.625,0000.396,1023
 
000012851,000000000,000000000,0065.250,0004.678,0000.399,1023
 
000012869,000000000,000000000,0065.071,0004.705,0000.404,1023
 
000012887,000000000,000000000,0064.884,0004.787,0000.426,1023
 
000012905,000000000,000000000,0064.727,0004.745,0000.429,1023
 
000012923,000000000,000000000,0064.595,0004.710,0000.416,1023
 
000012941,000000000,000000000,0064.472,0004.717,0000.422,1023
 
000012959,000000000,000000000,0064.349,0004.698,0000.428,1023
 
000012977,000000000,000000000,0064.239,0004.688,0000.415,1023
 
000012995,000000000,000000000,0064.131,0004.678,0000.404,1023
 
000013013,000000000,000000000,0064.014,0004.682,0000.431,1023
 
000013031,000000000,000000000,0063.903,0004.725,0000.436,1023
 
000013049,000000000,000000000,0063.808,0004.710,0000.422,1023
 
000013067,000000000,000000000,0063.695,0004.735,0000.427,1023
 
000013085,000000000,000000000,0063.586,0004.759,0000.414,1023
 
000013103,000000000,000000000,0063.520,0004.698,0000.424,1023
 
000013121,000000000,000000000,0063.467,0004.704,0000.433,1023
 
000013139,000000000,000000000,0063.422,0004.712,0000.443,1023
 
000013157,000000000,000000000,0063.391,0004.719,0000.453,1023
 
000013175,000000000,000000000,0063.361,0004.742,0000.481,1023
 
000013193,000000000,000000000,0063.336,0004.744,0000.488,1023
 
000013211,000000000,000000000,0063.305,0004.746,0000.476,1023
 
000013229,000000000,000000000,0063.279,0004.766,0000.483,1023
 
000013247,000000000,000000000,0063.259,0004.782,0000.510,1023
 
000013265,000000000,000000000,0063.235,0004.801,0000.515,1023
 
000013283,000000000,000000000,0063.211,0004.838,0000.519,1023
 
000013301,000000000,000000000,0063.190,0004.831,0000.505,1023
 
000013319,000000000,000000000,0063.168,0004.825,0000.491,1023
 
000013337,000000000,000000000,0063.146,0004.800,0000.517,1023
 
000013355,000000000,000000000,0063.107,0004.772,0000.501,1023
 
000013373,000000000,000000000,0063.086,0004.750,0000.528,1023
 
000013391,000000000,000000000,0063.064,0004.773,0000.531,1023
 
000013409,000000000,000000000,0063.045,0004.793,0000.533,1023
 
000013427,000000000,000000000,0063.022,0004.793,0000.536,1023
 
000013445,000000000,000000000,0062.999,0004.810,0000.538,1023
 
000013463,000000000,000000000,0062.985,0004.806,0000.559,1023
 
000013481,000000000,000000000,0062.964,0004.802,0000.580,1023
 
000013499,000000000,000000000,0062.952,0004.802,0000.581,1023
 
000013517,000000000,000000000,0062.927,0004.795,0000.580,1023
 
000013535,000000000,000000000,0062.903,0004.810,0000.578,1023
 
000013553,000000000,000000000,0062.883,0004.803,0000.577,1023
 
000013571,000000000,000000000,0062.861,0004.817,0000.576,1023
 
000013589,000000000,000000000,0062.846,0004.829,0000.578,1023
 
000013607,000000000,000000000,0062.828,0004.824,0000.559,1023
 
000013625,000000000,000000000,0062.813,0004.815,0000.561,1023
 
000013643,000000000,000000000,0062.795,0004.809,0000.561,1023
 
000013661,000000000,000000000,0062.781,0004.803,0000.583,1023
 
000013679,000000000,000000000,0062.767,0004.838,0000.563,1023
 
000013697,000000000,000000000,0062.758,0004.867,0000.582,1023
 
000013715,000000000,000000000,0062.735,0004.837,0000.581,1023
 
000013733,000000000,000000000,0062.708,0004.830,0000.562,1023
 
000013751,000000000,000000000,0062.689,0004.841,0000.563,1023
 
000013769,000000000,000000000,0062.675,0004.830,0000.566,1023
 
000013787,000000000,000000000,0062.658,0004.823,0000.567,1023
 
000013805,000000000,000000000,0062.642,0004.836,0000.570,1023
 
000013822,000000000,000000000,0062.623,0004.808,0000.569,0007
 
000013840,000000000,000000000,0062.604,0004.802,0000.551,0006
 
000013858,000000000,000000000,0062.587,0004.797,0000.572,0007
 
000013876,000000000,000000000,0062.568,0004.791,0000.592,0007
 
000013894,000000000,000000000,0062.544,0004.783,0000.591,0006
 
000013912,000000000,000000000,0062.529,0004.798,0000.608,0007
 
000013930,000000000,000000000,0062.515,0004.812,0000.586,0006
 
000013948,000000000,000000000,0062.503,0004.823,0000.566,0007
 
000013966,000000000,000000000,0062.485,0004.817,0000.568,0006
 
000013984,000000000,000000000,0062.474,0004.811,0000.568,0006
 
000014002,000000000,000000000,0062.457,0004.785,0000.569,0006
 
000014020,000000000,000000000,0062.446,0004.798,0000.588,0006
 
000014038,000000000,000000000,0062.431,0004.809,0000.607,0006
 
000014056,000000000,000000000,0062.410,0004.822,0000.606,0166
 
000014074,000000000,000000000,0062.395,0004.816,0000.582,0006
 
000014092,000000000,000000000,0062.382,0004.848,0000.581,0006
 
000014110,000000000,000000000,0062.373,0004.877,0000.582,0006
 
000014128,000000000,000000000,0062.356,0004.868,0000.545,0006
 
000014146,000000000,000000000,0062.338,0004.840,0000.530,0006
 
000014164,000000000,000000000,0062.324,0004.811,0000.555,0007
 
000014182,000000000,000000000,0062.316,0004.810,0000.557,0167
 
000014200,000000000,000000000,0062.301,0004.824,0000.558,0006
 
000014218,000000000,000000000,0062.295,0004.815,0000.541,0006
 
000014236,000000000,000000000,0062.284,0004.805,0000.564,0166
 
000014254,000000000,000000000,0062.269,0004.794,0000.563,0007
 
000014272,000000000,000000000,0062.253,0004.783,0000.565,0166
 
000014290,000000000,000000000,0062.240,0004.734,0000.607,0007
 
000014308,000000000,000000000,0062.225,0004.753,0000.583,0006
 
000014326,000000000,000000000,0062.215,0004.789,0000.584,0006
 
000014344,000000000,000000000,0062.203,0004.801,0000.584,0006
 
000014362,000000000,000000000,0062.199,0004.796,0000.603,0166
 
000014380,000000000,000000000,0062.186,0004.806,0000.620,0007
 
000014398,000000000,000000000,0062.172,0004.779,0000.616,0006
 
000014416,000000000,000000000,0062.156,0004.794,0000.614,0006
 
000014434,000000000,000000000,0062.147,0004.807,0000.613,0167
 
000014452,000000000,000000000,0062.137,0004.801,0000.631,0167
 
000014470,000000000,000000000,0062.126,0004.775,0000.629,0006
 
000014488,000000000,000000000,0062.115,0004.766,0000.623,0006
 
000014506,000000000,000000000,0062.100,0004.762,0000.619,0178
 
000014524,000000000,000000000,0062.091,0004.777,0000.617,0006
 
000014542,000000000,000000000,0062.089,0004.770,0000.632,0006
 
000014560,000000000,000000000,0062.085,0004.758,0000.648,0006
 
000014578,000000000,000000000,0062.076,0004.754,0000.623,0006
 
000014596,000000000,000000000,0062.070,0004.752,0000.602,0006
 
000014614,000000000,000000000,0062.061,0004.750,0000.582,0178
 
000014632,000000000,000000000,0062.051,0004.765,0000.563,0167
 
000014650,000000000,000000000,0062.037,0004.760,0000.564,0167
 
000014668,000000000,000000000,0062.031,0004.772,0000.566,0006
 
000014686,000000000,000000000,0062.024,0004.747,0000.548,0006
 
000014704,000000000,000000000,0062.021,0004.765,0000.571,0006
 
000014722,000000000,000000000,0062.012,0004.760,0000.592,0006
 
000014740,000000000,000000000,0062.002,0004.757,0000.571,0007
 
000014758,000000000,000000000,0061.990,0004.752,0000.552,0006
 
000014776,000000000,000000000,0061.986,0004.824,0000.553,0006
 
000014794,000000000,000000000,0061.981,0004.816,0000.555,0006
 
000014812,000000000,000000000,0061.974,0004.807,0000.538,0006
 
000014830,000000000,000000000,0061.970,0004.794,0000.543,0006
 
000014848,000000000,000000000,0061.964,0004.778,0000.565,0006
 
000014866,000000000,000000000,0061.959,0004.771,0000.546,0006
 
000014884,000000000,000000000,0061.949,0004.786,0000.549,0166
 
000014902,000000000,000000000,0061.943,0004.762,0000.533,0006
 
000014920,000000000,000000000,0061.939,0004.740,0000.518,0166
 
000014938,000000000,000000000,0061.928,0004.754,0000.522,0006
 
000014956,000000000,000000000,0061.917,0004.745,0000.527,0006
 
000014974,000000000,000000000,0061.918,0004.758,0000.569,0167
 
000014992,000000000,000000000,0061.913,0004.753,0000.571,0006
 
000015010,000000000,000000000,0061.912,0004.745,0000.590,0166
 
000015028,000000000,000000000,0061.895,0004.762,0000.571,0007
 
000015046,000000000,000000000,0061.881,0004.776,0000.573,0167
 
000015064,000000000,000000000,0061.874,0004.787,0000.573,0007
 
000015082,000000000,000000000,0061.862,0004.799,0000.574,0006
 
000015100,000000000,000000000,0061.854,0004.793,0000.576,0167
 
000015118,000000000,000000000,0061.851,0004.809,0000.579,0166
 
000015136,000000000,000000000,0061.842,0004.842,0000.619,0006
 
000015154,000000000,000000000,0061.833,0004.848,0000.616,0006
 
000015172,000000000,000000000,0061.830,0004.854,0000.594,0006
 
000015190,000000000,000000000,0061.819,0004.840,0000.593,0006
 
000015208,000000000,000000000,0061.809,0004.808,0000.612,0006
 
000015226,000000000,000000000,0061.799,0004.800,0000.609,0178
 
000015244,000000000,000000000,0061.793,0004.793,0000.607,0006
 
000015262,000000000,000000000,0061.797,0004.807,0000.643,0006
 
000015280,000000000,000000000,0061.791,0004.802,0000.620,0007
 
000015298,000000000,000000000,0061.773,0004.792,0000.580,0006
 
000015316,000000000,000000000,0061.768,0004.764,0000.562,0006
 
000015334,000000000,000000000,0061.764,0004.755,0000.565,0006
 
000015352,000000000,000000000,0061.762,0004.746,0000.568,0007
 
000015370,000000000,000000000,0061.752,0004.777,0000.589,0006
 
000015388,000000000,000000000,0061.745,0004.790,0000.589,0006
 
000015406,000000000,000000000,0061.738,0004.802,0000.589,0007
 
