000040114,000000000,000000000,0118.107,0005.144,-001.038,0007
 
000040131,000000000,000000000,0118.184,0005.026,-000.898,0173
 
000040149,000000000,000000000,0118.219,0005.004,-000.774,0167
 
000040167,000000000,000000000,0118.293,0004.988,-000.697,0168
 
000040185,000000000,000000000,0118.340,0004.945,-000.605,0169
 
000040203,000000000,000000000,0118.403,0004.929,-000.522,0168
 
000040221,000000000,000000000,0118.453,0004.889,-000.443,0168
 
000040239,000000000,000000000,0118.496,0004.855,-000.371,0168
 
000040257,000000000,000000000,0118.539,0004.804,-000.285,0168
 
000040275,000000000,000000000,0118.558,0004.819,-000.227,0176
 
000040293,000000000,000000000,0118.603,0004.789,-000.153,0175
 
000040311,000000000,000000000,0118.664,0004.763,-000.104,0172
 
000040329,000000000,000000000,0118.695,0004.779,-000.060,0169
 
000040347,000000000,000000000,0118.707,0004.757,0000.001,0179
 
000040365,000000000,000000000,0118.705,0004.756,0000.019,0007
 
000040383,000000000,000000000,0118.699,0004.756,0000.035,0007
 
000040401,000000000,000000000,0118.703,0004.715,0000.051,0007
 
000040419,000000000,000000000,0118.719,0004.658,0000.083,0007
 
000040437,000000000,000000000,0118.756,0004.623,0000.114,0179
 
000040455,000000000,000000000,0118.781,0004.592,0000.198,0179
 
000040473,000000000,000000000,0118.827,0004.584,0000.239,0007
 
000040491,000000000,000000000,0118.799,0004.615,0000.238,0179
 
000040509,000000000,000000000,0118.800,0004.621,0000.256,0007
 
000040527,000000000,000000000,0118.812,0004.630,0000.272,0179
 
000040545,000000000,000000000,0118.835,0004.637,0000.287,0007
 
000040563,000000000,000000000,0118.818,0004.623,0000.302,0174
 
000040581,000000000,000000000,0118.813,0004.574,0000.334,0179
 
000040599,000000000,000000000,0118.834,0004.568,0000.344,0007
 
000040617,000000000,000000000,0118.818,0004.525,0000.353,0173
 
000040635,000000000,000000000,0118.835,0004.519,0000.382,0179
 
000040653,000000000,000000000,0118.858,0004.555,0000.389,0179
 
000040671,000000000,000000000,0118.884,0004.548,0000.396,0180
 
000040689,000000000,000000000,0118.882,0004.539,0000.401,0180
 
000040707,000000000,000000000,0118.874,0004.534,0000.405,0174
 
000040725,000000000,000000000,0118.903,0004.529,0000.410,0173
 
000040743,000000000,000000000,0118.943,0004.548,0000.395,0174
 
000040761,000000000,000000000,0118.975,0004.523,0000.418,0167
 
000040779,000000000,000000000,0118.997,0004.520,0000.402,0167
 
000040797,000000000,000000000,0119.005,0004.516,0000.428,0167
 
000040815,000000000,000000000,0118.987,0004.513,0000.452,0167
 
000040833,000000000,000000000,0118.987,0004.529,0000.453,0167
 
000040851,000000000,000000000,0119.017,0004.503,0000.474,0007
 
000040869,000000000,000000000,0119.027,0004.479,0000.492,0007
 
000040887,000000000,000000000,0119.043,0004.459,0000.490,0007
 
000040905,000000000,000000000,0119.043,0004.462,0000.471,0179
 
000040923,000000000,000000000,0119.035,0004.482,0000.488,0169
 
000040941,000000000,000000000,0119.035,0004.498,0000.505,0168
 
000040959,000000000,000000000,0119.057,0004.477,0000.484,0168
 
000040977,000000000,000000000,0119.054,0004.436,0000.501,0169
 
000040995,000000000,000000000,0119.047,0004.438,0000.519,0176
 
000041013,000000000,000000000,0119.035,0004.441,0000.514,0170
 
000041031,000000000,000000000,0119.021,0004.443,0000.511,0169
 
000041049,000000000,000000000,0119.021,0004.426,0000.565,0172
 
000041067,000000000,000000000,0119.032,0004.434,0000.557,0175
 
000041085,000000000,000000000,0119.024,0004.415,0000.550,0169
 
000041103,000000000,000000000,0119.032,0004.376,0000.564,0170
 
000041121,000000000,000000000,0119.072,0004.364,0000.558,0169
 
000041139,000000000,000000000,0119.053,0004.350,0000.571,0169
 
000041157,000000000,000000000,0119.065,0004.360,0000.544,0167
 
000041175,000000000,000000000,0119.053,0004.389,0000.500,0167
 
000041193,000000000,000000000,0119.063,0004.417,0000.460,0179
 
000041211,000000000,000000000,0119.103,0004.419,0000.460,0179
 
000041229,000000000,000000000,0119.107,0004.422,0000.460,0179
 
000041247,000000000,000000000,0119.129,0004.424,0000.461,0179
 
000041265,000000000,000000000,0119.135,0004.386,0000.462,0169
 
000041283,000000000,000000000,0119.129,0004.373,0000.462,0007
 
000041301,000000000,000000000,0119.129,0004.401,0000.446,0173
 
000041319,000000000,000000000,0119.140,0004.387,0000.447,0179
 
000041337,000000000,000000000,0119.138,0004.413,0000.430,0007
 
000041355,000000000,000000000,0119.136,0004.437,0000.415,0174
 
000041373,000000000,000000000,0119.125,0004.407,0000.420,0179
 
000041391,000000000,000000000,0119.114,0004.370,0000.405,0173
 
000041409,000000000,000000000,0119.112,0004.358,0000.410,0179
 
000041427,000000000,000000000,0119.119,0004.332,0000.395,0007
 
000041445,000000000,000000000,0119.141,0004.340,0000.401,0179
 
000041463,000000000,000000000,0119.144,0004.389,0000.389,0179
 
000041481,000000000,000000000,0119.153,0004.374,0000.396,0007
 
000041499,000000000,000000000,0119.176,0004.361,0000.382,0179
 
000041517,000000000,000000000,0119.175,0004.345,0000.370,0167
 
000041535,000000000,000000000,0119.174,0004.354,0000.359,0167
 
000041553,000000000,000000000,0119.198,0004.324,0000.407,0167
 
000041571,000000000,000000000,0119.187,0004.316,0000.411,0167
 
000041589,000000000,000000000,0119.192,0004.327,0000.416,0179
 
000041607,000000000,000000000,0119.219,0004.298,0000.419,0167
 
000041625,000000000,000000000,0119.229,0004.332,0000.421,0169
 
000041643,000000000,000000000,0119.248,0004.323,0000.405,0168
 
000041661,000000000,000000000,0119.265,0004.352,0000.430,0169
 
000041679,000000000,000000000,0119.305,0004.379,0000.453,0168
 
000041697,000000000,000000000,0119.289,0004.391,0000.452,0179
 
000041715,000000000,000000000,0119.295,0004.373,0000.453,0174
 
000041733,000000000,000000000,0119.310,0004.360,0000.453,0169
 
000041751,000000000,000000000,0119.299,0004.365,0000.434,0175
 
000041769,000000000,000000000,0119.294,0004.373,0000.436,0174
 
000041787,000000000,000000000,0119.287,0004.359,0000.459,0172
 
000041805,000000000,000000000,0119.289,0004.369,0000.460,0169
 
000041823,000000000,000000000,0119.304,0004.394,0000.460,0170
 
000041841,000000000,000000000,0119.303,0004.418,0000.462,0169
 
000041859,000000000,000000000,0119.313,0004.424,0000.481,0170
 
000041877,000000000,000000000,0119.279,0004.448,0000.424,0169
 
000041895,000000000,000000000,0119.265,0004.429,0000.427,0179
 
000041913,000000000,000000000,0119.264,0004.409,0000.430,0169
 
000041931,000000000,000000000,0119.256,0004.415,0000.433,0170
 
000041949,000000000,000000000,0119.263,0004.416,0000.437,0176
 
000041967,000000000,000000000,0119.262,0004.400,0000.420,0179
 
000041985,000000000,000000000,0119.257,0004.408,0000.423,0169
 
000042003,000000000,000000000,0119.268,0004.415,0000.428,0180
 
000042021,000000000,000000000,0119.268,0004.415,0000.430,0179
 
000042039,000000000,000000000,0119.270,0004.419,0000.415,0179
 
000042057,000000000,000000000,0119.252,0004.423,0000.420,0179
 
000042075,000000000,000000000,0119.246,0004.426,0000.404,0179
 
000042093,000000000,000000000,0119.270,0004.445,0000.430,0173
 
000042111,000000000,000000000,0119.288,0004.427,0000.454,0169
 
000042129,000000000,000000000,0119.299,0004.429,0000.474,0007
 
000042147,000000000,000000000,0119.291,0004.450,0000.455,0179
 
000042165,000000000,000000000,0119.304,0004.472,0000.438,0007
 
000042183,000000000,000000000,0119.299,0004.430,0000.421,0173
 
000042201,000000000,000000000,0119.274,0004.436,0000.426,0007
 
000042219,000000000,000000000,0119.307,0004.477,0000.430,0179
 
000042237,000000000,000000000,0119.298,0004.474,0000.451,0007
 
000042255,000000000,000000000,0119.272,0004.472,0000.453,0179
 
000042273,000000000,000000000,0119.280,0004.509,0000.474,0167
 
000042291,000000000,000000000,0119.253,0004.486,0000.455,0179
 
000042309,000000000,000000000,0119.250,0004.467,0000.438,0167
 
000042327,000000000,000000000,0119.228,0004.468,0000.441,0167
 
000042345,000000000,000000000,0119.211,0004.469,0000.444,0167
 
000042363,000000000,000000000,0119.205,0004.449,0000.426,0168
 
000042381,000000000,000000000,0119.212,0004.450,0000.430,0168
 
000042399,000000000,000000000,0119.231,0004.390,0000.434,0168
 
000042417,000000000,000000000,0119.249,0004.376,0000.455,0169
 
000042435,000000000,000000000,0119.278,0004.422,0000.457,0170
 
000042453,000000000,000000000,0119.296,0004.445,0000.478,0168
 
000042471,000000000,000000000,0119.294,0004.465,0000.496,0176
 
000042489,000000000,000000000,0119.287,0004.463,0000.493,0170
 
000042507,000000000,000000000,0119.292,0004.449,0000.491,0169
 
000042525,000000000,000000000,0119.318,0004.469,0000.509,0169
 
000042543,000000000,000000000,0119.312,0004.468,0000.526,0169
 
000042561,000000000,000000000,0119.322,0004.450,0000.522,0176
 
000042580,000000000,000000000,0119.320,0004.409,0000.536,1023
 
000042598,000000000,000000000,0119.340,0004.416,0000.531,1023
 
000042616,000000000,000000000,0119.319,0004.438,0000.527,1023
 
000042634,000000000,000000000,0119.315,0004.460,0000.523,1023
 
000042652,000000000,000000000,0119.302,0004.440,0000.520,1023
 
000042670,000000000,000000000,0119.290,0004.383,0000.497,1023
 
000042688,000000000,000000000,0119.301,0004.386,0000.554,1023
 
000042706,000000000,000000000,0119.302,0004.350,0000.565,1023
 
000042724,000000000,000000000,0119.297,0004.360,0000.558,1023
 
000042742,000000000,000000000,0119.310,0004.347,0000.551,1023
 
000042760,000000000,000000000,0119.290,0004.356,0000.544,1023
 
000042778,000000000,000000000,0119.287,0004.381,0000.537,1023
 
000042796,000000000,000000000,0119.290,0004.405,0000.534,1023
 
000042814,000000000,000000000,0119.297,0004.412,0000.546,1023
 
000042832,000000000,000000000,0119.306,0004.457,0000.559,1023
 
000042850,000000000,000000000,0119.295,0004.435,0000.551,1023
 
000042868,000000000,000000000,0119.267,0004.393,0000.584,1023
 
000042886,000000000,000000000,0119.238,0004.378,0000.612,1023
 
000042904,000000000,000000000,0119.249,0004.365,0000.565,1023
 
000042922,000000000,000000000,0119.232,0004.374,0000.558,1023
 
000042940,000000000,000000000,0119.227,0004.377,0000.551,1023
 
000042958,000000000,000000000,0119.222,0004.381,0000.543,1023
 
000042976,000000000,000000000,0119.201,0004.387,0000.575,1023
 
000042994,000000000,000000000,0119.164,0004.353,0000.583,1023
 
000043012,000000000,000000000,0119.110,0004.381,0000.571,1023
 
000043030,000000000,000000000,0119.098,0004.384,0000.600,1023
 
000043048,000000000,000000000,0119.078,0004.373,0000.587,1023
 
000043066,000000000,000000000,0118.993,0004.419,0000.573,1023
 
000043084,000000000,000000000,0118.893,0004.498,0000.574,1023
 
000043102,000000000,000000000,0118.743,0004.591,0000.553,1023
 
000043120,000000000,000000000,0118.503,0004.677,0000.531,1023
 
000043138,000000000,000000000,0118.254,0004.696,0000.489,1023
 
000043156,000000000,000000000,0117.912,0004.730,0000.488,1023
 
000043174,000000000,000000000,0117.605,0004.748,0000.449,1023
 
000043192,000000000,000000000,0117.237,0004.748,0000.432,1023
 
000043210,000000000,000000000,0116.764,0004.784,0000.408,1023
 
000043228,000000000,000000000,0116.271,0004.784,0000.381,1023
 
000043246,000000000,000000000,0115.784,0004.765,0000.355,1023
 
000043264,000000000,000000000,0115.303,0004.706,0000.336,1023
 
000043282,000000000,000000000,0114.879,0004.651,0000.322,1023
 
000043300,000000000,000000000,0114.464,0004.596,0000.329,1023
 
000043318,000000000,000000000,0114.026,0004.648,0000.316,1023
 
000043336,000000000,000000000,0113.658,0004.477,0000.326,1023
 
000043354,000000000,000000000,0113.259,0004.439,0000.316,1023
 
000043372,000000000,000000000,0112.938,0004.498,0000.329,1023
 
000043390,000000000,000000000,0112.624,0004.337,0000.322,1023
 
000043408,000000000,000000000,0112.325,0004.386,0000.298,1023
 
000043426,000000000,000000000,0111.939,0004.489,0000.270,1023
 
000043444,000000000,000000000,0111.517,0004.584,0000.244,1023
 
000043462,000000000,000000000,0111.159,0004.515,0000.239,1023
 
000043480,000000000,000000000,0110.689,0004.569,0000.230,1023
 
000043498,000000000,000000000,0110.247,0004.674,0000.262,1023
 
000043516,000000000,000000000,0109.765,0004.577,0000.268,1023
 
000043534,000000000,000000000,0109.192,0004.684,0000.234,1023
 
000043552,000000000,000000000,0108.680,0004.537,0000.240,1023
 
000043570,000000000,000000000,0108.143,0004.549,0000.250,1023
 
000043588,000000000,000000000,0107.654,0004.433,0000.239,1023
 
000043606,000000000,000000000,0107.153,0004.326,0000.230,1023
 
000043624,000000000,000000000,0106.680,0004.373,0000.243,1023
 
000043642,000000000,000000000,0106.255,0004.287,0000.232,1023
 
000043660,000000000,000000000,0105.706,0004.339,0000.242,1023
 
000043678,000000000,000000000,0105.214,0004.216,0000.233,1023
 
000043696,000000000,000000000,0104.751,0004.180,0000.204,1023
 
000043714,000000000,000000000,0104.296,0004.260,0000.219,1023
 
000043732,000000000,000000000,0103.796,0004.182,0000.192,1023
 
000043750,000000000,000000000,0103.233,0004.243,0000.190,1023
 
000043768,000000000,000000000,0102.678,0004.298,0000.179,1023
 
000043786,000000000,000000000,0102.069,0004.445,0000.187,1023
 
000043804,000000000,000000000,0101.401,0004.542,0000.189,1023
 
000043822,000000000,000000000,0100.621,0004.690,0000.184,1023
 
000043840,000000000,000000000,0099.864,0004.617,0000.204,1023
 
000043858,000000000,000000000,0099.061,0004.648,0000.203,1023
 
000043876,000000000,000000000,0098.313,0004.600,0000.184,1023
 
000043894,000000000,000000000,0097.678,0004.439,0000.189,1023
 
000043912,000000000,000000000,0096.986,0004.482,0000.195,1023
 
000043930,000000000,000000000,0096.328,0004.522,0000.194,1023
 
000043948,000000000,000000000,0095.624,0004.539,0000.179,1023
 
000043966,000000000,000000000,0094.869,0004.480,0000.198,1023
 
000043984,000000000,000000000,0094.180,0004.494,0000.220,1023
 
000044002,000000000,000000000,0093.461,0004.421,0000.218,1023
 
000044020,000000000,000000000,0092.806,0004.387,0000.219,1023
 
000044038,000000000,000000000,0092.176,0004.412,0000.248,1023
 
000044056,000000000,000000000,0091.576,0004.267,0000.236,1023
 
000044074,000000000,000000000,0091.013,0004.300,0000.243,1023
 
000044092,000000000,000000000,0090.458,0004.330,0000.252,1023
 
000044110,000000000,000000000,0089.880,0004.308,0000.258,1023
 
000044128,000000000,000000000,0089.271,0004.415,0000.240,1023
 
000044146,000000000,000000000,0088.674,0004.419,0000.244,1023
 
000044164,000000000,000000000,0088.033,0004.538,0000.268,1023
 
000044182,000000000,000000000,0087.410,0004.382,0000.252,1023
 
000044200,000000000,000000000,0086.806,0004.411,0000.259,1023
 
000044218,000000000,000000000,0086.317,0004.301,0000.268,1023
 
000044236,000000000,000000000,0085.778,0004.372,0000.257,1023
 
000044254,000000000,000000000,0085.329,0004.437,0000.246,1023
 
000044272,000000000,000000000,0084.773,0004.322,0000.239,1023
 
000044290,000000000,000000000,0084.240,0004.409,0000.251,1023
 
000044308,000000000,000000000,0083.756,0004.333,0000.260,1023
 
000044326,000000000,000000000,0083.207,0004.321,0000.271,1023
 
000044344,000000000,000000000,0082.651,0004.295,0000.260,1023
 
000044362,000000000,000000000,0082.160,0004.229,0000.272,1023
 
000044380,000000000,000000000,0081.679,0004.226,0000.264,1023
 
000044398,000000000,000000000,0081.244,0004.229,0000.257,1023
 
000044416,000000000,000000000,0080.777,0004.104,0000.250,1023
 
000044434,000000000,000000000,0080.297,0004.266,0000.263,1023
 
000044452,000000000,000000000,0079.856,0004.185,0000.273,1023
 
000044470,000000000,000000000,0079.330,0004.171,0000.284,1023
 
000044488,000000000,000000000,0078.851,0004.271,0000.294,1023
 
000044506,000000000,000000000,0078.385,0004.230,0000.303,1023
 
000044524,000000000,000000000,0077.852,0004.361,0000.311,1023
 
000044542,000000000,000000000,0077.426,0004.237,0000.300,1023
 
000044560,000000000,000000000,0076.940,0004.123,0000.290,1023
 
000044578,000000000,000000000,0076.451,0004.206,0000.280,1023
 
000044596,000000000,000000000,0076.001,0004.111,0000.329,1023
 
000044614,000000000,000000000,0075.514,0004.100,0000.339,1023
 
000044632,000000000,000000000,0075.189,0004.130,0000.368,1023
 
000044650,000000000,000000000,0074.847,0004.103,0000.394,1023
 
000044668,000000000,000000000,0074.388,0004.226,0000.416,1023
 
000044686,000000000,000000000,0074.086,0004.128,0000.423,1023
 
000044704,000000000,000000000,0073.772,0004.078,0000.409,1023
 
000044722,000000000,000000000,0073.351,0004.033,0000.396,1023
 
000044740,000000000,000000000,0073.008,0004.123,0000.384,1023
 
000044758,000000000,000000000,0072.680,0004.060,0000.395,1023
 
000044776,000000000,000000000,0072.350,0004.018,0000.406,1023
 
000044794,000000000,000000000,0071.965,0004.111,0000.411,1023
 
000044812,000000000,000000000,0071.601,0004.216,0000.400,1023
 
000044830,000000000,000000000,0071.291,0004.065,0000.410,1023
 
000044848,000000000,-00000007,0071.010,0004.081,0000.423,1023
 
000044866,000000003,-00000014,0070.720,0004.154,0000.448,1023
 
000044884,000000003,-00000025,0070.462,0004.217,0000.476,1023
 
000044902,000000002,-00000015,0070.208,0004.161,0000.462,1023
 
000044920,000000001,000000243,0069.929,0004.126,0000.451,1023
 
000044938,000000001,-00003085,0069.656,0004.215,0000.439,1023
 
000044956,000000002,-00000013,0069.406,0004.215,0000.447,1023
 
000044974,000000001,-00000013,0069.122,0004.235,0000.454,1023
 
000044992,000000001,-00000013,0068.906,0004.131,0000.467,1023
 
000045010,000000000,-00000013,0068.714,0004.064,0000.499,1023
 
000045028,000000001,-00000007,0068.530,0004.115,0000.508,1023
 
000045046,000000000,-00000008,0068.300,0004.165,0000.514,1023
 
000045064,000000000,-00000007,0068.091,0004.229,0000.519,1023
 
000045082,000000000,000000252,0067.870,0004.209,0000.527,1023
 
000045100,000000000,000000000,0067.716,0004.173,0000.515,1023
 
000045118,000000000,000000000,0067.593,0004.057,0000.547,1023
 
000045136,000000000,000000000,0067.461,0004.051,0000.556,1023
 
000045154,000000000,000000000,0067.348,0004.103,0000.565,1023
 
000045172,000000000,000000000,0067.260,0004.113,0000.573,1023
 
000045190,000000000,000000000,0067.118,0004.182,0000.577,1023
 
000045208,000000000,000000000,0066.991,0004.243,0000.579,1023
 
000045226,000000000,000000000,0066.776,0004.300,0000.582,1023
 
000045244,000000000,000000000,0066.563,0004.297,0000.565,1023
 
000045262,000000000,000000000,0066.353,0004.287,0000.570,1023
 
000045280,000000000,000000000,0066.213,0004.281,0000.574,1023
 
000045298,000000000,000000000,0066.109,0004.182,0000.604,1023
 
000045316,000000000,000000000,0066.076,0004.148,0000.610,1023
 
000045334,000000000,000000000,0065.984,0004.191,0000.596,1023
 
000045352,000000000,000000000,0065.869,0004.193,0000.621,1023
 
000045370,000000000,000000000,0065.792,0004.195,0000.644,1023
 
000045388,000000000,000000000,0065.706,0004.176,0000.626,1023
 
000045406,000000000,000000000,0065.622,0004.219,0000.629,1023
 
000045424,000000000,000000000,0065.513,0004.258,0000.650,1023
 
000045442,000000000,000000000,0065.446,0004.254,0000.689,1023
 
000045460,000000000,000000000,0065.365,0004.251,0000.668,1023
 
000045478,000000000,000000000,0065.222,0004.326,0000.684,1023
 
000045496,000000000,000000000,0065.057,0004.433,0000.697,1023
 
000045514,000000000,000000000,0064.845,0004.381,0000.673,1023
 
000045532,000000000,000000000,0064.711,0004.333,0000.654,1023
 
000045550,000000000,000000000,0064.642,0004.284,0000.656,1023
 
000045568,000000000,000000000,0064.546,0004.258,0000.679,1023
 
000045586,000000000,000000000,0064.524,0004.199,0000.680,1023
 
000045604,000000000,000000000,0064.513,0004.180,0000.701,1023
 
000045622,000000000,000000000,0064.489,0004.203,0000.701,1023
 
000045640,000000000,000000000,0064.484,0004.223,0000.702,1023
 
000045658,000000000,000000000,0064.469,0004.241,0000.702,1023
 
000045676,000000000,000000000,0064.449,0004.239,0000.702,1023
 
000045694,000000000,000000000,0064.450,0004.237,0000.704,1023
 
000045712,000000000,000000000,0064.428,0004.216,0000.706,1023
 
000045730,000000000,000000000,0064.402,0004.214,0000.728,1023
 
000045748,000000000,000000000,0064.438,0004.213,0000.729,1023
 
000045766,000000000,000000000,0064.436,0004.233,0000.729,1023
 
000045784,000000000,000000000,0064.450,0004.252,0000.729,1023
 
000045802,000000000,000000000,0064.439,0004.269,0000.727,1023
 
000045820,000000000,000000000,0064.439,0004.244,0000.726,1023
 
000045838,000000000,000000000,0064.447,0004.222,0000.743,1023
 
000045856,000000000,000000000,0064.445,0004.200,0000.761,1023
 
000045874,000000000,000000000,0064.452,0004.182,0000.720,1023
 
000045892,000000000,000000000,0064.440,0004.186,0000.700,1023
 
000045910,000000000,000000000,0064.449,0004.209,0000.702,1023
 
000045928,000000000,000000000,0064.453,0004.228,0000.683,1023
 
000045946,000000000,000000000,0064.483,0004.245,0000.685,1023
 
000045964,000000000,000000000,0064.496,0004.238,0000.727,1023
 
000045982,000000000,000000000,0064.515,0004.256,0000.727,1023
 
000046000,000000000,000000000,0064.496,0004.292,0000.728,1023
 
000046018,000000000,000000000,0064.496,0004.326,0000.728,1023
 
000046036,000000000,000000000,0064.509,0004.334,0000.708,1023
 
000046054,000000000,000000000,0064.481,0004.324,0000.690,1023
 
000046072,000000000,000000000,0064.469,0004.334,0000.710,1023
 
000046090,000000000,000000000,0064.484,0004.300,0000.731,1023
 
000046108,000000000,000000000,0064.467,0004.295,0000.729,1023
 
000046126,000000000,000000000,0064.479,0004.286,0000.728,1023
 
000046143,000000000,000000000,0064.469,0004.299,0000.728,0174
 
000046161,000000000,000000000,0064.438,0004.352,0000.708,0179
 
000046179,000000000,000000000,0064.441,0004.400,0000.690,0179
 
000046197,000000000,000000000,0064.439,0004.386,0000.692,0006
 
000046215,000000000,000000000,0064.438,0004.409,0000.695,0006
 
000046233,000000000,000000000,0064.425,0004.372,0000.697,0176
 
000046251,000000000,000000000,0064.419,0004.320,0000.717,0179
 
000046269,000000000,000000000,0064.392,0004.312,0000.698,0006
 
000046287,000000000,000000000,0064.400,0004.327,0000.700,0006
 
000046305,000000000,000000000,0064.396,0004.336,0000.682,0006
 
000046323,000000000,000000000,0064.392,0004.344,0000.666,0006
 
000046341,000000000,000000000,0064.392,0004.333,0000.671,0006
 
000046359,000000000,000000000,0064.405,0004.322,0000.694,0006
 
000046377,000000000,000000000,0064.390,0004.333,0000.715,0006
 
000046395,000000000,000000000,0064.395,0004.343,0000.715,0006
 
000046413,000000000,000000000,0064.382,0004.332,0000.716,0006
 
000046431,000000000,000000000,0064.382,0004.303,0000.696,0006
 
000046449,000000000,000000000,0064.360,0004.338,0000.680,0006
 
000046467,000000000,000000000,0064.357,0004.332,0000.702,0006
 
000046485,000000000,000000000,0064.352,0004.324,0000.723,0006
 
000046503,000000000,000000000,0064.386,0004.317,0000.722,0167
 
000046521,000000000,000000000,0064.413,0004.285,0000.722,0179
 
000046539,000000000,000000000,0064.424,0004.259,0000.742,0179
 
000046557,000000000,000000000,0064.428,0004.252,0000.741,0179
 
000046575,000000000,000000000,0064.428,0004.289,0000.738,0167
 
000046593,000000000,000000000,0064.451,0004.301,0000.736,0173
 
000046611,000000000,000000000,0064.443,0004.314,0000.734,0179
 
000046629,000000000,000000000,0064.448,0004.302,0000.714,0173
 
000046647,000000000,000000000,0064.413,0004.291,0000.695,0007
 
000046665,000000000,000000000,0064.406,0004.281,0000.697,0167
 
000046683,000000000,000000000,0064.384,0004.314,0000.718,0174
 
000046701,000000000,000000000,0064.411,0004.305,0000.737,0173
 
000046719,000000000,000000000,0064.411,0004.297,0000.716,0173
 
000046737,000000000,000000000,0064.407,0004.290,0000.717,0179
 
000046755,000000000,000000000,0064.395,0004.281,0000.699,0179
 
000046773,000000000,000000000,0064.399,0004.301,0000.682,0179
 
000046791,000000000,000000000,0064.397,0004.274,0000.685,0179
 
000046809,000000000,000000000,0064.418,0004.248,0000.688,0179
 
000046827,000000000,000000000,0064.416,0004.239,0000.710,0179
 
000046845,000000000,000000000,0064.396,0004.255,0000.711,0173
 
000046863,000000000,000000000,0064.382,0004.274,0000.711,0173
 
000046881,000000000,000000000,0064.380,0004.289,0000.713,0179
 
000046899,000000000,000000000,0064.399,0004.317,0000.733,0179
 
000046917,000000000,000000000,0064.414,0004.307,0000.731,0179
 
000046935,000000000,000000000,0064.391,0004.318,0000.711,0179
 
000046953,000000000,000000000,0064.408,0004.291,0000.711,0179
 
000046971,000000000,000000000,0064.385,0004.265,0000.711,0179
 
000046989,000000000,000000000,0064.393,0004.244,0000.692,0179
 
000047007,000000000,000000000,0064.397,0004.200,0000.695,0167
 
000047025,000000000,000000000,0064.391,0004.186,0000.699,0006
 
000047043,000000000,000000000,0064.398,0004.188,0000.702,0179
 
000047061,000000000,000000000,0064.423,0004.189,0000.686,0179
 
000047079,000000000,000000000,0064.420,0004.190,0000.689,0179
 
000047097,000000000,000000000,0064.436,0004.192,0000.673,0179
 
000047115,000000000,000000000,0064.449,0004.213,0000.677,0169
 
000047133,000000000,000000000,0064.468,0004.230,0000.680,0169
 
000047151,000000000,000000000,0064.461,0004.189,0000.683,0007
 
