000331897,000000000,000000000,0116.976,0002.235,-002.550,0311
 
000331914,000000000,000000000,0116.967,0002.399,-002.321,0289
 
000331932,000000000,000000000,0117.089,0002.566,-002.118,0289
 
000331950,000000000,000000000,0117.200,0002.721,-001.931,0289
 
000331968,000000000,000000000,0117.307,0002.864,-001.759,0290
 
000331986,000000000,000000000,0117.391,0002.996,-001.603,0290
 
000332004,000000000,000000000,0117.474,0003.098,-001.477,0289
 
000332022,000000000,000000000,0117.531,0003.192,-001.341,0290
 
000332040,000000000,000000000,0117.581,0003.298,-001.236,0289
 
000332058,000000000,000000000,0117.625,0003.394,-001.117,0289
 
000332076,000000000,000000000,0117.659,0003.463,-001.006,0289
 
000332094,000000000,000000000,0117.685,0003.550,-000.948,0289
 
000332112,000000000,000000000,0117.720,0003.608,-000.855,0310
 
000332130,000000000,000000000,0117.741,0003.664,-000.771,0309
 
000332148,000000000,000000000,0117.748,0003.752,-000.714,0311
 
000332166,000000000,000000000,0117.758,0003.834,-000.638,0311
 
000332184,000000000,000000000,0117.771,0003.869,-000.569,0311
 
000332202,000000000,000000000,0117.777,0003.941,-000.527,0309
 
000332220,000000000,000000000,0117.768,0003.970,-000.487,0288
 
000332238,000000000,000000000,0117.795,0003.993,-000.410,0311
 
000332256,000000000,000000000,0117.794,0004.036,-000.339,0315
 
000332274,000000000,000000000,0117.782,0004.034,-000.272,0315
 
000332292,000000000,000000000,0117.759,0004.032,-000.213,0315
 
000332310,000000000,000000000,0117.755,0004.074,-000.161,0309
 
000332328,000000000,000000000,0117.741,0004.109,-000.168,0289
 
000332346,000000000,000000000,0117.718,0004.125,-000.137,0315
 
000332364,000000000,000000000,0117.711,0004.159,-000.128,0320
 
000332382,000000000,000000000,0117.687,0004.186,-000.099,0320
 
000332400,000000000,000000000,0117.662,0004.169,-000.091,0320
 
000332418,000000000,000000000,0117.632,0004.198,-000.084,0320
 
000332436,000000000,000000000,0117.622,0004.205,-000.078,0320
 
000332454,000000000,000000000,0117.600,0004.212,-000.073,0310
 
000332472,000000000,000000000,0117.579,0004.215,-000.089,0289
 
000332490,000000000,000000000,0117.563,0004.239,-000.083,0289
 
000332508,000000000,000000000,0117.538,0004.224,-000.076,0289
 
000332526,000000000,000000000,0117.516,0004.267,-000.053,0289
 
000332544,000000000,000000000,0117.508,0004.307,-000.011,0289
 
000332562,000000000,000000000,0117.502,0004.301,0000.010,0289
 
000332580,000000000,000000000,0117.475,0004.318,0000.028,0289
 
000332598,000000000,000000000,0117.458,0004.338,0000.044,0289
 
000332616,000000000,000000000,0117.426,0004.354,0000.058,0289
 
000332634,000000000,000000000,0117.400,0004.353,0000.052,0289
 
000332652,000000000,000000000,0117.383,0004.351,0000.026,0289
 
000332670,000000000,000000000,0117.362,0004.344,0000.023,0289
 
000332688,000000000,000000000,0117.338,0004.340,0000.020,0289
 
000332706,000000000,000000000,0117.326,0004.355,0000.037,0289
 
000332724,000000000,000000000,0117.288,0004.331,0000.035,0289
 
000332742,000000000,000000000,0117.261,0004.347,0000.032,0289
 
000332760,000000000,000000000,0117.242,0004.364,0000.067,0289
 
000332778,000000000,000000000,0117.226,0004.380,0000.098,0289
 
000332796,000000000,000000000,0117.227,0004.391,0000.129,0288
 
000332814,000000000,000000000,0117.214,0004.406,0000.137,0288
 
000332832,000000000,000000000,0117.200,0004.395,0000.145,0289
 
000332850,000000000,000000000,0117.175,0004.370,0000.113,0288
 
000332868,000000000,000000000,0117.147,0004.359,0000.142,0310
 
000332886,000000000,000000000,0117.122,0004.332,0000.151,0289
 
000332904,000000000,000000000,0117.101,0004.332,0000.138,0289
 
000332922,000000000,000000000,0117.082,0004.332,0000.125,0310
 
000332940,000000000,000000000,0117.073,0004.349,0000.132,0289
 
000332958,000000000,000000000,0117.061,0004.382,0000.141,0311
 
000332976,000000000,000000000,0117.047,0004.399,0000.130,0289
 
000332994,000000000,000000000,0117.029,0004.368,0000.140,0311
 
000333012,000000000,000000000,0117.010,0004.402,0000.130,0315
 
000333030,000000000,000000000,0116.999,0004.391,0000.140,0289
 
000333048,000000000,000000000,0116.975,0004.403,0000.149,0289
 
000333066,000000000,000000000,0116.957,0004.412,0000.137,0315
 
000333084,000000000,000000000,0116.933,0004.423,0000.127,0315
 
000333102,000000000,000000000,0116.926,0004.392,0000.116,0289
 
000333120,000000000,000000000,0116.904,0004.403,0000.126,0320
 
000333138,000000000,000000000,0116.890,0004.414,0000.117,0320
 
000333156,000000000,000000000,0116.873,0004.407,0000.125,0320
 
000333174,000000000,000000000,0116.849,0004.437,0000.115,0320
 
000333192,000000000,000000000,0116.829,0004.426,0000.104,0320
 
000333210,000000000,000000000,0116.823,0004.430,0000.136,0289
 
000333228,000000000,000000000,0116.818,0004.418,0000.144,0289
 
000333246,000000000,000000000,0116.805,0004.405,0000.151,0289
 
000333264,000000000,000000000,0116.791,0004.393,0000.160,0289
 
000333282,000000000,000000000,0116.787,0004.406,0000.148,0320
 
000333300,000000000,000000000,0116.778,0004.420,0000.117,0289
 
000333318,000000000,000000000,0116.758,0004.428,0000.127,0289
 
000333336,000000000,000000000,0116.754,0004.418,0000.118,0289
 
000333354,000000000,000000000,0116.749,0004.409,0000.128,0289
 
000333372,000000000,000000000,0116.742,0004.434,0000.155,0289
 
000333390,000000000,000000000,0116.739,0004.419,0000.143,0289
 
000333408,000000000,000000000,0116.727,0004.405,0000.131,0289
 
000333426,000000000,000000000,0116.715,0004.394,0000.121,0289
 
000333444,000000000,000000000,0116.698,0004.383,0000.112,0289
 
000333462,000000000,000000000,0116.692,0004.373,0000.103,0289
 
000333480,000000000,000000000,0116.671,0004.384,0000.096,0289
 
000333498,000000000,000000000,0116.660,0004.379,0000.089,0289
 
000333516,000000000,000000000,0116.655,0004.390,0000.101,0289
 
000333534,000000000,000000000,0116.646,0004.421,0000.094,0289
 
000333552,000000000,000000000,0116.641,0004.408,0000.108,0288
 
000333570,000000000,000000000,0116.652,0004.396,0000.119,0289
 
000333588,000000000,000000000,0116.653,0004.371,0000.130,0289
 
000333606,000000000,000000000,0116.647,0004.403,0000.118,0289
 
000333624,000000000,000000000,0116.641,0004.433,0000.127,0289
 
000333642,000000000,000000000,0116.633,0004.440,0000.118,0289
 
000333660,000000000,000000000,0116.628,0004.466,0000.130,0311
 
000333678,000000000,000000000,0116.622,0004.448,0000.140,0289
 
000333696,000000000,000000000,0116.606,0004.472,0000.150,0311
 
000333714,000000000,000000000,0116.586,0004.457,0000.139,0310
 
000333732,000000000,000000000,0116.571,0004.443,0000.128,0310
 
000333750,000000000,000000000,0116.542,0004.428,0000.138,0289
 
000333768,000000000,000000000,0116.529,0004.470,0000.128,0289
 
000333786,000000000,000000000,0116.518,0004.455,0000.120,0315
 
000333804,000000000,000000000,0116.517,0004.440,0000.130,0289
 
000333822,000000000,000000000,0116.498,0004.429,0000.119,0315
 
000333840,000000000,000000000,0116.482,0004.436,0000.111,0289
 
000333858,000000000,000000000,0116.485,0004.441,0000.103,0320
 
000333876,000000000,000000000,0116.503,0004.430,0000.098,0320
 
000333894,000000000,000000000,0116.501,0004.419,0000.090,0289
 
000333912,000000000,000000000,0116.504,0004.346,0000.102,0289
 
000333930,000000000,000000000,0116.493,0004.339,0000.114,0320
 
000333948,000000000,000000000,0116.502,0004.354,0000.105,0320
 
000333966,000000000,000000000,0116.501,0004.348,0000.117,0320
 
000333984,000000000,000000000,0116.503,0004.380,0000.090,0289
 
000334002,000000000,000000000,0116.505,0004.368,0000.104,0289
 
000334020,000000000,000000000,0116.506,0004.380,0000.133,0289
 
000334038,000000000,000000000,0116.512,0004.411,0000.141,0289
 
000334056,000000000,000000000,0116.509,0004.440,0000.151,0289
 
000334074,000000000,000000000,0116.486,0004.447,0000.160,0289
 
000334092,000000000,000000000,0116.498,0004.415,0000.166,0289
 
000334110,000000000,000000000,0116.485,0004.384,0000.173,0289
 
000334128,000000000,000000000,0116.474,0004.394,0000.179,0289
 
000334146,000000000,000000000,0116.473,0004.404,0000.185,0289
 
000334164,000000000,000000000,0116.461,0004.413,0000.172,0289
 
000334182,000000000,000000000,0116.447,0004.405,0000.158,0289
 
000334200,000000000,000000000,0116.455,0004.435,0000.166,0289
 
000334218,000000000,000000000,0116.445,0004.462,0000.173,0289
 
000334236,000000000,000000000,0116.443,0004.451,0000.198,0289
 
000334254,000000000,000000000,0116.428,0004.435,0000.222,0289
 
000334272,000000000,000000000,0116.428,0004.463,0000.205,0289
 
000334290,000000000,000000000,0116.426,0004.445,0000.229,0289
 
000334308,000000000,000000000,0116.421,0004.450,0000.231,0289
 
000334326,000000000,000000000,0116.402,0004.459,0000.213,0289
 
000334344,000000000,000000000,0116.405,0004.446,0000.217,0309
 
000334362,000000000,000000000,0116.392,0004.449,0000.200,0289
 
000334380,000000000,000000000,0116.394,0004.453,0000.185,0310
 
000334398,000000000,000000000,0116.399,0004.438,0000.194,0289
 
000334416,000000000,000000000,0116.399,0004.402,0000.179,0289
 
000334434,000000000,000000000,0116.378,0004.391,0000.184,0311
 
000334452,000000000,000000000,0116.374,0004.400,0000.190,0288
 
000334470,000000000,000000000,0116.381,0004.408,0000.197,0311
 
000334488,000000000,000000000,0116.365,0004.435,0000.203,0289
 
000334506,000000000,000000000,0116.362,0004.459,0000.208,0315
 
000334524,000000000,000000000,0116.363,0004.464,0000.192,1023
 
000334542,000000000,000000000,0116.369,0004.468,0000.177,1023
 
000334560,000000000,000000000,0116.366,0004.450,0000.185,1023
 
000334578,000000000,000000000,0116.379,0004.435,0000.172,1023
 
000334596,000000000,000000000,0116.377,0004.424,0000.159,1023
 
000334614,000000000,000000000,0116.375,0004.412,0000.167,1023
 
000334632,000000000,000000000,0116.374,0004.440,0000.155,1023
 
000334650,000000000,000000000,0116.385,0004.429,0000.163,1023
 
000334668,000000000,000000000,0116.380,0004.436,0000.150,1023
 
000334686,000000000,000000000,0116.383,0004.443,0000.140,1023
 
000334704,000000000,000000000,0116.381,0004.448,0000.130,1023
 
000334722,000000000,000000000,0116.370,0004.413,0000.160,1023
 
000334740,000000000,000000000,0116.365,0004.421,0000.150,1023
 
000334758,000000000,000000000,0116.366,0004.426,0000.177,1023
 
000334776,000000000,000000000,0116.366,0004.410,0000.204,1023
 
000334794,000000000,000000000,0116.365,0004.419,0000.190,1023
 
000334812,000000000,000000000,0116.359,0004.426,0000.214,1023
 
000334830,000000000,000000000,0116.353,0004.434,0000.199,1023
 
000334848,000000000,000000000,0116.346,0004.462,0000.184,1023
 
000334866,000000000,000000000,0116.336,0004.488,0000.171,1023
 
000334884,000000000,000000000,0116.324,0004.451,0000.178,1023
 
000334902,000000000,000000000,0116.315,0004.435,0000.184,1023
 
000334920,000000000,000000000,0116.331,0004.421,0000.191,1023
 
000334938,000000000,000000000,0116.334,0004.403,0000.196,1023
 
000334956,000000000,000000000,0116.314,0004.413,0000.201,1023
 
000334974,000000000,000000000,0116.324,0004.420,0000.207,1023
 
000334992,000000000,000000000,0116.329,0004.428,0000.212,1023
 
000335010,000000000,000000000,0116.331,0004.437,0000.216,1023
 
000335028,000000000,000000000,0116.327,0004.441,0000.200,1023
 
000335046,000000000,000000000,0116.336,0004.448,0000.186,1023
 
000335064,000000000,000000000,0116.336,0004.451,0000.172,1023
 
000335082,000000000,000000000,0116.338,0004.458,0000.181,1023
 
000335100,000000000,000000000,0116.333,0004.442,0000.207,1023
 
000335118,000000000,000000000,0116.334,0004.447,0000.212,1023
 
000335136,000000000,000000000,0116.339,0004.432,0000.216,1023
 
000335154,000000000,000000000,0116.319,0004.460,0000.221,1023
 
000335172,000000000,000000000,0116.320,0004.486,0000.225,1023
 
000335190,000000000,000000000,0116.306,0004.490,0000.190,1023
 
000335208,000000000,000000000,0116.299,0004.490,0000.198,1023
 
000335226,000000000,000000000,0116.307,0004.491,0000.184,1023
 
000335244,000000000,000000000,0116.306,0004.490,0000.189,1023
 
000335262,000000000,000000000,0116.299,0004.491,0000.214,1023
 
000335280,000000000,000000000,0116.294,0004.492,0000.219,1023
 
000335298,000000000,000000000,0116.292,0004.494,0000.242,1023
 
000335316,000000000,000000000,0116.284,0004.496,0000.224,1023
 
000335334,000000000,000000000,0116.279,0004.498,0000.208,1023
 
000335352,000000000,000000000,0116.270,0004.477,0000.213,1023
 
000335370,000000000,000000000,0116.257,0004.481,0000.198,1023
 
000335388,000000000,000000000,0116.248,0004.502,0000.184,1023
 
000335406,000000000,000000000,0116.232,0004.500,0000.172,1023
 
000335424,000000000,000000000,0116.222,0004.499,0000.200,1023
 
000335442,000000000,000000000,0116.196,0004.505,0000.203,1023
 
000335460,000000000,000000000,0116.165,0004.521,0000.227,1023
 
000335478,000000000,000000000,0116.105,0004.581,0000.225,1023
 
000335496,000000000,000000000,0116.019,0004.636,0000.223,1023
 
000335514,000000000,000000000,0115.880,0004.687,0000.214,1023
 
000335532,000000000,000000000,0115.682,0004.727,0000.204,1023
 
000335550,000000000,000000000,0115.452,0004.787,0000.193,1023
 
000335568,000000000,000000000,0115.182,0004.785,0000.201,1023
 
000335586,000000000,000000000,0114.929,0004.803,0000.187,1023
 
000335604,000000000,000000000,0114.677,0004.740,0000.159,1023
 
000335622,000000000,000000000,0114.419,0004.741,0000.151,1023
 
000335640,000000000,000000000,0114.154,0004.743,0000.125,1023
 
000335658,000000000,000000000,0113.901,0004.744,0000.102,1023
 
000335676,000000000,000000000,0113.688,0004.722,0000.099,1023
 
000335694,000000000,000000000,0113.489,0004.648,0000.099,1023
 
000335712,000000000,000000000,0113.245,0004.658,0000.081,1023
 
000335730,000000000,000000000,0113.005,0004.626,0000.082,1023
 
000335748,000000000,000000000,0112.781,0004.616,0000.084,1023
 
000335766,000000000,000000000,0112.563,0004.569,0000.068,1023
 
000335784,000000000,000000000,0112.336,0004.541,0000.087,1023
 
000335802,000000000,000000000,0112.053,0004.617,0000.103,1023
 
000335820,000000000,000000000,0111.643,0004.689,0000.115,1023
 
000335838,000000000,000000000,0111.272,0004.808,0000.066,1023
 
000335856,000000000,000000000,0110.905,0004.689,0000.079,1023
 
000335874,000000000,000000000,0110.478,0004.713,0000.071,1023
 
000335892,000000000,000000000,0110.088,0004.734,0000.079,1023
 
000335910,000000000,000000000,0109.681,0004.674,0000.086,1023
 
000335928,000000000,000000000,0109.171,0004.739,0000.073,1023
 
000335946,000000000,000000000,0108.688,0004.776,0000.083,1023
 
000335964,000000000,000000000,0108.225,0004.714,0000.066,1023
 
000335982,000000000,000000000,0107.760,0004.656,0000.055,1023
 
000336000,000000000,000000000,0107.337,0004.665,0000.024,1023
 
000336018,000000000,000000000,0106.908,0004.611,0000.037,1023
 
000336036,000000000,000000000,0106.433,0004.661,0000.030,1023
 
000336054,000000000,000000000,0105.980,0004.633,0000.022,1023
 
000336072,000000000,000000000,0105.485,0004.644,0000.032,1023
 
000336090,000000000,000000000,0105.020,0004.609,0000.041,1023
 
000336108,000000000,000000000,0104.557,0004.564,0000.051,1023
 
000336126,000000000,000000000,0104.078,0004.598,0000.040,1023
 
000336144,000000000,000000000,0103.638,0004.631,0000.030,1023
 
000336162,000000000,000000000,0103.184,0004.570,0000.022,1023
 
000336180,000000000,000000000,0102.716,0004.545,0000.016,1023
 
000336198,000000000,000000000,0102.280,0004.517,0000.012,1023
 
000336216,000000000,000000000,0101.857,0004.457,0000.028,1023
 
000336234,000000000,000000000,0101.464,0004.500,0000.042,1023
 
000336252,000000000,000000000,0101.069,0004.461,0000.055,1023
 
000336270,000000000,000000000,0100.654,0004.482,0000.048,1023
 
000336288,000000000,000000000,0100.248,0004.426,0000.042,1023
 
000336306,000000000,000000000,0099.854,0004.375,0000.037,1023
 
000336324,000000000,000000000,0099.460,0004.310,0000.014,1023
 
000336342,000000000,000000000,0099.114,0004.288,0000.036,1023
 
000336360,000000000,000000000,0098.802,0004.250,0000.016,1023
 
000336378,000000000,000000000,0098.507,0004.234,0000.039,1023
 
000336396,000000000,000000000,0098.200,0004.257,0000.043,1023
 
000336414,000000000,000000000,0097.906,0004.259,0000.046,1023
 
000336432,000000000,000000000,0097.623,0004.244,0000.047,1023
 
000336450,000000000,000000000,0097.330,0004.286,0000.047,1023
 
000336468,000000000,000000000,0096.997,0004.326,0000.048,1023
 
000336486,000000000,000000000,0096.673,0004.340,0000.049,1023
 
000336504,000000000,000000000,0096.349,0004.313,0000.066,1023
 
000336522,000000000,000000000,0096.016,0004.311,0000.046,1023
 
000336540,000000000,000000000,0095.643,0004.347,0000.043,1023
 
000336558,000000000,000000000,0095.307,0004.356,0000.041,1023
 
000336576,000000000,000000000,0095.010,0004.294,0000.042,1023
 
000336594,000000000,000000000,0094.699,0004.330,0000.066,1023
 
000336612,000000000,000000000,0094.374,0004.422,0000.065,1023
 
000336630,000000000,000000000,0094.063,0004.506,0000.061,1023
 
000336648,000000000,000000000,0093.770,0004.509,0000.063,1023
 
000336666,000000000,000000000,0093.440,0004.475,0000.062,1023
 
000336684,000000000,000000000,0093.075,0004.520,0000.076,1023
 
000336702,000000000,000000000,0092.708,0004.560,0000.090,1023
 
000336720,000000000,000000000,0092.296,0004.519,0000.099,1023
 
000336738,000000000,000000000,0091.850,0004.547,0000.087,1023
 
000336756,000000000,000000000,0091.434,0004.475,0000.077,1023
 
000336774,000000000,000000000,0090.980,0004.632,0000.088,1023
 
000336792,000000000,000000000,0090.510,0004.776,0000.092,1023
 
000336810,000000000,000000000,0090.092,0004.773,0000.078,1023
 
000336828,000000000,000000000,0089.666,0004.613,0000.071,1023
 
000336846,000000000,000000000,0089.216,0004.607,0000.078,1023
 
000336864,000000000,000000000,0088.805,0004.579,0000.067,1023
 
000336882,000000000,000000000,0088.397,0004.474,0000.087,1023
 
000336900,000000000,000000000,0087.973,0004.535,0000.079,1023
 
000336918,000000000,000000000,0087.559,0004.438,0000.088,1023
 
000336936,000000000,000000000,0087.195,0004.382,0000.086,1023
 
000336954,000000000,000000000,0086.831,0004.333,0000.086,1023
 
000336972,000000000,000000000,0086.468,0004.409,0000.077,1023
 
000336990,000000000,000000000,0086.129,0004.358,0000.095,1023
 
000337008,000000000,000000000,0085.792,0004.331,0000.093,1023
 
000337026,000000000,000000000,0085.434,0004.346,0000.085,1023
 
000337044,000000000,000000000,0085.125,0004.278,0000.102,1023
 
000337062,000000000,000000000,0084.849,0004.200,0000.100,1023
 
000337080,000000000,000000000,0084.559,0004.211,0000.097,1023
 
000337098,000000000,000000000,0084.264,0004.217,0000.094,1023
 
000337116,000000000,000000000,0083.971,0004.279,0000.113,1023
 
000337134,000000000,000000000,0083.706,0004.280,0000.111,1023
 
000337152,000000000,000000000,0083.433,0004.226,0000.109,1023
 
000337170,000000000,000000000,0083.154,0004.248,0000.107,1023
 
000337188,000000000,000000000,0082.880,0004.289,0000.122,1023
 
000337206,000000000,000000000,0082.612,0004.268,0000.152,1023
 
000337224,000000000,000000000,0082.375,0004.193,0000.155,1023
 
000337242,000000000,000000000,0082.124,0004.203,0000.166,1023
 
000337260,000000000,000000000,0082.784,0004.210,0000.175,1023
 
000337278,000000000,000000000,0082.484,0004.249,0000.190,1023
 
000337296,000000000,000000000,0082.177,0004.269,0000.200,1023
 
000337314,000000000,000000000,0081.879,0004.291,0000.190,1023
 
000337332,000000000,000000000,0081.582,0004.290,0000.182,1023
 
000337350,000000000,000000000,0081.279,0004.289,0000.176,1023
 
000337368,000000000,000000000,0081.019,0004.308,0000.190,1023
 
000337386,000000000,000000000,0080.800,0004.247,0000.209,1023
 
000337404,000000000,000000000,0080.599,0004.207,0000.226,1023
 
000337422,000000000,000000000,0080.417,0004.171,0000.242,1023
 
000337440,000000000,000000000,0080.215,0004.156,0000.256,1023
 
000337458,000000000,000000000,0080.007,0004.204,0000.249,1023
 
000337476,000000000,000000000,0079.706,0004.286,0000.256,1023
 
000337494,000000000,000000000,0079.438,0004.341,0000.246,1023
 
000337512,000000000,000000000,0079.199,0004.312,0000.256,1023
 
000337530,000000000,000000000,0078.958,0004.292,0000.246,1023
 
000337548,000000000,000000000,0078.722,0004.330,0000.257,1023
 
000337566,000000000,000000000,0078.479,0004.305,0000.265,1023
 
000337584,000000000,000000000,0078.241,0004.283,0000.274,1023
 
000337602,000000000,000000000,0078.030,0004.261,0000.284,1023
 
000337620,000000000,000000000,0077.827,0004.277,0000.275,1023
 
000337638,000000000,000000000,0077.658,0004.216,0000.289,1023
 
000337656,000000000,000000000,0077.519,0004.220,0000.264,1023
 
000337674,000000000,000000000,0077.393,0004.206,0000.259,1023
 
000337692,000000000,000000000,0077.252,0004.231,0000.255,1023
 
000337710,000000000,000000000,0077.092,0004.293,0000.250,1023
 
000337728,000000000,000000000,0076.929,0004.288,0000.265,1023
 
000337746,000000000,000000000,0076.747,0004.284,0000.278,1023
 
000337764,000000000,000000000,0076.584,0004.279,0000.290,1023
 
000337782,000000000,000000000,0076.431,0004.243,0000.301,1023
 
000337800,000000000,000000000,0076.303,0004.241,0000.312,1023
 
000337818,000000000,000000000,0076.183,0004.247,0000.302,1023
 
000337836,000000000,000000000,0076.060,0004.249,0000.315,1023
 
000337854,000000000,000000000,0075.930,0004.252,0000.346,1023
 
000337872,000000000,000000000,0075.788,0004.256,0000.334,1023
 
000337890,000000000,000000000,0075.634,0004.277,0000.341,1023
 
000337908,000000000,000000000,0075.466,0004.296,0000.347,1023
 
000337926,000000000,000000000,0075.299,0004.315,0000.351,1023
 
000337944,000000000,000000000,0075.172,0004.311,0000.359,1023
 
000337962,000000000,000000000,0075.062,0004.233,0000.385,1023
 
000337980,000000000,000000000,0074.962,0004.236,0000.372,1023
 
000337998,000000000,000000000,0074.841,0004.280,0000.377,1023
 
000338016,000000000,000000000,0074.717,0004.300,0000.383,1023
 
000338034,000000000,000000000,0074.597,0004.315,0000.388,1023
 
000338052,000000000,000000000,0074.503,0004.295,0000.395,1023
 
000338070,000000000,000000000,0074.402,0004.274,0000.400,1023
 
000338088,000000000,000000000,0074.312,0004.254,0000.446,1023
 
000338106,000000000,000000000,0074.221,0004.256,0000.447,1023
 
000338124,000000000,000000000,0074.108,0004.257,0000.469,1023
 
000338142,000000000,000000000,0073.988,0004.297,0000.487,1023
 
000338160,000000000,000000000,0073.867,0004.317,0000.448,1023
 
000338178,000000000,000000000,0073.752,0004.310,0000.430,1023
 
000338196,000000000,000000000,0073.689,0004.291,0000.434,1023
 
000338214,000000000,000000000,0073.643,0004.248,0000.439,1023
 
000338232,000000000,000000000,0073.598,0004.207,0000.446,1023
 
000338250,000000000,000000000,0073.558,0004.187,0000.491,1023
 
000338268,000000000,000000000,0073.512,0004.192,0000.490,1023
 
000338286,000000000,000000000,0073.483,0004.196,0000.491,1023
 
000338304,000000000,000000000,0073.415,0004.219,0000.472,1023
 
000338322,000000000,000000000,0073.357,0004.283,0000.454,1023
 
000338340,000000000,000000000,0073.309,0004.279,0000.439,1023
 
000338358,000000000,000000000,0073.255,0004.258,0000.425,1023
 
000338376,000000000,000000000,0073.218,0004.238,0000.432,1023
 
000338394,000000000,000000000,0073.183,0004.220,0000.439,1023
 
000338412,000000000,000000000,0073.165,0004.184,0000.425,1023
 
000338430,000000000,000000000,0073.136,0004.172,0000.433,1023
 
000338448,000000000,000000000,0073.120,0004.182,0000.457,1023
 
000338466,000000000,000000000,0073.094,0004.207,0000.442,1023
 
000338484,000000000,000000000,0073.059,0004.213,0000.447,1023
 
000338502,000000000,000000000,0073.042,0004.237,0000.433,1023
 
000338520,000000000,000000000,0073.033,0004.259,0000.420,1023
 
000338538,000000000,000000000,0073.002,0004.280,0000.427,1023
 
000338556,000000000,000000000,0072.968,0004.300,0000.433,1023
 
000338574,000000000,000000000,0072.958,0004.317,0000.460,1023
 
000338592,000000000,000000000,0072.905,0004.314,0000.464,1023
 
000338610,000000000,000000000,0072.874,0004.347,0000.507,1023
 
000338628,000000000,000000000,0072.836,0004.343,0000.489,1023
 
000338646,000000000,000000000,0072.809,0004.357,0000.492,1023
 
000338664,000000000,000000000,0072.779,0004.348,0000.495,1023
 
000338682,000000000,000000000,0072.738,0004.343,0000.477,1023
 
000338700,000000000,000000000,0072.704,0004.358,0000.481,1023
 
000338718,000000000,000000000,0072.661,0004.372,0000.483,1023
 
000338736,000000000,000000000,0072.625,0004.422,0000.465,1023
 
000338754,000000000,000000000,0072.593,0004.388,0000.451,1023
 
000338772,000000000,000000000,0072.570,0004.359,0000.457,1023
 
000338790,000000000,000000000,0072.537,0004.352,0000.444,1023
 
000338808,000000000,000000000,0072.521,0004.327,0000.431,1023
 
000338826,000000000,000000000,0072.496,0004.365,0000.420,1023
 
000338844,000000000,000000000,0072.461,0004.398,0000.428,1023
 
000338862,000000000,000000000,0072.440,0004.387,0000.416,1023
 
000338880,000000000,000000000,0072.425,0004.375,0000.405,1023
 
000338898,000000000,000000000,0072.421,0004.406,0000.395,1023
 
000338916,000000000,000000000,0072.417,0004.378,0000.385,1023
 
000338934,000000000,000000000,0072.391,0004.329,0000.376,1023
 
000338952,000000000,000000000,0072.377,0004.326,0000.390,1023
 
000338970,000000000,000000000,0072.366,0004.322,0000.401,1023
 
000338988,000000000,000000000,0072.352,0004.318,0000.411,1023
 
000339006,000000000,000000000,0072.351,0004.317,0000.401,1023
 
000339024,000000000,000000000,0072.337,0004.334,0000.391,1023
 
000339042,000000000,000000000,0072.314,0004.348,0000.382,1023
 
000339060,000000000,000000000,0072.301,0004.340,0000.412,1023
 
000339078,000000000,000000000,0072.271,0004.333,0000.421,1023
 
000339096,000000000,000000000,0072.248,0004.327,0000.429,1023
 
000339114,000000000,000000000,0072.238,0004.324,0000.417,1023
 
000339132,000000000,000000000,0072.234,0004.318,0000.426,1023
 
000339150,000000000,000000000,0072.223,0004.318,0000.415,1023
 
000339168,000000000,000000000,0072.229,0004.331,0000.425,1023
 
000339186,000000000,000000000,0072.204,0004.343,0000.435,1023
 
000339204,000000000,000000000,0072.184,0004.355,0000.442,1023
 
000339222,000000000,000000000,0072.175,0004.386,0000.430,1023
 
000339240,000000000,000000000,0072.172,0004.376,0000.418,1023
 
000339258,000000000,000000000,0072.151,0004.348,0000.387,1023
 
000339276,000000000,000000000,0072.139,0004.323,0000.380,1023
 
000339294,000000000,000000000,0072.128,0004.277,0000.410,1023
 
000339312,000000000,000000000,0072.124,0004.276,0000.420,1023
 
000339330,000000000,000000000,0072.121,0004.314,0000.429,1023
 
000339348,000000000,000000000,0072.116,0004.351,0000.438,1023
 
000339366,000000000,000000000,0072.130,0004.347,0000.426,1023
 
000339384,000000000,000000000,0072.119,0004.360,0000.396,1023
 
000339402,000000000,000000000,0072.107,0004.333,0000.388,1023
 
000339420,000000000,000000000,0072.102,0004.327,0000.399,1023
 
000339438,000000000,000000000,0072.097,0004.321,0000.411,1023
 
000339456,000000000,000000000,0072.090,0004.315,0000.401,1023
 
000339474,000000000,000000000,0072.089,0004.332,0000.411,1023
 
000339492,000000000,000000000,0072.094,0004.306,0000.403,1023
 
000339510,000000000,000000000,0072.109,0004.284,0000.394,0315
 
000339528,000000000,000000000,0072.110,0004.279,0000.406,0290
 
000339546,000000000,000000000,0072.093,0004.297,0000.378,0290
 
000339564,000000000,000000000,0072.070,0004.314,0000.390,0315
 
000339582,000000000,000000000,0072.066,0004.351,0000.402,0288
 
000339600,000000000,000000000,0072.060,0004.342,0000.393,0290
 
000339618,000000000,000000000,0072.054,0004.352,0000.405,0289
 
000339636,000000000,000000000,0072.061,0004.345,0000.417,0290
 
000339654,000000000,000000000,0072.052,0004.318,0000.408,0321
 
000339672,000000000,000000000,0072.051,0004.294,0000.399,0290
 
000339690,000000000,000000000,0072.048,0004.332,0000.410,0289
 
000339708,000000000,000000000,0072.043,0004.384,0000.419,0289
 
000339726,000000000,000000000,0072.043,0004.374,0000.427,0290
 
000339744,000000000,000000000,0072.048,0004.405,0000.417,0290
 
000339762,000000000,000000000,0072.044,0004.413,0000.407,0310
 
000339780,000000000,000000000,0072.050,0004.382,0000.419,0290
 
000339798,000000000,000000000,0072.052,0004.393,0000.409,0290
 
000339816,000000000,000000000,0072.021,0004.382,0000.399,0290
 
000339834,000000000,000000000,0072.028,0004.371,0000.391,0309
 
000339852,000000000,000000000,0071.995,0004.377,0000.403,0309
 
000339870,000000000,000000000,0071.996,0004.386,0000.393,0309
 
000339888,000000000,000000000,0072.000,0004.413,0000.405,0309
 
000339906,000000000,000000000,0071.997,0004.401,0000.396,0310
 
000339924,000000000,000000000,0071.996,0004.389,0000.409,0309
 
000339942,000000000,000000000,0071.998,0004.339,0000.421,0311
 
000339960,000000000,000000000,0071.991,0004.330,0000.392,0289
 
000339978,000000000,000000000,0071.988,0004.360,0000.385,0311
 
000339996,000000000,000000000,0071.983,0004.389,0000.378,0311
 
000340014,000000000,000000000,0071.977,0004.400,0000.372,0311
 
000340032,000000000,000000000,0071.978,0004.387,0000.366,0311
 
000340050,000000000,000000000,0071.959,0004.354,0000.400,0309
 
000340068,000000000,000000000,0071.957,0004.348,0000.392,0316
 
000340086,000000000,000000000,0071.951,0004.340,0000.404,0311
 
000340104,000000000,000000000,0071.947,0004.310,0000.414,0315
 
000340122,000000000,000000000,0071.951,0004.306,0000.403,0315
 
000340140,000000000,000000000,0071.938,0004.323,0000.396,0316
 
000340158,000000000,000000000,0071.929,0004.337,0000.390,0311
 
000340176,000000000,000000000,0071.915,0004.354,0000.402,0315
 
000340194,000000000,000000000,0071.918,0004.383,0000.414,0321
 
000340212,000000000,000000000,0071.919,0004.410,0000.425,0315
 
000340230,000000000,000000000,0071.899,0004.398,0000.415,0315
 
000340248,000000000,000000000,0071.887,0004.384,0000.427,0290
 
000340266,000000000,000000000,0071.888,0004.374,0000.475,0290
 
000340284,000000000,000000000,0071.887,0004.367,0000.460,0315
 
000340302,000000000,000000000,0071.887,0004.379,0000.449,0290
 
000340320,000000000,000000000,0071.890,0004.390,0000.436,0288
 
000340338,000000000,000000000,0071.890,0004.400,0000.425,0320
 
000340356,000000000,000000000,0071.897,0004.406,0000.398,0321
 
000340374,000000000,000000000,0071.891,0004.400,0000.373,0290
 
000340392,000000000,000000000,0071.885,0004.371,0000.367,0289
 
000340410,000000000,000000000,0071.881,0004.362,0000.381,0289
 
000340428,000000000,000000000,0071.870,0004.371,0000.395,0289
 
000340446,000000000,000000000,0071.853,0004.380,0000.386,0289
 
000340464,000000000,000000000,0071.866,0004.389,0000.400,0289
 
000340482,000000000,000000000,0071.864,0004.398,0000.412,0310
 
000340500,000000000,000000000,0071.859,0004.363,0000.463,0290
 
000340518,000000000,000000000,0071.860,0004.373,0000.471,0310
 
000340536,000000000,000000000,0071.838,0004.339,0000.477,0290
 
000340554,000000000,000000000,0071.839,0004.309,0000.463,0289
 
000340572,000000000,000000000,0071.843,0004.305,0000.452,0310
 
000340590,000000000,000000000,0071.853,0004.281,0000.477,0289
 
000340608,000000000,000000000,0071.868,0004.282,0000.482,0310
 
000340626,000000000,000000000,0071.875,0004.283,0000.487,0309
 
000340644,000000000,000000000,0071.901,0004.283,0000.492,0310
 
000340662,000000000,000000000,0071.912,0004.279,0000.517,0289
 
000340680,000000000,000000000,0071.917,0004.260,0000.482,0309
 
000340698,000000000,000000000,0071.910,0004.280,0000.486,0309
 
000340716,000000000,000000000,0071.930,0004.278,0000.490,0311
 
000340734,000000000,000000000,0071.916,0004.276,0000.477,0311
 
000340752,000000000,000000000,0071.919,0004.274,0000.465,0311
 
000340770,000000000,000000000,0071.937,0004.267,0000.491,0311
 
000340788,000000000,000000000,0071.951,0004.266,0000.494,0311
 
000340806,000000000,000000000,0071.958,0004.265,0000.499,0315
 
000340824,000000000,000000000,0071.948,0004.265,0000.485,0315
 
000340842,000000000,000000000,0071.951,0004.265,0000.490,0315
 
000340860,000000000,000000000,0071.958,0004.281,0000.495,0315
 
000340878,000000000,000000000,0071.955,0004.295,0000.501,0315
 
000340896,000000000,000000000,0071.965,0004.310,0000.505,0315
 
000340914,000000000,000000000,0071.962,0004.305,0000.489,0315
 
000340932,000000000,000000000,0071.949,0004.304,0000.494,0311
 
000340950,000000000,000000000,0071.955,0004.304,0000.462,0290
 
000340968,000000000,000000000,0071.946,0004.302,0000.432,0289
 
000340986,000000000,000000000,0071.945,0004.253,0000.422,0290
 
000341004,000000000,000000000,0071.944,0004.231,0000.413,0315
 
000341022,000000000,000000000,0071.947,0004.212,0000.405,0290
 
000341040,000000000,000000000,0071.951,0004.193,0000.417,0289
 
000341058,000000000,000000000,0071.959,0004.198,0000.429,0315
 
000341076,000000000,000000000,0071.971,0004.198,0000.440,0289
 
000341094,000000000,000000000,0071.971,0004.197,0000.450,0289
 
000341112,000000000,000000000,0071.991,0004.223,0000.457,0288
 
000341130,000000000,000000000,0071.984,0004.247,0000.465,0289
 
000341148,000000000,000000000,0071.989,0004.268,0000.473,0289
 
000341166,000000000,000000000,0071.995,0004.246,0000.462,0289
 
000341184,000000000,000000000,0072.001,0004.223,0000.449,0289
 
000341202,000000000,000000000,0072.002,0004.242,0000.457,0289
 
000341220,000000000,000000000,0072.001,0004.222,0000.445,0290
 
000341238,000000000,000000000,0072.005,0004.224,0000.455,0289
 
000341256,000000000,000000000,0072.022,0004.185,0000.444,0309
 
000341274,000000000,000000000,0072.022,0004.148,0000.432,0310
 
000341292,000000000,000000000,0072.030,0004.157,0000.404,0290
 
000341310,000000000,000000000,0072.041,0004.125,0000.417,0289
 
000341328,000000000,000000000,0072.054,0004.114,0000.429,0289
 
000341346,000000000,000000000,0072.051,0004.141,0000.441,0309
 
000341364,000000000,000000000,0072.050,0004.107,0000.450,0309
 
000341382,000000000,000000000,0072.065,0004.096,0000.460,0309
 
000341400,000000000,000000000,0072.067,0004.108,0000.467,0310
 
000341418,000000000,000000000,0072.080,0004.099,0000.495,0309
 
000341436,000000000,000000000,0072.096,0004.090,0000.519,0311
 
000341454,000000000,000000000,0072.109,0004.120,0000.502,0310
 
000341472,000000000,000000000,0072.129,0004.169,0000.505,0311
 
000341490,000000000,000000000,0072.124,0004.176,0000.492,0311
 
000341508,000000000,000000000,0072.115,0004.180,0000.478,0311
 
000341526,000000000,000000000,0072.111,0004.183,0000.484,0311
 
000341544,000000000,000000000,0072.108,0004.204,0000.469,0315
 
000341562,000000000,000000000,0072.109,0004.208,0000.458,0315
 
000341580,000000000,000000000,0072.118,0004.190,0000.467,0315
 
000341598,000000000,000000000,0072.114,0004.173,0000.475,0315
 
000341616,000000000,000000000,0072.110,0004.214,0000.483,0315
 
000341634,000000000,000000000,0072.118,0004.256,0000.508,0315
 
000341652,000000000,000000000,0072.122,0004.272,0000.494,0315
 
000341670,000000000,000000000,0072.109,0004.270,0000.499,0315
 
000341688,000000000,000000000,0072.098,0004.249,0000.484,0289
 
000341706,000000000,000000000,0072.106,0004.228,0000.472,0289
 
000341724,000000000,000000000,0072.114,0004.248,0000.478,0321
 
000341742,000000000,000000000,0072.115,0004.228,0000.523,0321
 
000341760,000000000,000000000,0072.109,0004.209,0000.566,0289
 
000341778,000000000,000000000,0072.116,0004.211,0000.546,0315
 
000341796,000000000,000000000,0072.116,0004.213,0000.530,0289
 
000341814,000000000,000000000,0072.128,0004.231,0000.534,0289
 
000341832,000000000,000000000,0072.124,0004.272,0000.517,0290
 
000341850,000000000,000000000,0072.125,0004.252,0000.521,0289
 
000341868,000000000,000000000,0072.123,0004.250,0000.524,0289
 
000341886,000000000,000000000,0072.116,0004.269,0000.527,0289
 
000341904,000000000,000000000,0072.114,0004.229,0000.531,0289
 
000341922,000000000,000000000,0072.111,0004.190,0000.532,0290
 
000341940,000000000,000000000,0072.113,0004.198,0000.552,0289
 
000341958,000000000,000000000,0072.124,0004.259,0000.535,0289
 
000341976,000000000,000000000,0072.129,0004.275,0000.557,0289
 
000341994,000000000,000000000,0072.126,0004.274,0000.538,0289
 
000342012,000000000,000000000,0072.122,0004.269,0000.540,0290
 
000342030,000000000,000000000,0072.113,0004.247,0000.542,0290
 
000342048,000000000,000000000,0072.097,0004.247,0000.543,0310
 
000342066,000000000,000000000,0072.105,0004.283,0000.545,0290
 
000342084,000000000,000000000,0072.118,0004.317,0000.546,0310
 
000342102,000000000,000000000,0072.117,0004.329,0000.529,0290
 
000342120,000000000,000000000,0072.108,0004.324,0000.514,0290
 
000342138,000000000,000000000,0072.110,0004.295,0000.501,0310
 
000342156,000000000,000000000,0072.098,0004.268,0000.506,0309
 
000342174,000000000,000000000,0072.092,0004.265,0000.491,0309
 
000342192,000000000,000000000,0072.079,0004.260,0000.497,0310
 
000342210,000000000,000000000,0072.099,0004.297,0000.483,0310
 
000342228,000000000,000000000,0072.086,0004.291,0000.470,0309
 
000342246,000000000,000000000,0072.079,0004.286,0000.461,0309
 
000342264,000000000,000000000,0072.069,0004.299,0000.469,0311
 
000342282,000000000,000000000,0072.053,0004.296,0000.459,0311
 
000342300,000000000,000000000,0072.048,0004.291,0000.488,0311
 
000342318,000000000,000000000,0072.047,0004.285,0000.474,0311
 
000342336,000000000,000000000,0072.048,0004.301,0000.462,0311
 
000342354,000000000,000000000,0072.056,0004.256,0000.490,0315
 
000342372,000000000,000000000,0072.058,0004.271,0000.475,0315
 
000342390,000000000,000000000,0072.058,0004.289,0000.463,0315
 
000342408,000000000,000000000,0072.057,0004.306,0000.452,0311
 
000342426,000000000,000000000,0072.069,0004.337,0000.462,0315
 
000342444,000000000,000000000,0072.064,0004.331,0000.454,0315
 
000342462,000000000,000000000,0072.059,0004.285,0000.442,0315
 
000342480,000000000,000000000,0072.057,0004.258,0000.413,0289
 
000342498,000000000,000000000,0072.054,0004.256,0000.425,0289
 
000342516,000000000,000000000,0072.049,0004.253,0000.458,0289
 
000342534,000000000,000000000,0072.043,0004.248,0000.447,0315
 
000342552,000000000,000000000,0072.050,0004.248,0000.437,0321
 
000342570,000000000,000000000,0072.036,0004.248,0000.428,0315
 
000342588,000000000,000000000,0072.035,0004.264,0000.438,0289
 
000342606,000000000,000000000,0072.034,0004.281,0000.409,0289
 
000342624,000000000,000000000,0072.046,0004.256,0000.423,0289
 
000342642,000000000,000000000,0072.035,0004.274,0000.415,0289
 
000342660,000000000,000000000,0072.032,0004.271,0000.408,0289
 
000342678,000000000,000000000,0072.038,0004.228,0000.401,0289
 
000342696,000000000,000000000,0072.040,0004.226,0000.395,0289
 
000342714,000000000,000000000,0072.033,0004.245,0000.391,0289
 
000342732,000000000,000000000,0072.044,0004.262,0000.385,0289
 
000342750,000000000,000000000,0072.053,0004.260,0000.361,0289
 
000342768,000000000,000000000,0072.034,0004.297,0000.377,0289
 
000342786,000000000,000000000,0072.037,0004.272,0000.373,0290
 
000342804,000000000,000000000,0072.044,0004.269,0000.387,0290
 
000342822,000000000,000000000,0072.056,0004.286,0000.402,0290
 
000342840,000000000,000000000,0072.055,0004.280,0000.415,0289
 
000342858,000000000,000000000,0072.052,0004.296,0000.429,0309
 
000342876,000000000,000000000,0072.068,0004.272,0000.441,0309
 
000342894,000000000,000000000,0072.072,0004.250,0000.452,0310
 
000342912,000000000,000000000,0072.092,0004.231,0000.444,0309
 
000342930,000000000,000000000,0072.090,0004.231,0000.455,0310
 
000342948,000000000,000000000,0072.083,0004.230,0000.445,0289
 
000342966,000000000,000000000,0072.078,0004.246,0000.436,0309
 
000342984,000000000,000000000,0072.081,0004.265,0000.448,0310
 
000343002,000000000,000000000,0072.075,0004.237,0000.459,0311
 
000343020,000000000,000000000,0072.070,0004.254,0000.450,0311
 
000343038,000000000,000000000,0072.082,0004.253,0000.459,0311
 
000343056,000000000,000000000,0072.080,0004.253,0000.469,0311
 
000343074,000000000,000000000,0072.083,0004.289,0000.460,0310
 
000343092,000000000,000000000,0072.086,0004.306,0000.449,0310
 
000343110,000000000,000000000,0072.090,0004.280,0000.478,0315
 
000343128,000000000,000000000,0072.084,0004.294,0000.466,0315
 
000343146,000000000,000000000,0072.074,0004.289,0000.476,0315
 
000343164,000000000,000000000,0072.070,0004.281,0000.464,0315
 
000343182,000000000,000000000,0072.063,0004.260,0000.453,0315
 
000343200,000000000,000000000,0072.060,0004.257,0000.461,0315
 
000343218,000000000,000000000,0072.063,0004.254,0000.471,0315
 
000343236,000000000,000000000,0072.061,0004.235,0000.461,0315
 
000343254,000000000,000000000,0072.066,0004.254,0000.471,0320
 
000343272,000000000,000000000,0072.063,0004.248,0000.498,0320
 
000343290,000000000,000000000,0072.062,0004.266,0000.486,0320
 
000343308,000000000,000000000,0072.060,0004.259,0000.494,0289
 
000343326,000000000,000000000,0072.068,0004.254,0000.501,0289
 
000343344,000000000,000000000,0072.084,0004.290,0000.508,0290
 
000343362,000000000,000000000,0072.083,0004.323,0000.512,0289
 
000343380,000000000,000000000,0072.093,0004.316,0000.516,0321
 
000343398,000000000,000000000,0072.084,0004.346,0000.522,0321
 
000343416,000000000,000000000,0072.090,0004.338,0000.507,0289
 
000343434,000000000,000000000,0072.075,0004.310,0000.493,0288
 
000343452,000000000,000000000,0072.068,0004.320,0000.498,0289
 
000343470,000000000,000000000,0072.062,0004.295,0000.485,0320
 
000343488,000000000,000000000,0072.061,0004.287,0000.474,0289
 
000343506,000000000,000000000,0072.046,0004.283,0000.465,0289
 
000343524,000000000,000000000,0072.043,0004.280,0000.456,0289
 
000343542,000000000,000000000,0072.026,0004.256,0000.465,0310
 
000343560,000000000,000000000,0072.030,0004.252,0000.494,0309
 
000343578,000000000,000000000,0072.020,0004.269,0000.502,0310
 
000343596,000000000,000000000,0072.015,0004.281,0000.488,0289
 
000343614,000000000,000000000,0071.994,0004.296,0000.477,0309
 
000343632,000000000,000000000,0072.001,0004.288,0000.467,0310
 
