000608328,000000000,000000000,0111.781,0004.545,0000.479,0170
 
000608352,000000000,000000000,0113.028,0004.103,0000.483,0166
 
000608376,000000000,000000000,0111.590,0004.343,0000.725,0167
 
000608400,000000000,000000000,0112.762,0004.052,0000.477,0167
 
000608424,000000000,000000000,0112.262,0004.325,0000.481,0167
 
000608448,000000000,000000000,0112.966,0004.068,0000.719,0167
 
000608472,000000000,000000000,0112.575,0004.361,0000.486,0006
 
000608496,000000000,000000000,0113.533,0003.878,0000.243,0167
 
000608520,000000000,000000000,0113.694,0003.814,0000.955,0167
 
000608544,000000000,000000000,0112.429,0004.361,0000.486,0167
 
000608568,000000000,000000000,0112.081,0004.583,0000.242,0166
 
000608592,000000000,000000000,0111.975,0003.797,0001.189,0167
 
000608616,000000000,000000000,0112.604,0004.102,0000.725,0167
 
000608640,000000000,000000000,0112.208,0004.325,0000.481,0166
 
000608664,000000000,000000000,0112.654,0004.325,0000.722,0166
 
000608688,000000000,000000000,0112.624,0004.085,0000.481,0166
 
000608712,000000000,000000000,0112.763,0004.289,0000.239,0166
 
000608736,000000000,000000000,0111.842,0004.603,0000.486,0166
 
000608760,000000000,000000000,0113.713,0003.878,0000.486,0166
 
000608784,000000000,000000000,0113.141,0003.862,0000.483,0166
 
000608808,000000000,000000000,0112.891,0004.103,0000.483,0166
 
000608832,000000000,000000000,0112.934,0004.086,0000.241,0167
 
000608856,000000000,000000000,0112.480,0004.120,0000.728,0166
 
000608880,000000000,000000000,0112.223,0004.343,0000.242,0166
 
000608904,000000000,000000000,0112.908,0004.103,0000.483,0166
 
000608928,000000000,000000000,0114.358,0003.606,0000.481,0166
 
000608952,000000000,000000000,0113.000,0004.120,0000.486,0166
 
000608976,000000000,000000000,0111.991,0004.803,0000.481,0166
 
000609000,000000000,000000000,0113.314,0003.830,0000.719,0168
 
000609024,000000000,000000000,0111.812,0004.325,0000.481,0166
 
000609048,000000000,000000000,0113.019,0004.103,0000.242,0166
 
000609072,000000000,000000000,0112.230,0004.343,0000.725,0167
 
000609096,000000000,000000000,0110.868,0004.306,0000.959,0167
 
000609120,000000000,000000000,0112.597,0004.085,0000.722,0167
 
000609144,000000000,000000000,0112.627,0004.103,0000.242,0166
 
000609168,000000000,000000000,0111.582,0004.583,0000.242,0167
 
000609192,000000000,000000000,0112.408,0004.068,0000.719,0167
 
000609216,000000000,000000000,0113.078,0004.085,0000.481,0166
 
000609240,000000000,000000000,0112.709,0004.325,0000.722,0006
 
000609264,000000000,000000000,0113.287,0003.846,0000.241,0167
 
000609288,000000000,000000000,0113.049,0003.862,0000.725,0173
 
000609312,000000000,000000000,0112.449,0004.361,0000.486,0167
 
000609336,000000000,000000000,0112.232,0004.325,0000.481,0166
 
000609360,000000000,000000000,0111.790,0004.085,0000.481,0173
 
000609384,000000000,000000000,0112.029,0004.085,0000.481,0166
 
000609408,000000000,000000000,0111.705,0004.289,0000.477,0167
 
000609432,000000000,000000000,0113.031,0004.103,0000.242,0167
 
000609456,000000000,000000000,0112.204,0004.120,0000.486,0007
 
000609480,000000000,000000000,0111.595,0004.343,0000.483,0179
 
000609504,000000000,000000000,0113.050,0004.085,0000.481,0173
 
000609528,000000000,-00000002,0112.449,0004.103,0000.483,0166
 
000609552,000000000,-00000007,0110.574,0004.823,0000.725,0166
 
000609576,000000000,-00000013,0108.571,0005.106,0000.488,0167
 
000609600,-00000001,-00000015,0109.358,0005.237,0000.716,0166
 
000609624,-00000001,000000231,0111.697,0004.068,0000.479,0167
 
000609648,-00000002,-00000025,0111.391,0004.068,0000.479,0166
 
000609672,-00000001,-00000025,0112.438,0003.621,0000.725,0166
 
000609696,000000000,-00000025,0111.970,0004.085,0000.722,0179
 
000609720,-00000002,-00000025,0109.032,0005.281,0000.722,0179
 
000609744,000000252,-00000025,0111.928,0004.343,0000.000,0168
 
000609768,-00000004,-00000025,0110.803,0004.824,0000.242,0166
 
000609792,-00000004,-00000028,0111.451,0004.343,0000.725,0166
 
000609816,-00000007,-00000031,0114.301,0003.126,0000.722,0166
 
000609840,-00000004,-00000049,0112.890,0003.798,0000.713,0007
 
000609864,-00001543,-00000256,0111.520,0004.325,0000.722,0006
 
000609888,-00000004,000000207,0112.954,0004.052,0000.239,0006
 
000609912,-00000004,-00000049,0111.124,0004.864,0000.244,0167
 
000609936,-00000002,-00000049,0111.927,0004.603,0000.243,0006
 
000609960,-00000002,-00000049,0112.880,0004.085,0000.722,0167
 
000609984,-00000002,-00000049,0112.856,0003.845,0000.963,0006
 
000610008,-00000001,-00000049,0110.184,0005.084,0001.214,0006
 
000610032,-00000001,-00000049,0110.148,0005.042,0000.722,0173
 
000610056,000000000,-00000057,0108.128,0006.207,0001.438,0166
 
000610080,-00000001,-00000060,0110.893,0004.822,0001.450,0166
 
000610104,-00000002,-00000063,0112.199,0003.590,0001.678,0166
 
000610128,-00000007,-00000097,0107.704,0006.020,0001.209,0166
 
000610152,-00000008,-00024673,0108.981,0005.757,0000.963,0166
 
000610176,-00000007,-00000097,0115.069,0003.576,-000.955,0166
 
000610200,-00000004,-00000097,0112.952,0004.545,-000.240,0166
 
000610224,-00000004,-00000097,0112.943,0004.086,0000.000,0167
 
000610248,-00000007,-00000097,0114.900,0004.085,-000.963,0167
 
000610272,-00000772,-00000097,0113.873,0003.423,0000.979,0167
 
000610296,-00000004,-00000097,0108.840,0005.831,0000.488,0167
 
000610320,-00000004,-00000097,0110.383,0005.237,0000.239,0166
 
000610344,-00000004,-00000097,0112.681,0004.085,0000.963,0166
 
000610368,-00000001,-00000097,0113.234,0004.307,0000.240,0166
 
000610392,000000000,000000159,0110.465,0005.000,0000.955,0167
 
000610416,-00000001,-00000097,0113.414,0004.051,0000.716,0166
 
000610440,000000000,-00000097,0114.961,0002.947,0001.966,0175
 
000610464,-00000002,-00000097,0113.256,0004.068,0000.959,0179
 
000610488,000000000,-00000097,0111.885,0005.042,-000.481,0179
 
000610512,000000001,-00024673,0112.903,0004.068,0000.479,0179
 
000610536,000000001,-00000097,0115.070,0003.366,0000.963,0179
 
000610560,000000001,-00000097,0116.906,0002.646,0000.481,0179
 
000610584,000000000,-00000097,0108.802,0006.208,0000.479,0179
 
000610608,000000002,-00000097,0111.975,0004.583,0000.967,0179
 
000610632,000000000,-00000097,0113.496,0004.120,0000.728,0167
 
000610656,-00000002,-00000097,0111.068,0005.281,0000.000,0006
 
000610680,-00000004,-00000097,0107.676,0006.861,0000.713,0006
 
000610704,-00000004,-00024673,0111.781,0005.566,-000.728,0166
 
000610728,-00000007,-00000097,0116.954,0003.126,-000.241,0179
 
000610752,-00000004,-00000100,0105.254,0007.602,0002.715,0166
 
000610776,-00000004,-00000100,0113.839,0004.564,0000.481,0007
 
000610800,-00000004,-00000103,0114.585,0004.803,-000.481,0166
 
000610824,-00000004,-00000103,0120.315,0001.699,0000.486,0166
 
000610848,-00000002,-00000100,0114.832,0004.102,0000.967,0166
 
000610872,-00000004,-00000100,0117.882,0002.156,0001.438,0166
 
000610896,-00000002,-00000098,0115.724,0003.862,0000.000,0166
 
000610920,-00000004,-00000098,0116.626,0003.637,0000.000,0168
 
000610944,000000249,000000159,0116.079,0003.830,0000.479,0166
 
000610968,-00000004,-00000097,0112.060,0005.236,0001.432,0166
 
000610992,-00000004,-00000097,0105.814,0007.960,0000.243,0166
 
000611016,-00001543,-00000256,0115.987,0003.366,0001.204,0166
 
000611040,-00000007,-00000097,0111.466,0005.758,0000.481,0167
 
000611064,-00000007,-00000097,0115.365,0004.137,0000.731,0167
 
000611088,000000249,000000159,0115.088,0004.306,0000.959,0166
 
000611112,-00000004,-00000097,0115.296,0004.642,0000.490,0167
 
000611136,-00000002,-00000097,0114.423,0004.885,0000.245,0166
 
000611160,-00000001,000000159,0112.967,0004.843,0000.971,0167
 
000611184,-00000002,-00000097,0113.151,0004.823,0000.725,0179
 
000611208,-00000004,000000159,0114.953,0004.253,0000.947,0179
 
000611232,-00000004,-00000097,0114.427,0004.783,0000.240,0179
 
000611256,-00000007,-00000097,0114.614,0004.584,0000.000,0179
 
000611280,-00000007,-00000097,0119.077,0002.184,0000.971,0166
 
000611304,-00000004,-00000097,0115.310,0004.603,0000.243,0167
 
000611328,000000249,000000159,0115.989,0003.620,0001.692,0179
 
000611352,-00000007,-00000097,0112.640,0005.711,-000.239,0166
 
000611376,-00001543,-00000256,0117.553,0003.798,0000.238,0179
 
000611400,-00000004,-00000097,0114.758,0004.361,0000.728,0167
 
000611424,-00000002,-00000097,0111.793,0005.259,0000.719,0006
 
000611448,000000000,-00000097,0119.825,0002.396,0000.959,0166
 
000611472,000000000,-00000098,0117.152,0003.380,0000.725,0006
 
000611496,000000000,-00000103,0116.105,0003.394,0001.214,0166
 
000611520,000000000,-00025444,0112.867,0005.042,0000.722,0166
 
000611544,-00000002,-00000103,0112.953,0005.474,-000.477,0166
 
000611568,-00000004,-00000100,0116.626,0004.086,-000.241,0166
 
000611592,-00000004,-00000098,0110.957,0006.499,0000.000,0006
 
000611616,-00000007,-00000098,0113.935,0005.021,0000.240,0006
 
000611640,-00000002,-00000097,0113.384,0005.042,0000.000,0006
 
000611664,-00000001,-00000097,0117.145,0003.166,0000.488,0006
 
000611688,000000000,-00000097,0108.591,0006.287,0000.243,0006
 
000611712,000000001,-00000097,0116.254,0003.352,0000.959,0179
 
000611736,000000000,-00000097,0114.420,0004.564,0000.000,0007
 
000611759,-00000004,-00000097,0111.275,0005.782,0000.000,0006
 
000611784,-00000001,-00024673,0115.469,0003.846,0000.481,0167
 
000611808,-00000002,-00000097,0115.150,0003.829,0001.198,0006
 
000611832,-00000001,-00000097,0107.231,0006.976,0000.242,0166
 
000611856,-00000002,-00000097,0115.597,0003.338,0000.955,0166
 
000611880,-00000001,-00000097,0112.892,0005.085,-000.728,0166
 
000611904,-00000004,-00000061,0113.402,0004.545,0000.719,0167
 
000611928,-00000002,-00000057,0114.766,0003.814,0000.955,0179
 
000611952,-00000002,-00000058,0117.071,0003.126,0000.481,0179
 
000611976,-00000004,-00000056,0114.959,0003.846,0000.481,0179
 
000612000,-00000004,-00000055,0111.577,0005.021,0000.959,0179
 
000612024,-00000004,-00000055,0116.494,0003.366,0000.241,0166
 
000612048,-00000007,-00000056,0110.432,0005.348,0000.244,0179
 
000612072,-00000008,-00000059,0110.803,0005.281,0000.722,0179
 
000612096,000000243,000000159,0112.450,0004.844,0000.486,0166
 
000612120,-00000013,-00000097,0118.083,0002.899,0000.242,0179
 
000612144,-00000008,-00000097,0114.003,0004.343,0000.483,0006
 
000612168,000000249,000000159,0116.180,0003.830,-000.240,0166
 
000612192,-00000007,-00000061,0112.520,0004.744,0000.475,0167
 
000612216,-00000008,-00000062,0114.778,0003.895,0000.000,0007
 
000612239,-00000008,-00000097,0106.702,0006.554,0000.000,0006
 
000612264,-00000007,-00000097,0118.950,0001.917,0000.959,0173
 
000612288,-00000013,-00000097,0120.628,0000.959,0001.198,0006
 
000612312,-00000013,-00000097,0113.240,0004.564,-000.241,0166
 
000612336,-00000008,-00000097,0113.445,0004.545,0000.479,0166
 
000612360,-00000007,-00000097,0109.134,0005.758,0000.722,0006
 
000612384,-00000007,-00000097,0106.577,0006.738,0000.000,0167
 
000612408,-00000008,-00000097,0115.738,0003.561,0001.189,0006
 
000612432,-00000007,-00000097,0117.202,0003.113,0000.719,0006
 
000612456,-00000004,-00000097,0110.559,0005.325,0000.728,0166
 
000612480,-00000004,000000159,0113.427,0004.101,0001.450,0166
 
000612504,-00000007,-00000097,0115.194,0003.846,0000.241,0166
 
000612528,-00000008,-00000097,0111.248,0005.303,0000.725,0166
 
000612552,-00000008,000000159,0113.912,0004.361,0000.971,0166
 
000612576,-00000013,-00000097,0117.856,0002.862,0000.716,0167
 
000612600,-00000007,-00000064,0116.546,0003.637,0000.243,0167
 
000612624,-00000004,-00024673,0117.076,0003.591,0000.719,0167
 
000612648,-00000007,-00000097,0115.995,0004.307,0000.479,0167
 
000612672,-00000007,-00000097,0113.363,0004.563,0001.204,0166
 
000612696,-00000008,-00000064,0114.343,0003.829,0001.198,0179
 
000612720,-00000007,-00000062,0114.702,0004.583,0000.242,0179
 
000612744,-00000007,-00000063,0121.493,0001.684,0001.204,0179
 
000612768,-00000007,-00000061,0115.951,0004.307,0000.000,0168
 
000612792,-00000008,-00000060,0113.535,0005.303,-000.242,0173
 
000612816,-00000007,-00000061,0109.942,0005.971,0000.719,0167
 
000612840,-00000007,-00000060,0122.388,0002.166,0000.481,0179
 
000612864,-00000004,-00000058,0108.111,0006.392,0000.713,0179
 
000612888,-00000004,-00000057,0108.822,0006.766,-000.486,0006
 
000612912,-00000001,-00000060,0116.111,0004.155,0000.735,0167
 
000612936,-00000001,-00000097,0113.649,0004.823,0000.967,0006
 
000612960,-00000002,-00000097,0116.419,0004.362,0000.243,0167
 
000612984,-00000004,-00000097,0110.651,0005.996,0000.722,0166
 
000613008,-00000007,-00000097,0114.776,0005.085,0000.243,0006
 
000613032,-00000007,-00000097,0119.276,0003.126,0000.963,0167
 
000613056,-00000013,-00000097,0111.872,0005.734,0000.479,0006
 
000613080,-00000007,-00000097,0118.644,0004.602,-000.728,0006
 
000613104,-00001543,-00000256,0118.822,0004.103,-000.242,0166
 
000613128,-00000004,-00000097,0120.913,0003.862,-000.483,0168
 
000613152,-00000004,-00000097,0117.600,0004.583,-000.725,0167
 
000613176,-00000002,-00000097,0117.658,0004.603,-000.243,0166
 
000613200,-00000001,-00000060,0118.638,0003.814,0000.716,0166
 
000613224,000000000,-00000055,0119.594,0003.846,0000.241,0166
 
000613248,000000000,-00000052,0117.307,0004.325,0000.241,0166
 
000613272,000000000,-00000052,0119.296,0003.878,0000.243,0166
 
000613296,000000001,-00000049,0118.451,0004.103,0000.242,0166
 
000613320,000000000,-00000049,0119.445,0004.086,0000.000,0166
 
000613344,000000000,-00000049,0113.581,0005.258,0001.198,0166
 
000613368,-00000001,-00000049,0114.143,0005.710,0000.477,0166
 
000613392,-00000002,-00000049,0115.288,0004.762,0001.432,0167
 
000613416,-00000001,-00000049,0121.215,0002.874,0001.198,0167
 
000613440,-00000001,-00000049,0115.324,0005.303,0000.725,0176
 
000613464,-00000001,-00000049,0115.524,0005.758,-000.722,0179
 
000613488,-00000001,-00000032,0122.921,0002.646,0000.722,0179
 
000613512,-00000001,-00000028,0120.948,0003.338,0000.477,0179
 
000613536,000000000,-00000025,0120.171,0003.576,0000.716,0179
 
000613560,000000000,-00000025,0118.268,0004.325,0000.481,0179
 
000613584,000000000,-00000016,0118.141,0004.120,0000.243,0179
 
000613608,000000000,-00000016,0119.817,0003.846,0000.241,0179
 
000613632,000000000,-00000014,0117.786,0004.325,0000.481,0179
 
000613656,000000000,-00000013,0117.210,0004.583,0000.242,0006
 
000613680,-00000001,-00000014,0114.984,0005.042,0000.722,0167
 
000613704,000000000,-00000025,0114.779,0004.864,0000.731,0006
 
000613728,000000000,-00000016,0119.677,0003.591,0000.479,0167
 
000613752,000000000,-00000016,0120.107,0003.591,0000.479,0007
 
000613776,000000000,-00000013,0117.524,0003.845,0000.963,0167
 
000613800,000000000,-00000013,0119.202,0003.846,0000.481,0006
 
000613824,-00000001,-00000008,0118.751,0003.830,0000.479,0167
 
000613848,000000000,-00000004,0119.093,0004.069,0000.240,0166
 
000613872,000000000,-00000001,0116.932,0004.343,0000.242,0166
 
000613896,000000000,000000000,0117.243,0004.343,0000.242,0166
 
000613920,000000000,000000000,0117.702,0004.254,0000.474,0166
 
000613944,000000000,000000000,0116.687,0004.545,0000.479,0167
 
000613968,000000000,000000000,0116.422,0004.583,0000.483,0166
 
000613992,000000000,000000000,0118.100,0004.325,0000.241,0166
 
000614016,000000000,000000000,0117.418,0004.325,0000.481,0166
 
000614040,000000000,000000000,0116.824,0004.564,0000.481,0166
 
000614064,000000000,000000000,0117.476,0004.325,0000.481,0166
 
000614088,000000000,000000000,0117.971,0004.307,0000.240,0167
 
000614112,000000000,000000000,0116.870,0004.584,0000.000,0166
 
000614136,000000000,000000000,0116.350,0004.343,0000.483,0179
 
000614160,000000000,000000000,0117.835,0004.051,0000.716,0167
 
000614184,000000000,000000000,0118.548,0004.103,0000.000,0166
 
000614208,000000000,000000000,0117.636,0004.325,0000.481,0006
 
000614232,000000000,000000000,0117.092,0004.564,0000.481,0166
 
000614256,000000000,000000000,0116.980,0004.289,0000.716,0166
 
000614280,000000000,000000000,0117.716,0004.325,0000.481,0166
 
000614304,000000000,000000000,0117.614,0004.254,0000.474,0166
 
000614328,000000000,000000000,0118.453,0004.325,0000.241,0166
 
000614352,000000000,000000000,0116.835,0004.289,0000.716,0166
 
000614376,000000000,000000000,0116.266,0004.545,0000.479,0166
 
000614400,000000000,000000000,0117.112,0004.545,0000.240,0006
 
000614424,000000000,000000000,0117.882,0004.545,0000.240,0167
 
000614448,000000000,000000000,0116.760,0004.325,0000.722,0166
 
000614472,000000000,000000000,0116.845,0004.583,0000.483,0006
 
000614496,000000000,000000000,0118.286,0004.307,0000.240,0167
 
000614520,000000000,000000000,0117.721,0004.824,0000.242,0006
 
000614544,000000000,000000000,0117.057,0004.583,0000.242,0167
 
000614568,000000000,000000000,0116.328,0004.583,0000.725,0007
 
000614592,000000000,000000000,0117.773,0004.325,0000.241,0167
 
000614616,000000000,000000000,0117.787,0004.583,0000.483,0166
 
000614640,000000000,000000000,0116.108,0004.583,0000.725,0166
 
000614664,000000000,000000000,0116.363,0004.583,0000.725,0166
 
000614688,000000000,000000000,0116.705,0004.564,0000.241,0166
 
000614712,000000000,000000000,0117.546,0004.545,0000.240,0166
 
000614736,000000000,000000000,0117.106,0004.844,0000.243,0166
 
000614760,000000000,000000000,0117.847,0004.085,0000.481,0166
 
000614784,000000000,000000000,0117.340,0004.324,0000.963,0166
 
000614808,000000000,000000000,0116.319,0004.844,0000.486,0166
 
000614832,000000000,000000000,0115.809,0005.042,0000.481,0166
 
000614856,000000000,000000000,0118.212,0004.035,0000.713,0167
 
000614880,000000000,000000000,0116.505,0004.564,0000.481,0167
 
000614904,000000000,000000000,0116.463,0004.803,0000.241,0166
 
000614928,000000000,000000000,0116.843,0004.307,0000.479,0166
 
000614952,000000000,000000000,0117.046,0004.085,0000.722,0166
 
000614976,000000000,000000000,0115.921,0005.021,0000.240,0167
 
000615000,000000000,000000000,0115.281,0004.803,0000.481,0166
 
000615024,000000000,000000000,0116.239,0004.823,0000.483,0166
 
000615048,000000000,000000000,0118.301,0004.325,0000.481,0166
 
000615072,000000000,000000000,0116.441,0004.622,0000.488,0166
 
000615096,000000000,000000000,0116.953,0004.583,0000.242,0166
 
000615120,000000000,000000000,0117.087,0004.564,0000.481,0166
 
000615144,000000000,000000000,0115.667,0004.803,0000.722,0179
 
000615168,000000000,000000000,0118.413,0004.343,0000.242,0006
 
000615192,000000000,000000000,0118.359,0004.325,0000.481,0167
 
000615216,000000000,000000000,0117.353,0004.583,0000.483,0166
 
000615240,000000000,000000000,0117.284,0004.307,0000.479,0006
 
000615264,000000000,000000000,0117.222,0004.526,0000.477,0167
 
000615288,000000000,000000000,0118.321,0004.307,0000.240,0006
 
000615312,000000000,000000000,0116.631,0004.583,0000.242,0167
 
000615336,000000000,000000000,0116.890,0004.583,0000.242,0167
 
000615360,000000000,000000000,0118.067,0004.068,0000.479,0006
 
000615384,000000000,000000000,0117.458,0004.343,0000.242,0173
 
000615408,000000000,000000000,0117.659,0004.325,0000.481,0166
 
000615432,000000000,000000000,0117.248,0004.583,0000.242,0166
 
000615456,000000000,000000000,0117.714,0004.545,0000.479,0166
 
000615480,000000000,000000000,0116.828,0004.564,0000.481,0166
 
