000488511,000000000,000000000,0109.841,0004.306,0000.959,0006
 
000488535,000000000,000000000,0109.539,0004.343,0000.242,0006
 
000488559,000000000,000000000,0109.689,0004.102,0000.725,0166
 
000488583,000000000,000000000,0110.450,0004.085,0000.481,0167
 
000488607,000000000,000000000,0109.656,0004.102,0000.725,0167
 
000488631,000000000,000000000,0110.478,0004.068,0000.479,0167
 
000488655,000000000,000000000,0111.606,0003.862,0000.967,0167
 
000488679,000000000,000000000,0109.791,0004.068,0000.479,0167
 
000488703,000000000,000000000,0110.578,0004.103,0000.242,0167
 
000488727,000000000,000000000,0110.927,0003.878,0000.728,0167
 
000488751,000000000,000000000,0110.321,0004.361,0000.486,0167
 
000488775,000000000,000000000,0110.242,0003.895,0000.488,0167
 
000488799,000000000,000000000,0110.340,0004.103,0000.483,0173
 
000488823,000000000,000000000,0109.929,0004.343,0000.483,0173
 
000488847,000000000,000000000,0110.362,0003.846,0000.481,0173
 
000488871,000000000,000000000,0110.012,0004.380,0000.488,0179
 
000488895,000000000,000000000,0110.124,0004.068,0000.479,0179
 
000488919,000000000,000000000,0109.588,0004.325,0000.241,0006
 
000488943,000000000,000000000,0111.029,0004.085,0000.481,0179
 
000488967,000000000,000000000,0109.969,0004.085,0000.722,0167
 
000488991,000000000,000000000,0111.477,0003.830,0000.719,0173
 
000489015,000000000,000000000,0110.495,0003.862,0000.483,0166
 
000489039,000000000,000000000,0110.292,0004.103,0000.483,0173
 
000489063,000000000,000000000,0110.862,0004.102,0000.725,0006
 
000489087,000000000,000000000,0110.666,0004.102,0000.725,0179
 
000489111,000000000,000000000,0110.449,0004.085,0000.722,0166
 
000489135,000000000,000000000,0109.958,0004.325,0000.722,0166
 
000489159,000000000,000000000,0110.624,0003.846,0000.722,0166
 
000489183,000000000,000000000,0110.999,0004.325,0000.722,0166
 
000489207,000000000,000000000,0111.372,0003.606,0000.481,0166
 
000489231,000000000,000000000,0110.558,0004.362,0000.243,0166
 
000489255,000000000,000000000,0112.313,0003.352,0000.479,0166
 
000489279,000000000,000000000,0111.690,0003.366,0000.481,0167
 
000489303,000000000,000000000,0110.330,0004.306,0000.959,0166
 
000489327,000000000,000000000,0110.167,0004.120,0000.486,0167
 
000489351,000000000,000000000,0110.580,0003.606,0000.963,0167
 
000489375,000000000,000000000,0110.395,0004.289,0000.716,0167
 
000489399,000000000,000000000,0110.554,0004.103,0000.242,0167
 
000489423,000000000,000000000,0110.838,0004.068,0000.479,0167
 
000489447,000000000,000000000,0110.152,0004.103,0000.242,0167
 
000489471,000000000,000000000,0110.955,0003.814,0000.477,0167
 
000489495,000000000,000000000,0111.729,0003.591,0000.479,0167
 
000489519,000000000,000000000,0110.377,0004.085,0000.481,0167
 
000489543,000000000,000000000,0109.641,0004.325,0000.722,0173
 
000489567,000000000,000000000,0110.025,0004.564,0000.963,0173
 
000489591,000000000,000000000,0110.395,0004.103,0000.483,0173
 
000489615,000000000,000000000,0110.783,0004.120,0000.243,0173
 
000489639,000000000,000000000,0111.055,0003.862,0000.725,0179
 
000489663,000000000,000000000,0109.106,0004.085,0000.963,0006
 
000489687,000000000,000000000,0111.770,0003.591,0000.719,0179
 
000489711,000000000,000000000,0109.823,0004.343,0000.483,0179
 
000489735,000000000,000000000,0110.073,0004.325,0000.481,0166
 
000489759,000000000,000000000,0110.933,0004.085,0000.722,0006
 
000489783,000000000,000000000,0109.865,0004.325,0000.481,0006
 
000489807,000000000,000000000,0111.179,0003.862,0000.242,0006
 
000489831,000000000,000000000,0109.786,0004.564,0000.481,0006
 
000489855,000000000,000000000,0110.941,0003.814,0000.716,0006
 
000489879,000000000,000000000,0110.512,0004.361,0000.486,0006
 
000489903,000000000,000000000,0109.933,0004.325,0000.481,0006
 
000489927,000000000,000000000,0110.506,0004.085,0000.722,0006
 
000489951,000000000,000000000,0111.111,0003.830,0000.719,0006
 
000489975,000000000,000000000,0109.734,0004.307,0000.479,0166
 
000489999,000000000,000000000,0110.946,0003.846,0000.481,0166
 
000490023,000000000,000000000,0110.490,0004.120,0000.243,0166
 
000490047,000000000,000000000,0110.616,0004.103,0000.483,0006
 
000490071,000000000,000000000,0111.286,0003.576,0000.477,0166
 
000490095,000000000,000000000,0110.264,0004.068,0000.479,0167
 
000490119,000000000,000000000,0109.326,0004.545,0000.719,0167
 
000490143,000000000,000000000,0111.075,0003.846,0000.722,0167
 
000490167,000000000,000000000,0110.039,0004.325,0000.481,0167
 
000490191,000000000,000000000,0110.705,0004.120,0000.486,0167
 
000490215,000000000,000000000,0110.574,0004.068,0000.479,0167
 
000490239,000000000,000000000,0110.987,0004.103,0000.242,0167
 
000490263,000000000,000000000,0109.845,0004.343,0000.242,0167
 
000490287,000000000,000000000,0110.697,0004.086,0000.241,0167
 
000490311,000000000,000000000,0109.720,0004.343,0000.725,0173
 
000490335,000000000,000000000,0110.510,0003.862,0000.242,0173
 
000490359,000000000,000000000,0110.130,0004.120,0000.486,0173
 
000490383,000000000,000000000,0111.169,0003.878,0000.486,0173
 
000490407,000000000,000000000,0109.773,0004.343,0000.483,0167
 
000490431,000000000,000000000,0110.723,0003.846,0000.481,0179
 
000490455,000000000,000000000,0109.847,0004.343,0000.725,0179
 
000490479,000000000,000000000,0111.316,0003.878,0000.486,0179
 
000490503,000000000,000000000,0110.594,0003.862,0000.725,0166
 
000490527,000000000,000000000,0111.390,0003.862,0000.483,0006
 
000490551,000000000,000000000,0110.479,0004.343,0000.483,0006
 
000490575,000000000,000000000,0111.046,0003.830,0000.479,0006
 
000490599,000000000,000000000,0110.516,0004.307,0000.719,0006
 
000490623,000000000,000000000,0109.950,0004.325,0000.481,0006
 
000490647,000000000,000000000,0110.747,0003.878,0000.486,0006
 
000490671,000000000,000000000,0109.656,0004.325,0000.722,0006
 
000490695,000000000,000000000,0111.087,0004.103,0000.242,0006
 
000490719,000000000,000000000,0111.156,0004.051,0000.716,0167
 
000490743,000000000,000000000,0110.091,0004.085,0000.722,0166
 
000490767,000000000,000000000,0110.555,0004.085,0000.722,0166
 
000490791,000000000,000000000,0110.158,0004.085,0000.722,0166
 
000490815,000000000,000000000,0109.632,0004.343,0000.725,0166
 
000490839,000000000,000000000,0110.133,0004.085,0000.481,0166
 
000490863,000000000,000000000,0111.435,0003.576,0000.239,0167
 
000490887,000000000,000000000,0110.298,0004.103,0000.242,0167
 
000490911,000000000,000000000,0110.784,0003.846,0000.722,0167
 
000490935,000000000,000000000,0110.828,0003.829,0000.959,0167
 
000490959,000000000,000000000,0110.952,0004.120,0000.243,0167
 
000490983,000000000,000000000,0109.541,0004.583,0000.483,0167
 
000491007,000000000,000000000,0110.288,0003.846,0000.722,0167
 
000491031,000000000,000000000,0111.536,0003.814,0000.955,0167
 
000491055,000000000,000000000,0109.911,0004.325,0000.722,0173
 
000491079,000000000,000000000,0111.102,0003.862,0000.483,0179
 
000491103,000000000,000000000,0110.567,0004.103,0000.483,0179
 
000491127,000000000,000000000,0109.663,0004.361,0000.486,0173
 
000491151,000000000,000000000,0110.719,0003.846,0000.722,0167
 
000491175,000000000,000000000,0110.182,0004.103,0000.483,0173
 
000491199,000000000,000000000,0110.563,0004.068,0000.479,0179
 
000491223,000000000,000000000,0111.220,0003.590,0001.198,0173
 
000491247,000000000,000000000,0110.663,0004.103,0000.483,0167
 
000491271,000000000,000000000,0110.829,0004.085,0000.481,0179
 
000491295,000000000,000000000,0110.373,0003.846,0000.722,0166
 
000491319,000000000,000000000,0110.649,0004.102,0000.725,0167
 
000491343,000000000,000000000,0109.910,0004.085,0000.722,0167
 
000491367,000000000,000000000,0110.624,0004.085,0000.722,0179
 
000491391,000000000,000000000,0111.290,0004.103,0000.242,0166
 
000491415,000000000,000000000,0110.302,0003.846,0000.481,0006
 
000491439,000000000,000000000,0109.996,0004.307,0000.719,0006
 
000491463,000000000,000000000,0089.980,0013.165,0001.950,0006
 
000491487,000000000,-00000007,0107.060,0005.325,0000.728,0006
 
000491511,000000000,-00000013,0106.844,0005.085,0000.728,0166
 
000491535,-00000001,-00000014,0109.316,0004.052,0000.477,0166
 
000491559,-00000001,-00000016,0107.760,0004.803,0000.481,0166
 
000491583,000000000,-00000025,0108.663,0004.621,0001.219,0166
 
000491607,-00000001,-00000025,0110.572,0003.814,0000.477,0166
 
000491631,000000000,-00000026,0110.423,0003.576,0000.955,0006
 
000491655,000000000,-00000028,0111.183,0003.576,0000.477,0166
 
000491679,-00000001,-00000028,0108.654,0004.603,0000.486,0006
 
000491703,-00000002,-00000030,0111.444,0003.846,0000.241,0167
 
000491727,000000252,-00000030,0109.850,0004.101,0001.450,0166
 
000491751,-00000004,-00000030,0108.982,0004.119,0001.456,0006
 
000491775,-00000002,-00000030,0107.105,0005.259,0000.959,0173
 
000491799,000000000,000000207,0110.313,0004.086,0000.241,0167
 
000491823,000000000,-00012337,0109.261,0004.763,0000.955,0166
 
000491847,-00000001,-00000049,0110.810,0003.878,0000.243,0166
 
000491871,-00000001,-00000049,0109.945,0004.622,-000.244,0166
 
000491895,000000000,-00000049,0109.007,0004.783,0000.000,0006
 
000491919,000000000,-00000049,0110.284,0004.343,0000.725,0167
 
000491943,000000000,-00000049,0108.401,0004.864,0000.975,0006
 
000491967,000000001,-00000050,0110.122,0004.136,0001.463,0179
 
000491991,000000004,-00000052,0110.772,0004.120,0000.486,0166
 
000492015,000000005,-00000052,0108.154,0005.407,0000.000,0166
 
000492039,000000003,-00000055,0109.386,0004.564,0000.722,0179
 
000492063,000000002,-00000055,0114.174,0002.839,0000.237,0167
 
000492087,000000001,-00000055,0112.269,0003.606,0000.241,0166
 
000492111,000000001,-00000055,0112.038,0003.338,0001.193,0166
 
000492135,000000001,-00000052,0110.108,0003.894,0001.463,0166
 
000492159,000000000,-00000056,0110.431,0004.307,0000.719,0166
 
000492183,000000000,-00000057,0110.953,0003.635,0001.699,0166
 
000492207,-00000001,-00000057,0110.618,0004.343,0000.967,0166
 
000492231,-00000772,-00000060,0112.651,0003.576,0000.955,0166
 
000492255,-00000004,-00000061,0111.157,0004.508,0000.238,0179
 
000492279,-00000007,-00000060,0110.917,0004.085,0000.963,0179
 
000492303,-00000007,-00000061,0116.064,0002.680,-000.975,0167
 
000492327,-00000007,-00000061,0110.352,0004.545,0000.479,0179
 
000492351,-00001543,-00000063,0110.818,0004.325,0000.722,0006
 
000492375,-00000004,-00000060,0111.457,0004.583,0000.725,0006
 
000492399,-00000007,-00000061,0110.145,0004.782,0001.438,0167
 
000492423,-00000007,-00000057,0113.281,0003.606,0000.000,0006
 
000492447,-00000004,-00013879,0111.328,0004.744,-000.238,0166
 
000492471,-00000004,-00000055,0116.254,0002.874,-000.240,0167
 
000492495,-00000002,-00000052,0115.833,0003.126,-000.481,0006
 
000492519,-00000001,-00000050,0112.227,0004.120,0000.728,0166
 
000492543,000000000,-00000050,0111.702,0004.307,0000.479,0166
 
000492567,000000000,-00000050,0110.623,0005.237,0000.239,0166
 
000492591,000000000,-00000055,0111.494,0005.106,0000.244,0166
 
000492615,000000000,-00000055,0111.904,0004.564,0000.241,0166
 
000492639,-00000001,000000201,0113.702,0004.507,-000.713,0166
 
000492663,000000000,-00000056,0112.495,0004.526,0000.477,0167
 
000492687,000000000,-00000058,0112.011,0004.763,0000.477,0167
 
000492711,-00000001,-00000060,0116.419,0002.726,0000.248,0166
 
000492735,-00000001,-00000057,0112.969,0003.893,0001.706,0166
 
000492759,-00000007,-00000057,0114.506,0003.862,0000.000,0167
 
000492783,-00000007,-00000058,0114.937,0003.862,-000.242,0166
 
000492807,-00000004,-00000057,0114.848,0003.591,0000.240,0167
 
000492831,-00000772,-00000256,0113.012,0004.307,0000.479,0167
 
000492855,-00000002,-00000052,0113.767,0004.271,0000.475,0179
 
000492879,-00000004,-00000049,0115.254,0003.878,0000.486,0179
 
000492903,-00000002,-00000049,0115.982,0003.606,0000.241,0179
 
000492927,-00000001,-00000049,0114.071,0003.830,0000.719,0179
 
000492951,000000000,-00000049,0114.019,0004.307,0000.479,0179
 
000492975,-00000002,-00000049,0111.918,0004.823,0000.725,0179
 
000492999,-00000001,-00012337,0113.724,0004.583,0000.483,0179
 
000493023,-00000001,-00000049,0114.450,0004.325,0000.481,0167
 
000493047,-00000004,-00000050,0116.360,0003.100,0000.477,0006
 
000493071,-00000001,-00000050,0115.004,0003.846,-000.241,0167
 
000493095,000000000,-00000049,0112.874,0004.783,0000.719,0006
 
000493119,000000002,-00000049,0111.966,0005.063,0000.483,0166
 
000493143,000000002,-00000052,0110.250,0005.734,0000.719,0006
 
000493167,-00000001,-00000055,0114.827,0003.846,0000.722,0167
 
000493191,-00000001,-00000057,0112.150,0005.590,0000.244,0166
 
000493215,-00000001,000000196,0113.352,0004.564,0000.481,0006
 
000493239,000000000,-00000061,0110.952,0005.281,0000.722,0006
 
000493263,000000000,-00000062,0110.564,0006.021,0000.483,0173
 
000493287,000000000,-00000063,0115.820,0003.621,0000.483,0166
 
000493311,-00000001,-00000097,0113.915,0004.380,0000.488,0166
 
000493335,000000000,-00000097,0117.422,0003.153,0000.728,0166
 
000493359,-00000001,000000159,0117.553,0002.635,0000.479,0166
 
000493383,-00000001,-00000097,0113.791,0004.545,0000.719,0167
 
000493407,-00000001,-00024673,0112.502,0005.497,-000.240,0167
 
000493431,-00000001,-00000097,0116.894,0003.139,0000.967,0167
 
000493455,000000000,-00000097,0116.105,0003.591,0000.719,0167
 
000493479,-00000004,-00000097,0113.750,0004.307,0000.719,0167
 
000493503,-00000001,-00000097,0113.788,0004.763,0000.716,0166
 
000493527,000000000,-00000062,0116.398,0003.606,0000.000,0167
 
000493551,000000001,-00000060,0116.545,0003.152,0001.214,0167
 
000493575,000000000,-00000057,0116.418,0003.338,0000.955,0167
 
000493599,-00000001,-00000056,0111.032,0005.566,0000.486,0179
 
000493623,-00000004,-00000055,0112.303,0005.042,0000.963,0166
 
000493647,-00000004,-00000052,0113.293,0004.563,0001.204,0166
 
000493671,-00000007,-00000049,0116.486,0003.830,0000.479,0179
 
000493695,-00000004,-00000050,0112.746,0004.803,0000.963,0179
 
000493719,-00000004,-00000049,0115.240,0004.068,0000.719,0179
 
000493743,000000252,000000207,0114.506,0004.343,0000.967,0179
 
000493767,-00000004,-00000049,0112.990,0004.564,0000.722,0179
 
000493791,-00000007,-00000049,0115.498,0003.829,0000.959,0006
 
000493815,000000249,000000207,0116.419,0003.830,0000.240,0167
 
000493839,-00000007,-00000049,0116.220,0003.561,0000.713,0166
 
000493863,-00000004,-00000049,0115.324,0004.325,0000.241,0006
 
000493887,-00000002,-00000049,0117.041,0003.591,0000.479,0167
 
000493911,-00000002,-00000049,0116.021,0003.621,0000.725,0006
 
000493935,-00000001,-00000049,0112.357,0005.021,0000.719,0006
 
000493959,000000000,-00000049,0113.746,0005.001,0000.239,0167
 
000493983,000000000,-00012337,0113.260,0004.783,0000.479,0166
 
000494007,-00000002,-00000049,0111.802,0005.566,0000.971,0167
 
000494031,-00000004,-00000049,0114.283,0004.564,0000.481,0166
 
000494055,-00000004,-00000049,0118.300,0002.899,0000.242,0006
 
000494079,-00000001,000000207,0111.658,0005.758,0000.722,0167
 
000494103,-00000001,-00000049,0118.382,0002.613,0001.189,0166
 
000494127,-00000001,-00000049,0114.837,0004.307,0000.479,0166
 
000494151,000000000,-00012337,0115.076,0004.564,0000.241,0166
 
000494175,-00000002,000000207,0113.814,0004.361,0001.214,0167
 
000494199,-00000002,000000207,0116.017,0003.878,0000.728,0166
 
000494223,-00000002,-00000049,0115.062,0004.325,0000.241,0167
 
000494247,-00000001,-00000049,0113.042,0004.583,0000.725,0166
 
000494271,-00000002,-00000049,0111.130,0005.520,0000.481,0166
 
000494295,-00000004,-00000049,0113.467,0004.803,0000.241,0166
 
000494319,-00000004,000000207,0117.584,0003.100,0000.477,0166
 
000494343,-00000004,-00000049,0112.640,0004.545,0000.719,0177
 
000494367,-00000004,-00000049,0116.978,0003.325,0000.475,0179
 
000494391,-00000004,-00000049,0112.396,0005.326,0000.000,0168
 
000494415,-00000002,-00000052,0112.865,0004.823,0000.725,0166
 
000494439,-00000004,-00000052,0113.363,0004.306,0000.959,0167
 
000494463,-00000002,-00000052,0116.130,0003.606,0000.481,0166
 
000494487,-00000002,-00000050,0116.745,0003.338,0000.477,0179
 
000494511,-00000004,-00000050,0116.767,0003.352,0000.479,0179
 
000494535,-00000001,-00000049,0114.890,0004.052,0000.477,0179
 
000494559,000000000,-00000049,0113.867,0004.051,0000.955,0006
 
000494583,-00000001,-00000049,0109.536,0005.946,0000.716,0167
 
000494607,-00000001,-00000049,0110.984,0005.497,0000.240,0006
 
000494631,-00000001,000000204,0111.704,0004.980,0000.238,0167
 
000494655,-00000004,-00000055,0112.816,0004.583,0000.483,0006
 
000494679,-00000004,-00000054,0110.350,0005.758,-000.481,0167
 
000494703,-00000001,-00000055,0113.032,0004.724,0000.710,0006
 
000494727,-00000002,-00000052,0114.262,0004.051,0000.716,0167
 
000494751,-00000001,-00000049,0114.964,0003.621,0000.483,0006
 
000494775,-00000001,-00000049,0111.365,0005.281,0000.241,0166
 
000494799,000000000,-00000049,0116.216,0003.166,0000.731,0166
 
000494823,000000000,-00012337,0112.507,0004.824,0000.000,0006
 
000494847,000000000,-00000049,0115.592,0003.113,0001.198,0167
 
000494871,000000001,-00000049,0114.798,0003.591,0000.479,0166
 
000494895,000000003,-00012337,0113.609,0003.894,0001.463,0006
 
000494919,000000000,-00000049,0113.690,0004.307,0000.479,0166
 
000494943,000000000,-00000049,0114.646,0003.862,0000.000,0006
 
000494967,000000000,-00000049,0108.317,0005.996,0000.481,0177
 
000494991,-00000004,-00000049,0112.722,0004.307,0000.479,0167
 
000495015,-00000004,-00000049,0115.375,0003.830,0000.240,0166
 
000495039,-00000004,-00000049,0114.640,0003.846,0000.722,0167
 
000495063,-00000004,-00000049,0113.322,0004.051,0000.716,0167
 
000495087,-00000001,-00000031,0114.236,0004.343,0000.242,0179
 
000495111,000000000,-00000029,0113.309,0004.068,0000.479,0179
 
000495135,000000000,-00000026,0112.475,0004.324,0000.963,0166
 
000495159,000000000,-00000025,0110.968,0004.823,0000.483,0179
 
000495183,000000000,-00000025,0113.643,0004.325,0000.000,0167
 
000495207,000000000,-00000025,0112.112,0004.343,0000.725,0167
 
000495231,-00000001,-00000029,0114.052,0003.845,0000.963,0167
 
000495255,-00000001,-00000029,0109.635,0005.281,0000.722,0179
 
000495279,-00000001,-00000029,0113.694,0004.343,0000.242,0007
 
000495303,-00000001,-00000031,0111.523,0004.823,0000.483,0167
 
000495327,-00000002,-00000032,0115.280,0003.591,0000.479,0006
 
000495351,-00000004,-00000029,0115.974,0003.352,0000.959,0167
 
000495375,-00000004,-00000025,0115.236,0003.352,0000.240,0006
 
000495399,-00000002,-00000025,0113.855,0004.086,0000.241,0006
 
000495423,-00000002,-00000013,0115.592,0003.606,0000.241,0166
 
000495447,000000000,-00000013,0111.228,0004.803,0000.481,0166
 
000495471,000000000,-00000007,0112.734,0004.307,0000.479,0006
 
000495495,-00000001,-00000007,0116.765,0003.100,0000.000,0168
 
000495519,000000000,-00000004,0114.537,0004.085,0000.481,0167
 
000495543,000000000,-00000001,0113.282,0004.085,0000.481,0179
 
000495567,000000000,000000000,0113.294,0004.271,0000.475,0166
 
000495591,000000000,000000000,0112.651,0004.564,0000.481,0166
 
000495615,000000000,000000000,0113.172,0004.325,0000.481,0166
 
000495639,000000000,000000000,0113.163,0004.289,0000.477,0166
 
000495663,000000000,000000000,0112.968,0004.343,0000.242,0166
 
000495687,000000000,000000000,0113.823,0004.085,0000.481,0166
 
000495711,000000000,000000000,0112.008,0004.803,0000.241,0166
 
000495735,000000000,000000000,0113.746,0004.103,0000.483,0173
 
000495759,000000000,000000000,0113.140,0004.068,0000.719,0166
 
000495783,000000000,000000000,0113.336,0004.343,0000.483,0166
 
000495807,000000000,000000000,0113.449,0004.583,0000.483,0167
 
000495831,000000000,000000000,0112.170,0004.803,0000.481,0166
 
000495855,000000000,000000000,0114.024,0004.325,0000.481,0166
 
000495879,000000000,000000000,0112.692,0004.583,0000.242,0166
 
000495903,000000000,000000000,0113.174,0004.343,0000.483,0166
 
000495927,000000000,000000000,0112.950,0004.545,0000.719,0167
 
000495951,000000000,000000000,0113.543,0004.325,0000.241,0166
 
000495975,000000000,000000000,0113.554,0004.325,0000.481,0166
 
000495999,000000000,000000000,0113.336,0004.583,0000.483,0166
 
000496023,000000000,000000000,0114.253,0004.085,0000.481,0179
 
000496047,000000000,000000000,0113.281,0004.289,0000.477,0006
 
000496071,000000000,000000000,0114.237,0004.380,0000.000,0167
 
000496095,000000000,000000000,0113.180,0004.289,0000.239,0006
 
000496119,000000000,000000000,0113.076,0004.583,0000.242,0166
 
000496143,000000000,000000000,0114.126,0004.325,0000.241,0167
 
000496167,000000000,000000000,0113.981,0004.289,0000.477,0006
 
000496191,000000000,000000000,0113.801,0004.343,0000.483,0167
 
000496215,000000000,000000000,0112.794,0004.325,0000.241,0006
 
000496239,000000000,000000000,0114.268,0004.085,0000.481,0173
 
000496263,000000000,000000000,0113.179,0004.564,0000.481,0166
 
000496287,000000000,000000000,0112.722,0004.603,0000.486,0166
 
000496311,000000000,000000000,0111.716,0004.603,0000.486,0166
 
000496335,000000000,000000000,0113.941,0004.120,0000.486,0006
 
000496359,000000000,000000000,0113.282,0004.307,0000.719,0006
 
000496383,000000000,000000000,0112.472,0004.583,0000.483,0179
 
000496407,000000000,000000000,0112.877,0004.343,0000.242,0166
 
000496431,000000000,000000000,0113.231,0004.307,0000.479,0166
 
000496455,000000000,000000000,0113.068,0004.068,0000.479,0166
 
000496479,000000000,000000000,0113.850,0004.086,0000.000,0167
 
000496503,000000000,000000000,0111.955,0004.583,0000.242,0167
 
000496527,000000000,000000000,0112.886,0004.343,0000.483,0006
 
000496551,000000000,000000000,0113.104,0004.583,0000.242,0006
 
000496575,000000000,000000000,0112.625,0004.343,0000.242,0166
 
000496599,000000000,000000000,0112.188,0004.526,0000.477,0166
 
000496623,000000000,000000000,0112.841,0004.583,0000.483,0166
 
000496647,000000000,000000000,0114.417,0004.068,0000.479,0179
 
