-65.00,-240.00,502.00
 
-63.00,-239.00,504.00
 
-65.00,-240.00,502.00
 
-63.00,-240.00,505.00
 
-63.00,-240.00,505.00
 
-65.00,-245.00,499.00
 
-62.00,-242.00,504.00
 
-63.00,-239.00,505.00
 
-66.00,-239.00,501.00
 
-62.00,-240.00,506.00
 
-63.00,-242.00,503.00
 
-63.00,-242.00,503.00
 
-63.00,-242.00,503.00
 
-62.00,-242.00,503.00
 
-62.00,-240.00,504.00
 
-63.00,-241.00,505.00
 
-66.00,-245.00,504.00
 
-67.00,-241.00,503.00
 
-66.00,-239.00,507.00
 
-63.00,-240.00,504.00
 
-63.00,-240.00,504.00
 
-63.00,-243.00,501.00
 
-64.00,-242.00,505.00
 
-63.00,-241.00,507.00
 
-61.00,-241.00,502.00
 
-66.00,-241.00,502.00
 
-64.00,-243.00,504.00
 
-62.00,-242.00,505.00
 
-63.00,-241.00,506.00
 
-63.00,-241.00,506.00
 
-63.00,-243.00,502.00
 
-61.00,-240.00,504.00
 
-64.00,-242.00,506.00
 
-66.00,-239.00,504.00
 
-61.00,-243.00,508.00
 
-65.00,-241.00,504.00
 
-63.00,-244.00,504.00
 
-65.00,-241.00,503.00
 
-65.00,-241.00,503.00
 
-62.00,-241.00,505.00
 
-62.00,-241.00,509.00
 
-64.00,-239.00,502.00
 
-64.00,-240.00,502.00
 
-64.00,-239.00,504.00
 
-66.00,-239.00,504.00
 
-63.00,-240.00,504.00
 
-64.00,-245.00,506.00
 
-64.00,-239.00,503.00
 
-66.00,-244.00,505.00
 
-66.00,-244.00,505.00
 
-62.00,-243.00,505.00
 
-65.00,-241.00,504.00
 
-64.00,-241.00,510.00
 
-64.00,-242.00,502.00
 
-64.00,-242.00,502.00
 
-64.00,-242.00,502.00
 
-68.00,-243.00,505.00
 
-66.00,-239.00,504.00
 
-64.00,-243.00,510.00
 
-66.00,-242.00,507.00
 
-66.00,-242.00,507.00
 
-60.00,-244.00,502.00
 
-64.00,-242.00,505.00
 
-64.00,-239.00,503.00
 
-64.00,-242.00,509.00
 
-64.00,-242.00,509.00
 
-60.00,-244.00,504.00
 
-64.00,-240.00,502.00
 
-66.00,-242.00,505.00
 
-63.00,-240.00,502.00
 
-66.00,-241.00,509.00
 
-66.00,-241.00,509.00
 
-64.00,-241.00,502.00
 
-65.00,-241.00,503.00
 
-63.00,-238.00,504.00
 
-67.00,-241.00,502.00
 
-62.00,-242.00,510.00
 
-66.00,-240.00,503.00
 
-66.00,-240.00,503.00
 
-64.00,-243.00,504.00
 
-66.00,-243.00,503.00
 
-60.00,-238.00,505.00
 
-63.00,-239.00,503.00
 
-65.00,-243.00,503.00
 
-66.00,-241.00,502.00
 
-64.00,-241.00,504.00
 
-65.00,-241.00,505.00
 
-65.00,-241.00,505.00
 
-61.00,-241.00,504.00
 
-66.00,-240.00,501.00
 
-64.00,-239.00,509.00
 
-65.00,-240.00,502.00
 
-60.00,-241.00,505.00
 
-64.00,-241.00,502.00
 
-65.00,-241.00,505.00
 
-62.00,-241.00,505.00
 
-62.00,-241.00,505.00
 
-61.00,-242.00,503.00
 
-63.00,-242.00,503.00
 
-64.00,-241.00,504.00
 
-68.00,-242.00,504.00
 
-60.00,-240.00,509.00
 
-63.00,-240.00,504.00
 
-63.00,-239.00,507.00
 
-65.00,-239.00,501.00
 
-65.00,-239.00,501.00
 
-62.00,-240.00,504.00
 
-63.00,-240.00,511.00
 
-64.00,-243.00,504.00
 
-62.00,-239.00,504.00
 
-63.00,-241.00,503.00
 
-63.00,-241.00,503.00
 
-63.00,-239.00,503.00
 
-60.00,-243.00,509.00
 
-62.00,-243.00,501.00
 
-65.00,-243.00,504.00
 
-65.00,-243.00,504.00
 
-62.00,-243.00,503.00
 
-63.00,-241.00,505.00
 
-64.00,-240.00,508.00
 
-65.00,-242.00,505.00
 
-65.00,-242.00,505.00
 
-65.00,-242.00,505.00
 
-64.00,-240.00,504.00
 
-66.00,-241.00,504.00
 
-63.00,-241.00,505.00
 
-62.00,-245.00,505.00
 
-62.00,-245.00,505.00
 
-63.00,-240.00,499.00
 
-64.00,-240.00,502.00
 
-67.00,-242.00,505.00
 
-64.00,-240.00,506.00
 
-64.00,-240.00,506.00
 
-64.00,-245.00,505.00
 
-65.00,-241.00,504.00
 
-65.00,-238.00,504.00
 
-64.00,-240.00,501.00
 
-65.00,-240.00,506.00
 
-65.00,-240.00,506.00
 
-64.00,-241.00,503.00
 
-62.00,-240.00,503.00
 
-63.00,-243.00,504.00
 
-65.00,-243.00,503.00
 
-63.00,-239.00,508.00
 
-63.00,-241.00,505.00
 
-65.00,-241.00,507.00
 
-65.00,-241.00,507.00
 
-64.00,-243.00,500.00
 
-64.00,-243.00,504.00
 
-63.00,-241.00,505.00
 
-64.00,-244.00,505.00
 
-64.00,-239.00,505.00
 
-63.00,-242.00,504.00
 
-64.00,-240.00,502.00
 
-67.00,-241.00,506.00
 
-67.00,-241.00,506.00
 
-66.00,-242.00,498.00
 
-65.00,-240.00,503.00
 
-65.00,-241.00,504.00
 
-59.00,-241.00,506.00
 
-56.00,-237.00,504.00
 
-56.00,-240.00,506.00
 
-52.00,-239.00,508.00
 
-52.00,-239.00,508.00
 
-47.00,-237.00,508.00
 
-46.00,-235.00,508.00
 
-43.00,-238.00,507.00
 
-37.00,-232.00,508.00
 
-31.00,-232.00,511.00
 
-31.00,-230.00,511.00
 
-29.00,-232.00,511.00
 
-22.00,-232.00,510.00
 
-22.00,-232.00,510.00
 
-19.00,-232.00,512.00
 
-16.00,-228.00,515.00
 
-14.00,-228.00,510.00
 
-11.00,-229.00,513.00
 
-11.00,-229.00,513.00
 
-10.00,-226.00,515.00
 
-4.00,-228.00,515.00
 
4.00,-226.00,514.00
 
7.00,-225.00,515.00
 
13.00,-226.00,515.00
 
13.00,-226.00,515.00
 
20.00,-224.00,516.00
 
25.00,-219.00,515.00
 
31.00,-216.00,520.00
 
40.00,-218.00,515.00
 
40.00,-218.00,515.00
 
48.00,-215.00,514.00
 
58.00,-212.00,516.00
 
66.00,-211.00,519.00
 
81.00,-210.00,524.00
 
81.00,-210.00,512.00
 
91.00,-210.00,512.00
 
103.00,-205.00,518.00
 
111.00,-200.00,516.00
 
121.00,-201.00,515.00
 
132.00,-200.00,519.00
 
132.00,-200.00,519.00
 
143.00,-197.00,511.00
 
152.00,-195.00,511.00
 
162.00,-192.00,510.00
 
171.00,-187.00,509.00
 
171.00,-187.00,509.00
 
171.00,-187.00,509.00
 
186.00,-187.00,504.00
 
195.00,-185.00,502.00
 
204.00,-182.00,504.00
 
215.00,-180.00,500.00
 
215.00,-180.00,500.00
 
223.00,-175.00,503.00
 
231.00,-173.00,493.00
 
245.00,-171.00,492.00
 
256.00,-166.00,488.00
 
256.00,-166.00,488.00
 
269.00,-165.00,483.00
 
281.00,-162.00,486.00
 
293.00,-156.00,475.00
 
303.00,-154.00,471.00
 
311.00,-150.00,465.00
 
311.00,-150.00,465.00
 
322.00,-150.00,460.00
 
336.00,-144.00,460.00
 
345.00,-144.00,449.00
 
351.00,-143.00,441.00
 
351.00,-143.00,441.00
 
362.00,-143.00,433.00
 
369.00,-139.00,428.00
 
382.00,-139.00,425.00
 
386.00,-141.00,416.00
 
386.00,-141.00,408.00
 
392.00,-141.00,408.00
 
402.00,-136.00,408.00
 
407.00,-135.00,400.00
 
418.00,-134.00,400.00
 
422.00,-134.00,387.00
 
429.00,-131.00,380.00
 
433.00,-128.00,370.00
 
433.00,-128.00,370.00
 
443.00,-129.00,370.00
 
446.00,-125.00,365.00
 
450.00,-124.00,357.00
 
456.00,-121.00,352.00
 
456.00,-121.00,352.00
 
465.00,-120.00,340.00
 
468.00,-120.00,340.00
 
471.00,-120.00,342.00
 
470.00,-119.00,331.00
 
470.00,-119.00,331.00
 
470.00,-119.00,331.00
 
481.00,-116.00,319.00
 
485.00,-115.00,311.00
 
492.00,-114.00,314.00
 
492.00,-113.00,301.00
 
492.00,-113.00,301.00
 
497.00,-111.00,298.00
 
501.00,-110.00,293.00
 
504.00,-106.00,289.00
 
508.00,-105.00,292.00
 
509.00,-102.00,279.00
 
509.00,-102.00,279.00
 
514.00,-100.00,279.00
 
517.00,-99.00,274.00
 
520.00,-95.00,268.00
 
524.00,-96.00,272.00
 
524.00,-96.00,272.00
 
522.00,-95.00,263.00
 
520.00,-93.00,258.00
 
526.00,-93.00,256.00
 
525.00,-91.00,259.00
 
525.00,-88.00,261.00
 
530.00,-88.00,261.00
 
528.00,-90.00,257.00
 
525.00,-95.00,258.00
 
523.00,-91.00,261.00
 
524.00,-90.00,260.00
 
524.00,-90.00,260.00
 
525.00,-94.00,272.00
 
519.00,-98.00,266.00
 
518.00,-99.00,267.00
 
517.00,-102.00,272.00
 
517.00,-102.00,272.00
 
515.00,-99.00,280.00
 
511.00,-100.00,290.00
 
504.00,-105.00,288.00
 
505.00,-108.00,289.00
 
501.00,-106.00,293.00
 
501.00,-106.00,293.00
 
501.00,-111.00,298.00
 
493.00,-113.00,308.00
 
488.00,-116.00,312.00
 
482.00,-118.00,320.00
 
482.00,-118.00,320.00
 
474.00,-117.00,331.00
 
468.00,-119.00,343.00
 
457.00,-120.00,353.00
 
448.00,-123.00,360.00
 
441.00,-127.00,372.00
 
441.00,-127.00,372.00
 
428.00,-128.00,384.00
 
415.00,-133.00,392.00
 
403.00,-136.00,406.00
 
391.00,-140.00,416.00
 
391.00,-140.00,416.00
 
380.00,-143.00,422.00
 
366.00,-142.00,434.00
 
352.00,-143.00,441.00
 
340.00,-149.00,450.00
 
340.00,-154.00,450.00
 
328.00,-154.00,458.00
 
314.00,-155.00,463.00
 
300.00,-157.00,472.00
 
286.00,-164.00,475.00
 
271.00,-166.00,485.00
 
271.00,-166.00,485.00
 
256.00,-166.00,488.00
 
244.00,-167.00,496.00
 
234.00,-168.00,497.00
 
223.00,-172.00,499.00
 
223.00,-172.00,499.00
 
208.00,-173.00,506.00
 
199.00,-177.00,509.00
 
187.00,-180.00,512.00
 
173.00,-186.00,513.00
 
159.00,-186.00,512.00
 
159.00,-186.00,512.00
 
146.00,-187.00,515.00
 
133.00,-189.00,519.00
 
124.00,-190.00,526.00
 
110.00,-195.00,521.00
 
110.00,-195.00,521.00
 
95.00,-195.00,520.00
 
83.00,-201.00,520.00
 
71.00,-201.00,522.00
 
64.00,-201.00,525.00
 
50.00,-204.00,517.00
 
50.00,-204.00,517.00
 
40.00,-205.00,519.00
 
34.00,-206.00,520.00
 
26.00,-206.00,520.00
 
13.00,-209.00,522.00
 
13.00,-209.00,522.00
 
8.00,-213.00,516.00
 
0.00,-213.00,518.00
 
-4.00,-211.00,514.00
 
-13.00,-217.00,512.00
 
-16.00,-215.00,518.00
 
-30.00,-222.00,511.00
 
-30.00,-222.00,511.00
 
-35.00,-221.00,509.00
 
-42.00,-222.00,511.00
 
-49.00,-226.00,513.00
 
-52.00,-224.00,509.00
 
-62.00,-226.00,507.00
 
-62.00,-226.00,507.00
 
-64.00,-223.00,509.00
 
-69.00,-226.00,502.00
 
-76.00,-224.00,502.00
 
-79.00,-229.00,501.00
 
-84.00,-227.00,498.00
 
-84.00,-227.00,498.00
 
-84.00,-227.00,498.00
 
-93.00,-230.00,500.00
 
-94.00,-231.00,495.00
 
-95.00,-228.00,499.00
 
-101.00,-227.00,497.00
 
-101.00,-227.00,497.00
 
-99.00,-228.00,503.00
 
-97.00,-233.00,496.00
 
-99.00,-230.00,497.00
 
-99.00,-231.00,497.00
 
-99.00,-231.00,497.00
 
-99.00,-231.00,499.00
 
-96.00,-232.00,501.00
 
-95.00,-234.00,494.00
 
-96.00,-232.00,497.00
 
-98.00,-230.00,495.00
 
-98.00,-230.00,495.00
 
-96.00,-232.00,499.00
 
-98.00,-230.00,495.00
 
-94.00,-234.00,497.00
 
-96.00,-229.00,499.00
 
-96.00,-229.00,499.00
 
-95.00,-233.00,499.00
 
-97.00,-231.00,496.00
 
-96.00,-233.00,497.00
 
-96.00,-229.00,495.00
 
-93.00,-231.00,502.00
 
-93.00,-231.00,502.00
 
-96.00,-230.00,497.00
 
-97.00,-230.00,497.00
 
-97.00,-230.00,495.00
 
-98.00,-230.00,497.00
 
-96.00,-230.00,502.00
 
-93.00,-234.00,497.00
 
-93.00,-234.00,497.00
 
-97.00,-232.00,490.00
 
-92.00,-230.00,496.00
 
-97.00,-227.00,496.00
 
-96.00,-231.00,502.00
 
-98.00,-234.00,496.00
 
-97.00,-236.00,496.00
 
-97.00,-236.00,496.00
 
-97.00,-231.00,497.00
 
-99.00,-231.00,496.00
 
-97.00,-230.00,504.00
 
-98.00,-232.00,497.00
 
-96.00,-230.00,493.00
 
-96.00,-229.00,496.00
 
-97.00,-229.00,496.00
 
-97.00,-229.00,496.00
 
-92.00,-233.00,500.00
 
-97.00,-232.00,496.00
 
-95.00,-233.00,497.00
 
-98.00,-231.00,497.00
 
-94.00,-233.00,496.00
 
-98.00,-233.00,497.00
 
-96.00,-231.00,498.00
 
-96.00,-234.00,500.00
 
-96.00,-234.00,500.00
 
-96.00,-232.00,502.00
 
-94.00,-230.00,495.00
 
-97.00,-231.00,498.00
 
-96.00,-230.00,497.00
 
-95.00,-230.00,499.00
 
-96.00,-228.00,497.00
 
-96.00,-233.00,496.00
 
-96.00,-232.00,499.00
 
-93.00,-232.00,499.00
 
-95.00,-228.00,499.00
 
-95.00,-232.00,502.00
 
-95.00,-233.00,499.00
 
-96.00,-229.00,495.00
 
-97.00,-232.00,496.00
 
-97.00,-233.00,497.00
 
-97.00,-233.00,497.00
 
-93.00,-233.00,498.00
 
-97.00,-233.00,497.00
 
-96.00,-234.00,493.00
 
-95.00,-227.00,495.00
 
-95.00,-227.00,495.00
 
-95.00,-227.00,495.00
 
-94.00,-232.00,502.00
 
-98.00,-235.00,495.00
 
-99.00,-232.00,495.00
 
-103.00,-233.00,494.00
 
-103.00,-233.00,494.00
 
-102.00,-229.00,495.00
 
-113.00,-233.00,496.00
 
-116.00,-236.00,491.00
 
-121.00,-236.00,487.00
 
-121.00,-236.00,487.00
 
-131.00,-238.00,482.00
 
-143.00,-241.00,478.00
 
-154.00,-243.00,472.00
 
-168.00,-248.00,460.00
 
-177.00,-248.00,459.00
 
-177.00,-248.00,459.00
 
-193.00,-251.00,447.00
 
-206.00,-257.00,438.00
 
-220.00,-257.00,426.00
 
-236.00,-260.00,416.00
 
-236.00,-262.00,416.00
 
-243.00,-262.00,405.00
 
-261.00,-266.00,395.00
 
-272.00,-268.00,384.00
 
-283.00,-265.00,374.00
 
-293.00,-268.00,361.00
 
-297.00,-270.00,355.00
 
-297.00,-270.00,355.00
 
-305.00,-270.00,343.00
 
-316.00,-273.00,332.00
 
-320.00,-273.00,321.00
 
-326.00,-278.00,315.00
 
-330.00,-276.00,310.00
 
-336.00,-279.00,295.00
 
-340.00,-281.00,289.00
 
-341.00,-280.00,279.00
 
-341.00,-280.00,279.00
 
-349.00,-281.00,272.00
 
-354.00,-280.00,266.00
 
-358.00,-281.00,254.00
 
-359.00,-284.00,248.00
 
-365.00,-282.00,239.00
 
-365.00,-285.00,230.00
 
-366.00,-284.00,227.00
 
-366.00,-284.00,227.00
 
-373.00,-285.00,213.00
 
-370.00,-284.00,209.00
 
-378.00,-285.00,193.00
 
-377.00,-284.00,187.00
 
-377.00,-285.00,180.00
 
-379.00,-286.00,174.00
 
-381.00,-287.00,172.00
 
-381.00,-287.00,172.00
 
-379.00,-289.00,155.00
 
-383.00,-287.00,142.00
 
-383.00,-285.00,134.00
 
-383.00,-284.00,120.00
 
-382.00,-284.00,117.00
 
-385.00,-285.00,100.00
 
-387.00,-282.00,90.00
 
-387.00,-282.00,90.00
 
-387.00,-282.00,90.00
 
-384.00,-280.00,73.00
 
-382.00,-281.00,69.00
 
-381.00,-285.00,59.00
 
-376.00,-284.00,51.00
 
-376.00,-284.00,51.00
 
-377.00,-282.00,44.00
 
-378.00,-281.00,36.00
 
-378.00,-276.00,34.00
 
-374.00,-281.00,23.00
 
-374.00,-281.00,23.00
 
-373.00,-278.00,20.00
 
-378.00,-277.00,18.00
 
-371.00,-273.00,10.00
 
-369.00,-276.00,9.00
 
-368.00,-276.00,1.00
 
-368.00,-276.00,1.00
 
-367.00,-274.00,-1.00
 
-365.00,-275.00,-7.00
 
-368.00,-275.00,-9.00
 
-364.00,-276.00,-11.00
 
-364.00,-275.00,-17.00
 
-358.00,-273.00,-15.00
 
-358.00,-272.00,-22.00
 
-358.00,-272.00,-22.00
 
-357.00,-271.00,-25.00
 
-361.00,-273.00,-28.00
 
-355.00,-272.00,-30.00
 
-354.00,-272.00,-25.00
 
-359.00,-272.00,-35.00
 
-360.00,-274.00,-35.00
 
-357.00,-271.00,-38.00
 
-353.00,-271.00,-37.00
 
-353.00,-271.00,-37.00
 
-352.00,-271.00,-35.00
 
-351.00,-272.00,-43.00
 
-352.00,-270.00,-43.00
 
-355.00,-271.00,-43.00
 
-350.00,-270.00,-43.00
 
-350.00,-271.00,-40.00
 
-352.00,-271.00,-47.00
 
-349.00,-271.00,-45.00
 
-349.00,-271.00,-45.00
 
-349.00,-271.00,-45.00
 
-348.00,-274.00,-46.00
 
-349.00,-268.00,-49.00
 
-349.00,-269.00,-48.00
 
-346.00,-270.00,-46.00
 
-346.00,-269.00,-49.00
 
-349.00,-271.00,-48.00
 
-349.00,-270.00,-48.00
 
-349.00,-270.00,-48.00
 
-349.00,-270.00,-48.00
 
-348.00,-273.00,-36.00
 
-354.00,-270.00,-37.00
 
-355.00,-272.00,-38.00
 
-361.00,-272.00,-30.00
 
-360.00,-273.00,-24.00
 
-360.00,-275.00,-10.00
 
-369.00,-280.00,-2.00
 
-369.00,-278.00,-2.00
 
-368.00,-278.00,0.00
 
-369.00,-276.00,18.00
 
-378.00,-280.00,32.00
 
-379.00,-279.00,48.00
 
-383.00,-284.00,59.00
 
-383.00,-284.00,59.00
 
-383.00,-280.00,75.00
 
-384.00,-281.00,89.00
 
-387.00,-283.00,106.00
 
-386.00,-282.00,125.00
 
-385.00,-284.00,137.00
 
-385.00,-284.00,137.00
 
-380.00,-282.00,150.00
 
-385.00,-281.00,166.00
 
-378.00,-280.00,183.00
 
-375.00,-279.00,199.00
 
-375.00,-279.00,199.00
 
-372.00,-278.00,213.00
 
-367.00,-280.00,231.00
 
-367.00,-276.00,239.00
 
-358.00,-277.00,254.00
 
-358.00,-279.00,267.00
 
-355.00,-279.00,267.00
 
-347.00,-275.00,280.00
 
-340.00,-275.00,299.00
 
-335.00,-272.00,304.00
 
-329.00,-272.00,312.00
 
-329.00,-272.00,312.00
 
-320.00,-269.00,324.00
 
-315.00,-268.00,333.00
 
-306.00,-269.00,349.00
 
-301.00,-270.00,352.00
 
-294.00,-268.00,361.00
 
-294.00,-268.00,361.00
 
-284.00,-266.00,373.00
 
-276.00,-265.00,378.00
 
-269.00,-263.00,395.00
 
-266.00,-263.00,395.00
 
-259.00,-260.00,398.00
 
-249.00,-257.00,404.00
 
-248.00,-258.00,408.00
 
-248.00,-258.00,408.00
 
-248.00,-258.00,408.00
 
-235.00,-258.00,424.00
 
-225.00,-254.00,428.00
 
-219.00,-252.00,433.00
 
-211.00,-252.00,436.00
 
-205.00,-252.00,446.00
 
-203.00,-251.00,444.00
 
-197.00,-247.00,449.00
 
-197.00,-246.00,455.00
 
-189.00,-246.00,455.00
 
-181.00,-246.00,460.00
 
-176.00,-243.00,464.00
 
-170.00,-245.00,465.00
 
-163.00,-242.00,470.00
 
-160.00,-242.00,470.00
 
-153.00,-241.00,472.00
 
-148.00,-239.00,480.00
 
-148.00,-238.00,480.00
 
-144.00,-238.00,480.00
 
-129.00,-237.00,485.00
 
-124.00,-236.00,489.00
 
-122.00,-234.00,490.00
 
-112.00,-231.00,496.00
 
-110.00,-234.00,495.00
 
-105.00,-232.00,499.00
 
-112.00,-233.00,492.00
 
-113.00,-234.00,492.00
 
-113.00,-234.00,492.00
 
-110.00,-232.00,497.00
 
-107.00,-233.00,496.00
 
-106.00,-234.00,504.00
 
-108.00,-235.00,497.00
 
-104.00,-232.00,498.00
 
-105.00,-233.00,498.00
 
-105.00,-231.00,499.00
 
-105.00,-231.00,499.00
 
-100.00,-234.00,505.00
 
-103.00,-235.00,499.00
 
-99.00,-237.00,497.00
 
-101.00,-231.00,500.00
 
-101.00,-233.00,496.00
 
-101.00,-236.00,501.00
 
-99.00,-236.00,502.00
 
-99.00,-236.00,502.00
 
-95.00,-235.00,495.00
 
-98.00,-232.00,499.00
 
-98.00,-234.00,498.00
 
-95.00,-235.00,505.00
 
-95.00,-235.00,505.00
 
-95.00,-235.00,505.00
 
-93.00,-237.00,501.00
 
-98.00,-234.00,500.00
 
-98.00,-235.00,500.00
 
-98.00,-235.00,502.00
 
-98.00,-235.00,502.00
 
-96.00,-237.00,502.00
 
-94.00,-234.00,500.00
 
-96.00,-232.00,501.00
 
-93.00,-234.00,500.00
 
-97.00,-235.00,502.00
 
-93.00,-235.00,502.00
 
-93.00,-237.00,501.00
 
-93.00,-238.00,494.00
 
-94.00,-238.00,494.00
 
-93.00,-238.00,501.00
 
-96.00,-234.00,499.00
 
-98.00,-235.00,501.00
 
-97.00,-236.00,505.00
 
-99.00,-236.00,498.00
 
-100.00,-236.00,501.00
 
-99.00,-235.00,502.00
 
-99.00,-235.00,502.00
 
-99.00,-238.00,501.00
 
-96.00,-233.00,504.00
 
-98.00,-237.00,502.00
 
-97.00,-236.00,499.00
 
-95.00,-237.00,502.00
 
-96.00,-237.00,499.00
 
-93.00,-239.00,502.00
 
-96.00,-241.00,496.00
 
-96.00,-241.00,496.00
 
-92.00,-250.00,488.00
 
-95.00,-261.00,485.00
 
-95.00,-275.00,475.00
 
-97.00,-281.00,464.00
 
-95.00,-300.00,453.00
 
-96.00,-307.00,444.00
 
-94.00,-321.00,434.00
 
-94.00,-333.00,420.00
 
-94.00,-333.00,420.00
 
-91.00,-344.00,410.00
 
-91.00,-359.00,395.00
 
-84.00,-373.00,379.00
 
-88.00,-383.00,364.00
 
-84.00,-395.00,351.00
 
-80.00,-401.00,339.00
 
-85.00,-411.00,321.00
 
-84.00,-423.00,311.00
 
-84.00,-423.00,311.00
 
-78.00,-430.00,299.00
 
-81.00,-435.00,287.00
 
-74.00,-444.00,275.00
 
-73.00,-450.00,257.00
 
-77.00,-452.00,246.00
 
-72.00,-459.00,231.00
 
-68.00,-468.00,220.00
 
-64.00,-470.00,203.00
 
-64.00,-470.00,203.00
 
-66.00,-477.00,185.00
 
-63.00,-483.00,170.00
 
-66.00,-485.00,150.00
 
-63.00,-489.00,135.00
 
-64.00,-492.00,122.00
 
-63.00,-492.00,104.00
 
-62.00,-494.00,89.00
 
-60.00,-497.00,75.00
 
-60.00,-497.00,75.00
 
-60.00,-497.00,75.00
 
-59.00,-497.00,52.00
 
-61.00,-495.00,29.00
 
-61.00,-496.00,20.00
 
-64.00,-494.00,6.00
 
-66.00,-492.00,-3.00
 
-61.00,-492.00,-8.00
 
-64.00,-491.00,-24.00
 
-64.00,-491.00,-24.00
 
-64.00,-491.00,-24.00
 
-64.00,-486.00,-45.00
 
-65.00,-481.00,-55.00
 
-63.00,-480.00,-60.00
 
-67.00,-484.00,-70.00
 
-67.00,-477.00,-86.00
 
-67.00,-473.00,-90.00
 
-66.00,-474.00,-99.00
 
-66.00,-471.00,-99.00
 
-61.00,-471.00,-108.00
 
-63.00,-470.00,-116.00
 
-66.00,-462.00,-124.00
 
-66.00,-461.00,-134.00
 
-68.00,-458.00,-140.00
 
-63.00,-455.00,-142.00
 
-67.00,-454.00,-156.00
 
-66.00,-448.00,-160.00
 
-66.00,-446.00,-170.00
 
-70.00,-446.00,-170.00
 
-65.00,-446.00,-169.00
 
-70.00,-443.00,-172.00
 
-69.00,-444.00,-178.00
 
-69.00,-438.00,-177.00
 
-72.00,-435.00,-184.00
 
-72.00,-436.00,-188.00
 
-71.00,-434.00,-186.00
 
-71.00,-434.00,-188.00
 
-72.00,-434.00,-188.00
 
-73.00,-436.00,-191.00
 
-69.00,-435.00,-189.00
 
-71.00,-434.00,-185.00
 
-70.00,-437.00,-183.00
 
-73.00,-436.00,-181.00
 
-65.00,-440.00,-178.00
 
-70.00,-438.00,-178.00
 
-70.00,-438.00,-173.00
 
-70.00,-438.00,-173.00
 
-65.00,-445.00,-172.00
 
-67.00,-446.00,-163.00
 
-65.00,-451.00,-153.00
 
-61.00,-453.00,-160.00
 
-64.00,-451.00,-155.00
 
-60.00,-454.00,-148.00
 
-59.00,-454.00,-145.00
 
-54.00,-456.00,-132.00
 
-54.00,-456.00,-132.00
 
-57.00,-465.00,-137.00
 
-59.00,-463.00,-128.00
 
-51.00,-466.00,-115.00
 
-51.00,-468.00,-110.00
 
-54.00,-473.00,-97.00
 
-55.00,-476.00,-93.00
 
-53.00,-476.00,-83.00
 
-54.00,-478.00,-73.00
 
-54.00,-478.00,-73.00
 
-49.00,-483.00,-63.00
 
-51.00,-488.00,-48.00
 
-55.00,-487.00,-40.00
 
-52.00,-492.00,-29.00
 
-52.00,-492.00,-17.00
 
-48.00,-493.00,-2.00
 
-52.00,-494.00,13.00
 
-54.00,-494.00,25.00
 
-54.00,-494.00,25.00
 
-54.00,-499.00,42.00
 
-54.00,-493.00,62.00
 
-61.00,-497.00,81.00
 
-56.00,-494.00,108.00
 
-57.00,-490.00,118.00
 
-56.00,-490.00,131.00
 
-56.00,-489.00,143.00
 
-55.00,-489.00,143.00
 
-54.00,-483.00,158.00
 
-51.00,-481.00,178.00
 
-56.00,-478.00,186.00
 
-57.00,-475.00,194.00
 
-58.00,-472.00,206.00
 
-58.00,-472.00,206.00
 
-56.00,-466.00,219.00
 
-58.00,-463.00,236.00
 
-57.00,-460.00,241.00
 
-61.00,-452.00,252.00
 
-61.00,-450.00,266.00
 
-61.00,-450.00,266.00
 
-63.00,-449.00,272.00
 
-59.00,-441.00,288.00
 
-60.00,-436.00,292.00
 
-63.00,-432.00,299.00
 
-63.00,-432.00,299.00
 
-63.00,-427.00,302.00
 
-64.00,-421.00,316.00
 
-63.00,-418.00,327.00
 
-68.00,-413.00,332.00
 
-68.00,-410.00,332.00
 
-65.00,-410.00,339.00
 
-67.00,-402.00,346.00
 
-67.00,-399.00,348.00
 
-67.00,-391.00,361.00
 
-67.00,-393.00,365.00
 
-67.00,-393.00,365.00
 
-69.00,-382.00,372.00
 
-72.00,-376.00,379.00
 
-70.00,-372.00,388.00
 
-72.00,-365.00,401.00
 
-73.00,-363.00,400.00
 
-72.00,-356.00,405.00
 
-74.00,-348.00,410.00
 
-74.00,-348.00,410.00
 
-77.00,-345.00,414.00
 
-75.00,-339.00,422.00
 
-74.00,-337.00,421.00
 
-76.00,-330.00,429.00
 
-78.00,-325.00,435.00
 
-76.00,-323.00,438.00
 
-76.00,-317.00,446.00
 
-80.00,-311.00,449.00
 
-80.00,-311.00,449.00
 
-78.00,-307.00,452.00
 
-78.00,-303.00,457.00
 
-79.00,-298.00,460.00
 
-77.00,-293.00,466.00
 
-77.00,-296.00,466.00
 
-81.00,-285.00,471.00
 
-78.00,-279.00,475.00
 
-84.00,-272.00,478.00
 
-84.00,-272.00,478.00
 
-77.00,-271.00,491.00
 
-84.00,-270.00,487.00
 
-79.00,-263.00,488.00
 
-83.00,-261.00,492.00
 
-85.00,-259.00,492.00
 
-77.00,-257.00,501.00
 
-77.00,-257.00,501.00
 
-79.00,-254.00,497.00
 
-83.00,-249.00,498.00
 
-84.00,-246.00,502.00
 
-82.00,-242.00,503.00
 
-82.00,-240.00,511.00
 
-82.00,-240.00,511.00
 
-84.00,-240.00,504.00
 
-82.00,-242.00,504.00
 
-87.00,-242.00,505.00
 
-84.00,-240.00,504.00
 
-84.00,-244.00,508.00
 
-81.00,-244.00,508.00
 
-86.00,-243.00,504.00
 
-83.00,-242.00,503.00
 
-84.00,-241.00,505.00
 
-85.00,-238.00,507.00
 
-85.00,-238.00,507.00
 
-80.00,-238.00,507.00
 
-82.00,-245.00,504.00
 
-86.00,-242.00,506.00
 
-86.00,-241.00,507.00
 
-82.00,-241.00,502.00
 
-82.00,-241.00,502.00
 
-83.00,-241.00,509.00
 
-83.00,-245.00,504.00
 
-86.00,-242.00,506.00
 
-85.00,-243.00,506.00
 
-85.00,-243.00,506.00
 
-82.00,-240.00,504.00
 
-87.00,-242.00,507.00
 
-82.00,-243.00,505.00
 
-85.00,-241.00,505.00
 
-84.00,-242.00,505.00
 
-84.00,-242.00,505.00
 
-84.00,-242.00,505.00
 
-81.00,-240.00,510.00
 
-82.00,-245.00,507.00
 
-83.00,-243.00,503.00
 
-84.00,-242.00,505.00
 
-85.00,-238.00,503.00
 
-80.00,-241.00,510.00
 
-84.00,-247.00,506.00
 
-84.00,-245.00,506.00
 
-83.00,-245.00,508.00
 
-84.00,-243.00,500.00
 
-84.00,-242.00,506.00
 
-80.00,-240.00,512.00
 
-86.00,-245.00,505.00
 
-81.00,-238.00,507.00
 
-83.00,-240.00,503.00
 
-83.00,-243.00,506.00
 
-83.00,-242.00,507.00
 
-84.00,-242.00,507.00
 
-85.00,-244.00,503.00
 
-84.00,-240.00,504.00
 
-85.00,-241.00,502.00
 
-82.00,-244.00,503.00
 
-78.00,-238.00,508.00
 
-86.00,-241.00,504.00
 
-83.00,-242.00,505.00
 
-83.00,-242.00,501.00
 
-83.00,-242.00,501.00
 
-85.00,-239.00,506.00
 
-81.00,-239.00,509.00
 
-85.00,-237.00,506.00
 
-87.00,-230.00,512.00
 
-87.00,-224.00,515.00
 
-89.00,-215.00,514.00
 
-89.00,-215.00,514.00
 
-88.00,-198.00,527.00
 
-94.00,-190.00,531.00
 
-97.00,-177.00,534.00
 
-99.00,-167.00,543.00
 
-99.00,-167.00,543.00
 
-99.00,-167.00,543.00
 
-100.00,-151.00,549.00
 
-103.00,-142.00,551.00
 
-105.00,-132.00,553.00
 
-110.00,-122.00,560.00
 
-110.00,-122.00,560.00
 
-110.00,-112.00,564.00
 
-108.00,-102.00,563.00
 
-113.00,-94.00,567.00
 
-115.00,-82.00,568.00
 
-115.00,-82.00,568.00
 
-116.00,-75.00,572.00
 
-120.00,-68.00,571.00
 
-122.00,-58.00,574.00
 
-121.00,-50.00,576.00
 
-126.00,-39.00,577.00
 
-126.00,-39.00,577.00
 
-128.00,-40.00,579.00
 
-129.00,-45.00,575.00
 
-129.00,-44.00,577.00
 
-130.00,-40.00,579.00
 
-130.00,-40.00,579.00
 
-130.00,-38.00,575.00
 
-138.00,-39.00,576.00
 
-140.00,-41.00,576.00
 
-137.00,-35.00,573.00
 
-139.00,-31.00,575.00
 
-136.00,-33.00,575.00
 
-135.00,-28.00,579.00
 
-131.00,-21.00,577.00
 
-131.00,-21.00,577.00
 
-124.00,-19.00,579.00
 
-127.00,-15.00,578.00
 
-125.00,-16.00,582.00
 
-126.00,-10.00,581.00
 
-122.00,0.00,585.00
 
-122.00,6.00,586.00
 
-124.00,20.00,583.00
 
-124.00,20.00,583.00
 
-123.00,29.00,585.00
 
-119.00,41.00,584.00
 
-117.00,47.00,586.00
 
-116.00,59.00,588.00
 
-116.00,59.00,588.00
 
-116.00,66.00,580.00
 
-117.00,75.00,582.00
 
-118.00,89.00,584.00
 
-119.00,93.00,578.00
 
-119.00,100.00,578.00
 
-120.00,100.00,581.00
 
-128.00,112.00,576.00
 
-133.00,118.00,575.00
 
-137.00,131.00,576.00
 
-142.00,135.00,567.00
 
-142.00,135.00,567.00
 
-146.00,146.00,570.00
 
-153.00,156.00,561.00
 
-158.00,165.00,558.00
 
-166.00,173.00,556.00
 
-166.00,173.00,556.00
 
-173.00,182.00,550.00
 
-179.00,195.00,551.00
 
-189.00,205.00,539.00
 
-193.00,217.00,532.00
 
-199.00,230.00,524.00
 
-199.00,230.00,524.00
 
-204.00,243.00,521.00
 
-208.00,256.00,516.00
 
-211.00,268.00,505.00
 
-216.00,285.00,498.00
 
-216.00,285.00,498.00
 
-217.00,296.00,493.00
 
-220.00,308.00,485.00
 
-218.00,319.00,484.00
 
-221.00,328.00,472.00
 
-223.00,341.00,465.00
 
-223.00,341.00,465.00
 
-225.00,353.00,455.00
 
-233.00,363.00,445.00
 
-232.00,372.00,445.00
 
-233.00,375.00,429.00
 
-233.00,375.00,429.00
 
-236.00,384.00,422.00
 
-241.00,388.00,412.00
 
-246.00,397.00,408.00
 
-247.00,403.00,400.00
 
-247.00,403.00,400.00
 
-247.00,403.00,400.00
 
-258.00,417.00,376.00
 
-259.00,425.00,367.00
 
-266.00,430.00,360.00
 
-266.00,434.00,353.00
 
-266.00,434.00,353.00
 
-269.00,437.00,346.00
 
-271.00,445.00,336.00
 
-268.00,452.00,329.00
 
-272.00,459.00,320.00
 
-272.00,459.00,320.00
 
-272.00,464.00,315.00
 
-270.00,467.00,305.00
 
-266.00,474.00,298.00
 
-267.00,480.00,289.00
 
-265.00,489.00,279.00
 
-265.00,489.00,279.00
 
-263.00,493.00,270.00
 
-264.00,493.00,264.00
 
-259.00,499.00,259.00
 
-262.00,503.00,248.00
 
-262.00,503.00,248.00
 
-261.00,507.00,243.00
 
-260.00,510.00,234.00
 
-258.00,514.00,230.00
 
-258.00,516.00,232.00
 
-258.00,516.00,223.00
 
-261.00,516.00,223.00
 
-259.00,521.00,216.00
 
-261.00,521.00,215.00
 
-260.00,523.00,208.00
 
-257.00,526.00,213.00
 
-257.00,526.00,213.00
 
-262.00,522.00,205.00
 
-259.00,520.00,202.00
 
-261.00,524.00,200.00
 
-261.00,526.00,201.00
 
-261.00,526.00,201.00
 
-261.00,526.00,201.00
 
-263.00,523.00,201.00
 
-262.00,524.00,198.00
 
-259.00,527.00,198.00
 
-266.00,527.00,202.00
 
-266.00,527.00,202.00
 
-258.00,522.00,212.00
 
-263.00,519.00,203.00
 
-263.00,521.00,210.00
 
-262.00,523.00,211.00
 
-262.00,523.00,211.00
 
-263.00,517.00,220.00
 
-263.00,514.00,232.00
 
-262.00,512.00,231.00
 
-259.00,512.00,241.00
 
-256.00,510.00,248.00
 
-256.00,510.00,248.00
 
-258.00,507.00,251.00
 
-257.00,503.00,261.00
 
-259.00,496.00,260.00
 
-258.00,498.00,263.00
 
-258.00,498.00,263.00
 
-255.00,494.00,274.00
 
-255.00,488.00,285.00
 
-253.00,480.00,308.00
 
-255.00,467.00,317.00
 
-255.00,457.00,331.00
 
-253.00,457.00,331.00
 
-250.00,450.00,345.00
 
-246.00,444.00,360.00
 
-241.00,429.00,382.00
 
-233.00,411.00,392.00
 
-233.00,411.00,392.00
 
-224.00,398.00,415.00
 
-217.00,380.00,434.00
 
-209.00,367.00,451.00
 
-201.00,352.00,466.00
 
-201.00,352.00,466.00
 
-194.00,337.00,470.00
 
-189.00,323.00,481.00
 
-186.00,309.00,491.00
 
-185.00,296.00,501.00
 
-182.00,277.00,511.00
 
-182.00,277.00,511.00
 
-180.00,262.00,514.00
 
-181.00,247.00,517.00
 
-184.00,239.00,519.00
 
-187.00,225.00,523.00
 
-187.00,225.00,523.00
 
-185.00,216.00,528.00
 
-190.00,202.00,526.00
 
-187.00,183.00,534.00
 
-185.00,161.00,538.00
 
-179.00,142.00,542.00
 
-179.00,142.00,542.00
 
-177.00,123.00,550.00
 
-175.00,112.00,546.00
 
-172.00,91.00,547.00
 
-169.00,74.00,552.00
 
-169.00,74.00,552.00
 
-161.00,56.00,550.00
 
-152.00,33.00,560.00
 
-150.00,11.00,554.00
 
-146.00,-9.00,554.00
 
-144.00,-24.00,553.00
 
-144.00,-24.00,553.00
 
-140.00,-44.00,549.00
 
-141.00,-63.00,550.00
 
-142.00,-78.00,541.00
 
-141.00,-92.00,540.00
 
-141.00,-109.00,531.00
 
-141.00,-128.00,524.00
 
-137.00,-128.00,524.00
 
-138.00,-148.00,523.00
 
-134.00,-166.00,514.00
 
-132.00,-181.00,506.00
 
-125.00,-196.00,506.00
 
-125.00,-196.00,506.00
 
-119.00,-212.00,496.00
 
-112.00,-228.00,489.00
 
-107.00,-240.00,481.00
 
-98.00,-258.00,474.00
 
-95.00,-274.00,461.00
 
-95.00,-274.00,461.00
 
-87.00,-291.00,446.00
 
-88.00,-311.00,435.00
 
-91.00,-329.00,415.00
 
-91.00,-347.00,398.00
 
-91.00,-347.00,398.00
 
-86.00,-363.00,387.00
 
-86.00,-370.00,374.00
 
-86.00,-379.00,367.00
 
-84.00,-385.00,359.00
 
-83.00,-393.00,351.00
 
-83.00,-393.00,351.00
 
-80.00,-404.00,339.00
 
-77.00,-415.00,325.00
 
-73.00,-418.00,315.00
 
-70.00,-426.00,300.00
 
-70.00,-426.00,300.00
 
-68.00,-433.00,287.00
 
-61.00,-438.00,284.00
 
-56.00,-442.00,280.00
 
-53.00,-444.00,279.00
 
-49.00,-448.00,268.00
 
-49.00,-448.00,268.00
 
-45.00,-453.00,260.00
 
-41.00,-459.00,252.00
 
-35.00,-458.00,241.00
 
-25.00,-468.00,236.00
 
-26.00,-470.00,220.00
 
-23.00,-472.00,211.00
 
-23.00,-475.00,206.00
 
-23.00,-480.00,196.00
 
-16.00,-480.00,196.00
 
-15.00,-482.00,188.00
 
-15.00,-482.00,181.00
 
-13.00,-487.00,175.00
 
-15.00,-486.00,170.00
 
-16.00,-491.00,157.00
 
-14.00,-488.00,148.00
 
-15.00,-493.00,142.00
 
-15.00,-494.00,136.00
 
-11.00,-494.00,136.00
 
-15.00,-495.00,125.00
 
-16.00,-493.00,121.00
 
-20.00,-495.00,111.00
 
-18.00,-496.00,103.00
 
-24.00,-498.00,91.00
 
-22.00,-497.00,83.00
 
-24.00,-494.00,74.00
 
-26.00,-498.00,65.00
 
-26.00,-498.00,65.00
 
-34.00,-498.00,53.00
 
-40.00,-495.00,39.00
 
-40.00,-492.00,28.00
 
-49.00,-492.00,12.00
 
-50.00,-490.00,4.00
 
-50.00,-490.00,4.00
 
-59.00,-488.00,-9.00
 
-67.00,-486.00,-22.00
 
-69.00,-481.00,-30.00
 
-74.00,-479.00,-42.00
 
-73.00,-477.00,-48.00
 
-70.00,-476.00,-64.00
 
-78.00,-471.00,-75.00
 
-78.00,-471.00,-75.00
 
-78.00,-471.00,-75.00
 
-80.00,-462.00,-95.00
 
-85.00,-450.00,-107.00
 
-94.00,-444.00,-125.00
 
-98.00,-439.00,-139.00
 
-99.00,-431.00,-153.00
 
-92.00,-424.00,-169.00
 
-87.00,-411.00,-189.00
 
-87.00,-404.00,-213.00
 
-84.00,-404.00,-213.00
 
-76.00,-393.00,-225.00
 
-72.00,-379.00,-240.00
 
-70.00,-374.00,-250.00
 
-67.00,-365.00,-262.00
 
-70.00,-351.00,-274.00
 
-73.00,-345.00,-284.00
 
-80.00,-330.00,-291.00
 
-83.00,-317.00,-306.00
 
-83.00,-317.00,-306.00
 
-87.00,-307.00,-314.00
 
-90.00,-288.00,-326.00
 
-94.00,-276.00,-336.00
 
-99.00,-261.00,-339.00
 
-105.00,-244.00,-357.00
 
-111.00,-220.00,-365.00
 
-116.00,-198.00,-375.00
 
-121.00,-173.00,-381.00
 
-121.00,-173.00,-381.00
 
-126.00,-155.00,-391.00
 
-139.00,-129.00,-396.00
 
-150.00,-101.00,-403.00
 
-164.00,-77.00,-405.00
 
-173.00,-51.00,-409.00
 
-183.00,-27.00,-410.00
 
-189.00,-5.00,-409.00
 
-195.00,10.00,-409.00
 
-195.00,10.00,-409.00
 
-198.00,27.00,-404.00
 
-204.00,41.00,-406.00
 
-206.00,55.00,-405.00
 
-207.00,61.00,-405.00
 
-210.00,75.00,-404.00
 
-208.00,83.00,-399.00
 
-213.00,101.00,-403.00
 
-215.00,124.00,-397.00
 
-215.00,124.00,-397.00
 
-218.00,145.00,-392.00
 
-219.00,166.00,-383.00
 
-222.00,192.00,-373.00
 
-226.00,213.00,-372.00
 
-226.00,233.00,-366.00
 
-223.00,252.00,-354.00
 
-219.00,263.00,-349.00
 
-219.00,263.00,-349.00
 
-220.00,278.00,-344.00
 
-219.00,293.00,-340.00
 
-216.00,298.00,-335.00
 
-212.00,306.00,-328.00
 
-212.00,306.00,-328.00
 
-212.00,306.00,-328.00
 
-210.00,314.00,-330.00
 
-210.00,317.00,-327.00
 
-208.00,321.00,-322.00
 
-204.00,326.00,-319.00
 
-204.00,326.00,-319.00
 
-207.00,321.00,-323.00
 
-204.00,321.00,-327.00
 
-202.00,318.00,-330.00
 
-201.00,306.00,-338.00
 
-191.00,290.00,-339.00
 
-191.00,290.00,-339.00
 
-193.00,272.00,-360.00
 
-181.00,259.00,-368.00
 
-173.00,237.00,-378.00
 
-170.00,218.00,-388.00
 
-170.00,202.00,-390.00
 
-160.00,202.00,-390.00
 
-165.00,185.00,-398.00
 
-166.00,165.00,-402.00
 
-169.00,133.00,-407.00
 
-163.00,100.00,-413.00
 
-163.00,100.00,-413.00
 
-144.00,60.00,-413.00
 
-137.00,17.00,-422.00
 
-130.00,-27.00,-418.00
 
-132.00,-68.00,-411.00
 
-134.00,-105.00,-402.00
 
-130.00,-136.00,-393.00
 
-130.00,-136.00,-393.00
 
-128.00,-154.00,-389.00
 
-128.00,-175.00,-378.00
 
-122.00,-190.00,-367.00
 
-127.00,-212.00,-361.00
 
-128.00,-233.00,-349.00
 
-126.00,-252.00,-335.00
 
-122.00,-274.00,-321.00
 
-110.00,-295.00,-302.00
 
-110.00,-295.00,-302.00
 
-93.00,-318.00,-294.00
 
-72.00,-339.00,-282.00
 
-66.00,-355.00,-260.00
 
-64.00,-372.00,-246.00
 
-65.00,-382.00,-235.00
 
-63.00,-392.00,-223.00
 
-61.00,-399.00,-205.00
 
-62.00,-410.00,-194.00
 
-62.00,-410.00,-194.00
 
-58.00,-420.00,-181.00
 
-59.00,-433.00,-157.00
 
-61.00,-441.00,-137.00
 
-59.00,-457.00,-110.00
 
-60.00,-464.00,-84.00
 
-59.00,-478.00,-53.00
 
-63.00,-482.00,-26.00
 
-61.00,-484.00,2.00
 
-61.00,-484.00,2.00
 
-57.00,-490.00,27.00
 
-61.00,-490.00,53.00
 
-64.00,-492.00,78.00
 
-70.00,-491.00,103.00
 
-74.00,-488.00,122.00
 
-74.00,-488.00,122.00
 
-73.00,-490.00,148.00
 
-79.00,-484.00,156.00
 
-78.00,-483.00,166.00
 
-81.00,-478.00,178.00
 
-81.00,-478.00,178.00
 
-81.00,-476.00,189.00
 
-84.00,-470.00,205.00
 
-86.00,-469.00,217.00
 
-84.00,-461.00,229.00
 
-85.00,-460.00,240.00
 
-85.00,-460.00,240.00
 
-83.00,-453.00,247.00
 
-79.00,-451.00,261.00
 
-78.00,-449.00,268.00
 
-77.00,-445.00,275.00
 
-77.00,-445.00,275.00
 
-71.00,-441.00,283.00
 
-72.00,-432.00,297.00
 
-70.00,-425.00,316.00
 
-72.00,-414.00,330.00
 
-73.00,-404.00,348.00
 
-73.00,-404.00,348.00
 
-74.00,-389.00,362.00
 
-73.00,-384.00,372.00
 
-74.00,-376.00,381.00
 
-78.00,-374.00,382.00
 
-78.00,-374.00,382.00
 
-76.00,-365.00,386.00
 
-78.00,-366.00,390.00
 
-76.00,-363.00,390.00
 
-77.00,-362.00,395.00
 
-78.00,-359.00,398.00
 
-82.00,-350.00,404.00
 
-91.00,-339.00,412.00
 
-91.00,-339.00,412.00
 
-95.00,-322.00,425.00
 
-103.00,-305.00,439.00
 
-119.00,-285.00,447.00
 
-125.00,-267.00,459.00
 
-141.00,-245.00,467.00
 
-153.00,-225.00,476.00
 
-161.00,-208.00,484.00
 
-168.00,-193.00,485.00
 
-168.00,-193.00,485.00
 
-168.00,-193.00,485.00
 
-176.00,-182.00,489.00
 
-178.00,-177.00,485.00
 
-181.00,-182.00,483.00
 
-183.00,-185.00,485.00
 
-181.00,-188.00,484.00
 
-182.00,-184.00,486.00
 
-183.00,-180.00,490.00
 
-183.00,-180.00,490.00
 
-183.00,-180.00,490.00
 
-181.00,-158.00,498.00
 
-187.00,-147.00,497.00
 
-192.00,-134.00,505.00
 
-196.00,-122.00,506.00
 
-197.00,-114.00,505.00
 
-196.00,-108.00,507.00
 
-197.00,-100.00,510.00
 
-197.00,-93.00,510.00
 
-193.00,-93.00,512.00
 
-194.00,-81.00,519.00
 
-192.00,-61.00,524.00
 
-194.00,-35.00,529.00
 
-192.00,-11.00,532.00
 
-193.00,13.00,536.00
 
-192.00,32.00,537.00
 
-192.00,32.00,537.00
 
-192.00,55.00,539.00
 
-194.00,71.00,535.00
 
-197.00,83.00,535.00
 
-201.00,93.00,535.00
 
-200.00,102.00,532.00
 
-200.00,102.00,532.00
 
-200.00,116.00,532.00
 
-194.00,126.00,531.00
 
-191.00,140.00,531.00
 
-194.00,155.00,530.00
 
-194.00,155.00,530.00
 
-193.00,169.00,523.00
 
-195.00,195.00,520.00
 
-203.00,215.00,514.00
 
-201.00,237.00,504.00
 
-210.00,257.00,496.00
 
-210.00,257.00,496.00
 
-209.00,275.00,487.00
 
-215.00,279.00,485.00
 
-226.00,293.00,472.00
 
-233.00,304.00,460.00
 
-233.00,304.00,460.00
 
-242.00,314.00,453.00
 
-245.00,328.00,441.00
 
-250.00,338.00,439.00
 
-253.00,352.00,420.00
 
-253.00,352.00,420.00
 
-253.00,352.00,420.00
 
-260.00,376.00,397.00
 
-263.00,390.00,383.00
 
-263.00,404.00,377.00
 
-265.00,420.00,354.00
 
-265.00,420.00,354.00
 
-263.00,429.00,337.00
 
-265.00,445.00,322.00
 
-266.00,452.00,306.00
 
-266.00,463.00,298.00
 
-266.00,463.00,298.00
 
-269.00,470.00,277.00
 
-269.00,478.00,259.00
 
-266.00,488.00,244.00
 
-264.00,498.00,225.00
 
-264.00,503.00,214.00
 
-264.00,503.00,214.00
 
-261.00,507.00,194.00
 
-264.00,511.00,180.00
 
-261.00,516.00,169.00
 
-258.00,523.00,157.00
 
-258.00,523.00,157.00
 
-253.00,523.00,140.00
 
-253.00,529.00,125.00
 
-250.00,529.00,107.00
 
-246.00,533.00,92.00
 
-246.00,531.00,70.00
 
-246.00,531.00,70.00
 
-243.00,535.00,61.00
 
-248.00,531.00,44.00
 
-242.00,534.00,32.00
 
-235.00,534.00,21.00
 
-235.00,534.00,21.00
 
-225.00,535.00,4.00
 
-223.00,534.00,-7.00
 
-220.00,536.00,-14.00
 
-217.00,535.00,-16.00
 
-217.00,535.00,-16.00
 
-217.00,535.00,-16.00
 
-214.00,533.00,-25.00
 
-210.00,535.00,-27.00
 
-210.00,536.00,-35.00
 
-207.00,537.00,-39.00
 
-207.00,537.00,-39.00
 
-203.00,535.00,-41.00
 
-206.00,534.00,-47.00
 
-209.00,535.00,-45.00
 
-207.00,537.00,-44.00
 
-208.00,538.00,-39.00
 
-208.00,538.00,-39.00
 
-211.00,537.00,-35.00
 
-210.00,535.00,-37.00
 
-212.00,536.00,-37.00
 
-214.00,535.00,-35.00
 
-214.00,535.00,-35.00
 
-215.00,534.00,-30.00
 
-218.00,537.00,-12.00
 
-218.00,535.00,-9.00
 
-221.00,540.00,2.00
 
-221.00,540.00,16.00
 
-225.00,540.00,16.00
 
-228.00,542.00,34.00
 
-230.00,541.00,58.00
 
-235.00,539.00,69.00
 
-234.00,541.00,85.00
 
-234.00,541.00,85.00
 
-235.00,541.00,105.00
 
-236.00,537.00,121.00
 
-234.00,534.00,149.00
 
-237.00,530.00,162.00
 
-237.00,530.00,162.00
 
-237.00,530.00,162.00
 
-238.00,519.00,205.00
 
-241.00,512.00,226.00
 
-236.00,504.00,248.00
 
-237.00,492.00,264.00
 
-237.00,492.00,264.00
 
-232.00,487.00,279.00
 
-239.00,470.00,297.00
 
-242.00,462.00,307.00
 
-248.00,451.00,322.00
 
-248.00,451.00,322.00
 
-259.00,439.00,327.00
 
-268.00,431.00,329.00
 
-274.00,419.00,333.00
 
-282.00,410.00,337.00
 
-288.00,403.00,346.00
 
-288.00,403.00,346.00
 
-297.00,390.00,346.00
 
-300.00,378.00,346.00
 
-312.00,374.00,350.00
 
-322.00,365.00,347.00
 
-322.00,365.00,347.00
 
-329.00,357.00,347.00
 
-339.00,345.00,346.00
 
-345.00,337.00,345.00
 
-354.00,324.00,346.00
 
-354.00,317.00,345.00
 
-364.00,317.00,345.00
 
-369.00,311.00,341.00
 
-380.00,299.00,334.00
 
-388.00,296.00,326.00
 
-399.00,289.00,319.00
 
-399.00,289.00,319.00
 
-403.00,286.00,310.00
 
-410.00,284.00,307.00
 
-417.00,277.00,298.00
 
-421.00,274.00,293.00
 
-421.00,274.00,293.00
 
-421.00,274.00,293.00
 
-431.00,266.00,279.00
 
-436.00,261.00,279.00
 
-439.00,257.00,271.00
 
-445.00,262.00,262.00
 
-445.00,262.00,262.00
 
-445.00,265.00,254.00
 
-446.00,272.00,247.00
 
-448.00,273.00,242.00
 
-450.00,269.00,231.00
 
-450.00,269.00,231.00
 
-452.00,274.00,225.00
 
-458.00,275.00,214.00
 
-456.00,279.00,204.00
 
-457.00,282.00,200.00
 
-456.00,282.00,189.00
 
-456.00,282.00,189.00
 
-460.00,284.00,185.00
 
-460.00,284.00,180.00
 
-459.00,288.00,173.00
 
-456.00,294.00,165.00
 
-456.00,294.00,165.00
 
-461.00,293.00,154.00
 
-455.00,305.00,144.00
 
-456.00,311.00,136.00
 
-450.00,317.00,128.00
 
-450.00,316.00,116.00
 
-450.00,316.00,116.00
 
-447.00,325.00,108.00
 
-447.00,331.00,99.00
 
-445.00,331.00,93.00
 
-448.00,333.00,85.00
 
-448.00,333.00,85.00
 
-444.00,330.00,84.00
 
-449.00,325.00,80.00
 
-454.00,321.00,76.00
 
-457.00,313.00,67.00
 
-457.00,313.00,67.00
 
-459.00,309.00,57.00
 
-462.00,303.00,52.00
 
-467.00,298.00,47.00
 
-463.00,297.00,47.00
 
-466.00,294.00,42.00
 
-466.00,294.00,42.00
 
-457.00,299.00,38.00
 
-460.00,302.00,36.00
 
-455.00,299.00,34.00
 
-451.00,310.00,30.00
 
-451.00,310.00,30.00
 
-452.00,315.00,23.00
 
-445.00,322.00,22.00
 
-435.00,327.00,15.00
 
-438.00,330.00,5.00
 
-428.00,338.00,0.00
 
-428.00,338.00,0.00
 
-423.00,345.00,-18.00
 
-416.00,349.00,-23.00
 
-411.00,354.00,-23.00
 
-406.00,354.00,-25.00
 
-406.00,354.00,-25.00
 
-404.00,358.00,-30.00
 
-409.00,353.00,-32.00
 
-413.00,349.00,-38.00
 
-414.00,345.00,-36.00
 
-414.00,342.00,-36.00
 
-409.00,342.00,-46.00
 
-410.00,344.00,-31.00
 
-412.00,345.00,-39.00
 
-408.00,345.00,-43.00
 
-409.00,344.00,-45.00
 
-409.00,344.00,-45.00
 
-406.00,350.00,-44.00
 
-402.00,351.00,-41.00
 
-400.00,347.00,-49.00
 
-398.00,347.00,-53.00
 
-398.00,347.00,-53.00
 
-394.00,351.00,-60.00
 
-393.00,348.00,-71.00
 
-387.00,350.00,-77.00
 
-380.00,353.00,-94.00
 
-370.00,352.00,-107.00
 
-370.00,352.00,-107.00
 
-357.00,353.00,-129.00
 
-347.00,353.00,-148.00
 
-338.00,345.00,-161.00
 
-331.00,341.00,-173.00
 
-331.00,341.00,-173.00
 
-333.00,346.00,-174.00
 
-325.00,349.00,-172.00
 
-321.00,358.00,-179.00
 
-312.00,364.00,-174.00
 
-299.00,364.00,-189.00
 
-299.00,364.00,-189.00
 
-299.00,364.00,-189.00
 
-274.00,371.00,-208.00
 
-263.00,375.00,-216.00
 
-251.00,374.00,-221.00
 
-250.00,377.00,-226.00
 
-238.00,386.00,-228.00
 
-233.00,396.00,-224.00
 
-226.00,404.00,-217.00
 
-226.00,404.00,-217.00
 
-226.00,404.00,-217.00
 
-208.00,419.00,-216.00
 
-200.00,423.00,-220.00
 
-190.00,429.00,-223.00
 
-182.00,428.00,-230.00
 
-164.00,424.00,-232.00
 
-157.00,426.00,-237.00
 
-143.00,428.00,-244.00
 
-143.00,429.00,-244.00
 
-140.00,429.00,-243.00
 
-134.00,437.00,-236.00
 
-129.00,447.00,-228.00
 
-129.00,450.00,-231.00
 
-126.00,455.00,-227.00
 
-122.00,455.00,-222.00
 
-119.00,455.00,-222.00
 
-119.00,456.00,-223.00
 
-119.00,459.00,-225.00
 
-115.00,459.00,-225.00
 
-111.00,462.00,-222.00
 
-109.00,468.00,-219.00
 
-109.00,469.00,-219.00
 
-107.00,466.00,-216.00
 
-105.00,466.00,-220.00
 
-105.00,468.00,-219.00
 
-105.00,468.00,-219.00
 
-102.00,471.00,-216.00
 
-103.00,474.00,-217.00
 
-103.00,474.00,-217.00
 
-98.00,474.00,-214.00
 
-98.00,474.00,-214.00
 
-95.00,475.00,-211.00
 
-93.00,478.00,-212.00
 
-85.00,479.00,-212.00
 
-79.00,479.00,-216.00
 
-75.00,475.00,-220.00
 
-75.00,475.00,-220.00
 
-63.00,476.00,-222.00
 
-56.00,466.00,-230.00
 
-56.00,464.00,-236.00
 
-51.00,461.00,-242.00
 
-51.00,461.00,-242.00
 
-45.00,457.00,-244.00
 
-40.00,457.00,-239.00
 
-42.00,458.00,-241.00
 
-49.00,465.00,-237.00
 
-54.00,473.00,-227.00
 
-54.00,473.00,-227.00
 
-56.00,479.00,-220.00
 
-57.00,481.00,-206.00
 
-50.00,486.00,-212.00
 
-46.00,491.00,-208.00
 
-46.00,491.00,-208.00
 
-39.00,493.00,-215.00
 
-29.00,488.00,-216.00
 
-17.00,485.00,-211.00
 
-10.00,477.00,-223.00
 
4.00,474.00,-229.00
 
4.00,474.00,-229.00
 
14.00,473.00,-229.00
 
23.00,474.00,-231.00
 
34.00,472.00,-228.00
 
46.00,470.00,-227.00
 
46.00,470.00,-227.00
 
55.00,475.00,-228.00
 
63.00,474.00,-222.00
 
69.00,481.00,-215.00
 
78.00,484.00,-204.00
 
92.00,486.00,-201.00
 
92.00,486.00,-201.00
 
101.00,495.00,-194.00
 
110.00,488.00,-193.00
 
122.00,495.00,-186.00
 
131.00,494.00,-175.00
 
138.00,490.00,-180.00
 
138.00,490.00,-180.00
 
147.00,494.00,-176.00
 
156.00,492.00,-170.00
 
166.00,496.00,-164.00
 
173.00,496.00,-149.00
 
173.00,496.00,-149.00
 
186.00,498.00,-142.00
 
195.00,502.00,-129.00
 
205.00,508.00,-111.00
 
215.00,514.00,-95.00
 
215.00,514.00,-95.00
 
215.00,514.00,-95.00
 
228.00,521.00,-63.00
 
228.00,525.00,-47.00
 
234.00,529.00,-35.00
 
235.00,529.00,-25.00
 
235.00,529.00,-25.00
 
240.00,532.00,-11.00
 
234.00,533.00,-12.00
 
235.00,537.00,-3.00
 
226.00,536.00,-4.00
 
226.00,536.00,-4.00
 
232.00,537.00,-1.00
 
228.00,537.00,1.00
 
226.00,538.00,-6.00
 
224.00,537.00,-12.00
 
227.00,538.00,-13.00
 
227.00,538.00,-13.00
 
225.00,537.00,-21.00
 
228.00,533.00,-22.00
 
224.00,526.00,-37.00
 
218.00,531.00,-49.00
 
218.00,531.00,-49.00
 
210.00,530.00,-68.00
 
200.00,529.00,-76.00
 
188.00,528.00,-87.00
 
181.00,525.00,-105.00
 
181.00,522.00,-118.00
 
164.00,522.00,-118.00
 
154.00,522.00,-133.00
 
139.00,524.00,-137.00
 
130.00,523.00,-135.00
 
113.00,517.00,-144.00
 
113.00,517.00,-144.00
 
113.00,517.00,-144.00
 
99.00,519.00,-158.00
 
92.00,516.00,-162.00
 
91.00,515.00,-160.00
 
83.00,514.00,-167.00
 
83.00,514.00,-167.00
 
72.00,514.00,-167.00
 
58.00,516.00,-170.00
 
44.00,517.00,-173.00
 
30.00,514.00,-169.00
 
30.00,514.00,-169.00
 
11.00,512.00,-179.00
 
-5.00,510.00,-182.00
 
-14.00,510.00,-183.00
 
-20.00,512.00,-186.00
 
-25.00,506.00,-180.00
 
-29.00,500.00,-191.00
 
-36.00,502.00,-184.00
 
-36.00,502.00,-184.00
 
-46.00,504.00,-193.00
 
-56.00,499.00,-187.00
 
-66.00,499.00,-181.00
 
-81.00,500.00,-184.00
 
-87.00,500.00,-182.00
 
-97.00,499.00,-177.00
 
-107.00,496.00,-178.00
 
-107.00,496.00,-178.00
 
-114.00,495.00,-181.00
 
-126.00,492.00,-176.00
 
-139.00,493.00,-176.00
 
-147.00,485.00,-171.00
 
-160.00,487.00,-169.00
 
-169.00,482.00,-166.00
 
-183.00,482.00,-165.00
 
-192.00,478.00,-159.00
 
-192.00,478.00,-159.00
 
-200.00,474.00,-156.00
 
-207.00,471.00,-153.00
 
-217.00,469.00,-147.00
 
-226.00,464.00,-150.00
 
-233.00,467.00,-143.00
 
-236.00,468.00,-134.00
 
-241.00,466.00,-128.00
 
-246.00,469.00,-119.00
 
-246.00,469.00,-119.00
 
-246.00,469.00,-119.00
 
-258.00,463.00,-114.00
 
-265.00,465.00,-112.00
 
-270.00,461.00,-111.00
 
-273.00,455.00,-110.00
 
-282.00,452.00,-112.00
 
-288.00,453.00,-110.00
 
-286.00,450.00,-112.00
 
-286.00,450.00,-112.00
 
-293.00,447.00,-108.00
 
-293.00,445.00,-103.00
 
-299.00,447.00,-105.00
 
-301.00,447.00,-100.00
 
-304.00,446.00,-97.00
 
-304.00,446.00,-97.00
 
-302.00,442.00,-91.00
 
-307.00,446.00,-90.00
 
-306.00,443.00,-90.00
 
-312.00,441.00,-88.00
 
-313.00,439.00,-85.00
 
-313.00,439.00,-85.00
 
-314.00,437.00,-82.00
 
-320.00,435.00,-78.00
 
-320.00,435.00,-77.00
 
-324.00,439.00,-71.00
 
-325.00,435.00,-65.00
 
-325.00,435.00,-65.00
 
-327.00,439.00,-63.00
 
-323.00,436.00,-55.00
 
-329.00,435.00,-61.00
 
-327.00,434.00,-65.00
 
-329.00,434.00,-66.00
 
-327.00,429.00,-72.00
 
-325.00,431.00,-70.00
 
-324.00,436.00,-75.00
 
-324.00,436.00,-75.00
 
-324.00,436.00,-75.00
 
-323.00,435.00,-70.00
 
-328.00,437.00,-68.00
 
-327.00,438.00,-56.00
 
-333.00,432.00,-66.00
 
-336.00,427.00,-69.00
 
-340.00,426.00,-76.00
 
-344.00,416.00,-81.00
 
-344.00,416.00,-81.00
 
-344.00,416.00,-81.00
 
-351.00,409.00,-82.00
 
-356.00,408.00,-72.00
 
-368.00,403.00,-65.00
 
-373.00,400.00,-51.00
 
-382.00,393.00,-41.00
 
-395.00,381.00,-37.00
 
-407.00,371.00,-27.00
 
-407.00,371.00,-27.00
 
-407.00,371.00,-27.00
 
-425.00,351.00,-13.00
 
-430.00,345.00,-10.00
 
-432.00,343.00,-1.00
 
-431.00,344.00,9.00
 
-428.00,346.00,12.00
 
-429.00,353.00,13.00
 
-429.00,353.00,13.00
 
-426.00,356.00,8.00
 
-427.00,361.00,18.00
 
-423.00,364.00,32.00
 
-422.00,363.00,36.00
 
-422.00,363.00,36.00
 
-419.00,370.00,48.00
 
-415.00,375.00,57.00
 
-412.00,377.00,65.00
 
-413.00,377.00,73.00
 
-414.00,377.00,74.00
 
-414.00,377.00,74.00
 
-414.00,378.00,78.00
 
-415.00,374.00,86.00
 
-414.00,373.00,88.00
 
-415.00,371.00,96.00
 
-415.00,371.00,96.00
 
-414.00,371.00,94.00
 
-415.00,376.00,100.00
 
-416.00,374.00,102.00
 
-416.00,372.00,109.00
 
-416.00,371.00,116.00
 
-416.00,371.00,116.00
 
-414.00,369.00,126.00
 
-412.00,369.00,142.00
 
-412.00,366.00,144.00
 
-411.00,373.00,141.00
 
-411.00,373.00,141.00
 
-412.00,373.00,143.00
 
-410.00,375.00,145.00
 
-408.00,374.00,149.00
 
-412.00,376.00,137.00
 
-412.00,376.00,137.00
 
-412.00,376.00,137.00
 
-412.00,374.00,135.00
 
-416.00,371.00,136.00
 
-418.00,365.00,142.00
 
-424.00,361.00,137.00
 
-424.00,361.00,137.00
 
-428.00,358.00,139.00
 
-432.00,355.00,139.00
 
-437.00,345.00,145.00
 
-441.00,334.00,151.00
 
-441.00,334.00,151.00
 
-448.00,325.00,151.00
 
-455.00,315.00,156.00
 
-460.00,309.00,160.00
 
-463.00,295.00,165.00
 
-463.00,290.00,177.00
 
-463.00,290.00,177.00
 
-467.00,281.00,188.00
 
-465.00,275.00,207.00
 
-464.00,266.00,214.00
 
-461.00,263.00,228.00
 
-461.00,263.00,228.00
 
-456.00,262.00,240.00
 
-456.00,261.00,247.00
 
-450.00,259.00,263.00
 
-444.00,261.00,266.00
 
-444.00,261.00,266.00
 
-440.00,261.00,278.00
 
-434.00,259.00,289.00
 
-426.00,258.00,298.00
 
-421.00,254.00,316.00
 
-417.00,247.00,322.00
 
-417.00,247.00,322.00
 
-406.00,246.00,341.00
 
-397.00,244.00,351.00
 
-391.00,245.00,363.00
 
-379.00,247.00,373.00
 
-379.00,247.00,373.00
 
-367.00,247.00,381.00
 
-356.00,243.00,393.00
 
-348.00,242.00,405.00
 
-337.00,240.00,413.00
 
-332.00,233.00,423.00
 
-332.00,233.00,423.00
 
-325.00,234.00,428.00
 
-315.00,238.00,438.00
 
-306.00,243.00,440.00
 
-294.00,246.00,443.00
 
-294.00,246.00,443.00
 
-289.00,249.00,447.00
 
-283.00,256.00,451.00
 
-267.00,263.00,461.00
 
-255.00,268.00,460.00
 
-241.00,276.00,465.00
 
-241.00,276.00,465.00
 
-225.00,287.00,468.00
 
-213.00,295.00,471.00
 
-195.00,308.00,476.00
 
-181.00,321.00,471.00
 
-181.00,321.00,471.00
 
-172.00,332.00,470.00
 
-159.00,345.00,464.00
 
-151.00,355.00,463.00
 
-136.00,359.00,468.00
 
-136.00,359.00,468.00
 
-136.00,359.00,468.00
 
-96.00,360.00,472.00
 
-78.00,358.00,480.00
 
-56.00,358.00,483.00
 
-33.00,357.00,490.00
 
-33.00,357.00,490.00
 
-7.00,363.00,481.00
 
8.00,370.00,480.00
 
28.00,377.00,471.00
 
40.00,392.00,463.00
 
40.00,392.00,463.00
 
62.00,404.00,460.00
 
71.00,408.00,445.00
 
86.00,413.00,441.00
 
98.00,417.00,439.00
 
107.00,417.00,434.00
 
107.00,417.00,434.00
 
113.00,419.00,435.00
 
112.00,425.00,426.00
 
111.00,435.00,421.00
 
115.00,439.00,414.00
 
115.00,439.00,414.00
 
117.00,445.00,407.00
 
122.00,451.00,403.00
 
126.00,452.00,396.00
 
130.00,456.00,390.00
 
130.00,460.00,390.00
 
134.00,460.00,390.00
 
136.00,464.00,380.00
 
145.00,470.00,379.00
 
151.00,469.00,373.00
 
158.00,471.00,370.00
 
158.00,471.00,370.00
 
166.00,472.00,360.00
 
168.00,476.00,362.00
 
171.00,474.00,367.00
 
175.00,472.00,364.00
 
175.00,472.00,364.00
 
175.00,472.00,364.00
 
195.00,476.00,345.00
 
200.00,479.00,336.00
 
207.00,489.00,326.00
 
205.00,491.00,315.00
 
205.00,491.00,315.00
 
209.00,498.00,313.00
 
206.00,500.00,304.00
 
206.00,504.00,301.00
 
206.00,507.00,296.00
 
206.00,507.00,296.00
 
210.00,508.00,290.00
 
212.00,513.00,282.00
 
218.00,514.00,274.00
 
216.00,516.00,265.00
 
216.00,520.00,266.00
 
216.00,520.00,266.00
 
211.00,522.00,263.00
 
213.00,526.00,267.00
 
208.00,529.00,257.00
 
213.00,530.00,254.00
 
213.00,530.00,254.00
 
212.00,532.00,246.00
 
208.00,538.00,239.00
 
206.00,541.00,236.00
 
203.00,549.00,220.00
 
203.00,548.00,207.00
 
204.00,548.00,207.00
 
198.00,553.00,191.00
 
198.00,557.00,179.00
 
196.00,561.00,171.00
 
194.00,559.00,156.00
 
194.00,559.00,156.00
 
196.00,563.00,151.00
 
192.00,565.00,146.00
 
193.00,565.00,138.00
 
191.00,568.00,135.00
 
191.00,568.00,135.00
 
187.00,567.00,131.00
 
185.00,571.00,128.00
 
179.00,573.00,131.00
 
175.00,575.00,133.00
 
174.00,579.00,132.00
 
174.00,579.00,132.00
 
168.00,576.00,132.00
 
168.00,579.00,131.00
 
164.00,582.00,121.00
 
161.00,583.00,119.00
 
161.00,583.00,119.00
 
164.00,581.00,113.00
 
158.00,580.00,107.00
 
161.00,581.00,99.00
 
157.00,580.00,87.00
 
151.00,582.00,80.00
 
151.00,582.00,80.00
 
147.00,582.00,70.00
 
143.00,582.00,59.00
 
144.00,580.00,62.00
 
136.00,578.00,62.00
 
136.00,578.00,62.00
 
146.00,581.00,65.00
 
145.00,580.00,69.00
 
142.00,578.00,71.00
 
141.00,583.00,75.00
 
141.00,583.00,75.00
 
141.00,583.00,75.00
 
135.00,581.00,73.00
 
139.00,584.00,77.00
 
137.00,582.00,80.00
 
137.00,585.00,88.00
 
137.00,585.00,88.00
 
137.00,578.00,79.00
 
134.00,583.00,77.00
 
128.00,582.00,71.00
 
130.00,581.00,69.00
 
130.00,581.00,69.00
 
131.00,582.00,73.00
 
133.00,576.00,64.00
 
134.00,579.00,63.00
 
132.00,580.00,61.00
 
133.00,578.00,54.00
 
133.00,578.00,54.00
 
138.00,579.00,52.00
 
142.00,574.00,48.00
 
150.00,574.00,48.00
 
160.00,572.00,46.00
 
160.00,572.00,46.00
 
164.00,569.00,37.00
 
164.00,567.00,37.00
 
160.00,564.00,29.00
 
164.00,564.00,25.00
 
164.00,566.00,17.00
 
157.00,566.00,17.00
 
158.00,566.00,13.00
 
156.00,566.00,3.00
 
155.00,564.00,0.00
 
156.00,562.00,-1.00
 
156.00,562.00,-1.00
 
153.00,556.00,-20.00
 
147.00,556.00,-26.00
 
147.00,555.00,-31.00
 
143.00,555.00,-32.00
 
143.00,555.00,-32.00
 
154.00,554.00,-24.00
 
152.00,552.00,-31.00
 
149.00,558.00,-33.00
 
152.00,556.00,-30.00
 
150.00,555.00,-28.00
 
150.00,555.00,-28.00
 
152.00,555.00,-23.00
 
150.00,556.00,-27.00
 
153.00,558.00,-24.00
 
156.00,556.00,-22.00
 
156.00,556.00,-22.00
 
159.00,557.00,-19.00
 
161.00,557.00,-13.00
 
168.00,554.00,-17.00
 
171.00,553.00,-14.00
 
175.00,555.00,-8.00
 
175.00,555.00,-8.00
 
178.00,552.00,-10.00
 
183.00,554.00,5.00
 
183.00,549.00,10.00
 
190.00,555.00,20.00
 
190.00,555.00,20.00
 
195.00,556.00,33.00
 
204.00,557.00,48.00
 
213.00,555.00,66.00
 
210.00,555.00,70.00
 
210.00,556.00,80.00
 
210.00,556.00,80.00
 
208.00,558.00,87.00
 
203.00,560.00,95.00
 
211.00,560.00,109.00
 
215.00,554.00,121.00
 
215.00,554.00,121.00
 
226.00,550.00,136.00
 
223.00,549.00,146.00
 
226.00,547.00,160.00
 
227.00,543.00,174.00
 
227.00,543.00,174.00
 
230.00,540.00,189.00
 
231.00,538.00,206.00
 
224.00,534.00,219.00
 
226.00,528.00,229.00
 
229.00,527.00,243.00
 
229.00,527.00,243.00
 
230.00,523.00,257.00
 
226.00,516.00,274.00
 
222.00,516.00,275.00
 
225.00,508.00,283.00
 
225.00,508.00,283.00
 
229.00,502.00,292.00
 
223.00,495.00,310.00
 
224.00,482.00,337.00
 
226.00,464.00,351.00
 
227.00,447.00,369.00
 
227.00,447.00,369.00
 
230.00,434.00,385.00
 
227.00,421.00,400.00
 
225.00,402.00,419.00
 
221.00,385.00,430.00
 
221.00,385.00,430.00
 
221.00,369.00,444.00
 
211.00,346.00,462.00
 
210.00,326.00,476.00
 
203.00,297.00,494.00
 
203.00,297.00,494.00
 
203.00,297.00,494.00
 
190.00,239.00,518.00
 
178.00,203.00,530.00
 
163.00,166.00,545.00
 
146.00,123.00,555.00
 
146.00,123.00,555.00
 
134.00,84.00,557.00
 
121.00,50.00,560.00
 
108.00,16.00,562.00
 
95.00,-10.00,563.00
 
95.00,-10.00,563.00
 
83.00,-38.00,564.00
 
75.00,-63.00,553.00
 
61.00,-84.00,552.00
 
47.00,-107.00,547.00
 
32.00,-126.00,539.00
 
32.00,-126.00,539.00
 
21.00,-147.00,535.00
 
0.00,-164.00,526.00
 
-16.00,-176.00,523.00
 
-26.00,-184.00,516.00
 
-40.00,-192.00,514.00
 
-40.00,-192.00,514.00
 
-48.00,-199.00,508.00
 
-59.00,-213.00,503.00
 
-75.00,-220.00,497.00
 
-90.00,-228.00,484.00
 
-105.00,-235.00,476.00
 
-127.00,-243.00,468.00
 
-140.00,-246.00,462.00
 
-156.00,-248.00,460.00
 
-156.00,-248.00,460.00
 
-156.00,-248.00,460.00
 
-166.00,-246.00,449.00
 
-172.00,-243.00,453.00
 
-176.00,-242.00,450.00
 
-180.00,-235.00,455.00
 
-189.00,-227.00,457.00
 
-199.00,-219.00,456.00
 
-199.00,-219.00,456.00
 
-198.00,-215.00,457.00
 
-205.00,-213.00,451.00
 
-206.00,-212.00,456.00
 
-207.00,-220.00,450.00
 
-208.00,-221.00,447.00
 
-204.00,-226.00,447.00
 
-204.00,-226.00,447.00
 
-193.00,-225.00,448.00
 
-190.00,-233.00,457.00
 
-187.00,-229.00,453.00
 
-181.00,-230.00,456.00
 
-181.00,-230.00,456.00
 
-184.00,-221.00,458.00
 
-186.00,-221.00,458.00
 
-187.00,-221.00,463.00
 
-189.00,-226.00,460.00
 
-179.00,-223.00,459.00
 
-179.00,-223.00,459.00
 
-184.00,-218.00,464.00
 
-186.00,-216.00,461.00
 
-188.00,-215.00,463.00
 
-184.00,-216.00,462.00
 
-181.00,-218.00,469.00
 
-183.00,-213.00,467.00
 
-181.00,-214.00,468.00
 
-176.00,-218.00,467.00
 
-176.00,-218.00,467.00
 
-179.00,-218.00,466.00
 
-172.00,-224.00,467.00
 
-173.00,-228.00,463.00
 
-167.00,-232.00,466.00
 
-154.00,-235.00,469.00
 
-140.00,-240.00,472.00
 
-123.00,-246.00,477.00
 
-112.00,-251.00,471.00
 
-112.00,-251.00,471.00
 
-91.00,-256.00,475.00
 
-76.00,-252.00,480.00
 
-60.00,-253.00,483.00
 
-44.00,-251.00,491.00
 
