28.00,-111.00,14.00
 
16.00,-113.00,16.00
 
21.00,-115.00,16.00
 
26.00,-112.00,19.00
 
19.00,-108.00,19.00
 
19.00,-112.00,15.00
 
17.00,-113.00,15.00
 
20.00,-114.00,15.00
 
20.00,-114.00,15.00
 
25.00,-116.00,17.00
 
19.00,-109.00,19.00
 
20.00,-111.00,14.00
 
17.00,-112.00,17.00
 
18.00,-117.00,13.00
 
17.00,-113.00,17.00
 
24.00,-111.00,18.00
 
25.00,-113.00,20.00
 
25.00,-113.00,20.00
 
25.00,-119.00,20.00
 
16.00,-114.00,16.00
 
22.00,-109.00,18.00
 
21.00,-110.00,19.00
 
23.00,-111.00,19.00
 
21.00,-115.00,15.00
 
18.00,-115.00,18.00
 
20.00,-113.00,18.00
 
20.00,-113.00,18.00
 
29.00,-113.00,16.00
 
25.00,-111.00,16.00
 
23.00,-111.00,16.00
 
18.00,-113.00,16.00
 
19.00,-114.00,13.00
 
20.00,-112.00,16.00
 
26.00,-110.00,18.00
 
24.00,-109.00,17.00
 
24.00,-109.00,17.00
 
24.00,-109.00,17.00
 
18.00,-111.00,15.00
 
22.00,-115.00,16.00
 
21.00,-112.00,21.00
 
22.00,-111.00,17.00
 
20.00,-111.00,18.00
 
20.00,-113.00,18.00
 
20.00,-117.00,16.00
 
20.00,-117.00,16.00
 
20.00,-117.00,16.00
 
22.00,-105.00,18.00
 
21.00,-111.00,18.00
 
17.00,-112.00,15.00
 
22.00,-114.00,17.00
 
22.00,-112.00,18.00
 
21.00,-109.00,19.00
 
20.00,-109.00,19.00
 
20.00,-110.00,16.00
 
19.00,-110.00,16.00
 
18.00,-110.00,19.00
 
22.00,-110.00,15.00
 
22.00,-109.00,19.00
 
21.00,-113.00,17.00
 
21.00,-112.00,15.00
 
19.00,-111.00,15.00
 
20.00,-116.00,14.00
 
20.00,-106.00,16.00
 
24.00,-106.00,16.00
 
24.00,-106.00,12.00
 
20.00,-111.00,18.00
 
20.00,-113.00,14.00
 
20.00,-111.00,19.00
 
21.00,-109.00,17.00
 
24.00,-113.00,15.00
 
20.00,-110.00,20.00
 
17.00,-114.00,18.00
 
17.00,-114.00,18.00
 
20.00,-110.00,15.00
 
22.00,-115.00,16.00
 
23.00,-110.00,17.00
 
24.00,-113.00,18.00
 
18.00,-113.00,17.00
 
20.00,-114.00,17.00
 
26.00,-114.00,18.00
 
28.00,-112.00,17.00
 
28.00,-112.00,17.00
 
26.00,-103.00,15.00
 
23.00,-110.00,19.00
 
28.00,-112.00,15.00
 
32.00,-113.00,20.00
 
35.00,-112.00,18.00
 
33.00,-107.00,20.00
 
30.00,-113.00,18.00
 
31.00,-110.00,14.00
 
31.00,-110.00,14.00
 
36.00,-117.00,13.00
 
39.00,-113.00,13.00
 
33.00,-109.00,14.00
 
28.00,-113.00,11.00
 
29.00,-113.00,10.00
 
28.00,-111.00,9.00
 
33.00,-114.00,11.00
 
35.00,-108.00,9.00
 
35.00,-108.00,9.00
 
36.00,-106.00,4.00
 
31.00,-112.00,5.00
 
33.00,-114.00,7.00
 
38.00,-111.00,5.00
 
39.00,-108.00,2.00
 
41.00,-112.00,3.00
 
42.00,-113.00,0.00
 
43.00,-114.00,-2.00
 
43.00,-114.00,-7.00
 
51.00,-114.00,-7.00
 
66.00,-116.00,-3.00
 
55.00,-115.00,-12.00
 
46.00,-109.00,-3.00
 
42.00,-110.00,-5.00
 
49.00,-115.00,-4.00
 
47.00,-114.00,-4.00
 
44.00,-114.00,-4.00
 
37.00,-119.00,-5.00
 
33.00,-118.00,-6.00
 
11.00,-128.00,-7.00
 
29.00,-131.00,3.00
 
52.00,-136.00,11.00
 
37.00,-147.00,17.00
 
16.00,-161.00,9.00
 
4.00,-167.00,7.00
 
-6.00,-173.00,1.00
 
-6.00,-173.00,1.00
 
-6.00,-173.00,1.00
 
-15.00,-195.00,5.00
 
-22.00,-210.00,-1.00
 
-39.00,-215.00,-6.00
 
-53.00,-230.00,-9.00
 
-57.00,-236.00,-13.00
 
-58.00,-250.00,-22.00
 
-73.00,-261.00,-28.00
 
-80.00,-272.00,-33.00
 
-95.00,-281.00,-35.00
 
-102.00,-295.00,-37.00
 
-110.00,-306.00,-38.00
 
-128.00,-322.00,-43.00
 
-144.00,-331.00,-51.00
 
-162.00,-336.00,-59.00
 
-175.00,-331.00,-63.00
 
-189.00,-331.00,-62.00
 
-204.00,-338.00,-65.00
 
-222.00,-342.00,-62.00
 
-242.00,-348.00,-63.00
 
-255.00,-339.00,-63.00
 
-273.00,-330.00,-64.00
 
-295.00,-320.00,-70.00
 
-307.00,-309.00,-75.00
 
-323.00,-299.00,-75.00
 
-338.00,-289.00,-73.00
 
-351.00,-279.00,-68.00
 
-351.00,-279.00,-68.00
 
-351.00,-279.00,-68.00
 
-360.00,-265.00,-94.00
 
-379.00,-250.00,-104.00
 
-380.00,-243.00,-103.00
 
-384.00,-237.00,-104.00
 
-395.00,-233.00,-110.00
 
-393.00,-227.00,-120.00
 
-395.00,-221.00,-135.00
 
-396.00,-214.00,-143.00
 
-401.00,-214.00,-151.00
 
-404.00,-206.00,-150.00
 
-406.00,-203.00,-155.00
 
-408.00,-195.00,-169.00
 
-409.00,-188.00,-176.00
 
-415.00,-181.00,-178.00
 
-416.00,-179.00,-191.00
 
-413.00,-174.00,-200.00
 
-416.00,-169.00,-209.00
 
-411.00,-169.00,-213.00
 
-415.00,-169.00,-215.00
 
-414.00,-166.00,-222.00
 
-412.00,-163.00,-233.00
 
-402.00,-163.00,-245.00
 
-391.00,-163.00,-262.00
 
-382.00,-165.00,-268.00
 
-378.00,-172.00,-272.00
 
-378.00,-170.00,-281.00
 
-372.00,-170.00,-281.00
 
-355.00,-180.00,-292.00
 
-351.00,-181.00,-298.00
 
-343.00,-172.00,-310.00
 
-338.00,-171.00,-313.00
 
-334.00,-173.00,-318.00
 
-326.00,-176.00,-322.00
 
-314.00,-178.00,-330.00
 
-303.00,-183.00,-337.00
 
-289.00,-180.00,-350.00
 
-277.00,-174.00,-359.00
 
-269.00,-166.00,-368.00
 
-266.00,-164.00,-368.00
 
-284.00,-158.00,-363.00
 
-308.00,-155.00,-354.00
 
-330.00,-152.00,-339.00
 
-339.00,-137.00,-338.00
 
-320.00,-119.00,-363.00
 
-291.00,-107.00,-388.00
 
-268.00,-115.00,-400.00
 
-260.00,-123.00,-397.00
 
-267.00,-124.00,-395.00
 
-283.00,-113.00,-391.00
 
-297.00,-106.00,-387.00
 
-296.00,-109.00,-389.00
 
-293.00,-113.00,-390.00
 
-288.00,-109.00,-393.00
 
-288.00,-103.00,-403.00
 
-285.00,-103.00,-403.00
 
-274.00,-108.00,-399.00
 
-262.00,-108.00,-403.00
 
-269.00,-106.00,-407.00
 
-272.00,-101.00,-405.00
 
-271.00,-98.00,-407.00
 
-262.00,-89.00,-413.00
 
-244.00,-90.00,-422.00
 
-229.00,-99.00,-425.00
 
-206.00,-110.00,-431.00
 
-195.00,-112.00,-432.00
 
-199.00,-110.00,-433.00
 
-189.00,-115.00,-428.00
 
-184.00,-124.00,-431.00
 
-171.00,-123.00,-434.00
 
-162.00,-123.00,-436.00
 
-157.00,-127.00,-436.00
 
-153.00,-127.00,-438.00
 
-146.00,-126.00,-437.00
 
-146.00,-127.00,-440.00
 
-139.00,-132.00,-437.00
 
-142.00,-130.00,-436.00
 
-145.00,-128.00,-438.00
 
-147.00,-132.00,-435.00
 
-149.00,-133.00,-435.00
 
-158.00,-132.00,-432.00
 
-160.00,-133.00,-434.00
 
-160.00,-138.00,-434.00
 
-150.00,-138.00,-430.00
 
-155.00,-144.00,-428.00
 
-169.00,-143.00,-436.00
 
-170.00,-138.00,-427.00
 
-163.00,-149.00,-424.00
 
-165.00,-145.00,-423.00
 
-162.00,-145.00,-421.00
 
-159.00,-154.00,-419.00
 
-150.00,-158.00,-419.00
 
-141.00,-161.00,-418.00
 
-134.00,-165.00,-421.00
 
-120.00,-169.00,-417.00
 
-109.00,-176.00,-415.00
 
-102.00,-182.00,-417.00
 
-98.00,-184.00,-415.00
 
-95.00,-184.00,-414.00
 
-96.00,-184.00,-412.00
 
-97.00,-190.00,-411.00
 
-95.00,-199.00,-407.00
 
-98.00,-205.00,-402.00
 
-97.00,-207.00,-399.00
 
-104.00,-210.00,-397.00
 
-107.00,-212.00,-393.00
 
-106.00,-216.00,-394.00
 
-114.00,-220.00,-390.00
 
-120.00,-214.00,-393.00
 
-121.00,-215.00,-393.00
 
-121.00,-215.00,-393.00
 
-121.00,-215.00,-393.00
 
-127.00,-214.00,-392.00
 
-129.00,-223.00,-400.00
 
-130.00,-224.00,-388.00
 
-132.00,-218.00,-389.00
 
-136.00,-217.00,-388.00
 
-138.00,-220.00,-387.00
 
-137.00,-219.00,-381.00
 
-133.00,-223.00,-384.00
 
-138.00,-224.00,-382.00
 
-135.00,-223.00,-386.00
 
-134.00,-223.00,-383.00
 
-134.00,-231.00,-383.00
 
-136.00,-231.00,-382.00
 
-133.00,-228.00,-381.00
 
-132.00,-226.00,-385.00
 
-136.00,-229.00,-377.00
 
-134.00,-233.00,-378.00
 
-134.00,-237.00,-379.00
 
-135.00,-234.00,-377.00
 
-134.00,-233.00,-380.00
 
-137.00,-233.00,-377.00
 
-141.00,-237.00,-377.00
 
-143.00,-235.00,-372.00
 
-143.00,-236.00,-374.00
 
-140.00,-238.00,-372.00
 
-140.00,-246.00,-370.00
 
-141.00,-246.00,-370.00
 
-145.00,-241.00,-372.00
 
-140.00,-248.00,-369.00
 
-143.00,-247.00,-366.00
 
-144.00,-246.00,-369.00
 
-139.00,-244.00,-365.00
 
-138.00,-247.00,-363.00
 
-138.00,-248.00,-364.00
 
-138.00,-251.00,-364.00
 
-136.00,-250.00,-366.00
 
-137.00,-249.00,-363.00
 
-135.00,-252.00,-364.00
 
-138.00,-252.00,-366.00
 
-136.00,-251.00,-362.00
 
-138.00,-252.00,-366.00
 
-136.00,-251.00,-365.00
 
-132.00,-256.00,-361.00
 
-129.00,-261.00,-357.00
 
-122.00,-266.00,-356.00
 
-110.00,-267.00,-355.00
 
-104.00,-268.00,-356.00
 
-96.00,-269.00,-357.00
 
-87.00,-269.00,-358.00
 
-95.00,-270.00,-359.00
 
-115.00,-268.00,-352.00
 
-138.00,-260.00,-355.00
 
-130.00,-258.00,-356.00
 
-130.00,-258.00,-356.00
 
-130.00,-258.00,-356.00
 
-135.00,-251.00,-360.00
 
-137.00,-260.00,-358.00
 
-134.00,-258.00,-360.00
 
-140.00,-257.00,-360.00
 
-140.00,-258.00,-355.00
 
-145.00,-255.00,-359.00
 
-141.00,-262.00,-354.00
 
-144.00,-262.00,-352.00
 
-142.00,-258.00,-354.00
 
-143.00,-259.00,-357.00
 
-140.00,-260.00,-357.00
 
-137.00,-261.00,-354.00
 
-137.00,-259.00,-356.00
 
-137.00,-254.00,-358.00
 
-135.00,-254.00,-362.00
 
-137.00,-255.00,-361.00
 
-133.00,-255.00,-364.00
 
-129.00,-253.00,-367.00
 
-129.00,-243.00,-367.00
 
-127.00,-243.00,-371.00
 
-126.00,-241.00,-374.00
 
-128.00,-240.00,-376.00
 
-127.00,-235.00,-379.00
 
-132.00,-236.00,-378.00
 
-133.00,-231.00,-377.00
 
-133.00,-238.00,-375.00
 
-138.00,-238.00,-375.00
 
-138.00,-241.00,-380.00
 
-139.00,-244.00,-372.00
 
-149.00,-235.00,-379.00
 
-152.00,-234.00,-370.00
 
-152.00,-239.00,-371.00
 
-158.00,-238.00,-369.00
 
-164.00,-239.00,-367.00
 
-165.00,-238.00,-365.00
 
-160.00,-232.00,-370.00
 
-158.00,-235.00,-371.00
 
-161.00,-234.00,-373.00
 
-157.00,-233.00,-373.00
 
-156.00,-235.00,-373.00
 
-160.00,-232.00,-373.00
 
-160.00,-233.00,-376.00
 
-163.00,-231.00,-375.00
 
-161.00,-231.00,-373.00
 
-162.00,-232.00,-373.00
 
-161.00,-232.00,-378.00
 
-161.00,-227.00,-377.00
 
-165.00,-226.00,-376.00
 
-165.00,-231.00,-376.00
 
-173.00,-228.00,-375.00
 
-176.00,-224.00,-371.00
 
-174.00,-225.00,-373.00
 
-167.00,-219.00,-382.00
 
-167.00,-217.00,-382.00
 
-166.00,-217.00,-382.00
 
-156.00,-222.00,-383.00
 
-162.00,-210.00,-392.00
 
-162.00,-202.00,-393.00
 
-157.00,-201.00,-394.00
 
-155.00,-195.00,-400.00
 
-152.00,-190.00,-403.00
 
-154.00,-181.00,-409.00
 
-150.00,-175.00,-413.00
 
-148.00,-169.00,-416.00
 
-145.00,-164.00,-416.00
 
-143.00,-165.00,-421.00
 
-145.00,-162.00,-421.00
 
-143.00,-160.00,-423.00
 
-140.00,-161.00,-423.00
 
-141.00,-166.00,-420.00
 
-148.00,-173.00,-415.00
 
-149.00,-179.00,-412.00
 
-146.00,-184.00,-407.00
 
-149.00,-186.00,-408.00
 
-147.00,-193.00,-404.00
 
-148.00,-199.00,-394.00
 
-148.00,-206.00,-395.00
 
-146.00,-201.00,-395.00
 
-147.00,-199.00,-398.00
 
-149.00,-203.00,-398.00
 
-151.00,-201.00,-401.00
 
-151.00,-201.00,-401.00
 
-151.00,-201.00,-401.00
 
-139.00,-210.00,-392.00
 
-152.00,-200.00,-403.00
 
-147.00,-200.00,-396.00
 
-152.00,-197.00,-398.00
 
-156.00,-199.00,-396.00
 
-155.00,-200.00,-399.00
 
-155.00,-199.00,-400.00
 
-157.00,-194.00,-399.00
 
-157.00,-194.00,-399.00
 
-155.00,-198.00,-398.00
 
-157.00,-194.00,-400.00
 
-157.00,-192.00,-401.00
 
-154.00,-191.00,-399.00
 
-153.00,-194.00,-400.00
 
-158.00,-193.00,-400.00
 
-159.00,-193.00,-400.00
 
-157.00,-192.00,-400.00
 
-154.00,-187.00,-403.00
 
-158.00,-190.00,-403.00
 
-157.00,-194.00,-403.00
 
-157.00,-190.00,-402.00
 
-159.00,-194.00,-403.00
 
-156.00,-190.00,-402.00
 
-156.00,-187.00,-401.00
 
-157.00,-189.00,-402.00
 
-157.00,-194.00,-402.00
 
-160.00,-194.00,-402.00
 
-160.00,-189.00,-401.00
 
-152.00,-186.00,-402.00
 
-151.00,-189.00,-410.00
 
-157.00,-187.00,-404.00
 
-150.00,-188.00,-402.00
 
-153.00,-187.00,-404.00
 
-152.00,-186.00,-404.00
 
-152.00,-185.00,-404.00
 
-151.00,-184.00,-406.00
 
-153.00,-189.00,-404.00
 
-150.00,-189.00,-405.00
 
-154.00,-188.00,-402.00
 
-151.00,-192.00,-403.00
 
-150.00,-196.00,-402.00
 
-152.00,-193.00,-402.00
 
-152.00,-196.00,-403.00
 
-152.00,-192.00,-406.00
 
-153.00,-192.00,-403.00
 
-152.00,-191.00,-404.00
 
-151.00,-193.00,-403.00
 
-154.00,-195.00,-403.00
 
-156.00,-196.00,-402.00
 
-155.00,-191.00,-402.00
 
-157.00,-190.00,-403.00
 
-155.00,-188.00,-400.00
 
-155.00,-191.00,-403.00
 
-155.00,-191.00,-403.00
 
-155.00,-191.00,-403.00
 
-158.00,-183.00,-406.00
 
-152.00,-180.00,-418.00
 
-160.00,-182.00,-415.00
 
-157.00,-188.00,-404.00
 
-157.00,-185.00,-407.00
 
-157.00,-185.00,-405.00
 
-157.00,-179.00,-405.00
 
-154.00,-182.00,-411.00
 
-155.00,-180.00,-411.00
 
-159.00,-181.00,-409.00
 
-154.00,-176.00,-411.00
 
-156.00,-178.00,-413.00
 
-150.00,-177.00,-408.00
 
-154.00,-179.00,-410.00
 
-154.00,-179.00,-408.00
 
-154.00,-177.00,-415.00
 
-153.00,-176.00,-414.00
 
-153.00,-173.00,-412.00
 
-156.00,-176.00,-410.00
 
-152.00,-179.00,-410.00
 
-154.00,-181.00,-411.00
 
-155.00,-176.00,-414.00
 
-153.00,-173.00,-412.00
 
-154.00,-172.00,-413.00
 
-155.00,-172.00,-412.00
 
-155.00,-176.00,-415.00
 
-156.00,-176.00,-415.00
 
-160.00,-169.00,-416.00
 
-149.00,-173.00,-413.00
 
-155.00,-167.00,-418.00
 
-159.00,-177.00,-413.00
 
-155.00,-177.00,-412.00
 
-158.00,-174.00,-414.00
 
-156.00,-170.00,-415.00
 
-157.00,-168.00,-412.00
 
-157.00,-175.00,-410.00
 
-154.00,-175.00,-410.00
 
-160.00,-174.00,-411.00
 
-161.00,-168.00,-415.00
 
-158.00,-169.00,-411.00
 
-160.00,-175.00,-411.00
 
-164.00,-172.00,-410.00
 
-163.00,-169.00,-413.00
 
-162.00,-168.00,-413.00
 
-161.00,-169.00,-411.00
 
-162.00,-170.00,-411.00
 
-166.00,-168.00,-414.00
 
-163.00,-170.00,-411.00
 
-162.00,-181.00,-410.00
 
-154.00,-184.00,-405.00
 
-148.00,-185.00,-405.00
 
-149.00,-194.00,-405.00
 
-150.00,-193.00,-404.00
 
-150.00,-195.00,-404.00
 
-143.00,-195.00,-403.00
 
-144.00,-193.00,-405.00
 
-140.00,-188.00,-414.00
 
-144.00,-189.00,-410.00
 
-146.00,-181.00,-411.00
 
-144.00,-181.00,-411.00
 
-141.00,-176.00,-410.00
 
-143.00,-174.00,-413.00
 
-145.00,-174.00,-415.00
 
-147.00,-175.00,-414.00
 
-145.00,-174.00,-413.00
 
-145.00,-175.00,-413.00
 
-142.00,-176.00,-412.00
 
-145.00,-179.00,-415.00
 
-143.00,-183.00,-408.00
 
-146.00,-184.00,-410.00
 
-147.00,-181.00,-411.00
 
-145.00,-184.00,-408.00
 
-144.00,-182.00,-410.00
 
-143.00,-182.00,-412.00
 
-143.00,-181.00,-416.00
 
-147.00,-180.00,-411.00
 
-144.00,-174.00,-414.00
 
-143.00,-174.00,-416.00
 
-144.00,-172.00,-414.00
 
-145.00,-174.00,-413.00
 
-145.00,-171.00,-416.00
 
-149.00,-171.00,-416.00
 
-151.00,-170.00,-419.00
 
-140.00,-164.00,-410.00
 
-149.00,-176.00,-419.00
 
-153.00,-175.00,-411.00
 
-155.00,-176.00,-411.00
 
-152.00,-177.00,-413.00
 
-155.00,-174.00,-412.00
 
-155.00,-175.00,-409.00
 
-158.00,-180.00,-408.00
 
-157.00,-181.00,-412.00
 
-160.00,-180.00,-408.00
 
-156.00,-178.00,-408.00
 
-158.00,-180.00,-408.00
 
-157.00,-182.00,-409.00
 
-161.00,-178.00,-409.00
 
-161.00,-177.00,-412.00
 
-161.00,-174.00,-410.00
 
-163.00,-174.00,-409.00
 
-169.00,-170.00,-413.00
 
-184.00,-171.00,-406.00
 
-192.00,-169.00,-404.00
 
-196.00,-169.00,-404.00
 
-204.00,-170.00,-398.00
 
-211.00,-173.00,-396.00
 
-217.00,-176.00,-393.00
 
-218.00,-178.00,-391.00
 
-218.00,-173.00,-391.00
 
-212.00,-173.00,-399.00
 
-201.00,-180.00,-395.00
 
-194.00,-174.00,-405.00
 
-188.00,-173.00,-411.00
 
-180.00,-169.00,-407.00
 
-174.00,-164.00,-412.00
 
-173.00,-160.00,-412.00
 
-172.00,-157.00,-418.00
 
-177.00,-161.00,-415.00
 
-174.00,-159.00,-415.00
 
-173.00,-157.00,-415.00
 
-173.00,-153.00,-416.00
 
-169.00,-155.00,-418.00
 
-168.00,-154.00,-418.00
 
-166.00,-152.00,-421.00
 
-163.00,-151.00,-422.00
 
-162.00,-148.00,-423.00
 
-158.00,-148.00,-426.00
 
-157.00,-143.00,-426.00
 
-158.00,-146.00,-424.00
 
-156.00,-148.00,-427.00
 
-150.00,-148.00,-427.00
 
-153.00,-144.00,-428.00
 
-158.00,-141.00,-428.00
 
-158.00,-142.00,-426.00
 
-159.00,-143.00,-428.00
 
-157.00,-139.00,-425.00
 
-157.00,-139.00,-425.00
 
-154.00,-146.00,-430.00
 
-151.00,-144.00,-428.00
 
-156.00,-139.00,-435.00
 
-152.00,-140.00,-428.00
 
-156.00,-140.00,-430.00
 
-156.00,-137.00,-430.00
 
-160.00,-137.00,-430.00
 
-162.00,-140.00,-425.00
 
-165.00,-143.00,-424.00
 
-167.00,-145.00,-425.00
 
-165.00,-142.00,-425.00
 
-165.00,-141.00,-425.00
 
-166.00,-142.00,-424.00
 
-167.00,-146.00,-424.00
 
-167.00,-147.00,-424.00
 
-167.00,-143.00,-422.00
 
-165.00,-143.00,-427.00
 
-165.00,-145.00,-422.00
 
-165.00,-142.00,-422.00
 
-166.00,-146.00,-424.00
 
-167.00,-145.00,-424.00
 
-169.00,-140.00,-428.00
 
-167.00,-142.00,-422.00
 
-172.00,-145.00,-424.00
 
-172.00,-144.00,-423.00
 
-172.00,-142.00,-424.00
 
-172.00,-142.00,-424.00
 
-172.00,-142.00,-424.00
 
-164.00,-139.00,-430.00
 
-165.00,-136.00,-437.00
 
-164.00,-131.00,-430.00
 
-161.00,-134.00,-431.00
 
-159.00,-128.00,-430.00
 
-162.00,-130.00,-432.00
 
-158.00,-122.00,-437.00
 
-163.00,-127.00,-433.00
 
-166.00,-125.00,-434.00
 
-174.00,-126.00,-431.00
 
-176.00,-128.00,-431.00
 
-181.00,-125.00,-424.00
 
-188.00,-128.00,-424.00
 
-193.00,-127.00,-424.00
 
-198.00,-122.00,-419.00
 
-203.00,-124.00,-421.00
 
-209.00,-125.00,-420.00
 
-212.00,-125.00,-416.00
 
-216.00,-123.00,-414.00
 
-225.00,-121.00,-416.00
 
-222.00,-120.00,-417.00
 
-228.00,-117.00,-415.00
 
-229.00,-117.00,-419.00
 
-233.00,-112.00,-413.00
 
-236.00,-114.00,-415.00
 
-240.00,-110.00,-413.00
 
-240.00,-110.00,-413.00
 
-240.00,-116.00,-412.00
 
-244.00,-109.00,-414.00
 
-258.00,-105.00,-416.00
 
-262.00,-100.00,-409.00
 
-268.00,-93.00,-410.00
 
-263.00,-90.00,-413.00
 
-267.00,-77.00,-414.00
 
-265.00,-71.00,-415.00
 
-269.00,-66.00,-418.00
 
-272.00,-54.00,-417.00
 
-276.00,-47.00,-420.00
 
-285.00,-39.00,-423.00
 
-287.00,-30.00,-418.00
 
-294.00,-15.00,-419.00
 
-296.00,-6.00,-424.00
 
-299.00,7.00,-420.00
 
-302.00,15.00,-424.00
 
-308.00,28.00,-420.00
 
-312.00,29.00,-417.00
 
-312.00,29.00,-417.00
 
-315.00,35.00,-414.00
 
-323.00,44.00,-413.00
 
-323.00,54.00,-415.00
 
-328.00,60.00,-410.00
 
-337.00,67.00,-408.00
 
-337.00,76.00,-409.00
 
-336.00,83.00,-407.00
 
-337.00,89.00,-407.00
 
-337.00,89.00,-407.00
 
-333.00,99.00,-407.00
 
-343.00,109.00,-405.00
 
-343.00,119.00,-402.00
 
-341.00,125.00,-404.00
 
-341.00,133.00,-408.00
 
-338.00,140.00,-406.00
 
-336.00,140.00,-411.00
 
-333.00,143.00,-412.00
 
-333.00,143.00,-412.00
 
-317.00,154.00,-417.00
 
-320.00,153.00,-417.00
 
-314.00,155.00,-423.00
 
-307.00,154.00,-423.00
 
-304.00,156.00,-424.00
 
-298.00,159.00,-428.00
 
-293.00,160.00,-431.00
 
-296.00,160.00,-430.00
 
-296.00,160.00,-430.00
 
-299.00,164.00,-428.00
 
-301.00,162.00,-431.00
 
-298.00,160.00,-429.00
 
-296.00,159.00,-430.00
 
-295.00,157.00,-428.00
 
-301.00,160.00,-427.00
 
-297.00,156.00,-429.00
 
-299.00,158.00,-429.00
 
-299.00,158.00,-429.00
 
-299.00,164.00,-437.00
 
-297.00,158.00,-426.00
 
-302.00,162.00,-424.00
 
-307.00,165.00,-424.00
 
-304.00,167.00,-424.00
 
-306.00,168.00,-424.00
 
-302.00,170.00,-427.00
 
-304.00,176.00,-425.00
 
-304.00,176.00,-425.00
 
-304.00,176.00,-425.00
 
-303.00,178.00,-422.00
 
-302.00,182.00,-423.00
 
-305.00,182.00,-423.00
 
-301.00,184.00,-422.00
 
-299.00,182.00,-423.00
 
-302.00,183.00,-424.00
 
-306.00,183.00,-423.00
 
-305.00,186.00,-423.00
 
-305.00,186.00,-423.00
 
-300.00,183.00,-424.00
 
-304.00,184.00,-420.00
 
-310.00,183.00,-422.00
 
-310.00,184.00,-419.00
 
-309.00,185.00,-420.00
 
-309.00,186.00,-419.00
 
-309.00,185.00,-418.00
 
-312.00,186.00,-421.00
 
-312.00,186.00,-421.00
 
-309.00,183.00,-416.00
 
-312.00,184.00,-419.00
 
-313.00,184.00,-420.00
 
-314.00,186.00,-416.00
 
-317.00,185.00,-416.00
 
-319.00,182.00,-416.00
 
-317.00,184.00,-416.00
 
-314.00,185.00,-416.00
 
-317.00,182.00,-417.00
 
-317.00,182.00,-417.00
 
-311.00,177.00,-419.00
 
-315.00,181.00,-413.00
 
-317.00,173.00,-418.00
 
-322.00,168.00,-413.00
 
-324.00,173.00,-413.00
 
-328.00,174.00,-409.00
 
-327.00,175.00,-411.00
 
-329.00,178.00,-408.00
 
-329.00,178.00,-408.00
 
-323.00,189.00,-418.00
 
-319.00,189.00,-417.00
 
-311.00,192.00,-418.00
 
-309.00,192.00,-419.00
 
-314.00,199.00,-415.00
 
-314.00,201.00,-415.00
 
-313.00,200.00,-413.00
 
-314.00,198.00,-412.00
 
-314.00,198.00,-412.00
 
-314.00,193.00,-410.00
 
-324.00,197.00,-413.00
 
-322.00,189.00,-411.00
 
-324.00,186.00,-410.00
 
-319.00,185.00,-414.00
 
-322.00,189.00,-412.00
 
-318.00,188.00,-412.00
 
-318.00,185.00,-418.00
 
-314.00,184.00,-417.00
 
-315.00,187.00,-416.00
 
-314.00,193.00,-416.00
 
-314.00,193.00,-416.00
 
-323.00,210.00,-409.00
 
-319.00,213.00,-408.00
 
-321.00,222.00,-401.00
 
-323.00,234.00,-399.00
 
-324.00,248.00,-395.00
 
-324.00,263.00,-391.00
 
-323.00,274.00,-386.00
 
-316.00,286.00,-388.00
 
-307.00,299.00,-389.00
 
-296.00,310.00,-385.00
 
-290.00,325.00,-385.00
 
-285.00,344.00,-379.00
 
-285.00,344.00,-379.00
 
-285.00,344.00,-379.00
 
-275.00,377.00,-365.00
 
-255.00,386.00,-364.00
 
-251.00,402.00,-359.00
 
-244.00,418.00,-359.00
 
-232.00,427.00,-352.00
 
-222.00,439.00,-352.00
 
-213.00,453.00,-344.00
 
-197.00,466.00,-337.00
 
-187.00,483.00,-328.00
 
-172.00,492.00,-324.00
 
-157.00,498.00,-325.00
 
-140.00,500.00,-328.00
 
-129.00,500.00,-334.00
 
-115.00,507.00,-333.00
 
-100.00,501.00,-339.00
 
-89.00,501.00,-340.00
 
-76.00,498.00,-347.00
 
-59.00,499.00,-346.00
 
-47.00,500.00,-343.00
 
-36.00,505.00,-344.00
 
-24.00,506.00,-343.00
 
-10.00,506.00,-337.00
 
0.00,510.00,-338.00
 
0.00,510.00,-338.00
 
11.00,520.00,-345.00
 
20.00,513.00,-328.00
 
34.00,515.00,-329.00
 
46.00,509.00,-333.00
 
57.00,508.00,-340.00
 
69.00,504.00,-337.00
 
85.00,504.00,-332.00
 
99.00,502.00,-330.00
 
99.00,502.00,-330.00
 
107.00,506.00,-333.00
 
113.00,498.00,-331.00
 
117.00,500.00,-327.00
 
127.00,501.00,-325.00
 
133.00,494.00,-322.00
 
139.00,494.00,-324.00
 
145.00,488.00,-328.00
 
149.00,483.00,-327.00
 
149.00,483.00,-327.00
 
164.00,472.00,-330.00
 
171.00,471.00,-335.00
 
176.00,464.00,-339.00
 
185.00,451.00,-340.00
 
193.00,446.00,-340.00
 
198.00,439.00,-346.00
 
206.00,434.00,-348.00
 
211.00,425.00,-350.00
 
211.00,425.00,-350.00
 
219.00,418.00,-360.00
 
221.00,406.00,-360.00
 
224.00,399.00,-366.00
 
224.00,389.00,-368.00
 
225.00,382.00,-370.00
 
224.00,370.00,-380.00
 
229.00,358.00,-381.00
 
231.00,347.00,-386.00
 
231.00,347.00,-386.00
 
244.00,334.00,-388.00
 
238.00,325.00,-394.00
 
239.00,311.00,-399.00
 
244.00,296.00,-402.00
 
245.00,293.00,-406.00
 
250.00,279.00,-406.00
 
252.00,270.00,-409.00
 
256.00,253.00,-411.00
 
256.00,253.00,-411.00
 
261.00,242.00,-419.00
 
255.00,232.00,-416.00
 
258.00,226.00,-415.00
 
259.00,222.00,-419.00
 
261.00,213.00,-420.00
 
256.00,205.00,-420.00
 
258.00,200.00,-418.00
 
257.00,199.00,-425.00
 
257.00,199.00,-425.00
 
260.00,201.00,-426.00
 
250.00,203.00,-421.00
 
251.00,198.00,-423.00
 
251.00,202.00,-426.00
 
247.00,207.00,-426.00
 
251.00,211.00,-422.00
 
252.00,221.00,-422.00
 
248.00,225.00,-420.00
 
248.00,225.00,-420.00
 
252.00,232.00,-421.00
 
248.00,238.00,-419.00
 
251.00,247.00,-419.00
 
246.00,257.00,-416.00
 
245.00,266.00,-414.00
 
236.00,270.00,-413.00
 
239.00,277.00,-413.00
 
236.00,283.00,-413.00
 
236.00,283.00,-413.00
 
240.00,292.00,-412.00
 
241.00,288.00,-416.00
 
231.00,294.00,-412.00
 
227.00,301.00,-406.00
 
225.00,310.00,-408.00
 
224.00,317.00,-412.00
 
218.00,327.00,-405.00
 
212.00,331.00,-405.00
 
212.00,331.00,-405.00
 
213.00,339.00,-404.00
 
200.00,340.00,-403.00
 
201.00,349.00,-401.00
 
197.00,352.00,-403.00
 
191.00,355.00,-405.00
 
184.00,355.00,-406.00
 
181.00,361.00,-407.00
 
174.00,363.00,-405.00
 
174.00,363.00,-405.00
 
161.00,375.00,-403.00
 
143.00,386.00,-412.00
 
124.00,391.00,-403.00
 
110.00,398.00,-409.00
 
100.00,402.00,-407.00
 
80.00,409.00,-405.00
 
61.00,414.00,-405.00
 
44.00,419.00,-408.00
 
44.00,419.00,-408.00
 
26.00,419.00,-412.00
 
6.00,428.00,-408.00
 
-6.00,417.00,-414.00
 
-17.00,408.00,-414.00
 
-26.00,407.00,-420.00
 
-37.00,400.00,-423.00
 
-45.00,394.00,-425.00
 
-55.00,392.00,-424.00
 
-63.00,391.00,-425.00
 
-66.00,387.00,-427.00
 
-75.00,384.00,-428.00
 
-75.00,384.00,-428.00
 
-79.00,378.00,-427.00
 
-100.00,379.00,-425.00
 
-105.00,381.00,-424.00
 
-109.00,377.00,-424.00
 
-118.00,377.00,-423.00
 
-125.00,377.00,-423.00
 
-127.00,377.00,-422.00
 
-134.00,376.00,-422.00
 
-134.00,376.00,-422.00
 
-131.00,369.00,-430.00
 
-135.00,362.00,-426.00
 
-136.00,356.00,-430.00
 
-142.00,352.00,-431.00
 
-149.00,353.00,-434.00
 
-157.00,346.00,-431.00
 
-159.00,338.00,-434.00
 
-163.00,332.00,-436.00
 
-163.00,332.00,-436.00
 
-167.00,332.00,-433.00
 
-176.00,325.00,-436.00
 
-180.00,323.00,-434.00
 
-179.00,320.00,-437.00
 
-179.00,313.00,-438.00
 
-179.00,310.00,-439.00
 
-180.00,308.00,-443.00
 
-181.00,308.00,-441.00
 
-181.00,308.00,-441.00
 
-177.00,306.00,-442.00
 
-177.00,301.00,-441.00
 
-182.00,303.00,-442.00
 
-188.00,306.00,-440.00
 
-185.00,308.00,-439.00
 
-192.00,302.00,-443.00
 
-198.00,296.00,-439.00
 
-204.00,287.00,-440.00
 
-204.00,287.00,-440.00
 
-215.00,284.00,-444.00
 
-230.00,272.00,-435.00
 
-237.00,265.00,-436.00
 
-243.00,252.00,-434.00
 
-254.00,248.00,-435.00
 
-260.00,240.00,-433.00
 
-269.00,236.00,-431.00
 
-270.00,229.00,-431.00
 
-270.00,229.00,-431.00
 
-269.00,217.00,-431.00
 
-277.00,221.00,-426.00
 
-282.00,209.00,-429.00
 
-285.00,203.00,-430.00
 
-289.00,196.00,-430.00
 
-295.00,191.00,-428.00
 
-295.00,184.00,-426.00
 
-304.00,176.00,-423.00
 
-304.00,176.00,-423.00
 
-304.00,176.00,-423.00
 
-311.00,152.00,-423.00
 
-308.00,147.00,-424.00
 
-303.00,139.00,-427.00
 
-307.00,130.00,-428.00
 
-301.00,120.00,-430.00
 
-298.00,109.00,-434.00
 
-293.00,101.00,-436.00
 
-293.00,101.00,-436.00
 
-293.00,101.00,-436.00
 
-279.00,77.00,-437.00
 
-278.00,55.00,-441.00
 
-274.00,42.00,-443.00
 
-271.00,31.00,-440.00
 
-264.00,22.00,-443.00
 
-258.00,14.00,-442.00
 
-253.00,-2.00,-443.00
 
-248.00,-14.00,-442.00
 
-244.00,-22.00,-441.00
 
-244.00,-22.00,-441.00
 
-244.00,-22.00,-441.00
 
-222.00,-43.00,-446.00
 
-214.00,-47.00,-449.00
 
-213.00,-56.00,-448.00
 
-206.00,-71.00,-445.00
 
-201.00,-81.00,-440.00
 
-190.00,-90.00,-438.00
 
-186.00,-97.00,-439.00
 
-178.00,-109.00,-438.00
 
-166.00,-116.00,-437.00
 
-158.00,-126.00,-436.00
 
-151.00,-133.00,-432.00
 
-141.00,-142.00,-432.00
 
-133.00,-146.00,-431.00
 
-125.00,-154.00,-430.00
 
-116.00,-161.00,-428.00
 
-109.00,-166.00,-426.00
 
-99.00,-173.00,-423.00
 
-90.00,-178.00,-420.00
 
-90.00,-190.00,-417.00
 
-80.00,-194.00,-414.00
 
-76.00,-198.00,-415.00
 
-70.00,-200.00,-410.00
 
-60.00,-203.00,-410.00
 
-54.00,-206.00,-410.00
 
-45.00,-208.00,-409.00
 
-45.00,-207.00,-413.00
 
-42.00,-207.00,-413.00
 
-38.00,-203.00,-408.00
 
-29.00,-204.00,-418.00
 
-30.00,-205.00,-411.00
 
-25.00,-205.00,-407.00
 
-17.00,-204.00,-410.00
 
-14.00,-192.00,-416.00
 
-10.00,-192.00,-418.00
 
-6.00,-189.00,-417.00
 
-2.00,-185.00,-419.00
 
-3.00,-181.00,-423.00
 
2.00,-179.00,-424.00
 
2.00,-175.00,-423.00
 
4.00,-174.00,-430.00
 
4.00,-173.00,-427.00
 
5.00,-168.00,-427.00
 
4.00,-165.00,-430.00
 
4.00,-161.00,-435.00
 
3.00,-160.00,-433.00
 
2.00,-164.00,-434.00
 
-5.00,-166.00,-431.00
 
-10.00,-165.00,-430.00
 
-22.00,-172.00,-430.00
 
-27.00,-172.00,-430.00
 
-38.00,-173.00,-429.00
 
-50.00,-176.00,-424.00
 
-59.00,-180.00,-428.00
 
-59.00,-180.00,-428.00
 
-59.00,-180.00,-428.00
 
-85.00,-177.00,-427.00
 
-99.00,-184.00,-427.00
 
-117.00,-191.00,-410.00
 
-133.00,-188.00,-407.00
 
-147.00,-187.00,-406.00
 
-153.00,-187.00,-403.00
 
-163.00,-183.00,-404.00
 
-170.00,-182.00,-401.00
 
-176.00,-182.00,-400.00
 
-189.00,-179.00,-400.00
 
-202.00,-176.00,-395.00
 
-207.00,-176.00,-395.00
 
-215.00,-167.00,-393.00
 
-217.00,-163.00,-397.00
 
-218.00,-158.00,-399.00
 
-211.00,-155.00,-401.00
 
-207.00,-152.00,-406.00
 
-212.00,-149.00,-406.00
 
-220.00,-146.00,-406.00
 
-246.00,-128.00,-406.00
 
-269.00,-100.00,-405.00
 
-280.00,-89.00,-402.00
 
-294.00,-81.00,-400.00
 
-305.00,-72.00,-397.00
 
-310.00,-63.00,-392.00
 
-310.00,-54.00,-403.00
 
-316.00,-54.00,-403.00
 
-320.00,-37.00,-400.00
 
-323.00,-29.00,-408.00
 
-320.00,-14.00,-404.00
 
-318.00,-13.00,-412.00
 
-315.00,-4.00,-410.00
 
-313.00,-3.00,-411.00
 
-317.00,-2.00,-411.00
 
-327.00,8.00,-405.00
 
-335.00,12.00,-400.00
 
-336.00,23.00,-403.00
 
-330.00,28.00,-407.00
 
-336.00,40.00,-403.00
 
-331.00,48.00,-406.00
 
-331.00,54.00,-408.00
 
-338.00,54.00,-408.00
 
-337.00,80.00,-414.00
 
-333.00,96.00,-412.00
 
-331.00,110.00,-414.00
 
-327.00,131.00,-413.00
 
-328.00,150.00,-414.00
 
-327.00,164.00,-409.00
 
-338.00,179.00,-404.00
 
-336.00,196.00,-398.00
 
-336.00,196.00,-398.00
 
-339.00,216.00,-401.00
 
-330.00,227.00,-395.00
 
-323.00,246.00,-395.00
 
-317.00,259.00,-396.00
 
-307.00,274.00,-395.00
 
-297.00,296.00,-397.00
 
-282.00,311.00,-392.00
 
-270.00,333.00,-395.00
 
-270.00,333.00,-395.00
 
-252.00,353.00,-397.00
 
-241.00,358.00,-394.00
 
-227.00,370.00,-394.00
 
-212.00,384.00,-393.00
 
-201.00,389.00,-392.00
 
-193.00,396.00,-395.00
 
-180.00,400.00,-395.00
 
-175.00,402.00,-396.00
 
-175.00,402.00,-396.00
 
-168.00,410.00,-399.00
 
-165.00,416.00,-392.00
 
-157.00,413.00,-392.00
 
-153.00,415.00,-395.00
 
-145.00,413.00,-396.00
 
-134.00,422.00,-396.00
 
-119.00,421.00,-395.00
 
-104.00,428.00,-398.00
 
-104.00,428.00,-398.00
 
-86.00,425.00,-400.00
 
-72.00,423.00,-399.00
 
-56.00,422.00,-405.00
 
-39.00,423.00,-405.00
 
-24.00,419.00,-404.00
 
-7.00,421.00,-411.00
 
9.00,416.00,-409.00
 
33.00,417.00,-410.00
 
33.00,417.00,-410.00
 
52.00,410.00,-414.00
 
70.00,416.00,-400.00
 
88.00,416.00,-402.00
 
101.00,407.00,-401.00
 
117.00,400.00,-404.00
 
137.00,394.00,-402.00
 
149.00,388.00,-403.00
 
159.00,379.00,-401.00
 
159.00,379.00,-401.00
 
167.00,374.00,-411.00
 
177.00,365.00,-403.00
 
177.00,359.00,-406.00
 
185.00,354.00,-404.00
 
187.00,349.00,-404.00
 
195.00,349.00,-405.00
 
189.00,343.00,-404.00
 
193.00,345.00,-406.00
 
193.00,345.00,-406.00
 
197.00,343.00,-401.00
 
200.00,344.00,-402.00
 
202.00,343.00,-404.00
 
200.00,342.00,-404.00
 
203.00,344.00,-401.00
 
206.00,340.00,-402.00
 
211.00,337.00,-400.00
 
212.00,333.00,-404.00
 
212.00,333.00,-404.00
 
215.00,337.00,-401.00
 
215.00,334.00,-402.00
 
213.00,334.00,-400.00
 
216.00,333.00,-398.00
 
219.00,332.00,-398.00
 
221.00,331.00,-398.00
 
225.00,331.00,-399.00
 
229.00,329.00,-395.00
 
229.00,329.00,-395.00
 
235.00,330.00,-388.00
 
228.00,335.00,-392.00
 
230.00,336.00,-389.00
 
224.00,344.00,-391.00
 
221.00,344.00,-392.00
 
212.00,358.00,-390.00
 
202.00,365.00,-392.00
 
187.00,371.00,-394.00
 
187.00,371.00,-394.00
 
179.00,380.00,-395.00
 
157.00,386.00,-398.00
 
147.00,393.00,-398.00
 
131.00,398.00,-402.00
 
113.00,401.00,-404.00
 
95.00,403.00,-408.00
 
79.00,402.00,-410.00
 
59.00,400.00,-414.00
 
59.00,400.00,-414.00
 
42.00,408.00,-410.00
 
16.00,403.00,-423.00
 
5.00,397.00,-418.00
 
-10.00,394.00,-421.00
 
-25.00,399.00,-421.00
 
-52.00,400.00,-420.00
 
-69.00,398.00,-420.00
 
-80.00,393.00,-421.00
 
-80.00,393.00,-421.00
 
-80.00,393.00,-421.00
 
-106.00,392.00,-425.00
 
-114.00,383.00,-421.00
 
-120.00,378.00,-421.00
 
-128.00,376.00,-425.00
 
-135.00,372.00,-421.00
 
-139.00,367.00,-422.00
 
-145.00,370.00,-423.00
 
-145.00,370.00,-423.00
 
-145.00,370.00,-423.00
 
-158.00,363.00,-422.00
 
-159.00,359.00,-425.00
 
-163.00,354.00,-427.00
 
-168.00,354.00,-422.00
 
-170.00,354.00,-423.00
 
-173.00,351.00,-422.00
 
-175.00,347.00,-421.00
 
-175.00,347.00,-421.00
 
-175.00,347.00,-421.00
 
-183.00,350.00,-420.00
 
-185.00,348.00,-423.00
 
-195.00,346.00,-420.00
 
-199.00,339.00,-422.00
 
-205.00,338.00,-418.00
 
-210.00,335.00,-418.00
 
-215.00,325.00,-419.00
 
-215.00,321.00,-419.00
 
-225.00,321.00,-424.00
 
-217.00,317.00,-420.00
 
-226.00,308.00,-426.00
 
-230.00,302.00,-429.00
 
-232.00,301.00,-423.00
 
-235.00,297.00,-422.00
 
-240.00,291.00,-425.00
 
-240.00,290.00,-429.00
 
-240.00,286.00,-431.00
 
-244.00,286.00,-431.00
 
-247.00,285.00,-426.00
 
-251.00,278.00,-425.00
 
-257.00,268.00,-421.00
 
-261.00,262.00,-424.00
 
-264.00,251.00,-426.00
 
-270.00,239.00,-424.00
 
-275.00,228.00,-427.00
 
-275.00,221.00,-429.00
 
-284.00,221.00,-429.00
 
-286.00,219.00,-429.00
 
-290.00,204.00,-423.00
 
-297.00,192.00,-424.00
 
-306.00,183.00,-418.00
 
-314.00,176.00,-419.00
 
-314.00,162.00,-417.00
 
-319.00,149.00,-417.00
 
-319.00,142.00,-425.00
 
-321.00,142.00,-425.00
 
-322.00,137.00,-418.00
 
-322.00,119.00,-416.00
 
-324.00,107.00,-416.00
 
-321.00,99.00,-417.00
 
-318.00,87.00,-418.00
 
-320.00,75.00,-419.00
 
-320.00,68.00,-417.00
 
-320.00,51.00,-425.00
 
-320.00,51.00,-425.00
 
-309.00,49.00,-424.00
 
-307.00,40.00,-422.00
 
-304.00,29.00,-422.00
 
-302.00,16.00,-424.00
 
-296.00,5.00,-425.00
 
-290.00,-1.00,-427.00
 
-283.00,-12.00,-423.00
 
-276.00,-28.00,-422.00
 
-267.00,-36.00,-425.00
 
-261.00,-47.00,-430.00
 
-252.00,-54.00,-430.00
 
-237.00,-63.00,-435.00
 
-237.00,-63.00,-435.00
 
-237.00,-63.00,-435.00
 
-210.00,-86.00,-437.00
 
-207.00,-91.00,-441.00
 
-201.00,-97.00,-433.00
 
-193.00,-107.00,-432.00
 
-187.00,-111.00,-433.00
 
-181.00,-122.00,-429.00
 
-169.00,-128.00,-430.00
 
-163.00,-131.00,-428.00
 
-157.00,-131.00,-431.00
 
-151.00,-135.00,-434.00
 
-143.00,-138.00,-434.00
 
-137.00,-138.00,-433.00
 
-129.00,-143.00,-435.00
 
-118.00,-137.00,-436.00
 
-107.00,-139.00,-440.00
 
-96.00,-138.00,-438.00
 
-90.00,-136.00,-440.00
 
-87.00,-139.00,-441.00
 
-75.00,-137.00,-444.00
 
-70.00,-127.00,-447.00
 
-66.00,-127.00,-450.00
 
-56.00,-122.00,-450.00
 
-54.00,-123.00,-450.00
 
-47.00,-122.00,-450.00
 
-47.00,-119.00,-453.00
 
-47.00,-126.00,-454.00
 
-44.00,-126.00,-454.00
 
-35.00,-121.00,-457.00
 
-35.00,-120.00,-451.00
 
-37.00,-113.00,-454.00
 
-41.00,-112.00,-455.00
 
-41.00,-112.00,-454.00
 
-44.00,-116.00,-453.00
 
-50.00,-120.00,-451.00
 
-58.00,-126.00,-451.00
 
-67.00,-134.00,-443.00
 
-81.00,-141.00,-441.00
 
-98.00,-144.00,-435.00
 
-116.00,-154.00,-430.00
 
-130.00,-155.00,-427.00
 
-148.00,-158.00,-421.00
 
-160.00,-155.00,-417.00
 
-173.00,-155.00,-416.00
 
-188.00,-156.00,-411.00
 
-204.00,-151.00,-408.00
 
-213.00,-149.00,-407.00
 
-223.00,-144.00,-402.00
 
-233.00,-140.00,-402.00
 
-239.00,-133.00,-399.00
 
-248.00,-131.00,-403.00
 
-254.00,-125.00,-403.00
 
-253.00,-116.00,-404.00
 
-254.00,-114.00,-404.00
 
-254.00,-114.00,-404.00
 
-254.00,-114.00,-404.00
 
-257.00,-109.00,-404.00
 
-257.00,-100.00,-412.00
 
-268.00,-83.00,-413.00
 
-268.00,-77.00,-409.00
 
-272.00,-75.00,-411.00
 
-278.00,-67.00,-412.00
 
-286.00,-55.00,-412.00
 
-296.00,-38.00,-412.00
 
-301.00,-28.00,-412.00
 
-303.00,-25.00,-411.00
 
-306.00,-17.00,-412.00
 
-308.00,-10.00,-415.00
 
-304.00,0.00,-416.00
 
-302.00,5.00,-416.00
 
-300.00,10.00,-422.00
 
-302.00,17.00,-422.00
 
-300.00,20.00,-419.00
 
-300.00,20.00,-419.00
 
-302.00,29.00,-425.00
 
-311.00,36.00,-416.00
 
-314.00,44.00,-415.00
 
-321.00,53.00,-413.00
 
-332.00,69.00,-410.00
 
-331.00,84.00,-413.00
 
-328.00,99.00,-416.00
 
-329.00,114.00,-415.00
 
-329.00,114.00,-415.00
 
-335.00,141.00,-410.00
 
-327.00,167.00,-407.00
 
-323.00,192.00,-407.00
 
-325.00,204.00,-404.00
 
-329.00,223.00,-395.00
 
-332.00,244.00,-389.00
 
-332.00,259.00,-387.00
 
-321.00,283.00,-388.00
 
-321.00,283.00,-388.00
 
-300.00,295.00,-385.00
 
-296.00,315.00,-385.00
 
-283.00,330.00,-385.00
 
-267.00,351.00,-386.00
 
-247.00,376.00,-381.00
 
-223.00,396.00,-380.00
 
-204.00,413.00,-376.00
 
-187.00,429.00,-371.00
 
-187.00,429.00,-371.00
 
-162.00,448.00,-371.00
 
-149.00,457.00,-360.00
 
-140.00,469.00,-358.00
 
-137.00,471.00,-359.00
 
-130.00,469.00,-355.00
 
-121.00,476.00,-357.00
 
-112.00,476.00,-358.00
 
-95.00,473.00,-361.00
 
-95.00,473.00,-361.00
 
-71.00,468.00,-363.00
 
-60.00,476.00,-366.00
 
-46.00,478.00,-366.00
 
-25.00,476.00,-368.00
 
-9.00,475.00,-367.00
 
7.00,467.00,-372.00
 
30.00,464.00,-373.00
 
49.00,461.00,-376.00
 
49.00,461.00,-376.00
 
70.00,456.00,-373.00
 
83.00,453.00,-376.00
 
99.00,446.00,-378.00
 
117.00,440.00,-376.00
 
126.00,433.00,-374.00
 
129.00,432.00,-379.00
 
138.00,428.00,-381.00
 
143.00,422.00,-380.00
 
143.00,422.00,-380.00
 
157.00,408.00,-383.00
 
161.00,401.00,-385.00
 
172.00,391.00,-387.00
 
187.00,381.00,-388.00
 
196.00,370.00,-391.00
 
204.00,360.00,-393.00
 
204.00,352.00,-393.00
 
210.00,343.00,-396.00
 
210.00,343.00,-396.00
 
219.00,330.00,-405.00
 
222.00,325.00,-398.00
 
231.00,314.00,-401.00
 
235.00,308.00,-401.00
 
233.00,306.00,-401.00
 
234.00,308.00,-401.00
 
234.00,307.00,-403.00
 
234.00,304.00,-402.00
 
234.00,304.00,-402.00
 
243.00,295.00,-407.00
 
239.00,296.00,-400.00
 
248.00,291.00,-400.00
 
251.00,284.00,-403.00
 
255.00,280.00,-401.00
 
256.00,277.00,-400.00
 
259.00,273.00,-400.00
 
264.00,272.00,-399.00
 
264.00,272.00,-399.00
 
264.00,272.00,-399.00
 
276.00,264.00,-398.00
 
278.00,256.00,-398.00
 
275.00,249.00,-397.00
 
278.00,245.00,-400.00
 
277.00,242.00,-398.00
 
278.00,242.00,-399.00
 
279.00,241.00,-400.00
 
279.00,241.00,-400.00
 
279.00,241.00,-400.00
 
277.00,229.00,-402.00
 
283.00,226.00,-398.00
 
287.00,227.00,-396.00
 
284.00,224.00,-397.00
 
286.00,226.00,-397.00
 
284.00,229.00,-396.00
 
283.00,233.00,-395.00
 
283.00,233.00,-395.00
 
283.00,233.00,-395.00
 
282.00,252.00,-398.00
 
275.00,256.00,-395.00
 
273.00,263.00,-393.00
 
261.00,285.00,-391.00
 
258.00,305.00,-390.00
 
242.00,330.00,-390.00
 
218.00,348.00,-389.00
 
218.00,366.00,-389.00
 
197.00,366.00,-392.00
 
173.00,390.00,-397.00
 
158.00,397.00,-388.00
 
142.00,408.00,-391.00
 
132.00,410.00,-388.00
 
117.00,419.00,-390.00
 
102.00,421.00,-391.00
 
101.00,422.00,-390.00
 
101.00,429.00,-390.00
 
91.00,429.00,-397.00
 
84.00,438.00,-390.00
 
75.00,429.00,-392.00
 
55.00,440.00,-387.00
 
35.00,447.00,-387.00
 
23.00,453.00,-384.00
 
5.00,457.00,-380.00
 
-7.00,466.00,-380.00
 
-7.00,463.00,-387.00
 
-27.00,463.00,-387.00
 
-41.00,460.00,-386.00
 
-51.00,458.00,-380.00
 
-63.00,455.00,-380.00
 
-78.00,451.00,-382.00
 
-82.00,445.00,-385.00
 
-85.00,444.00,-389.00
 
-89.00,438.00,-386.00
 
-89.00,438.00,-396.00
 
-98.00,438.00,-396.00
 
-97.00,422.00,-393.00
 
-109.00,424.00,-396.00
 
-122.00,412.00,-398.00
 
-165.00,390.00,-399.00
 
-218.00,385.00,-388.00
 
-223.00,379.00,-393.00
 
-227.00,370.00,-392.00
 
-227.00,369.00,-391.00
 
-234.00,369.00,-391.00
 
-237.00,352.00,-394.00
 
-253.00,351.00,-390.00
 
-252.00,346.00,-390.00
 
-255.00,345.00,-391.00
 
-259.00,341.00,-393.00
 
-267.00,336.00,-390.00
 
-278.00,329.00,-389.00
 
-278.00,324.00,-386.00
 
-289.00,324.00,-386.00
 
-300.00,322.00,-378.00
 
-309.00,324.00,-371.00
 
-328.00,320.00,-362.00
 
-340.00,313.00,-358.00
 
-350.00,301.00,-356.00
 
-363.00,282.00,-355.00
 
-366.00,260.00,-356.00
 
-366.00,237.00,-355.00
 
-378.00,237.00,-355.00
 
-390.00,215.00,-355.00
 
-397.00,185.00,-355.00
 
-402.00,164.00,-353.00
 
-398.00,139.00,-355.00
 
-402.00,119.00,-358.00
 
-403.00,99.00,-358.00
 
-401.00,77.00,-360.00
 
-401.00,62.00,-366.00
 
-396.00,62.00,-366.00
 
-391.00,47.00,-360.00
 
-390.00,31.00,-367.00
 
-381.00,22.00,-367.00
 
-380.00,6.00,-366.00
 
-374.00,-2.00,-368.00
 
-365.00,-19.00,-372.00
 
-351.00,-29.00,-377.00
 
-337.00,-52.00,-385.00
 
-322.00,-57.00,-390.00
 
-307.00,-67.00,-392.00
 
-292.00,-77.00,-399.00
 
-282.00,-81.00,-403.00
 
-277.00,-89.00,-401.00
 
-272.00,-99.00,-402.00
 
-272.00,-99.00,-402.00
 
-272.00,-99.00,-402.00
 
-273.00,-104.00,-399.00
 
-263.00,-115.00,-408.00
 
-267.00,-115.00,-398.00
 
-265.00,-118.00,-398.00
 
-272.00,-120.00,-394.00
 
-267.00,-129.00,-389.00
 
-262.00,-139.00,-390.00
 
-250.00,-145.00,-392.00
 
-228.00,-149.00,-397.00
 
-207.00,-155.00,-401.00
 
-193.00,-159.00,-405.00
 
-177.00,-160.00,-413.00
 
-163.00,-158.00,-417.00
 
-154.00,-164.00,-416.00
 
-140.00,-168.00,-417.00
 
-131.00,-169.00,-419.00
 
-120.00,-170.00,-423.00
 
-102.00,-167.00,-421.00
 
-84.00,-168.00,-425.00
 
-67.00,-172.00,-426.00
 
-54.00,-170.00,-429.00
 
-45.00,-166.00,-429.00
 
-30.00,-157.00,-434.00
 
-19.00,-140.00,-439.00
 
-8.00,-137.00,-441.00
 
-8.00,-138.00,-441.00
 
10.00,-138.00,-446.00
 
14.00,-132.00,-448.00
 
20.00,-122.00,-446.00
 
26.00,-117.00,-448.00
 
39.00,-108.00,-454.00
 
49.00,-102.00,-454.00
 
57.00,-99.00,-453.00
 
65.00,-93.00,-456.00
 
67.00,-86.00,-456.00
 
75.00,-81.00,-454.00
 
77.00,-85.00,-456.00
 
76.00,-81.00,-455.00
 
77.00,-86.00,-456.00
 
72.00,-83.00,-456.00
 
72.00,-84.00,-454.00
 
67.00,-93.00,-453.00
 
62.00,-100.00,-453.00
 
60.00,-105.00,-452.00
 
50.00,-110.00,-447.00
 
50.00,-112.00,-447.00
 
50.00,-118.00,-447.00
 
41.00,-118.00,-447.00
 
40.00,-135.00,-444.00
 
27.00,-140.00,-446.00
 
8.00,-136.00,-439.00
 
-9.00,-147.00,-440.00
 
-22.00,-155.00,-433.00
 
-35.00,-166.00,-432.00
 
-50.00,-166.00,-426.00
 
-69.00,-171.00,-425.00
 
-87.00,-180.00,-418.00
 
-107.00,-187.00,-412.00
 
-124.00,-195.00,-405.00
 
-149.00,-197.00,-395.00
 
-169.00,-196.00,-389.00
 
-182.00,-196.00,-386.00
 
-192.00,-190.00,-385.00
 
-203.00,-188.00,-386.00
 
-213.00,-185.00,-388.00
 
-218.00,-178.00,-388.00
 
-225.00,-172.00,-386.00
 
-233.00,-169.00,-385.00
 
-246.00,-163.00,-382.00
 
-249.00,-161.00,-385.00
 
-261.00,-150.00,-381.00
 
-270.00,-145.00,-383.00
 
-279.00,-139.00,-378.00
 
-279.00,-136.00,-373.00
 
-296.00,-136.00,-373.00
 
-306.00,-122.00,-375.00
 
-315.00,-121.00,-374.00
 
-323.00,-102.00,-369.00
 
-329.00,-92.00,-373.00
 
-337.00,-80.00,-369.00
 
-350.00,-65.00,-367.00
 
-357.00,-50.00,-366.00
 
-369.00,-33.00,-365.00
 
-374.00,-17.00,-367.00
 
-374.00,-4.00,-367.00
 
-379.00,11.00,-365.00
 
-388.00,20.00,-363.00
 
-385.00,-41.00,-349.00
 
-385.00,-35.00,-354.00
 
-385.00,-34.00,-353.00
 
-385.00,-41.00,-349.00
 
-386.00,-41.00,-350.00
 
-383.00,-45.00,-346.00
 
-382.00,-41.00,-351.00
 
-382.00,-42.00,-348.00
 
-380.00,-41.00,-349.00
 
-378.00,-42.00,-352.00
 
-380.00,-43.00,-351.00
 
-380.00,-48.00,-348.00
 
-376.00,-46.00,-350.00
 
-376.00,-48.00,-350.00
 
-378.00,-48.00,-350.00
 
-368.00,-58.00,-350.00
 
-371.00,-50.00,-352.00
 
-371.00,-61.00,-357.00
 
-365.00,-63.00,-359.00
 
-359.00,-69.00,-360.00
 
-357.00,-71.00,-360.00
 
-353.00,-78.00,-364.00
 
-349.00,-84.00,-364.00
 
-348.00,-85.00,-363.00
 
-339.00,-93.00,-362.00
 
-340.00,-99.00,-363.00
 
-343.00,-102.00,-360.00
 
-338.00,-105.00,-358.00
 
-334.00,-107.00,-361.00
 
-333.00,-112.00,-359.00
 
-334.00,-112.00,-354.00
 
-334.00,-120.00,-356.00
 
-334.00,-126.00,-352.00
 
-328.00,-132.00,-352.00
 
-325.00,-137.00,-349.00
 
-326.00,-143.00,-346.00
 
-331.00,-145.00,-343.00
 
-333.00,-147.00,-342.00
 
-331.00,-151.00,-338.00
 
-332.00,-154.00,-337.00
 
-328.00,-158.00,-339.00
 
-328.00,-158.00,-339.00
 
-328.00,-158.00,-339.00
 
-332.00,-171.00,-325.00
 
-339.00,-160.00,-325.00
 
-346.00,-170.00,-314.00
 
-345.00,-169.00,-314.00
 
-345.00,-170.00,-315.00
 
-346.00,-172.00,-310.00
 
-342.00,-178.00,-313.00
 
-332.00,-182.00,-315.00
 
-332.00,-184.00,-315.00
 
-327.00,-186.00,-316.00
 
-341.00,-188.00,-309.00
 
-353.00,-178.00,-300.00
 
-360.00,-176.00,-299.00
 
-377.00,-166.00,-288.00
 
-389.00,-160.00,-276.00
 
-405.00,-156.00,-268.00
 
-419.00,-142.00,-258.00
 
-422.00,-137.00,-256.00
 
-429.00,-135.00,-251.00
 
-433.00,-134.00,-250.00
 
-429.00,-140.00,-251.00
 
-425.00,-142.00,-248.00
 
-427.00,-143.00,-249.00
 
-432.00,-132.00,-247.00
 
-442.00,-126.00,-244.00
 
-442.00,-112.00,-244.00
 
-446.00,-112.00,-246.00
 
-453.00,-111.00,-243.00
 
-454.00,-104.00,-245.00
 
-459.00,-84.00,-240.00
 
-456.00,-103.00,-242.00
 
-452.00,-97.00,-245.00
 
-441.00,-109.00,-254.00
 
-430.00,-112.00,-264.00
 
-420.00,-116.00,-275.00
 
-405.00,-127.00,-287.00
 
-390.00,-136.00,-298.00
 
-376.00,-146.00,-306.00
 
-371.00,-146.00,-308.00
 
-362.00,-144.00,-316.00
 
-354.00,-141.00,-329.00
 
-343.00,-134.00,-338.00
 
-335.00,-124.00,-352.00
 
-332.00,-114.00,-362.00
 
-334.00,-105.00,-366.00
 
-341.00,-98.00,-358.00
 
-339.00,-99.00,-362.00
 
-338.00,-101.00,-360.00
 
-339.00,-105.00,-362.00
 
-334.00,-105.00,-360.00
 
-328.00,-111.00,-364.00
 
-321.00,-111.00,-367.00
 
-321.00,-109.00,-370.00
 
-317.00,-109.00,-370.00
 
-323.00,-113.00,-370.00
 
-311.00,-105.00,-377.00
 
-312.00,-107.00,-375.00
 
-314.00,-106.00,-378.00
 
-317.00,-100.00,-374.00
 
-320.00,-97.00,-375.00
 
-317.00,-101.00,-376.00
 
-310.00,-104.00,-378.00
 
-298.00,-108.00,-382.00
 
-294.00,-109.00,-382.00
 
-292.00,-112.00,-389.00
 
-288.00,-117.00,-384.00
 
-284.00,-117.00,-389.00
 
-283.00,-115.00,-389.00
 
-282.00,-113.00,-392.00
 
-287.00,-110.00,-388.00
 
-290.00,-114.00,-386.00
 
-294.00,-110.00,-388.00
 
-294.00,-106.00,-387.00
 
-291.00,-112.00,-387.00
 
-286.00,-114.00,-386.00
 
-284.00,-118.00,-388.00
 
-282.00,-121.00,-389.00
 
-281.00,-121.00,-387.00
 
-279.00,-121.00,-386.00
 
-279.00,-129.00,-389.00
 
-276.00,-129.00,-389.00
 
-274.00,-128.00,-390.00
 
-274.00,-121.00,-392.00
 
-277.00,-126.00,-393.00
 
-279.00,-132.00,-383.00
 
-282.00,-130.00,-380.00
 
-284.00,-134.00,-383.00
 
-283.00,-139.00,-380.00
 
-281.00,-142.00,-377.00
 
-280.00,-145.00,-375.00
 
-281.00,-151.00,-373.00
 
-285.00,-153.00,-365.00
 
-290.00,-160.00,-360.00
 
-295.00,-166.00,-356.00
 
-294.00,-170.00,-352.00
 
-295.00,-179.00,-345.00
 
-298.00,-192.00,-334.00
 
-296.00,-207.00,-330.00
 
-286.00,-216.00,-323.00
 
-273.00,-231.00,-326.00
 
-257.00,-243.00,-320.00
 
-242.00,-252.00,-316.00
 
-236.00,-266.00,-313.00
 
-224.00,-274.00,-310.00
 
-219.00,-281.00,-303.00
 
-218.00,-288.00,-293.00
 
-220.00,-291.00,-292.00
 
-220.00,-291.00,-292.00
 
-220.00,-291.00,-292.00
 
-222.00,-302.00,-278.00
 
-226.00,-303.00,-272.00
 
-221.00,-307.00,-271.00
 
-220.00,-306.00,-271.00
 
-220.00,-305.00,-273.00
 
-215.00,-309.00,-276.00
 
-209.00,-306.00,-281.00
 
-196.00,-319.00,-270.00
 
-188.00,-322.00,-267.00
 
-187.00,-324.00,-267.00
 
-182.00,-337.00,-257.00
 
-182.00,-343.00,-248.00
 
-177.00,-344.00,-248.00
 
-167.00,-349.00,-244.00
 
-167.00,-344.00,-250.00
 
-161.00,-342.00,-257.00
 
-155.00,-337.00,-261.00
 
-149.00,-340.00,-267.00
 
-142.00,-335.00,-271.00
 
-136.00,-337.00,-270.00
 
-130.00,-345.00,-268.00
 
-129.00,-344.00,-264.00
 
-124.00,-346.00,-264.00
 
-121.00,-344.00,-266.00
 
-119.00,-346.00,-272.00
 
-119.00,-346.00,-272.00
 
-119.00,-346.00,-272.00
 
-107.00,-341.00,-266.00
 
-103.00,-343.00,-280.00
 
-106.00,-336.00,-275.00
 
-109.00,-339.00,-277.00
 
-106.00,-343.00,-273.00
 
-104.00,-342.00,-270.00
 
-101.00,-345.00,-269.00
 
-97.00,-346.00,-269.00
 
-92.00,-352.00,-265.00
 
-88.00,-353.00,-264.00
 
-85.00,-354.00,-265.00
 
-87.00,-355.00,-262.00
 
-84.00,-352.00,-266.00
 
-84.00,-346.00,-268.00
 
-86.00,-345.00,-273.00
 
-83.00,-345.00,-274.00
 
-83.00,-345.00,-275.00
 
-88.00,-345.00,-274.00
 
-87.00,-345.00,-273.00
 
-85.00,-344.00,-270.00
 
-87.00,-351.00,-266.00
 
-88.00,-348.00,-264.00
 
-83.00,-355.00,-267.00
 
-86.00,-349.00,-268.00
 
-88.00,-348.00,-271.00
 
-88.00,-345.00,-272.00
 
-92.00,-345.00,-272.00
 
-87.00,-355.00,-270.00
 
-93.00,-345.00,-274.00
 
-100.00,-346.00,-277.00
 
-102.00,-355.00,-258.00
 
-98.00,-356.00,-247.00
 
-100.00,-367.00,-238.00
 
-102.00,-368.00,-236.00
 
-107.00,-367.00,-239.00
 
-107.00,-365.00,-241.00
 
-105.00,-368.00,-239.00
 
-112.00,-367.00,-233.00
 
-116.00,-371.00,-225.00
 
-122.00,-376.00,-218.00
 
-119.00,-381.00,-207.00
 
-122.00,-383.00,-195.00
 
-128.00,-391.00,-181.00
 
-135.00,-396.00,-161.00
 
-129.00,-407.00,-143.00
 
-135.00,-406.00,-132.00
 
-140.00,-411.00,-113.00
 
-137.00,-414.00,-95.00
 
-140.00,-417.00,-82.00
 
-142.00,-421.00,-65.00
 
-138.00,-423.00,-46.00
 
-136.00,-425.00,-29.00
 
-136.00,-428.00,-9.00
 
-132.00,-428.00,-9.00
 
-132.00,-424.00,8.00
 
-134.00,-424.00,29.00
 
-130.00,-426.00,49.00
 
-130.00,-427.00,68.00
 
-127.00,-421.00,78.00
 
-122.00,-419.00,97.00
 
-123.00,-417.00,113.00
 
-117.00,-412.00,132.00
 
-113.00,-408.00,141.00
 
-113.00,-408.00,141.00
 
-104.00,-414.00,156.00
 
-108.00,-401.00,169.00
 
-108.00,-395.00,187.00
 
-105.00,-389.00,205.00
 
-101.00,-384.00,219.00
 
-100.00,-376.00,235.00
 
-92.00,-368.00,243.00
 
-87.00,-361.00,264.00
 
-87.00,-361.00,264.00
 
-84.00,-345.00,276.00
 
-82.00,-341.00,290.00
 
-76.00,-336.00,302.00
 
-68.00,-321.00,316.00
 
-66.00,-310.00,331.00
 
-61.00,-299.00,345.00
 
-61.00,-290.00,357.00
 
-60.00,-277.00,366.00
 
-60.00,-277.00,366.00
 
-48.00,-276.00,378.00
 
-52.00,-257.00,388.00
 
-46.00,-241.00,402.00
 
-46.00,-228.00,413.00
 
-43.00,-217.00,420.00
 
-38.00,-202.00,431.00
 
-37.00,-189.00,439.00
 
-33.00,-170.00,452.00
 
-33.00,-170.00,452.00
 
-27.00,-170.00,459.00
 
-20.00,-145.00,463.00
 
-24.00,-134.00,467.00
 
-21.00,-117.00,478.00
 
-19.00,-104.00,480.00
 
-16.00,-90.00,489.00
 
-13.00,-75.00,492.00
 
-12.00,-64.00,499.00
 
-12.00,-64.00,499.00
 
-2.00,-54.00,496.00
 
-6.00,-38.00,507.00
 
-2.00,-20.00,511.00
 
7.00,-12.00,511.00
 
7.00,0.00,512.00
 
6.00,13.00,520.00
 
15.00,28.00,518.00
 
17.00,39.00,524.00
 
17.00,39.00,524.00
 
17.00,39.00,524.00
 
21.00,66.00,522.00
 
24.00,77.00,526.00
 
31.00,88.00,523.00
 
33.00,102.00,527.00
 
37.00,110.00,525.00
 
41.00,121.00,525.00
 
39.00,133.00,525.00
 
39.00,133.00,525.00
 
39.00,133.00,525.00
 
45.00,156.00,522.00
 
38.00,177.00,521.00
 
38.00,193.00,521.00
 
34.00,209.00,516.00
 
27.00,228.00,514.00
 
22.00,253.00,510.00
 
17.00,270.00,507.00
 
17.00,270.00,507.00
 
17.00,270.00,507.00
 
8.00,301.00,495.00
 
10.00,316.00,490.00
 
11.00,335.00,485.00
 
5.00,354.00,476.00
 
9.00,371.00,469.00
 
13.00,386.00,462.00
 
14.00,402.00,450.00
 
14.00,402.00,450.00
 
14.00,402.00,450.00
 
11.00,438.00,428.00
 
15.00,454.00,421.00
 
15.00,465.00,410.00
 
17.00,481.00,402.00
 
13.00,495.00,384.00
 
10.00,512.00,372.00
 
7.00,525.00,358.00
 
7.00,525.00,358.00
 
7.00,525.00,358.00
 
3.00,552.00,334.00
 
4.00,557.00,321.00
 
-2.00,569.00,307.00
 
-5.00,579.00,297.00
 
-8.00,585.00,281.00
 
-8.00,593.00,271.00
 
-13.00,600.00,257.00
 
-13.00,600.00,257.00
 
-13.00,600.00,257.00
 
-12.00,627.00,234.00
 
-17.00,621.00,221.00
 
-22.00,626.00,215.00
 
-22.00,629.00,208.00
 
-25.00,630.00,194.00
 
-32.00,634.00,182.00
 
-32.00,637.00,178.00
 
-32.00,639.00,178.00
 
-29.00,639.00,172.00
 
-34.00,635.00,168.00
 
-40.00,642.00,162.00
 
-47.00,646.00,159.00
 
-46.00,646.00,153.00
 
-46.00,641.00,151.00
 
-46.00,642.00,158.00
 
-47.00,644.00,161.00
 
-47.00,644.00,161.00
 
-47.00,644.00,161.00
 
-45.00,639.00,167.00
 
-50.00,637.00,179.00
 
-47.00,632.00,186.00
 
-42.00,628.00,200.00
 
-43.00,626.00,208.00
 
-43.00,622.00,221.00
 
-42.00,613.00,235.00
 
-42.00,599.00,235.00
 
-45.00,599.00,254.00
 
-39.00,598.00,265.00
 
-41.00,592.00,279.00
 
-42.00,581.00,293.00
 
-44.00,571.00,310.00
 
-38.00,556.00,329.00
 
-41.00,538.00,343.00
 
-40.00,527.00,361.00
 
-40.00,518.00,373.00
 
-39.00,518.00,373.00
 
-38.00,511.00,383.00
 
-37.00,484.00,400.00
 
-35.00,465.00,414.00
 
-35.00,443.00,430.00
 
-34.00,426.00,442.00
 
-37.00,406.00,456.00
 
-37.00,381.00,465.00
 
-37.00,360.00,480.00
 
-41.00,360.00,480.00
 
-41.00,346.00,483.00
 
-35.00,323.00,492.00
 
-40.00,304.00,499.00
 
-38.00,283.00,506.00
 
-43.00,262.00,510.00
 
-42.00,239.00,516.00
 
-45.00,220.00,517.00
 
-45.00,201.00,523.00
 
-44.00,201.00,523.00
 
-46.00,184.00,526.00
 
-47.00,154.00,525.00
 
-48.00,138.00,529.00
 
-47.00,115.00,526.00
 
-44.00,100.00,526.00
 
-44.00,76.00,526.00
 
-40.00,56.00,524.00
 
-40.00,41.00,525.00
 
-40.00,41.00,525.00
 
-38.00,24.00,523.00
 
-26.00,4.00,519.00
 
-22.00,-14.00,514.00
 
-13.00,-31.00,509.00
 
-2.00,-53.00,508.00
 
8.00,-68.00,501.00
 
11.00,-80.00,496.00
 
19.00,-100.00,494.00
 
19.00,-100.00,494.00
 
24.00,-120.00,471.00
 
41.00,-145.00,464.00
 
50.00,-169.00,449.00
 
58.00,-192.00,439.00
 
67.00,-213.00,421.00
 
74.00,-239.00,400.00
 
83.00,-266.00,378.00
 
83.00,-290.00,350.00
 
83.00,-290.00,350.00
 
82.00,-305.00,323.00
 
88.00,-326.00,309.00
 
86.00,-334.00,291.00
 
85.00,-345.00,271.00
 
75.00,-358.00,254.00
 
70.00,-362.00,240.00
 
68.00,-372.00,230.00
 
60.00,-379.00,216.00
 
60.00,-379.00,216.00
 
69.00,-383.00,198.00
 
57.00,-387.00,188.00
 
53.00,-397.00,172.00
 
45.00,-400.00,149.00
 
38.00,-407.00,136.00
 
30.00,-414.00,121.00
 
26.00,-416.00,104.00
 
15.00,-419.00,84.00
 
15.00,-419.00,84.00
 
7.00,-426.00,68.00
 
4.00,-430.00,50.00
 
-2.00,-432.00,33.00
 
-6.00,-432.00,6.00
 
-12.00,-434.00,-12.00
 
-16.00,-431.00,-34.00
 
-21.00,-432.00,-60.00
 
-29.00,-427.00,-87.00
 
-36.00,-424.00,-110.00
 
-46.00,-414.00,-135.00
 
-48.00,-406.00,-159.00
 
-55.00,-401.00,-185.00
 
-60.00,-390.00,-209.00
 
-65.00,-375.00,-235.00
 
-65.00,-363.00,-6.00
 
-65.00,-363.00,-262.00
 
-62.00,-351.00,-279.00
 
-68.00,-332.00,-302.00
 
-78.00,-314.00,-321.00
 
-81.00,-295.00,-343.00
 
-81.00,-273.00,-362.00
 
-87.00,-253.00,-381.00
 
-89.00,-234.00,-397.00
 
-93.00,-211.00,-414.00
 
-97.00,-184.00,-432.00
 
-101.00,-157.00,-444.00
 
-103.00,-130.00,-453.00
 
-106.00,-108.00,-467.00
 
-111.00,-90.00,-471.00
 
-110.00,-69.00,-479.00
 
-111.00,-50.00,-481.00
 
-115.00,-27.00,-488.00
 
-115.00,-8.00,-496.00
 
-113.00,13.00,-497.00
 
-113.00,38.00,-501.00
 
-116.00,65.00,-503.00
 
-116.00,65.00,-503.00
 
-116.00,92.00,-503.00
 
-118.00,117.00,-506.00
 
-120.00,144.00,-502.00
 
-119.00,169.00,-501.00
 
-120.00,192.00,-496.00
 
-121.00,220.00,-491.00
 
-122.00,247.00,-487.00
 
-118.00,269.00,-476.00
 
-118.00,269.00,-476.00
 
-118.00,269.00,-476.00
 
-119.00,316.00,-460.00
 
-120.00,338.00,-450.00
 
-118.00,354.00,-442.00
 
-120.00,370.00,-435.00
 
-116.00,387.00,-429.00
 
-119.00,403.00,-417.00
 
-116.00,420.00,-409.00
 
-116.00,420.00,-409.00
 
-116.00,420.00,-409.00
 
-116.00,461.00,-379.00
 
-112.00,471.00,-369.00
 
-108.00,486.00,-358.00
 
-105.00,498.00,-344.00
 
-105.00,510.00,-329.00
 
-104.00,524.00,-318.00
 
-104.00,530.00,-312.00
 
-104.00,530.00,-312.00
 
-104.00,530.00,-312.00
 
-104.00,561.00,-288.00
 
-102.00,560.00,-275.00
 
-104.00,569.00,-256.00
 
-100.00,580.00,-241.00
 
-102.00,594.00,-222.00
 
-103.00,601.00,-201.00
 
-97.00,613.00,-188.00
 
-97.00,613.00,-188.00
 
-97.00,613.00,-188.00
 
-96.00,614.00,-157.00
 
-95.00,625.00,-137.00
 
-95.00,629.00,-118.00
 
-96.00,638.00,-99.00
 
-99.00,639.00,-83.00
 
-102.00,642.00,-67.00
 
-102.00,642.00,-56.00
 
-102.00,642.00,-56.00
 
-102.00,642.00,-56.00
 
-104.00,650.00,-30.00
 
-101.00,645.00,-11.00
 
-100.00,649.00,4.00
 
-100.00,646.00,16.00
 
-100.00,646.00,27.00
 
-99.00,644.00,36.00
 
-99.00,642.00,50.00
 
-99.00,642.00,50.00
 
-99.00,642.00,50.00
 
-99.00,647.00,84.00
 
-91.00,639.00,98.00
 
-90.00,637.00,109.00
 
-87.00,631.00,126.00
 
-87.00,632.00,139.00
 
-86.00,627.00,149.00
 
-89.00,623.00,159.00
 
-89.00,623.00,159.00
 
-89.00,623.00,159.00
 
-85.00,617.00,192.00
 
-83.00,603.00,209.00
 
-85.00,598.00,226.00
 
-83.00,591.00,239.00
 
-83.00,582.00,256.00
 
-83.00,567.00,276.00
 
-80.00,551.00,296.00
 
-80.00,551.00,296.00
 
-80.00,551.00,296.00
 
-72.00,534.00,338.00
 
-70.00,511.00,347.00
 
-67.00,495.00,367.00
 
-60.00,477.00,381.00
 
-56.00,467.00,396.00
 
-52.00,451.00,405.00
 
-49.00,437.00,419.00
 
-49.00,437.00,419.00
 
-49.00,437.00,419.00
 
-45.00,409.00,441.00
 
-35.00,389.00,450.00
 
-27.00,378.00,459.00
 
-19.00,363.00,467.00
 
-5.00,347.00,475.00
 
6.00,326.00,484.00
 
22.00,307.00,489.00
 
22.00,307.00,489.00
 
22.00,307.00,489.00
 
45.00,284.00,496.00
 
50.00,269.00,501.00
 
48.00,252.00,510.00
 
45.00,241.00,513.00
 
48.00,226.00,514.00
 
54.00,220.00,514.00
 
54.00,214.00,516.00
 
54.00,202.00,516.00
 
54.00,202.00,511.00
 
49.00,195.00,520.00
 
55.00,174.00,521.00
 
55.00,164.00,522.00
 
51.00,152.00,527.00
 
48.00,137.00,526.00
 
46.00,119.00,525.00
 
51.00,103.00,524.00
 
51.00,94.00,527.00
 
52.00,94.00,527.00
 
55.00,71.00,527.00
 
51.00,53.00,521.00
 
57.00,32.00,521.00
 
55.00,6.00,517.00
 
51.00,-13.00,513.00
 
47.00,-29.00,505.00
 
44.00,-50.00,504.00
 
44.00,-73.00,496.00
 
46.00,-73.00,496.00
 
45.00,-95.00,492.00
 
40.00,-111.00,482.00
 
37.00,-128.00,478.00
 
37.00,-148.00,468.00
 
38.00,-165.00,462.00
 
34.00,-187.00,449.00
 
36.00,-202.00,438.00
 
36.00,-215.00,424.00
 
37.00,-215.00,424.00
 
38.00,-235.00,419.00
 
33.00,-248.00,410.00
 
32.00,-263.00,394.00
 
34.00,-274.00,382.00
 
32.00,-286.00,376.00
 
34.00,-290.00,371.00
 
33.00,-292.00,365.00
 
33.00,-293.00,362.00
 
42.00,-293.00,362.00
 
47.00,-301.00,360.00
 
50.00,-294.00,369.00
 
48.00,-294.00,370.00
 
48.00,-293.00,368.00
 
49.00,-297.00,364.00
 
52.00,-299.00,361.00
 
56.00,-302.00,359.00
 
56.00,-306.00,345.00
 
58.00,-306.00,345.00
 
63.00,-305.00,353.00
 
68.00,-311.00,348.00
 
69.00,-315.00,343.00
 
74.00,-317.00,337.00
 
71.00,-318.00,336.00
 
77.00,-321.00,335.00
 
79.00,-325.00,330.00
 
79.00,-324.00,316.00
 
79.00,-324.00,316.00
 
81.00,-330.00,320.00
 
84.00,-329.00,323.00
 
83.00,-331.00,324.00
 
83.00,-323.00,325.00
 
83.00,-327.00,325.00
 
82.00,-322.00,328.00
 
87.00,-319.00,335.00
 
86.00,-310.00,345.00
 
86.00,-310.00,345.00
 
92.00,-301.00,352.00
 
87.00,-289.00,364.00
 
86.00,-279.00,378.00
 
83.00,-261.00,392.00
 
77.00,-241.00,407.00
 
71.00,-218.00,425.00
 
66.00,-194.00,441.00
 
59.00,-170.00,455.00
 
59.00,-170.00,455.00
 
54.00,-147.00,460.00
 
38.00,-114.00,482.00
 
32.00,-86.00,491.00
 
29.00,-62.00,502.00
 
21.00,-33.00,510.00
 
16.00,-10.00,517.00
 
16.00,21.00,521.00
 
13.00,48.00,522.00
 
13.00,48.00,522.00
 
11.00,84.00,527.00
 
1.00,107.00,528.00
 
3.00,135.00,527.00
 
-1.00,165.00,529.00
 
-3.00,194.00,523.00
 
-4.00,222.00,518.00
 
-8.00,245.00,509.00
 
-13.00,273.00,497.00
 
-13.00,273.00,497.00
 
-13.00,290.00,492.00
 
-24.00,327.00,485.00
 
-30.00,349.00,479.00
 
-32.00,368.00,469.00
 
-40.00,388.00,457.00
 
-48.00,402.00,446.00
 
-57.00,421.00,434.00
 
-68.00,437.00,414.00
 
-68.00,437.00,414.00
 
-70.00,442.00,408.00
 
-88.00,462.00,398.00
 
-100.00,474.00,386.00
 
-109.00,485.00,375.00
 
-120.00,498.00,357.00
 
-133.00,509.00,343.00
 
-141.00,519.00,330.00
 
-149.00,526.00,309.00
 
-149.00,526.00,309.00
 
-156.00,541.00,296.00
 
-171.00,543.00,279.00
 
-176.00,552.00,262.00
 
-184.00,561.00,246.00
 
-196.00,568.00,225.00
 
-203.00,576.00,203.00
 
-208.00,584.00,178.00
 
-212.00,590.00,161.00
 
-212.00,590.00,161.00
 
-212.00,588.00,137.00
 
-212.00,604.00,120.00
 
-205.00,607.00,99.00
 
-196.00,618.00,74.00
 
-189.00,624.00,47.00
 
-186.00,628.00,22.00
 
-175.00,631.00,-8.00
 
-169.00,628.00,-38.00
 
-169.00,628.00,-38.00
 
-170.00,636.00,-58.00
 
-157.00,628.00,-78.00
 
-150.00,627.00,-98.00
 
-138.00,622.00,-121.00
 
-129.00,618.00,-141.00
 
-119.00,611.00,-164.00
 
-111.00,605.00,-191.00
 
-94.00,595.00,-214.00
 
-85.00,589.00,-228.00
 
-85.00,589.00,-228.00
 
-74.00,581.00,-243.00
 
-63.00,569.00,-268.00
 
-60.00,554.00,-287.00
 
-58.00,541.00,-304.00
 
-57.00,529.00,-318.00
 
-57.00,511.00,-334.00
 
-56.00,500.00,-347.00
 
-52.00,484.00,-365.00
 
-43.00,462.00,-382.00
 
-38.00,441.00,-404.00
 
-32.00,418.00,-417.00
 
-26.00,391.00,-434.00
 
-23.00,367.00,-446.00
 
-23.00,367.00,-446.00
 
-22.00,355.00,-459.00
 
-30.00,324.00,-462.00
 
-26.00,306.00,-474.00
 
-19.00,282.00,-482.00
 
-2.00,247.00,-489.00
 
27.00,205.00,-499.00
 
32.00,183.00,-498.00
 
27.00,162.00,-503.00
 
27.00,142.00,-510.00
 
34.00,142.00,-510.00
 
44.00,123.00,-502.00
 
50.00,104.00,-505.00
 
52.00,90.00,-504.00
 
50.00,78.00,-504.00
 
49.00,66.00,-504.00
 
48.00,49.00,-502.00
 
50.00,14.00,-495.00
 
50.00,-21.00,-498.00
 
48.00,-21.00,-498.00
 
52.00,-63.00,-481.00
 
46.00,-106.00,-470.00
 
42.00,-141.00,-447.00
 
35.00,-189.00,-424.00
 
37.00,-234.00,-394.00
 
33.00,-278.00,-362.00
 
27.00,-314.00,-322.00
 
12.00,-348.00,-280.00
 
-3.00,-377.00,-236.00
 
-11.00,-406.00,-189.00
 
-17.00,-418.00,-140.00
 
-25.00,-430.00,-96.00
 
-33.00,-433.00,-55.00
 
-39.00,-433.00,-15.00
 
-43.00,-434.00,26.00
 
-52.00,-423.00,56.00
 
-54.00,-419.00,82.00
 
-53.00,-417.00,98.00
 
-54.00,-410.00,112.00
 
-49.00,-409.00,130.00
 
-45.00,-401.00,144.00
 
-37.00,-401.00,147.00
 
-37.00,-401.00,157.00
 
-37.00,-402.00,163.00
 
-34.00,-402.00,163.00
 
-36.00,-396.00,175.00
 
-40.00,-384.00,196.00
 
-36.00,-383.00,208.00
 
-34.00,-375.00,224.00
 
-29.00,-374.00,236.00
 
-21.00,-369.00,251.00
 
-21.00,-361.00,267.00
 
-18.00,-356.00,275.00
 
-16.00,-350.00,285.00
 
-7.00,-343.00,300.00
 
13.00,-325.00,322.00
 
34.00,-307.00,342.00
 
44.00,-295.00,359.00
 
51.00,-279.00,372.00
 
62.00,-259.00,389.00
 
75.00,-239.00,414.00
 
75.00,-239.00,414.00
 
91.00,-220.00,420.00
 
89.00,-195.00,440.00
 
93.00,-173.00,449.00
 
99.00,-145.00,466.00
 
100.00,-124.00,478.00
 
100.00,-95.00,488.00
 
99.00,-67.00,500.00
 
99.00,-37.00,503.00
 
99.00,-37.00,503.00
 
101.00,-11.00,508.00
 
97.00,14.00,516.00
 
100.00,34.00,518.00
 
103.00,62.00,520.00
 
103.00,83.00,523.00
 
103.00,109.00,522.00
 
105.00,128.00,521.00
 
105.00,151.00,522.00
 
105.00,151.00,522.00
 
113.00,185.00,511.00
 
109.00,202.00,517.00
 
109.00,223.00,511.00
 
109.00,248.00,506.00
 
108.00,278.00,498.00
 
104.00,308.00,489.00
 
105.00,338.00,482.00
 
94.00,367.00,470.00
 
94.00,367.00,470.00
 
97.00,392.00,454.00
 
86.00,419.00,442.00
 
80.00,447.00,424.00
 
74.00,482.00,402.00
 
65.00,504.00,383.00
 
54.00,524.00,365.00
 
47.00,541.00,343.00
 
43.00,563.00,327.00
 
43.00,563.00,327.00
 
44.00,576.00,310.00
 
32.00,587.00,287.00
 
15.00,604.00,263.00
 
0.00,614.00,240.00
 
-13.00,628.00,215.00
 
-20.00,637.00,186.00
 
-18.00,648.00,153.00
 
-3.00,656.00,124.00
 
-3.00,656.00,124.00
 
6.00,657.00,95.00
 
9.00,662.00,56.00
 
14.00,667.00,30.00
 
13.00,664.00,11.00
 
20.00,663.00,-3.00
 
19.00,663.00,-10.00
 
25.00,661.00,-26.00
 
34.00,659.00,-42.00
 
34.00,659.00,-42.00
 
34.00,660.00,-58.00
 
29.00,655.00,-70.00
 
24.00,650.00,-82.00
 
16.00,648.00,-90.00
 
7.00,646.00,-104.00
 
-6.00,645.00,-121.00
 
-16.00,637.00,-137.00
 
-13.00,630.00,-152.00
 
-14.00,625.00,-173.00
 
6.00,612.00,-193.00
 
16.00,600.00,-220.00
 
16.00,600.00,-220.00
 
18.00,579.00,-240.00
 
-1.00,582.00,-247.00
 
-5.00,572.00,-262.00
 
-10.00,565.00,-275.00
 
-18.00,556.00,-286.00
 
-26.00,547.00,-294.00
 
-29.00,542.00,-301.00
 
-33.00,537.00,-303.00
 
-35.00,529.00,-313.00
 
-40.00,525.00,-322.00
 
-40.00,525.00,-322.00
 
-40.00,525.00,-322.00
 
-48.00,517.00,-338.00
 
-47.00,503.00,-337.00
 
-50.00,498.00,-343.00
 
-51.00,489.00,-349.00
 
-56.00,485.00,-354.00
 
-61.00,480.00,-359.00
 
-63.00,475.00,-361.00
 
-67.00,475.00,-362.00
 
-70.00,469.00,-367.00
 
-70.00,462.00,-367.00
 
-75.00,462.00,-374.00
 
-84.00,467.00,-379.00
 
-87.00,451.00,-375.00
 
-87.00,444.00,-383.00
 
-92.00,435.00,-387.00
 
-93.00,429.00,-395.00
 
-97.00,415.00,-401.00
 
-100.00,403.00,-405.00
 
-100.00,396.00,-405.00
 
-93.00,396.00,-414.00
 
-103.00,389.00,-418.00
 
-107.00,368.00,-424.00
 
-106.00,353.00,-430.00
 
-107.00,339.00,-439.00
 
-108.00,322.00,-446.00
 
-106.00,305.00,-452.00
 
-107.00,277.00,-460.00
 
-107.00,258.00,-475.00
 
-109.00,258.00,-475.00
 
-106.00,219.00,-480.00
 
-113.00,208.00,-477.00
 
-116.00,180.00,-479.00
 
-122.00,155.00,-484.00
 
-131.00,128.00,-484.00
 
-142.00,105.00,-483.00
 
-147.00,82.00,-478.00
 
-147.00,55.00,-483.00
 
-147.00,55.00,-483.00
 
-156.00,35.00,-478.00
 
-155.00,6.00,-469.00
 
-155.00,-21.00,-463.00
 
-162.00,-42.00,-459.00
 
-164.00,-65.00,-451.00
 
-158.00,-82.00,-445.00
 
-154.00,-113.00,-440.00
 
-157.00,-135.00,-426.00
 
-157.00,-157.00,-414.00
 
-150.00,-176.00,-406.00
 
-148.00,-189.00,-397.00
 
-148.00,-208.00,-391.00
 
-144.00,-215.00,-387.00
 
-139.00,-218.00,-384.00
 
-137.00,-221.00,-381.00
 
-138.00,-221.00,-382.00
 
-139.00,-218.00,-383.00
 
-139.00,-210.00,-384.00
 
-142.00,-210.00,-384.00
 
-143.00,-211.00,-394.00
 
-144.00,-198.00,-393.00
 
-157.00,-178.00,-403.00
 
-156.00,-168.00,-408.00
 
-159.00,-156.00,-417.00
 
-165.00,-134.00,-425.00
 
-159.00,-113.00,-437.00
 
-154.00,-85.00,-448.00
 
-150.00,-62.00,-453.00
 
-146.00,-41.00,-462.00
 
-141.00,-19.00,-466.00
 
-138.00,2.00,-475.00
 
-131.00,27.00,-478.00
 
-127.00,54.00,-481.00
 
-122.00,77.00,-484.00
 
-118.00,103.00,-483.00
 
-118.00,103.00,-483.00
 
-106.00,125.00,-489.00
 
-102.00,156.00,-487.00
 
-91.00,177.00,-483.00
 
-82.00,196.00,-481.00
 
-70.00,217.00,-481.00
 
-61.00,228.00,-479.00
 
-50.00,248.00,-474.00
 
-40.00,263.00,-470.00
 
-40.00,263.00,-470.00
 
-40.00,263.00,-470.00
 
-18.00,300.00,-459.00
 
-9.00,314.00,-456.00
 
-4.00,331.00,-448.00
 
9.00,353.00,-437.00
 
18.00,373.00,-426.00
 
24.00,395.00,-417.00
 
32.00,411.00,-403.00
 
32.00,411.00,-403.00
 
32.00,411.00,-403.00
 
50.00,453.00,-379.00
 
60.00,466.00,-364.00
 
69.00,485.00,-347.00
 
72.00,494.00,-335.00
 
74.00,514.00,-316.00
 
75.00,530.00,-300.00
 
73.00,546.00,-282.00
 
73.00,546.00,-282.00
 
73.00,546.00,-282.00
 
70.00,574.00,-246.00
 
73.00,582.00,-236.00
 
70.00,592.00,-208.00
 
72.00,607.00,-184.00
 
67.00,619.00,-165.00
 
66.00,629.00,-138.00
 
62.00,637.00,-111.00
 
62.00,637.00,-111.00
 
62.00,637.00,-111.00
 
54.00,661.00,-41.00
 
53.00,662.00,-10.00
 
52.00,658.00,17.00
 
46.00,659.00,53.00
 
47.00,653.00,89.00
 
41.00,649.00,124.00
 
36.00,641.00,155.00
 
36.00,641.00,155.00
 
36.00,641.00,155.00
 
34.00,623.00,219.00
 
35.00,605.00,246.00
 
36.00,586.00,278.00
 
35.00,562.00,307.00
 
37.00,547.00,331.00
 
42.00,525.00,354.00
 
44.00,505.00,379.00
 
44.00,505.00,379.00
 
50.00,485.00,399.00
 
46.00,458.00,415.00
 
48.00,430.00,431.00
 
55.00,404.00,448.00
 
57.00,378.00,461.00
 
57.00,352.00,477.00
 
59.00,318.00,486.00
 
64.00,293.00,496.00
 
64.00,293.00,496.00
 
64.00,293.00,496.00
 
77.00,237.00,508.00
 
73.00,218.00,509.00
 
80.00,194.00,513.00
 
83.00,172.00,515.00
 
93.00,160.00,514.00
 
98.00,143.00,516.00
 
104.00,130.00,516.00
 
104.00,130.00,516.00
 
104.00,130.00,516.00
 
109.00,109.00,507.00
 
125.00,93.00,507.00
 
139.00,79.00,502.00
 
147.00,66.00,499.00
 
155.00,53.00,492.00
 
166.00,38.00,489.00
 
180.00,19.00,483.00
 
180.00,19.00,483.00
 
180.00,19.00,483.00
 
196.00,-6.00,470.00
 
206.00,-36.00,460.00
 
218.00,-54.00,449.00
 
229.00,-73.00,436.00
 
235.00,-87.00,429.00
 
240.00,-100.00,422.00
 
240.00,-114.00,413.00
 
240.00,-114.00,413.00
 
240.00,-114.00,413.00
 
242.00,-153.00,388.00
 
244.00,-172.00,381.00
 
244.00,-199.00,367.00
 
245.00,-217.00,352.00
 
246.00,-236.00,336.00
 
249.00,-253.00,314.00
 
248.00,-269.00,299.00
 
248.00,-269.00,299.00
 
248.00,-269.00,299.00
 
257.00,-302.00,269.00
 
248.00,-314.00,250.00
 
245.00,-328.00,233.00
 
240.00,-334.00,218.00
 
242.00,-344.00,209.00
 
239.00,-353.00,191.00
 
235.00,-367.00,171.00
 
235.00,-384.00,156.00
 
231.00,-384.00,156.00
 
225.00,-387.00,138.00
 
221.00,-390.00,123.00
 
215.00,-401.00,103.00
 
206.00,-410.00,78.00
 
198.00,-417.00,53.00
 
191.00,-425.00,26.00
 
189.00,-423.00,0.00
 
185.00,-418.00,-29.00
 
185.00,-418.00,-29.00
 
179.00,-427.00,-41.00
 
173.00,-427.00,-61.00
 
170.00,-419.00,-90.00
 
164.00,-417.00,-116.00
 
157.00,-414.00,-145.00
 
140.00,-408.00,-173.00
 
124.00,-399.00,-201.00
 
112.00,-392.00,-226.00
 
112.00,-392.00,-226.00
 
88.00,-376.00,-258.00
 
75.00,-369.00,-272.00
 
51.00,-354.00,-295.00
 
28.00,-340.00,-318.00
 
6.00,-324.00,-338.00
 
-16.00,-307.00,-359.00
 
-36.00,-286.00,-367.00
 
-60.00,-269.00,-381.00
 
-85.00,-257.00,-392.00
 
-111.00,-239.00,-395.00
 
-135.00,-221.00,-404.00
 
-159.00,-199.00,-409.00
 
-159.00,-199.00,-409.00
 
-159.00,-199.00,-409.00
 
-204.00,-154.00,-420.00
 
-234.00,-136.00,-421.00
 
-250.00,-106.00,-419.00
 
-271.00,-89.00,-417.00
 
-287.00,-71.00,-417.00
 
-302.00,-52.00,-411.00
 
-323.00,-31.00,-405.00
 
-337.00,-13.00,-397.00
 
-343.00,-2.00,-394.00
 
-359.00,18.00,-390.00
 
-372.00,45.00,-380.00
 
-388.00,62.00,-367.00
 
-403.00,76.00,-357.00
 
-417.00,90.00,-342.00
 
-430.00,98.00,-327.00
 
-430.00,98.00,-327.00
 
-434.00,108.00,-322.00
 
-445.00,119.00,-305.00
 
-455.00,137.00,-291.00
 
-463.00,155.00,-274.00
 
-465.00,169.00,-268.00
 
-475.00,192.00,-248.00
 
-481.00,203.00,-234.00
 
-483.00,219.00,-227.00
 
-483.00,219.00,-227.00
 
-478.00,236.00,-218.00
 
-481.00,256.00,-205.00
 
-475.00,273.00,-196.00
 
-473.00,286.00,-191.00
 
-473.00,296.00,-185.00
 
-470.00,312.00,-173.00
 
-465.00,323.00,-167.00
 
-460.00,340.00,-155.00
 
-460.00,340.00,-155.00
 
-460.00,359.00,-152.00
 
-453.00,367.00,-134.00
 
-452.00,378.00,-118.00
 
-447.00,384.00,-110.00
 
-445.00,389.00,-104.00
 
-438.00,399.00,-103.00
 
-436.00,408.00,-96.00
 
-434.00,415.00,-86.00
 
-434.00,415.00,-86.00
 
-429.00,418.00,-84.00
 
-428.00,423.00,-77.00
 
-439.00,412.00,-71.00
 
-442.00,408.00,-65.00
 
-447.00,403.00,-61.00
 
-449.00,397.00,-64.00
 
-450.00,396.00,-66.00
 
-454.00,395.00,-73.00
 
-454.00,395.00,-73.00
 
-460.00,395.00,-83.00
 
-464.00,374.00,-90.00
 
-469.00,360.00,-105.00
 
-471.00,343.00,-126.00
 
-470.00,331.00,-149.00
 
-470.00,319.00,-174.00
 
-469.00,305.00,-193.00
 
-464.00,283.00,-218.00
 
-464.00,283.00,-218.00
 
-453.00,267.00,-250.00
 
-447.00,243.00,-274.00
 
-429.00,218.00,-301.00
 
-412.00,193.00,-333.00
 
-380.00,155.00,-368.00
 
-342.00,125.00,-399.00
 
-295.00,117.00,-429.00
 
-261.00,107.00,-449.00
 
-261.00,107.00,-449.00
 
-229.00,88.00,-466.00
 
-202.00,72.00,-472.00
 
-175.00,48.00,-482.00
 
-139.00,29.00,-491.00
 
-96.00,7.00,-495.00
 
-59.00,-15.00,-496.00
 
-20.00,-37.00,-493.00
 
15.00,-64.00,-486.00
 
57.00,-91.00,-478.00
 
57.00,-91.00,-478.00
 
103.00,-115.00,-466.00
 
144.00,-134.00,-448.00
 
170.00,-153.00,-428.00
 
202.00,-172.00,-408.00
 
233.00,-189.00,-383.00
 
262.00,-208.00,-355.00
 
290.00,-219.00,-329.00
 
315.00,-232.00,-299.00
 
315.00,-232.00,-299.00
 
340.00,-251.00,-265.00
 
346.00,-256.00,-237.00
 
366.00,-267.00,-200.00
 
379.00,-280.00,-163.00
 
382.00,-290.00,-122.00
 
381.00,-302.00,-84.00
 
383.00,-309.00,-41.00
 
382.00,-310.00,-3.00
 
382.00,-310.00,-3.00
 
389.00,-318.00,34.00
 
367.00,-310.00,69.00
 
361.00,-308.00,99.00
 
353.00,-305.00,131.00
 
343.00,-294.00,155.00
 
326.00,-293.00,191.00
 
304.00,-285.00,221.00
 
283.00,-282.00,253.00
 
283.00,-282.00,253.00
 
255.00,-272.00,284.00
 
225.00,-260.00,317.00
 
198.00,-239.00,347.00
 
176.00,-217.00,383.00
 
153.00,-192.00,403.00
 
130.00,-163.00,428.00
 
102.00,-135.00,454.00
 
73.00,-104.00,472.00
 
73.00,-104.00,472.00
 
56.00,-81.00,488.00
 
31.00,-55.00,497.00
 
-12.00,-48.00,497.00
 
-68.00,0.00,506.00
 
-93.00,24.00,507.00
 
-106.00,42.00,514.00
 
-125.00,84.00,514.00
 
-148.00,106.00,508.00
 
-148.00,106.00,508.00
 
-151.00,129.00,502.00
 
-175.00,159.00,495.00
 
-202.00,188.00,485.00
 
-211.00,205.00,477.00
 
-225.00,228.00,468.00
 
-239.00,248.00,459.00
 
-252.00,260.00,447.00
 
-259.00,282.00,433.00
 
-259.00,282.00,433.00
 
-267.00,293.00,418.00
 
-279.00,303.00,413.00
 
-284.00,309.00,402.00
 
-296.00,322.00,388.00
 
-310.00,331.00,374.00
 
-314.00,335.00,365.00
 
-325.00,341.00,351.00
 
-333.00,344.00,341.00
 
-333.00,344.00,341.00
 
-352.00,340.00,332.00
 
-353.00,335.00,321.00
 
-366.00,330.00,314.00
 
-377.00,325.00,304.00
 
-383.00,321.00,292.00
 
-392.00,323.00,282.00
 
-396.00,329.00,273.00
 
-396.00,342.00,272.00
 
-396.00,342.00,272.00
 
-403.00,341.00,262.00
 
-411.00,332.00,260.00
 
-403.00,333.00,262.00
 
-403.00,339.00,260.00
 
-399.00,343.00,262.00
 
-399.00,349.00,263.00
 
-393.00,351.00,267.00
 
-391.00,350.00,275.00
 
-391.00,350.00,275.00
 
-380.00,350.00,281.00
 
-380.00,343.00,293.00
 
-377.00,339.00,303.00
 
-371.00,333.00,315.00
 
-366.00,320.00,328.00
 
-356.00,317.00,343.00
 
-347.00,311.00,357.00
 
-335.00,300.00,372.00
 
-335.00,300.00,372.00
 
-314.00,291.00,394.00
 
-297.00,284.00,411.00
 
-269.00,267.00,432.00
 
-241.00,248.00,457.00
 
-210.00,231.00,476.00
 
-172.00,211.00,493.00
 
-134.00,186.00,505.00
 
-107.00,161.00,516.00
 
-107.00,161.00,516.00
 
-77.00,126.00,520.00
 
-40.00,87.00,526.00
 
-5.00,55.00,523.00
 
29.00,21.00,517.00
 
61.00,-14.00,506.00
 
92.00,-48.00,494.00
 
116.00,-75.00,476.00
 
142.00,-106.00,460.00
 
142.00,-106.00,460.00
 
167.00,-127.00,449.00
 
188.00,-153.00,417.00
 
215.00,-176.00,389.00
 
235.00,-191.00,366.00
 
255.00,-205.00,348.00
 
271.00,-220.00,324.00
 
287.00,-232.00,295.00
 
301.00,-248.00,273.00
 
301.00,-248.00,273.00
 
321.00,-258.00,243.00
 
329.00,-263.00,221.00
 
354.00,-265.00,186.00
 
369.00,-266.00,151.00
 
388.00,-268.00,109.00
 
405.00,-262.00,71.00
 
418.00,-255.00,32.00
 
420.00,-257.00,-2.00
 
420.00,-257.00,-2.00
 
421.00,-267.00,-55.00
 
407.00,-259.00,-91.00
 
392.00,-257.00,-131.00
 
385.00,-252.00,-173.00
 
371.00,-241.00,-212.00
 
351.00,-232.00,-248.00
 
328.00,-221.00,-281.00
 
301.00,-217.00,-312.00
 
301.00,-217.00,-312.00
 
272.00,-208.00,-344.00
 
246.00,-199.00,-361.00
 
224.00,-190.00,-382.00
 
195.00,-178.00,-401.00
 
169.00,-160.00,-419.00
 
138.00,-152.00,-431.00
 
108.00,-138.00,-444.00
 
75.00,-122.00,-459.00
 
75.00,-122.00,-459.00
 
48.00,-108.00,-462.00
 
7.00,-98.00,-471.00
 
-33.00,-85.00,-472.00
 
-76.00,-68.00,-472.00
 
-119.00,-55.00,-474.00
 
-163.00,-36.00,-467.00
 
-205.00,-14.00,-458.00
 
-246.00,4.00,-441.00
 
-286.00,31.00,-423.00
 
-323.00,51.00,-406.00
 
-363.00,76.00,-383.00
 
-363.00,76.00,-383.00
 
-363.00,76.00,-383.00
 
-431.00,118.00,-321.00
 
-450.00,145.00,-286.00
 
-468.00,166.00,-258.00
 
-481.00,193.00,-222.00
 
-498.00,224.00,-181.00
 
-501.00,245.00,-143.00
 
-505.00,263.00,-113.00
 
-505.00,263.00,-113.00
 
-505.00,263.00,-113.00
 
-503.00,297.00,-79.00
 
-498.00,305.00,-53.00
 
-497.00,311.00,-35.00
 
-494.00,320.00,-10.00
 
-491.00,330.00,-3.00
 
-495.00,333.00,6.00
 
-492.00,332.00,20.00
 
-492.00,332.00,20.00
 
-492.00,332.00,20.00
 
-496.00,336.00,35.00
 
-489.00,332.00,48.00
 
-493.00,329.00,51.00
 
-488.00,327.00,56.00
 
-491.00,327.00,59.00
 
-493.00,322.00,55.00
 
-495.00,319.00,50.00
 
-495.00,325.00,32.00
 
-498.00,325.00,32.00
 
-498.00,324.00,27.00
 
-498.00,318.00,14.00
 
-504.00,309.00,-3.00
 
-505.00,303.00,-20.00
 
-504.00,296.00,-42.00
 
-503.00,288.00,-75.00
 
-503.00,278.00,-109.00
 
-503.00,263.00,-145.00
 
-499.00,263.00,-145.00
 
-491.00,255.00,-169.00
 
-481.00,236.00,-200.00
 
-473.00,221.00,-232.00
 
-456.00,209.00,-263.00
 
-435.00,199.00,-293.00
 
-410.00,188.00,-325.00
 
-384.00,175.00,-353.00
 
-384.00,161.00,-381.00
 
-350.00,161.00,-381.00
 
-320.00,148.00,-411.00
 
-287.00,128.00,-425.00
 
-254.00,108.00,-445.00
 
-219.00,88.00,-457.00
 
-185.00,70.00,-472.00
 
-147.00,52.00,-482.00
 
-111.00,33.00,-489.00
 
-71.00,10.00,-492.00
 
-71.00,10.00,-492.00
 
-23.00,-5.00,-492.00
 
22.00,-27.00,-487.00
 
69.00,-50.00,-479.00
 
117.00,-69.00,-464.00
 
161.00,-88.00,-447.00
 
202.00,-106.00,-425.00
 
242.00,-120.00,-402.00
 
284.00,-139.00,-375.00
 
284.00,-139.00,-375.00
 
323.00,-157.00,-347.00
 
340.00,-162.00,-312.00
 
372.00,-175.00,-279.00
 
397.00,-179.00,-241.00
 
415.00,-188.00,-206.00
 
435.00,-198.00,-166.00
 
446.00,-208.00,-125.00
 
454.00,-212.00,-82.00
 
454.00,-212.00,-82.00
 
468.00,-213.00,-40.00
 
462.00,-213.00,4.00
 
470.00,-209.00,38.00
 
466.00,-203.00,73.00
 
460.00,-200.00,106.00
 
450.00,-194.00,133.00
 
441.00,-193.00,164.00
 
425.00,-195.00,184.00
 
425.00,-195.00,184.00
 
412.00,-195.00,205.00
 
386.00,-199.00,223.00
 
372.00,-198.00,247.00
 
355.00,-198.00,268.00
 
339.00,-198.00,287.00
 
285.00,-233.00,306.00
 
267.00,-212.00,332.00
 
243.00,-211.00,354.00
 
243.00,-211.00,354.00
 
201.00,-218.00,382.00
 
161.00,-181.00,411.00
 
113.00,-162.00,446.00
 
70.00,-131.00,467.00
 
23.00,-104.00,485.00
 
-15.00,-74.00,494.00
 
-53.00,-47.00,502.00
 
-88.00,-24.00,505.00
 
-88.00,-24.00,505.00
 
-113.00,-4.00,501.00
 
-137.00,12.00,501.00
 
-160.00,27.00,498.00
 
-173.00,41.00,497.00
 
-186.00,53.00,496.00
 
-196.00,62.00,492.00
 
-198.00,65.00,491.00
 
-201.00,73.00,492.00
 
-201.00,73.00,492.00
 
-201.00,86.00,487.00
 
-190.00,92.00,495.00
 
-183.00,107.00,497.00
 
-173.00,110.00,505.00
 
-162.00,114.00,505.00
 
-146.00,123.00,509.00
 
-121.00,141.00,516.00
 
-103.00,147.00,517.00
 
-103.00,147.00,517.00
 
-74.00,144.00,517.00
 
-54.00,146.00,526.00
 
-29.00,143.00,525.00
 
2.00,140.00,527.00
 
26.00,132.00,525.00
 
56.00,125.00,526.00
 
85.00,117.00,522.00
 
112.00,106.00,518.00
 
112.00,106.00,518.00
 
140.00,102.00,503.00
 
165.00,101.00,506.00
 
186.00,98.00,497.00
 
206.00,95.00,489.00
 
226.00,99.00,485.00
 
250.00,96.00,477.00
 
274.00,99.00,460.00
 
339.00,122.00,422.00
 
339.00,122.00,422.00
 
350.00,120.00,423.00
 
354.00,135.00,414.00
 
374.00,147.00,402.00
 
389.00,156.00,387.00
 
408.00,174.00,367.00
 
420.00,193.00,353.00
 
434.00,212.00,333.00
 
446.00,231.00,308.00
 
446.00,231.00,308.00
 
470.00,244.00,280.00
 
484.00,243.00,253.00
 
502.00,240.00,215.00
 
519.00,235.00,180.00
 
530.00,223.00,141.00
 
539.00,210.00,107.00
 
545.00,205.00,78.00
 
551.00,192.00,42.00
 
551.00,192.00,42.00
 
550.00,166.00,-12.00
 
545.00,142.00,-70.00
 
535.00,123.00,-96.00
 
524.00,108.00,-133.00
 
516.00,98.00,-159.00
 
503.00,89.00,-185.00
 
489.00,80.00,-205.00
 
474.00,77.00,-226.00
 
474.00,77.00,-226.00
 
458.00,83.00,-260.00
 
422.00,87.00,-297.00
 
400.00,85.00,-322.00
 
378.00,73.00,-339.00
 
359.00,52.00,-355.00
 
336.00,41.00,-371.00
 
306.00,30.00,-386.00
 
279.00,22.00,-403.00
 
279.00,22.00,-403.00
 
255.00,4.00,-420.00
 
238.00,-13.00,-425.00
 
206.00,-31.00,-429.00
 
176.00,-41.00,-438.00
 
146.00,-41.00,-443.00
 
117.00,-61.00,-450.00
 
81.00,-81.00,-451.00
 
45.00,-97.00,-452.00
 
45.00,-97.00,-452.00
 
2.00,-107.00,-448.00
 
-32.00,-125.00,-444.00
 
-67.00,-141.00,-432.00
 
-108.00,-150.00,-422.00
 
-143.00,-162.00,-411.00
 
-176.00,-167.00,-401.00
 
-213.00,-180.00,-381.00
 
-254.00,-192.00,-353.00
 
-284.00,-202.00,-327.00
 
-313.00,-213.00,-298.00
 
-341.00,-219.00,-266.00
 
-363.00,-225.00,-236.00
 
-381.00,-225.00,-207.00
 
-401.00,-230.00,-174.00
 
-417.00,-226.00,-145.00
 
-423.00,-234.00,-115.00
 
-427.00,-238.00,-89.00
 
-431.00,-242.00,-62.00
 
-431.00,-244.00,-36.00
 
-429.00,-245.00,-17.00
 
-438.00,-237.00,6.00
 
-438.00,-237.00,6.00
 
-471.00,-181.00,49.00
 
-498.00,-137.00,93.00
 
-492.00,-137.00,106.00
 
-490.00,-115.00,135.00
 
-489.00,-103.00,158.00
 
-486.00,-83.00,182.00
 
-481.00,-67.00,210.00
 
-472.00,-54.00,239.00
 
-472.00,-54.00,239.00
 
-472.00,-54.00,239.00
 
-450.00,-15.00,286.00
 
-437.00,3.00,303.00
 
-428.00,9.00,323.00
 
-420.00,16.00,333.00
 
-415.00,23.00,337.00
 
-415.00,24.00,339.00
 
-422.00,36.00,336.00
 
-429.00,42.00,331.00
 
-434.00,46.00,319.00
 
-434.00,46.00,319.00
 
-441.00,46.00,310.00
 
-452.00,39.00,297.00
 
-460.00,40.00,280.00
 
-471.00,33.00,263.00
 
-489.00,29.00,241.00
 
-498.00,23.00,214.00
 
-516.00,10.00,176.00
 
-527.00,2.00,136.00
 
-527.00,2.00,136.00
 
-535.00,-2.00,102.00
 
-545.00,-12.00,60.00
 
-539.00,-25.00,22.00
 
-535.00,-42.00,-23.00
 
-531.00,-43.00,-62.00
 
-525.00,-42.00,-103.00
 
-518.00,-39.00,-141.00
 
-507.00,-29.00,-175.00
 
-491.00,-18.00,-210.00
 
-472.00,-15.00,-246.00
 
-442.00,-14.00,-281.00
 
-423.00,-13.00,-311.00
 
-401.00,-8.00,-336.00
 
-371.00,-10.00,-360.00
 
-341.00,-6.00,-383.00
 
-311.00,-3.00,-407.00
 
-290.00,2.00,-421.00
 
-261.00,4.00,-434.00
 
-231.00,10.00,-449.00
 
-231.00,15.00,-464.00
 
-199.00,15.00,-464.00
 
-178.00,12.00,-464.00
 
-148.00,8.00,-467.00
 
-133.00,11.00,-478.00
 
-104.00,13.00,-486.00
 
-78.00,10.00,-483.00
 
-53.00,9.00,-486.00
 
-32.00,9.00,-488.00
 
-12.00,7.00,-489.00
 
14.00,5.00,-487.00
 
41.00,3.00,-484.00
 
66.00,-1.00,-481.00
 
92.00,-3.00,-477.00
 
124.00,-8.00,-469.00
 
154.00,-12.00,-460.00
 
179.00,-16.00,-451.00
 
205.00,-6.00,-440.00
 
236.00,-4.00,-432.00
 
267.00,1.00,-414.00
 
299.00,-7.00,-394.00
 
299.00,-21.00,-372.00
 
333.00,-21.00,-372.00
 
366.00,-31.00,-336.00
 
394.00,-37.00,-308.00
 
430.00,-45.00,-277.00
 
450.00,-47.00,-241.00
 
479.00,-47.00,-199.00
 
489.00,-49.00,-159.00
 
511.00,-54.00,-114.00
 
523.00,-50.00,-76.00
 
531.00,-46.00,-36.00
 
536.00,-44.00,-2.00
 
538.00,-40.00,35.00
 
535.00,-55.00,73.00
 
528.00,-67.00,110.00
 
520.00,-67.00,145.00
 
510.00,-67.00,180.00
 
510.00,-76.00,180.00
 
493.00,-76.00,216.00
 
479.00,-65.00,260.00
 
456.00,-56.00,297.00
 
440.00,-49.00,327.00
 
415.00,-40.00,352.00
 
393.00,-34.00,378.00
 
367.00,-34.00,402.00
 
341.00,-28.00,420.00
 
341.00,-25.00,420.00
 
316.00,-25.00,431.00
 
301.00,-27.00,447.00
 
267.00,-24.00,467.00
 
242.00,-21.00,477.00
 
216.00,-15.00,485.00
 
188.00,-15.00,495.00
 
164.00,-17.00,505.00
 
130.00,-20.00,509.00
 
130.00,-20.00,509.00
 
130.00,-20.00,509.00
 
66.00,-34.00,511.00
 
35.00,-46.00,514.00
 
4.00,-51.00,512.00
 
-22.00,-56.00,506.00
 
-48.00,-62.00,502.00
 
-73.00,-64.00,499.00
 
-93.00,-71.00,493.00
 
-109.00,-72.00,491.00
 
-134.00,-71.00,487.00
 
-159.00,-74.00,479.00
 
-189.00,-74.00,470.00
 
-211.00,-70.00,460.00
 
-238.00,-64.00,451.00
 
-261.00,-58.00,444.00
 
-277.00,-55.00,433.00
 
-277.00,-55.00,433.00
 
-277.00,-55.00,433.00
 
-310.00,-46.00,422.00
 
-327.00,-51.00,404.00
 
-347.00,-45.00,401.00
 
-358.00,-34.00,390.00
 
-370.00,-28.00,380.00
 
-379.00,-27.00,374.00
 
-393.00,-23.00,367.00
 
-398.00,-21.00,361.00
 
-407.00,-17.00,356.00
 
-417.00,-17.00,345.00
 
-420.00,-15.00,339.00
 
-428.00,-15.00,332.00
 
-433.00,-12.00,319.00
 
-444.00,-2.00,310.00
 
-450.00,-2.00,309.00
 
-454.00,4.00,302.00
 
-457.00,-1.00,293.00
 
-457.00,-1.00,293.00
 
-458.00,8.00,295.00
 
-454.00,0.00,299.00
 
-450.00,-4.00,306.00
 
-448.00,-7.00,309.00
 
-437.00,-17.00,315.00
 
-426.00,-30.00,325.00
 
-408.00,-44.00,337.00
 
-389.00,-59.00,351.00
 
-389.00,-59.00,351.00
 
-373.00,-79.00,362.00
 
-344.00,-76.00,385.00
 
-311.00,-71.00,409.00
 
-261.00,-73.00,438.00
 
-210.00,-71.00,460.00
 
-159.00,-72.00,477.00
 
-104.00,-65.00,491.00
 
-54.00,-50.00,502.00
 
-54.00,-50.00,502.00
 
-12.00,-38.00,501.00
 
21.00,-25.00,506.00
 
49.00,-13.00,510.00
 
81.00,5.00,509.00
 
117.00,18.00,506.00
 
150.00,38.00,505.00
 
183.00,55.00,498.00
 
209.00,72.00,490.00
 
209.00,72.00,490.00
 
240.00,88.00,486.00
 
263.00,106.00,472.00
 
292.00,123.00,459.00
 
326.00,138.00,445.00
 
351.00,152.00,425.00
 
371.00,160.00,406.00
 
394.00,170.00,387.00
 
413.00,182.00,370.00
 
413.00,182.00,370.00
 
433.00,196.00,347.00
 
449.00,209.00,330.00
 
462.00,216.00,308.00
 
479.00,217.00,286.00
 
494.00,219.00,260.00
 
507.00,223.00,230.00
 
522.00,228.00,198.00
 
533.00,229.00,168.00
 
533.00,229.00,168.00
 
545.00,216.00,133.00
 
544.00,219.00,99.00
 
552.00,218.00,64.00
 
551.00,215.00,34.00
 
551.00,226.00,4.00
 
547.00,236.00,-21.00
 
539.00,244.00,-52.00
 
527.00,267.00,-82.00
 
527.00,267.00,-82.00
 
508.00,319.00,-110.00
 
484.00,345.00,-133.00
 
471.00,346.00,-155.00
 
461.00,336.00,-179.00
 
449.00,334.00,-210.00
 
431.00,328.00,-232.00
 
428.00,316.00,-250.00
 
419.00,300.00,-266.00
 
419.00,300.00,-266.00
 
414.00,284.00,-288.00
 
396.00,264.00,-298.00
 
391.00,244.00,-318.00
 
370.00,219.00,-340.00
 
356.00,196.00,-361.00
 
333.00,173.00,-376.00
 
313.00,151.00,-398.00
 
284.00,129.00,-414.00
 
284.00,129.00,-414.00
 
256.00,103.00,-433.00
 
220.00,81.00,-442.00
 
201.00,66.00,-450.00
 
178.00,45.00,-458.00
 
137.00,17.00,-466.00
 
51.00,-7.00,-483.00
 
-5.00,-47.00,-475.00
 
-40.00,-55.00,-473.00
 
-72.00,-78.00,-462.00
 
-107.00,-97.00,-452.00
 
-144.00,-105.00,-442.00
 
-199.00,-100.00,-430.00
 
-252.00,-88.00,-411.00
 
-252.00,-88.00,-411.00
 
-252.00,-88.00,-411.00
 
-323.00,-84.00,-370.00
 
-348.00,-93.00,-355.00
 
-377.00,-87.00,-327.00
 
-424.00,-75.00,-291.00
 
-444.00,-71.00,-263.00
 
-465.00,-63.00,-236.00
 
-487.00,-52.00,-203.00
 
-503.00,-45.00,-169.00
 
-516.00,-40.00,-139.00
 
-527.00,-31.00,-108.00
 
-537.00,-16.00,-71.00
 
-545.00,-3.00,-40.00
 
-546.00,3.00,-9.00
 
-547.00,14.00,22.00
 
-547.00,27.00,54.00
 
-544.00,41.00,78.00
 
-541.00,73.00,115.00
 
-541.00,73.00,115.00
 
-540.00,87.00,136.00
 
-526.00,107.00,172.00
 
-512.00,135.00,200.00
 
-502.00,167.00,222.00
 
-474.00,203.00,248.00
 
-457.00,237.00,267.00
 
-435.00,265.00,289.00
 
-435.00,290.00,309.00
 
-409.00,290.00,309.00
 
-390.00,314.00,322.00
 
-357.00,326.00,339.00
 
-334.00,333.00,357.00
 
-312.00,308.00,386.00
 
-283.00,262.00,424.00
 
-261.00,256.00,439.00
 
-242.00,279.00,441.00
 
-242.00,276.00,451.00
 
-218.00,276.00,451.00
 
-183.00,260.00,467.00
 
-160.00,228.00,483.00
 
-144.00,191.00,497.00
 
-117.00,140.00,508.00
 
-90.00,98.00,513.00
 
-63.00,86.00,515.00
 
-32.00,83.00,521.00
 
-32.00,70.00,525.00
 
-6.00,70.00,525.00
 
17.00,60.00,522.00
 
47.00,39.00,515.00
 
78.00,30.00,510.00
 
109.00,21.00,506.00
 
147.00,12.00,496.00
 
185.00,19.00,482.00
 
213.00,9.00,475.00
 
213.00,6.00,448.00
 
258.00,6.00,448.00
 
283.00,26.00,441.00
 
307.00,32.00,427.00
 
338.00,50.00,410.00
 
369.00,56.00,387.00
 
392.00,71.00,369.00
 
417.00,85.00,348.00
 
433.00,97.00,327.00
 
433.00,106.00,295.00
 
451.00,106.00,295.00
 
470.00,128.00,276.00
 
483.00,150.00,246.00
 
497.00,155.00,220.00
 
506.00,169.00,203.00
 
514.00,183.00,176.00
 
521.00,201.00,152.00
 
523.00,216.00,130.00
 
523.00,220.00,93.00
 
528.00,220.00,93.00
 
531.00,222.00,81.00
 
535.00,226.00,61.00
 
538.00,220.00,39.00
 
536.00,221.00,15.00
 
531.00,230.00,-6.00
 
526.00,262.00,-25.00
 
518.00,284.00,-46.00
 
518.00,302.00,-67.00
 
507.00,302.00,-67.00
 
501.00,309.00,-92.00
 
486.00,315.00,-116.00
 
480.00,325.00,-138.00
 
470.00,333.00,-157.00
 
459.00,328.00,-180.00
 
451.00,321.00,-196.00
 
447.00,317.00,-211.00
 
447.00,305.00,-230.00
 
446.00,305.00,-230.00
 
446.00,309.00,-234.00
 
437.00,292.00,-241.00
 
435.00,293.00,-243.00
 
430.00,312.00,-244.00
 
419.00,338.00,-240.00
 
406.00,350.00,-241.00
 
411.00,345.00,-242.00
 
411.00,347.00,-242.00
 
408.00,347.00,-248.00
 
418.00,348.00,-244.00
 
418.00,342.00,-234.00
 
429.00,344.00,-228.00
 
434.00,338.00,-218.00
 
446.00,333.00,-202.00
 
462.00,323.00,-181.00
 
478.00,322.00,-143.00
 
478.00,314.00,-143.00
 
490.00,314.00,-118.00
 
506.00,317.00,-75.00
 
516.00,296.00,-31.00
 
526.00,273.00,21.00
 
530.00,254.00,78.00
 
522.00,244.00,133.00
 
510.00,238.00,181.00
 
491.00,236.00,235.00
 
491.00,236.00,235.00
 
491.00,236.00,235.00
 
448.00,228.00,310.00
 
427.00,214.00,337.00
 
393.00,207.00,375.00
 
353.00,187.00,409.00
 
309.00,153.00,443.00
 
276.00,133.00,462.00
 
245.00,110.00,475.00
 
245.00,110.00,475.00
 
245.00,110.00,475.00
 
159.00,27.00,500.00
 
122.00,18.00,511.00
 
81.00,1.00,513.00
 
58.00,-8.00,515.00
 
38.00,-12.00,514.00
 
-7.00,-5.00,516.00
 
-43.00,12.00,517.00
 
-43.00,12.00,517.00
 
-43.00,12.00,517.00
 
-104.00,5.00,509.00
 
-136.00,8.00,499.00
 
-164.00,21.00,493.00
 
-204.00,37.00,484.00
 
-240.00,43.00,469.00
 
-277.00,27.00,449.00
 
-307.00,23.00,430.00
 
-307.00,23.00,430.00
 
-307.00,23.00,430.00
 
-359.00,49.00,395.00
 
-388.00,66.00,375.00
 
-416.00,68.00,349.00
 
-439.00,74.00,327.00
 
-456.00,84.00,303.00
 
-478.00,97.00,281.00
 
-495.00,101.00,253.00
 
-495.00,101.00,253.00
 
-501.00,102.00,218.00
 
-530.00,105.00,188.00
 
-542.00,111.00,156.00
 
-553.00,120.00,124.00
 
-561.00,138.00,89.00
 
-567.00,152.00,48.00
 
-569.00,163.00,5.00
 
-564.00,177.00,-38.00
 
-564.00,177.00,-38.00
 
-564.00,194.00,-85.00
 
-551.00,187.00,-123.00
 
-540.00,183.00,-157.00
 
-522.00,173.00,-195.00
 
-506.00,177.00,-234.00
 
-491.00,186.00,-260.00
 
-465.00,192.00,-294.00
 
-434.00,199.00,-326.00
 
-434.00,199.00,-326.00
 
-401.00,210.00,-358.00
 
-360.00,216.00,-381.00
 
-350.00,235.00,-390.00
 
-325.00,245.00,-403.00
 
-304.00,255.00,-411.00
 
-291.00,273.00,-414.00
 
-272.00,282.00,-423.00
 
-247.00,299.00,-426.00
 
-247.00,299.00,-426.00
 
-217.00,320.00,-429.00
 
-124.00,368.00,-433.00
 
-138.00,374.00,-425.00
 
-86.00,393.00,-424.00
 
-57.00,422.00,-410.00
 
-64.00,439.00,-401.00
 
-10.00,462.00,-385.00
 
2.00,482.00,-373.00
 
2.00,482.00,-373.00
 
29.00,498.00,-356.00
 
53.00,510.00,-339.00
 
68.00,530.00,-319.00
 
98.00,540.00,-303.00
 
118.00,554.00,-275.00
 
141.00,564.00,-253.00
 
167.00,576.00,-222.00
 
194.00,581.00,-195.00
 
194.00,581.00,-195.00
 
265.00,562.00,-165.00
 
327.00,534.00,-135.00
 
357.00,517.00,-116.00
 
352.00,523.00,-90.00
 
349.00,541.00,-68.00
 
360.00,535.00,-39.00
 
387.00,513.00,-29.00
 
429.00,471.00,-8.00
 
429.00,471.00,-8.00
 
467.00,424.00,22.00
 
479.00,398.00,85.00
 
495.00,358.00,106.00
 
502.00,332.00,133.00
 
500.00,313.00,172.00
 
501.00,285.00,191.00
 
499.00,263.00,218.00
 
494.00,249.00,242.00
 
494.00,249.00,242.00
 
490.00,234.00,256.00
 
481.00,222.00,279.00
 
473.00,209.00,299.00
 
462.00,187.00,319.00
 
451.00,178.00,332.00
 
448.00,168.00,348.00
 
433.00,111.00,367.00
 
420.00,72.00,378.00
 
420.00,72.00,378.00
 
406.00,71.00,401.00
 
386.00,68.00,414.00
 
371.00,74.00,425.00
 
359.00,90.00,434.00
 
347.00,101.00,445.00
 
347.00,108.00,448.00
 
344.00,111.00,449.00
 
344.00,119.00,445.00
 
344.00,119.00,445.00
 
346.00,120.00,438.00
 
348.00,127.00,438.00
 
354.00,132.00,430.00
 
364.00,138.00,423.00
 
367.00,134.00,416.00
 
367.00,145.00,414.00
 
361.00,158.00,411.00
 
355.00,182.00,412.00
 
355.00,182.00,412.00
 
356.00,188.00,401.00
 
356.00,200.00,402.00
 
358.00,199.00,395.00
 
372.00,206.00,387.00
 
374.00,215.00,377.00
 
378.00,235.00,365.00
 
389.00,245.00,349.00
 
402.00,244.00,330.00
 
402.00,244.00,330.00
 
419.00,254.00,315.00
 
425.00,241.00,299.00
 
439.00,240.00,286.00
 
449.00,236.00,269.00
 
459.00,233.00,247.00
 
467.00,222.00,230.00
 
483.00,213.00,209.00
 
494.00,209.00,183.00
 
494.00,209.00,183.00
 
495.00,197.00,155.00
 
511.00,195.00,129.00
 
511.00,219.00,104.00
 
512.00,240.00,64.00
 
512.00,251.00,-4.00
 
494.00,273.00,-72.00
 
453.00,321.00,-152.00
 
392.00,354.00,-235.00
 
392.00,354.00,-235.00
 
395.00,343.00,-227.00
 
432.00,384.00,-103.00
 
494.00,283.00,-9.00
 
493.00,195.00,163.00
 
469.00,74.00,243.00
 
432.00,32.00,296.00
 
445.00,-9.00,265.00
 
439.00,-66.00,240.00
 
439.00,-66.00,240.00
 
456.00,-58.00,173.00
 
482.00,38.00,174.00
 
458.00,-104.00,0.00
 
491.00,27.00,92.00
 
466.00,-78.00,29.00
 
485.00,-9.00,77.00
 
458.00,-92.00,-3.00
 
492.00,-3.00,22.00
 
492.00,-3.00,22.00
 
492.00,9.00,26.00
 
480.00,-38.00,36.00
 
485.00,-5.00,42.00
 
491.00,0.00,27.00
 
485.00,-17.00,27.00
 
482.00,-17.00,40.00
 
489.00,-1.00,50.00
 
488.00,1.00,45.00
 
488.00,1.00,45.00
 
495.00,5.00,33.00
 
495.00,17.00,34.00
 
489.00,-8.00,20.00
 
490.00,15.00,37.00
 
481.00,-23.00,21.00
 
491.00,2.00,32.00
 
490.00,12.00,34.00
 
492.00,-3.00,34.00
 
492.00,-3.00,34.00
 
497.00,13.00,44.00
 
494.00,2.00,36.00
 
496.00,13.00,36.00
 
495.00,22.00,31.00
 
501.00,45.00,35.00
 
499.00,29.00,27.00
 
502.00,49.00,46.00
 
498.00,22.00,34.00
 
498.00,22.00,34.00
 
493.00,-30.00,78.00
 
474.00,-75.00,65.00
 
502.00,33.00,55.00
 
510.00,130.00,21.00
 
510.00,129.00,23.00
 
506.00,49.00,37.00
 
503.00,21.00,55.00
 
