271.00,-258.00,-86.00
 
266.00,-254.00,-86.00
 
265.00,-256.00,-87.00
 
267.00,-257.00,-87.00
 
271.00,-255.00,-85.00
 
268.00,-254.00,-89.00
 
265.00,-255.00,-85.00
 
270.00,-254.00,-86.00
 
269.00,-256.00,-87.00
 
269.00,-257.00,-85.00
 
266.00,-256.00,-88.00
 
266.00,-258.00,-84.00
 
270.00,-253.00,-88.00
 
267.00,-254.00,-86.00
 
265.00,-256.00,-87.00
 
266.00,-256.00,-85.00
 
269.00,-254.00,-89.00
 
270.00,-256.00,-87.00
 
268.00,-255.00,-86.00
 
267.00,-255.00,-88.00
 
271.00,-256.00,-87.00
 
271.00,-256.00,-87.00
 
264.00,-255.00,-89.00
 
266.00,-256.00,-86.00
 
270.00,-255.00,-86.00
 
267.00,-255.00,-87.00
 
266.00,-257.00,-89.00
 
266.00,-255.00,-88.00
 
267.00,-254.00,-87.00
 
267.00,-258.00,-86.00
 
266.00,-257.00,-85.00
 
268.00,-254.00,-89.00
 
270.00,-257.00,-86.00
 
270.00,-254.00,-87.00
 
266.00,-255.00,-88.00
 
269.00,-255.00,-87.00
 
272.00,-253.00,-84.00
 
270.00,-255.00,-89.00
 
265.00,-257.00,-88.00
 
271.00,-250.00,-90.00
 
268.00,-254.00,-89.00
 
271.00,-256.00,-84.00
 
267.00,-253.00,-86.00
 
268.00,-257.00,-88.00
 
270.00,-256.00,-87.00
 
268.00,-253.00,-89.00
 
265.00,-256.00,-88.00
 
271.00,-253.00,-86.00
 
279.00,-246.00,-72.00
 
268.00,-248.00,-92.00
 
285.00,-217.00,-126.00
 
312.00,-194.00,-130.00
 
293.00,-212.00,-149.00
 
266.00,-202.00,-207.00
 
277.00,-180.00,-222.00
 
290.00,-149.00,-242.00
 
283.00,-106.00,-274.00
 
254.00,-40.00,-326.00
 
222.00,-2.00,-356.00
 
141.00,49.00,-403.00
 
78.00,46.00,-421.00
 
-5.00,82.00,-437.00
 
-59.00,78.00,-439.00
 
-103.00,119.00,-441.00
 
-147.00,130.00,-437.00
 
-198.00,161.00,-428.00
 
-240.00,174.00,-420.00
 
-267.00,226.00,-408.00
 
-304.00,244.00,-390.00
 
-307.00,284.00,-384.00
 
-309.00,348.00,-364.00
 
-312.00,371.00,-357.00
 
-303.00,442.00,-321.00
 
-223.00,532.00,-283.00
 
-137.00,593.00,-246.00
 
-56.00,633.00,-207.00
 
39.00,650.00,-165.00
 
118.00,649.00,-134.00
 
195.00,635.00,-112.00
 
245.00,619.00,-100.00
 
275.00,603.00,-111.00
 
296.00,586.00,-131.00
 
313.00,568.00,-133.00
 
330.00,560.00,-139.00
 
344.00,547.00,-139.00
 
361.00,542.00,-125.00
 
370.00,539.00,-94.00
 
378.00,545.00,-73.00
 
350.00,571.00,-78.00
 
376.00,560.00,-36.00
 
390.00,557.00,0.00
 
397.00,552.00,15.00
 
456.00,488.00,84.00
 
513.00,368.00,174.00
 
512.00,296.00,251.00
 
505.00,274.00,277.00
 
469.00,271.00,337.00
 
441.00,243.00,377.00
 
431.00,233.00,396.00
 
429.00,220.00,401.00
 
424.00,201.00,414.00
 
392.00,179.00,442.00
 
377.00,173.00,456.00
 
381.00,169.00,455.00
 
398.00,148.00,442.00
 
423.00,140.00,421.00
 
469.00,152.00,374.00
 
511.00,176.00,312.00
 
544.00,210.00,242.00
 
563.00,238.00,155.00
 
555.00,309.00,50.00
 
534.00,354.00,-53.00
 
506.00,350.00,-137.00
 
472.00,348.00,-205.00
 
418.00,366.00,-261.00
 
362.00,358.00,-329.00
 
185.00,275.00,-463.00
 
14.00,237.00,-507.00
 
-126.00,227.00,-499.00
 
-235.00,236.00,-471.00
 
-322.00,263.00,-420.00
 
-383.00,321.00,-350.00
 
-428.00,352.00,-282.00
 
-462.00,352.00,-232.00
 
-482.00,346.00,-195.00
 
-495.00,327.00,-196.00
 
-498.00,320.00,-195.00
 
-499.00,314.00,-199.00
 
-482.00,353.00,-189.00
 
-436.00,439.00,-178.00
 
-350.00,527.00,-165.00
 
-264.00,597.00,-117.00
 
-169.00,652.00,-31.00
 
-94.00,672.00,65.00
 
-28.00,656.00,165.00
 
-16.00,623.00,243.00
 
-21.00,578.00,314.00
 
-44.00,524.00,373.00
 
-62.00,484.00,408.00
 
-59.00,494.00,399.00
 
-56.00,515.00,384.00
 
-49.00,581.00,309.00
 
-23.00,653.00,185.00
 
-29.00,683.00,-10.00
 
-76.00,630.00,-210.00
 
-170.00,473.00,-376.00
 
-184.00,319.00,-459.00
 
-168.00,142.00,-500.00
 
-171.00,-42.00,-482.00
 
-144.00,-144.00,-451.00
 
-28.00,-142.00,-462.00
 
-13.00,-184.00,-440.00
 
0.00,-237.00,-403.00
 
50.00,-280.00,-371.00
 
89.00,-302.00,-337.00
 
100.00,-306.00,-327.00
 
90.00,-302.00,-334.00
 
84.00,-322.00,-320.00
 
76.00,-356.00,-283.00
 
51.00,-393.00,-231.00
 
28.00,-425.00,-174.00
 
-5.00,-448.00,-119.00
 
60.00,-464.00,0.00
 
358.00,-320.00,123.00
 
362.00,-275.00,200.00
 
370.00,-228.00,254.00
 
334.00,-243.00,282.00
 
311.00,-183.00,355.00
 
267.00,-95.00,427.00
 
231.00,-3.00,466.00
 
177.00,85.00,498.00
 
125.00,197.00,502.00
 
68.00,304.00,484.00
 
16.00,353.00,468.00
 
-36.00,366.00,455.00
 
-42.00,367.00,455.00
 
-60.00,364.00,455.00
 
-90.00,355.00,456.00
 
-133.00,309.00,466.00
 
-202.00,225.00,473.00
 
-218.00,105.00,476.00
 
-204.00,-61.00,463.00
 
-185.00,-239.00,390.00
 
-147.00,-358.00,291.00
 
-91.00,-448.00,143.00
 
75.00,-461.00,20.00
 
163.00,-424.00,-118.00
 
206.00,-350.00,-239.00
 
282.00,-202.00,-332.00
 
321.00,-36.00,-387.00
 
330.00,97.00,-405.00
 
342.00,226.00,-383.00
 
320.00,330.00,-366.00
 
328.00,385.00,-334.00
 
308.00,455.00,-298.00
 
352.00,511.00,-196.00
 
401.00,521.00,-74.00
 
378.00,565.00,-56.00
 
312.00,587.00,-56.00
 
231.00,618.00,-88.00
 
94.00,643.00,-125.00
 
-25.00,656.00,-94.00
 
-110.00,646.00,-73.00
 
-101.00,649.00,-89.00
 
-160.00,634.00,-107.00
 
-196.00,595.00,-188.00
 
-271.00,492.00,-292.00
 
-330.00,409.00,-327.00
 
-333.00,255.00,-409.00
 
-246.00,93.00,-482.00
 
-100.00,-70.00,-500.00
 
97.00,-198.00,-440.00
 
326.00,-223.00,-317.00
 
465.00,-189.00,-174.00
 
534.00,-87.00,-100.00
 
557.00,92.00,-127.00
 
500.00,346.00,-130.00
 
317.00,533.00,-178.00
 
154.00,602.00,-197.00
 
-32.00,624.00,-192.00
 
-156.00,620.00,-159.00
 
-237.00,588.00,-167.00
 
-310.00,488.00,-262.00
 
-272.00,325.00,-412.00
 
-123.00,211.00,-498.00
 
56.00,157.00,-513.00
 
189.00,155.00,-489.00
 
304.00,205.00,-439.00
 
325.00,322.00,-401.00
 
326.00,422.00,-345.00
 
236.00,455.00,-381.00
 
160.00,476.00,-394.00
 
70.00,483.00,-407.00
 
-10.00,471.00,-421.00
 
-114.00,443.00,-422.00
 
-163.00,417.00,-421.00
 
-194.00,406.00,-411.00
 
-211.00,411.00,-403.00
 
-209.00,411.00,-402.00
 
-203.00,421.00,-402.00
 
-196.00,426.00,-400.00
 
-194.00,432.00,-396.00
 
-196.00,424.00,-404.00
 
-196.00,423.00,-404.00
 
-196.00,422.00,-405.00
 
