147.00,-229.00,498.00
 
-150.00,-232.00,498.00
 
-150.00,-232.00,498.00
 
-147.00,-232.00,496.00
 
-146.00,-231.00,498.00
 
-148.00,-232.00,495.00
 
-147.00,-230.00,497.00
 
-149.00,-233.00,501.00
 
-148.00,-233.00,496.00
 
-145.00,-232.00,497.00
 
-151.00,-230.00,499.00
 
-151.00,-230.00,499.00
 
-151.00,-230.00,499.00
 
-143.00,-233.00,495.00
 
-148.00,-230.00,497.00
 
-147.00,-229.00,499.00
 
-148.00,-230.00,500.00
 
-148.00,-229.00,499.00
 
-148.00,-231.00,497.00
 
-147.00,-230.00,498.00
 
-147.00,-230.00,498.00
 
-147.00,-230.00,498.00
 
-146.00,-234.00,499.00
 
-147.00,-231.00,500.00
 
-147.00,-230.00,499.00
 
-148.00,-228.00,498.00
 
-149.00,-231.00,498.00
 
-147.00,-231.00,497.00
 
-145.00,-232.00,498.00
 
-145.00,-232.00,498.00
 
-146.00,-232.00,496.00
 
-146.00,-231.00,499.00
 
-149.00,-232.00,498.00
 
-150.00,-231.00,496.00
 
-146.00,-231.00,502.00
 
-146.00,-231.00,502.00
 
-144.00,-233.00,497.00
 
-145.00,-229.00,499.00
 
-150.00,-231.00,499.00
 
-147.00,-232.00,496.00
 
-147.00,-232.00,496.00
 
-147.00,-230.00,497.00
 
-149.00,-234.00,497.00
 
-148.00,-232.00,497.00
 
-145.00,-231.00,496.00
 
-148.00,-233.00,499.00
 
-148.00,-233.00,499.00
 
-145.00,-230.00,501.00
 
-147.00,-233.00,496.00
 
-149.00,-230.00,496.00
 
-146.00,-230.00,497.00
 
-150.00,-229.00,495.00
 
-150.00,-229.00,495.00
 
-146.00,-230.00,496.00
 
-146.00,-230.00,498.00
 
-151.00,-229.00,497.00
 
-150.00,-231.00,494.00
 
-150.00,-231.00,494.00
 
-150.00,-231.00,494.00
 
-147.00,-228.00,500.00
 
-148.00,-233.00,496.00
 
-149.00,-228.00,496.00
 
-148.00,-230.00,497.00
 
-149.00,-231.00,498.00
 
-149.00,-231.00,498.00
 
-146.00,-232.00,498.00
 
-148.00,-232.00,497.00
 
-147.00,-231.00,498.00
 
-148.00,-230.00,496.00
 
-150.00,-230.00,496.00
 
-147.00,-228.00,501.00
 
-149.00,-233.00,496.00
 
-147.00,-231.00,495.00
 
-147.00,-231.00,495.00
 
-148.00,-228.00,494.00
 
-148.00,-230.00,498.00
 
-151.00,-233.00,498.00
 
-148.00,-232.00,499.00
 
-143.00,-228.00,495.00
 
-146.00,-230.00,498.00
 
-146.00,-229.00,496.00
 
-147.00,-232.00,503.00
 
-147.00,-232.00,503.00
 
-149.00,-232.00,497.00
 
-150.00,-229.00,496.00
 
-147.00,-230.00,496.00
 
-148.00,-227.00,496.00
 
-146.00,-230.00,502.00
 
-146.00,-234.00,497.00
 
-149.00,-230.00,498.00
 
-149.00,-231.00,495.00
 
-149.00,-231.00,495.00
 
-143.00,-232.00,496.00
 
-149.00,-228.00,499.00
 
-146.00,-233.00,495.00
 
-147.00,-229.00,497.00
 
-147.00,-229.00,498.00
 
-149.00,-228.00,497.00
 
-148.00,-230.00,501.00
 
-150.00,-232.00,497.00
 
-150.00,-232.00,497.00
 
-144.00,-234.00,501.00
 
-148.00,-231.00,498.00
 
-148.00,-230.00,497.00
 
-147.00,-234.00,496.00
 
-146.00,-230.00,496.00
 
-144.00,-229.00,504.00
 
-150.00,-229.00,495.00
 
-150.00,-229.00,495.00
 
-147.00,-230.00,498.00
 
-149.00,-233.00,497.00
 
-148.00,-228.00,500.00
 
-146.00,-233.00,505.00
 
-147.00,-231.00,496.00
 
-147.00,-231.00,496.00
 
-148.00,-229.00,498.00
 
-146.00,-233.00,499.00
 
-147.00,-230.00,496.00
 
-145.00,-229.00,503.00
 
-146.00,-231.00,497.00
 
-146.00,-231.00,497.00
 
-145.00,-231.00,497.00
 
-145.00,-229.00,498.00
 
-149.00,-229.00,496.00
 
-143.00,-231.00,501.00
 
-143.00,-231.00,501.00
 
-149.00,-229.00,498.00
 
-143.00,-233.00,498.00
 
-149.00,-229.00,499.00
 
-146.00,-229.00,498.00
 
-145.00,-230.00,502.00
 
-150.00,-231.00,495.00
 
-150.00,-235.00,499.00
 
-148.00,-229.00,498.00
 
-148.00,-229.00,498.00
 
-148.00,-231.00,494.00
 
-145.00,-232.00,505.00
 
-147.00,-232.00,499.00
 
-150.00,-231.00,496.00
 
-148.00,-233.00,498.00
 
-147.00,-228.00,498.00
 
-147.00,-230.00,501.00
 
-146.00,-233.00,495.00
 
-146.00,-233.00,495.00
 
-144.00,-230.00,494.00
 
-148.00,-232.00,498.00
 
-148.00,-229.00,497.00
 
-148.00,-231.00,497.00
 
-148.00,-235.00,497.00
 
-149.00,-229.00,498.00
 
-148.00,-233.00,495.00
 
-149.00,-230.00,495.00
 
-149.00,-230.00,495.00
 
-144.00,-235.00,500.00
 
-147.00,-231.00,497.00
 
-150.00,-231.00,499.00
 
-149.00,-231.00,496.00
 
-150.00,-232.00,498.00
 
-145.00,-230.00,498.00
 
-145.00,-230.00,498.00
 
-144.00,-233.00,501.00
 
-145.00,-229.00,500.00
 
-149.00,-230.00,500.00
 
-150.00,-230.00,497.00
 
-150.00,-230.00,497.00
 
-151.00,-231.00,501.00
 
-149.00,-235.00,495.00
 
-148.00,-227.00,502.00
 
-148.00,-231.00,498.00
 
-146.00,-230.00,496.00
 
-146.00,-230.00,496.00
 
-147.00,-229.00,497.00
 
-150.00,-233.00,499.00
 
-145.00,-230.00,500.00
 
-148.00,-230.00,498.00
 
-148.00,-230.00,498.00
 
-146.00,-229.00,494.00
 
-147.00,-230.00,499.00
 
-148.00,-231.00,497.00
 
-146.00,-232.00,499.00
 
-147.00,-230.00,498.00
 
-147.00,-230.00,498.00
 
-150.00,-231.00,499.00
 
-145.00,-232.00,499.00
 
-148.00,-229.00,496.00
 
-146.00,-231.00,499.00
 
-146.00,-231.00,499.00
 
-148.00,-232.00,493.00
 
-149.00,-232.00,497.00
 
-147.00,-227.00,500.00
 
-145.00,-233.00,495.00
 
-146.00,-231.00,499.00
 
-146.00,-231.00,499.00
 
-146.00,-230.00,496.00
 
-148.00,-230.00,497.00
 
-150.00,-232.00,497.00
 
-147.00,-232.00,498.00
 
-147.00,-228.00,500.00
 
-148.00,-230.00,498.00
 
-151.00,-231.00,495.00
 
-144.00,-231.00,498.00
 
-144.00,-231.00,498.00
 
-148.00,-230.00,493.00
 
-145.00,-232.00,500.00
 
-146.00,-230.00,498.00
 
-146.00,-230.00,498.00
 
-145.00,-229.00,498.00
 
-150.00,-230.00,495.00
 
-145.00,-229.00,503.00
 
-147.00,-230.00,495.00
 
-147.00,-230.00,495.00
 
-149.00,-232.00,500.00
 
-145.00,-229.00,497.00
 
-146.00,-230.00,496.00
 
-147.00,-230.00,502.00
 
-148.00,-228.00,500.00
 
-148.00,-232.00,495.00
 
-148.00,-230.00,497.00
 
-150.00,-230.00,500.00
 
-150.00,-230.00,500.00
 
-149.00,-234.00,504.00
 
-148.00,-232.00,496.00
 
-144.00,-228.00,495.00
 
-150.00,-229.00,495.00
 
-146.00,-230.00,497.00
 
