100.00,461.00,363.00
 
97.00,460.00,365.00
 
98.00,458.00,363.00
 
98.00,459.00,364.00
 
97.00,462.00,365.00
 
99.00,457.00,366.00
 
95.00,456.00,363.00
 
97.00,458.00,363.00
 
95.00,461.00,359.00
 
95.00,461.00,359.00
 
103.00,462.00,367.00
 
98.00,462.00,362.00
 
95.00,462.00,362.00
 
94.00,461.00,361.00
 
92.00,465.00,363.00
 
93.00,463.00,366.00
 
96.00,462.00,365.00
 
92.00,467.00,363.00
 
92.00,467.00,363.00
 
96.00,461.00,359.00
 
98.00,465.00,360.00
 
93.00,462.00,361.00
 
93.00,465.00,366.00
 
94.00,464.00,361.00
 
92.00,466.00,363.00
 
90.00,460.00,363.00
 
93.00,464.00,363.00
 
93.00,464.00,363.00
 
98.00,457.00,360.00
 
88.00,463.00,363.00
 
91.00,461.00,362.00
 
93.00,463.00,361.00
 
91.00,463.00,361.00
 
94.00,462.00,365.00
 
93.00,463.00,365.00
 
94.00,467.00,364.00
 
94.00,467.00,364.00
 
94.00,469.00,359.00
 
88.00,466.00,365.00
 
94.00,461.00,362.00
 
93.00,464.00,359.00
 
90.00,466.00,365.00
 
91.00,461.00,362.00
 
91.00,463.00,364.00
 
91.00,463.00,362.00
 
91.00,463.00,362.00
 
91.00,463.00,362.00
 
90.00,472.00,364.00
 
91.00,463.00,364.00
 
90.00,466.00,364.00
 
90.00,463.00,365.00
 
90.00,464.00,363.00
 
91.00,463.00,362.00
 
91.00,463.00,362.00
 
91.00,463.00,362.00
 
91.00,463.00,362.00
 
90.00,470.00,362.00
 
91.00,462.00,364.00
 
90.00,466.00,360.00
 
95.00,462.00,360.00
 
92.00,464.00,360.00
 
91.00,467.00,363.00
 
89.00,463.00,363.00
 
89.00,468.00,358.00
 
92.00,468.00,358.00
 
92.00,467.00,358.00
 
88.00,465.00,361.00
 
91.00,465.00,360.00
 
92.00,464.00,362.00
 
90.00,466.00,361.00
 
90.00,466.00,361.00
 
90.00,468.00,363.00
 
86.00,466.00,358.00
 
86.00,466.00,358.00
 
90.00,475.00,356.00
 
92.00,465.00,361.00
 
88.00,468.00,362.00
 
88.00,464.00,359.00
 
87.00,466.00,359.00
 
89.00,465.00,360.00
 
89.00,464.00,362.00
 
88.00,466.00,360.00
 
88.00,466.00,360.00
 
88.00,470.00,356.00
 
86.00,466.00,361.00
 
91.00,466.00,364.00
 
90.00,469.00,361.00
 
88.00,468.00,361.00
 
89.00,465.00,361.00
 
87.00,465.00,360.00
 
89.00,463.00,362.00
 
89.00,463.00,362.00
 
95.00,457.00,358.00
 
90.00,465.00,361.00
 
88.00,465.00,364.00
 
91.00,466.00,360.00
 
85.00,467.00,364.00
 
88.00,466.00,360.00
 
91.00,464.00,363.00
 
92.00,465.00,361.00
 
92.00,465.00,361.00
 
86.00,474.00,356.00
 
88.00,461.00,363.00
 
90.00,463.00,363.00
 
87.00,467.00,364.00
 
90.00,463.00,359.00
 
89.00,462.00,360.00
 
88.00,466.00,361.00
 
93.00,465.00,361.00
 
93.00,465.00,361.00
 
93.00,462.00,357.00
 
91.00,467.00,361.00
 
87.00,469.00,364.00
 
89.00,468.00,358.00
 
88.00,467.00,361.00
 
88.00,466.00,361.00
 
88.00,467.00,362.00
 
88.00,465.00,362.00
 
88.00,465.00,362.00
 
90.00,467.00,364.00
 
86.00,466.00,359.00
 
88.00,467.00,363.00
 
91.00,464.00,359.00
 
89.00,467.00,360.00
 
87.00,463.00,363.00
 
92.00,467.00,361.00
 
87.00,465.00,363.00
 
87.00,465.00,363.00
 
96.00,464.00,361.00
 
84.00,465.00,362.00
 
86.00,466.00,361.00
 
84.00,467.00,360.00
 
90.00,466.00,360.00
 
89.00,465.00,363.00
 
88.00,468.00,361.00
 
87.00,465.00,360.00
 
87.00,465.00,360.00
 
86.00,470.00,363.00
 
91.00,465.00,360.00
 
88.00,464.00,362.00
 
89.00,468.00,361.00
 
90.00,465.00,360.00
 
91.00,468.00,358.00
 
88.00,465.00,361.00
 
89.00,463.00,361.00
 
89.00,463.00,361.00
 
89.00,463.00,361.00
 
91.00,465.00,363.00
 
88.00,467.00,357.00
 
89.00,464.00,362.00
 
86.00,466.00,359.00
 
89.00,462.00,361.00
 
92.00,464.00,363.00
 
90.00,464.00,359.00
 
90.00,464.00,359.00
 
90.00,464.00,359.00
 
87.00,472.00,361.00
 
91.00,463.00,363.00
 
92.00,461.00,360.00
 
89.00,466.00,364.00
 
87.00,464.00,360.00
 
91.00,466.00,361.00
 
88.00,465.00,360.00
 
88.00,465.00,359.00
 
88.00,465.00,359.00
 
85.00,472.00,357.00
 
91.00,465.00,359.00
 
89.00,465.00,365.00
 
87.00,459.00,361.00
 
87.00,464.00,362.00
 
88.00,463.00,362.00
 
88.00,463.00,362.00
 
88.00,470.00,358.00
 
88.00,470.00,358.00
 
90.00,461.00,360.00
 
88.00,462.00,364.00
 
89.00,461.00,363.00
 
88.00,465.00,361.00
 
88.00,466.00,361.00
 
88.00,465.00,361.00
 
92.00,463.00,364.00
 
91.00,467.00,364.00
 
91.00,467.00,364.00
 
88.00,463.00,360.00
 
88.00,465.00,359.00
 
87.00,466.00,365.00
 
93.00,462.00,363.00
 
91.00,464.00,362.00
 
88.00,464.00,363.00
 
91.00,462.00,364.00
 
94.00,462.00,363.00
 
94.00,462.00,363.00
 
97.00,457.00,361.00
 
98.00,454.00,368.00
 
98.00,451.00,369.00
 
106.00,443.00,376.00
 
111.00,438.00,379.00
 
120.00,423.00,387.00
 
127.00,414.00,392.00
 
134.00,402.00,401.00
 
134.00,402.00,401.00
 
146.00,389.00,408.00
 
151.00,368.00,414.00
 
161.00,349.00,421.00
 
173.00,331.00,427.00
 
185.00,311.00,429.00
 
192.00,292.00,434.00
 
199.00,268.00,439.00
 
209.00,241.00,449.00
 
209.00,241.00,449.00
 
216.00,207.00,440.00
 
226.00,190.00,449.00
 
234.00,169.00,451.00
 
238.00,140.00,450.00
 
250.00,108.00,450.00
 
259.00,76.00,437.00
 
271.00,44.00,435.00
 
274.00,20.00,425.00
 
274.00,20.00,425.00
 
278.00,-3.00,424.00
 
287.00,-34.00,408.00
 
293.00,-63.00,394.00
 
299.00,-88.00,383.00
 
308.00,-107.00,365.00
 
316.00,-122.00,348.00
 
322.00,-142.00,330.00
 
331.00,-157.00,311.00
 
331.00,-157.00,311.00
 
347.00,-175.00,291.00
 
350.00,-190.00,267.00
 
353.00,-201.00,246.00
 
356.00,-211.00,229.00
 
362.00,-226.00,211.00
 
361.00,-234.00,191.00
 
361.00,-242.00,179.00
 
363.00,-248.00,164.00
 
363.00,-248.00,164.00
 
366.00,-262.00,148.00
 
353.00,-270.00,138.00
 
350.00,-274.00,118.00
 
346.00,-288.00,104.00
 
340.00,-294.00,93.00
 
334.00,-299.00,86.00
 
328.00,-310.00,74.00
 
319.00,-316.00,60.00
 
319.00,-316.00,60.00
 
311.00,-320.00,42.00
 
305.00,-335.00,37.00
 
296.00,-336.00,31.00
 
291.00,-338.00,21.00
 
283.00,-346.00,11.00
 
274.00,-350.00,2.00
 
267.00,-355.00,-8.00
 
258.00,-360.00,-17.00
 
258.00,-360.00,-17.00
 
258.00,-360.00,-17.00
 
242.00,-362.00,-38.00
 
240.00,-368.00,-49.00
 
233.00,-369.00,-56.00
 
227.00,-372.00,-68.00
 
215.00,-374.00,-83.00
 
206.00,-370.00,-96.00
 
200.00,-374.00,-108.00
 
200.00,-374.00,-108.00
 
200.00,-374.00,-108.00
 
188.00,-368.00,-130.00
 
184.00,-367.00,-138.00
 
171.00,-364.00,-155.00
 
161.00,-364.00,-164.00
 
153.00,-364.00,-179.00
 
147.00,-358.00,-187.00
 
139.00,-356.00,-195.00
 
139.00,-347.00,-195.00
 
137.00,-347.00,-212.00
 
139.00,-350.00,-220.00
 
126.00,-344.00,-225.00
 
125.00,-338.00,-233.00
 
117.00,-338.00,-239.00
 
119.00,-328.00,-247.00
 
130.00,-321.00,-254.00
 
142.00,-308.00,-263.00
 
142.00,-294.00,-270.00
 
151.00,-294.00,-270.00
 
163.00,-293.00,-273.00
 
159.00,-290.00,-270.00
 
163.00,-288.00,-272.00
 
162.00,-288.00,-273.00
 
172.00,-281.00,-274.00
 
196.00,-276.00,-269.00
 
230.00,-258.00,-262.00
 
15.00,-233.00,-257.00
 
271.00,-233.00,-257.00
 
290.00,-206.00,-258.00
 
311.00,-190.00,-253.00
 
326.00,-174.00,-256.00
 
336.00,-166.00,-250.00
 
344.00,-157.00,-247.00
 
352.00,-152.00,-241.00
 
368.00,-141.00,-235.00
 
376.00,-131.00,-233.00
 
376.00,-131.00,-233.00
 
365.00,-126.00,-251.00
 
359.00,-112.00,-266.00
 
347.00,-92.00,-297.00
 
314.00,-64.00,-338.00
 
242.00,5.00,-405.00
 
208.00,42.00,-425.00
 
227.00,26.00,-413.00
 
230.00,19.00,-410.00
 
230.00,19.00,-410.00
 
211.00,42.00,-436.00
 
194.00,81.00,-436.00
 
188.00,90.00,-440.00
 
195.00,98.00,-439.00
 
192.00,116.00,-444.00
 
179.00,151.00,-444.00
 
165.00,168.00,-447.00
 
163.00,189.00,-447.00
 
163.00,189.00,-447.00
 
166.00,209.00,-442.00
 
168.00,225.00,-436.00
 
162.00,258.00,-435.00
 
157.00,290.00,-426.00
 
161.00,316.00,-415.00
 
163.00,335.00,-407.00
 
165.00,363.00,-399.00
 
156.00,387.00,-388.00
 
156.00,387.00,-388.00
 
151.00,415.00,-369.00
 
153.00,430.00,-359.00
 
156.00,439.00,-353.00
 
153.00,454.00,-339.00
 
152.00,474.00,-328.00
 
143.00,493.00,-316.00
 
140.00,504.00,-305.00
 
132.00,518.00,-291.00
 
132.00,518.00,-291.00
 
132.00,537.00,-273.00
 
110.00,556.00,-262.00
 
98.00,564.00,-247.00
 
86.00,571.00,-239.00
 
76.00,580.00,-227.00
 
54.00,595.00,-204.00
 
40.00,610.00,-179.00
 
28.00,620.00,-154.00
 
28.00,620.00,-154.00
 
28.00,620.00,-154.00
 
6.00,642.00,-118.00
 
0.00,637.00,-100.00
 
-9.00,644.00,-76.00
 
-13.00,647.00,-61.00
 
-20.00,645.00,-52.00
 
-27.00,645.00,-40.00
 
-23.00,643.00,-25.00
 
-23.00,643.00,-25.00
 
-23.00,643.00,-25.00
 
-32.00,656.00,20.00
 
-34.00,644.00,41.00
 
-29.00,641.00,54.00
 
-29.00,640.00,62.00
 
-34.00,641.00,67.00
 
-38.00,641.00,85.00
 
-40.00,639.00,93.00
 
-40.00,636.00,93.00
 
-41.00,636.00,93.00
 
-44.00,629.00,91.00
 
-44.00,634.00,99.00
 
-44.00,629.00,107.00
 
-47.00,631.00,113.00
 
-51.00,631.00,111.00
 
-57.00,630.00,112.00
 
-50.00,632.00,116.00
 
-50.00,617.00,161.00
 
-56.00,617.00,161.00
 
-54.00,614.00,198.00
 
-46.00,597.00,216.00
 
-44.00,589.00,227.00
 
-40.00,582.00,239.00
 
-34.00,579.00,248.00
 
-29.00,577.00,257.00
 
-26.00,573.00,266.00
 
-26.00,565.00,271.00
 
-29.00,565.00,271.00
 
-27.00,569.00,281.00
 
-28.00,551.00,297.00
 
-30.00,536.00,314.00
 
-27.00,522.00,330.00
 
-26.00,509.00,343.00
 
-25.00,495.00,358.00
 
-29.00,479.00,372.00
 
-24.00,469.00,387.00
 
-24.00,469.00,387.00
 
-23.00,453.00,400.00
 
-25.00,441.00,408.00
 
-15.00,426.00,417.00
 
0.00,416.00,426.00
 
7.00,403.00,435.00
 
14.00,394.00,441.00
 
21.00,381.00,445.00
 
32.00,362.00,454.00
 
32.00,362.00,454.00
 
48.00,354.00,464.00
 
59.00,320.00,473.00
 
83.00,292.00,482.00
 
95.00,268.00,486.00
 
98.00,246.00,493.00
 
107.00,230.00,495.00
 
120.00,205.00,498.00
 
117.00,184.00,499.00
 
117.00,184.00,499.00
 
132.00,141.00,506.00
 
140.00,110.00,501.00
 
141.00,77.00,500.00
 
141.00,47.00,499.00
 
143.00,21.00,498.00
 
138.00,-10.00,496.00
 
136.00,-43.00,489.00
 
130.00,-82.00,478.00
 
130.00,-82.00,478.00
 
124.00,-115.00,463.00
 
119.00,-153.00,449.00
 
123.00,-180.00,438.00
 
116.00,-203.00,423.00
 
110.00,-232.00,407.00
 
110.00,-264.00,378.00
 
115.00,-293.00,351.00
 
124.00,-318.00,319.00
 
124.00,-318.00,319.00
 
128.00,-336.00,293.00
 
134.00,-349.00,278.00
 
129.00,-358.00,265.00
 
131.00,-360.00,250.00
 
132.00,-368.00,245.00
 
132.00,-372.00,230.00
 
135.00,-377.00,224.00
 
130.00,-377.00,217.00
 
130.00,-377.00,217.00
 
141.00,-379.00,214.00
 
126.00,-375.00,224.00
 
119.00,-374.00,239.00
 
114.00,-365.00,259.00
 
101.00,-351.00,284.00
 
96.00,-334.00,308.00
 
89.00,-321.00,332.00
 
85.00,-303.00,353.00
 
85.00,-303.00,353.00
 
82.00,-287.00,372.00
 
73.00,-258.00,394.00
 
69.00,-224.00,418.00
 
61.00,-175.00,448.00
 
57.00,-131.00,475.00
 
47.00,-77.00,496.00
 
53.00,-24.00,509.00
 
62.00,17.00,514.00
 
62.00,17.00,514.00
 
60.00,45.00,518.00
 
57.00,83.00,519.00
 
54.00,126.00,519.00
 
54.00,167.00,518.00
 
35.00,200.00,513.00
 
5.00,203.00,514.00
 
-22.00,193.00,515.00
 
-22.00,188.00,517.00
 
-22.00,188.00,517.00
 
-8.00,198.00,514.00
 
0.00,210.00,515.00
 
-2.00,218.00,509.00
 
-10.00,223.00,507.00
 
-15.00,227.00,506.00
 
-6.00,242.00,504.00
 
12.00,258.00,499.00
 
11.00,263.00,497.00
 
11.00,263.00,497.00
 
11.00,263.00,497.00
 
1.00,278.00,495.00
 
-3.00,283.00,489.00
 
1.00,297.00,485.00
 
1.00,309.00,481.00
 
-4.00,316.00,476.00
 
-10.00,327.00,469.00
 
-10.00,346.00,461.00
 
-10.00,346.00,461.00
 
-10.00,346.00,461.00
 
0.00,382.00,443.00
 
0.00,390.00,441.00
 
-8.00,400.00,430.00
 
-16.00,410.00,424.00
 
-20.00,434.00,408.00
 
-22.00,445.00,402.00
 
-29.00,461.00,383.00
 
-29.00,491.00,354.00
 
-54.00,491.00,354.00
 
-51.00,505.00,338.00
 
-59.00,533.00,309.00
 
-59.00,551.00,284.00
 
-59.00,568.00,254.00
 
-59.00,586.00,224.00
 
-57.00,599.00,198.00
 
-55.00,614.00,162.00
 
-53.00,625.00,124.00
 
-53.00,625.00,124.00
 
-49.00,634.00,82.00
 
-45.00,636.00,46.00
 
-42.00,635.00,9.00
 
-42.00,633.00,-21.00
 
-34.00,628.00,-52.00
 
-29.00,624.00,-82.00
 
-25.00,621.00,-109.00
 
-20.00,612.00,-135.00
 
-17.00,599.00,-165.00
 
-16.00,590.00,-196.00
 
-17.00,569.00,-226.00
 
-15.00,551.00,-254.00
 
-18.00,530.00,-280.00
 
-10.00,504.00,-313.00
 
-8.00,479.00,-337.00
 
-8.00,447.00,-361.00
 
-8.00,411.00,-361.00
 
1.00,411.00,-390.00
 
1.00,387.00,-408.00
 
9.00,360.00,-421.00
 
6.00,327.00,-433.00
 
17.00,291.00,-445.00
 
20.00,253.00,-453.00
 
28.00,217.00,-464.00
 
38.00,183.00,-469.00
 
49.00,146.00,-470.00
 
49.00,146.00,-470.00
 
63.00,115.00,-472.00
 
71.00,74.00,-468.00
 
74.00,42.00,-467.00
 
84.00,8.00,-457.00
 
92.00,-25.00,-449.00
 
97.00,-58.00,-442.00
 
102.00,-83.00,-428.00
 
111.00,-111.00,-418.00
 
111.00,-134.00,-405.00
 
114.00,-161.00,-394.00
 
111.00,-184.00,-378.00
 
103.00,-218.00,-357.00
 
105.00,-249.00,-336.00
 
93.00,-271.00,-314.00
 
90.00,-283.00,-305.00
 
77.00,-298.00,-301.00
 
77.00,-298.00,-301.00
 
77.00,-298.00,-301.00
 
61.00,-316.00,-283.00
 
40.00,-319.00,-285.00
 
28.00,-332.00,-269.00
 
5.00,-339.00,-260.00
 
-9.00,-344.00,-253.00
 
-28.00,-351.00,-239.00
 
-45.00,-364.00,-223.00
 
-61.00,-375.00,-200.00
 
-71.00,-381.00,-184.00
 
-82.00,-390.00,-164.00
 
-89.00,-400.00,-146.00
 
-97.00,-402.00,-130.00
 
-98.00,-409.00,-119.00
 
-100.00,-409.00,-111.00
 
-106.00,-416.00,-94.00
 
-114.00,-416.00,-80.00
 
-133.00,-415.00,-61.00
 
-145.00,-419.00,-43.00
 
-157.00,-416.00,-35.00
 
-173.00,-415.00,-29.00
 
-196.00,-406.00,-11.00
 
-205.00,-403.00,-3.00
 
-217.00,-402.00,4.00
 
-220.00,-402.00,5.00
 
-224.00,-401.00,6.00
 
-224.00,-394.00,0.00
 
-231.00,-394.00,0.00
 
-232.00,-398.00,2.00
 
-244.00,-385.00,2.00
 
-252.00,-387.00,-1.00
 
-262.00,-382.00,10.00
 
-260.00,-385.00,16.00
 
-262.00,-385.00,24.00
 
-278.00,-378.00,38.00
 
-284.00,-370.00,52.00
 
-290.00,-369.00,63.00
 
-293.00,-369.00,72.00
 
-293.00,-369.00,72.00
 
-292.00,-368.00,72.00
 
-287.00,-371.00,75.00
 
-284.00,-375.00,78.00
 
-283.00,-374.00,73.00
 
-281.00,-379.00,73.00
 
-272.00,-375.00,76.00
 
-271.00,-371.00,86.00
 
-272.00,-374.00,98.00
 
-270.00,-373.00,114.00
 
-270.00,-373.00,114.00
 
-257.00,-376.00,129.00
 
-259.00,-369.00,145.00
 
-253.00,-367.00,164.00
 
-255.00,-364.00,178.00
 
-250.00,-357.00,197.00
 
-248.00,-344.00,217.00
 
-245.00,-338.00,241.00
 
-238.00,-327.00,262.00
 
-238.00,-327.00,262.00
 
-236.00,-310.00,285.00
 
-227.00,-299.00,308.00
 
-217.00,-283.00,327.00
 
-209.00,-270.00,346.00
 
-204.00,-253.00,363.00
 
-197.00,-243.00,377.00
 
-193.00,-227.00,390.00
 
-186.00,-210.00,403.00
 
-186.00,-210.00,403.00
 
-177.00,-197.00,418.00
 
-154.00,-173.00,437.00
 
-141.00,-145.00,453.00
 
-120.00,-132.00,468.00
 
-80.00,-137.00,472.00
 
-99.00,-115.00,477.00
 
-87.00,-107.00,479.00
 
-88.00,-91.00,490.00
 
-88.00,-91.00,490.00
 
-45.00,-70.00,506.00
 
-53.00,-26.00,511.00
 
-35.00,4.00,513.00
 
-20.00,38.00,521.00
 
-16.00,66.00,522.00
 
-16.00,95.00,524.00
 
-12.00,127.00,523.00
 
-2.00,161.00,525.00
 
-2.00,161.00,525.00
 
-2.00,161.00,525.00
 
25.00,255.00,505.00
 
46.00,283.00,498.00
 
59.00,317.00,483.00
 
67.00,350.00,467.00
 
85.00,383.00,450.00
 
110.00,416.00,421.00
 
127.00,441.00,399.00
 
127.00,441.00,399.00
 
127.00,441.00,399.00
 
166.00,488.00,345.00
 
177.00,501.00,321.00
 
193.00,513.00,298.00
 
205.00,528.00,268.00
 
214.00,540.00,240.00
 
225.00,548.00,218.00
 
230.00,557.00,198.00
 
230.00,557.00,198.00
 
230.00,557.00,198.00
 
238.00,565.00,162.00
 
230.00,574.00,148.00
 
229.00,579.00,131.00
 
230.00,582.00,118.00
 
229.00,589.00,105.00
 
224.00,591.00,92.00
 
219.00,592.00,81.00
 
219.00,592.00,70.00
 
222.00,592.00,70.00
 
220.00,595.00,90.00
 
244.00,588.00,34.00
 
250.00,585.00,21.00
 
254.00,576.00,-5.00
 
256.00,579.00,-36.00
 
256.00,571.00,-56.00
 
258.00,560.00,-80.00
 
258.00,555.00,-105.00
 
262.00,555.00,-105.00
 
269.00,539.00,-128.00
 
260.00,533.00,-146.00
 
250.00,532.00,-172.00
 
240.00,528.00,-190.00
 
235.00,518.00,-211.00
 
229.00,508.00,-228.00
 
218.00,501.00,-240.00
 
217.00,496.00,-256.00
 
217.00,496.00,-256.00
 
209.00,490.00,-272.00
 
204.00,475.00,-284.00
 
195.00,463.00,-298.00
 
191.00,454.00,-309.00
 
193.00,446.00,-316.00
 
193.00,435.00,-323.00
 
183.00,427.00,-334.00
 
181.00,417.00,-339.00
 
181.00,417.00,-339.00
 
177.00,402.00,-353.00
 
168.00,399.00,-362.00
 
162.00,388.00,-368.00
 
151.00,375.00,-381.00
 
145.00,358.00,-392.00
 
138.00,348.00,-402.00
 
131.00,336.00,-406.00
 
121.00,330.00,-414.00
 
121.00,330.00,-414.00
 
121.00,314.00,-420.00
 
108.00,302.00,-422.00
 
100.00,293.00,-429.00
 
93.00,283.00,-436.00
 
90.00,271.00,-441.00
 
81.00,256.00,-446.00
 
75.00,245.00,-451.00
 
72.00,232.00,-454.00
 
72.00,232.00,-454.00
 
73.00,232.00,-467.00
 
72.00,217.00,-460.00
 
70.00,210.00,-460.00
 
68.00,199.00,-460.00
 
67.00,191.00,-464.00
 
65.00,184.00,-464.00
 
68.00,177.00,-463.00
 
69.00,176.00,-467.00
 
69.00,176.00,-467.00
 
69.00,169.00,-476.00
 
67.00,160.00,-466.00
 
63.00,150.00,-466.00
 
64.00,148.00,-467.00
 
65.00,143.00,-468.00
 
65.00,141.00,-467.00
 
66.00,127.00,-470.00
 
71.00,124.00,-468.00
 
71.00,124.00,-468.00
 
77.00,117.00,-469.00
 
79.00,111.00,-468.00
 
77.00,107.00,-466.00
 
80.00,108.00,-467.00
 
81.00,103.00,-465.00
 
82.00,101.00,-469.00
 
89.00,99.00,-465.00
 
89.00,99.00,-464.00
 
89.00,99.00,-464.00
 
103.00,99.00,-464.00
 
95.00,101.00,-465.00
 
95.00,102.00,-464.00
 
97.00,104.00,-462.00
 
102.00,114.00,-465.00
 
104.00,123.00,-463.00
 
103.00,126.00,-460.00
 
103.00,129.00,-461.00
 
103.00,129.00,-461.00
 
103.00,144.00,-465.00
 
101.00,152.00,-463.00
 
96.00,161.00,-459.00
 
96.00,171.00,-457.00
 
101.00,181.00,-460.00
 
109.00,202.00,-451.00
 
119.00,227.00,-445.00
 
133.00,244.00,-439.00
 
133.00,244.00,-439.00
 
133.00,244.00,-439.00
 
162.00,297.00,-410.00
 
178.00,316.00,-397.00
 
189.00,347.00,-375.00
 
206.00,378.00,-353.00
 
219.00,409.00,-327.00
 
228.00,437.00,-294.00
 
238.00,460.00,-269.00
 
238.00,460.00,-269.00
 
238.00,460.00,-269.00
 
251.00,503.00,-215.00
 
261.00,507.00,-189.00
 
268.00,514.00,-165.00
 
271.00,524.00,-141.00
 
276.00,529.00,-118.00
 
282.00,538.00,-98.00
 
285.00,536.00,-80.00
 
285.00,543.00,-66.00
 
286.00,543.00,-66.00
 
284.00,545.00,-58.00
 
291.00,540.00,-51.00
 
291.00,540.00,-38.00
 
294.00,541.00,-30.00
 
294.00,539.00,-24.00
 
294.00,539.00,-22.00
 
290.00,541.00,-17.00
 
290.00,545.00,-24.00
 
297.00,545.00,-24.00
 
291.00,549.00,-22.00
 
289.00,540.00,-25.00
 
291.00,540.00,-33.00
 
290.00,542.00,-45.00
 
295.00,538.00,-51.00
 
293.00,530.00,-64.00
 
301.00,529.00,-78.00
 
302.00,520.00,-101.00
 
302.00,520.00,-101.00
 
301.00,509.00,-120.00
 
308.00,502.00,-131.00
 
308.00,491.00,-153.00
 
312.00,482.00,-169.00
 
310.00,469.00,-182.00
 
314.00,462.00,-196.00
 
319.00,446.00,-204.00
 
333.00,433.00,-213.00
 
333.00,433.00,-213.00
 
340.00,429.00,-212.00
 
352.00,414.00,-208.00
 
358.00,411.00,-199.00
 
371.00,413.00,-186.00
 
380.00,418.00,-169.00
 
391.00,422.00,-137.00
 
404.00,417.00,-109.00
 
413.00,422.00,-74.00
 
413.00,422.00,-74.00
 
416.00,418.00,-36.00
 
423.00,428.00,8.00
 
422.00,432.00,35.00
 
419.00,426.00,65.00
 
416.00,422.00,92.00
 
417.00,414.00,122.00
 
410.00,405.00,151.00
 
408.00,393.00,184.00
 
408.00,393.00,184.00
 
410.00,381.00,204.00
 
405.00,365.00,226.00
 
403.00,348.00,243.00
 
399.00,332.00,265.00
 
397.00,313.00,276.00
 
392.00,295.00,292.00
 
387.00,278.00,308.00
 
382.00,256.00,319.00
 
382.00,256.00,319.00
 
382.00,244.00,329.00
 
370.00,220.00,351.00
 
358.00,200.00,364.00
 
344.00,178.00,380.00
 
329.00,160.00,393.00
 
309.00,144.00,408.00
 
286.00,123.00,426.00
 
260.00,109.00,443.00
 
260.00,109.00,443.00
 
238.00,98.00,452.00
 
206.00,84.00,465.00
 
171.00,68.00,481.00
 
138.00,45.00,485.00
 
106.00,32.00,491.00
 
76.00,14.00,498.00
 
40.00,-9.00,496.00
 
5.00,-28.00,494.00
 
5.00,-28.00,494.00
 
-24.00,-50.00,484.00
 
-58.00,-76.00,478.00
 
-92.00,-101.00,463.00
 
-116.00,-135.00,443.00
 
-144.00,-146.00,434.00
 
-160.00,-162.00,423.00
 
-175.00,-173.00,413.00
 
-189.00,-188.00,398.00
 
-189.00,-188.00,398.00
 
-197.00,-200.00,381.00
 
-209.00,-208.00,375.00
 
-214.00,-223.00,361.00
 
-214.00,-241.00,347.00
 
-210.00,-254.00,336.00
 
-200.00,-267.00,329.00
 
-193.00,-283.00,317.00
 
-181.00,-311.00,293.00
 
-181.00,-311.00,293.00
 
-178.00,-321.00,287.00
 
-177.00,-327.00,273.00
 
-173.00,-335.00,260.00
 
-165.00,-343.00,251.00
 
-162.00,-355.00,244.00
 
-155.00,-364.00,230.00
 
-146.00,-374.00,212.00
 
-122.00,-388.00,196.00
 
-122.00,-388.00,196.00
 
-122.00,-388.00,196.00
 
-56.00,-402.00,170.00
 
-27.00,-409.00,161.00
 
1.00,-409.00,159.00
 
38.00,-407.00,160.00
 
74.00,-400.00,160.00
 
106.00,-390.00,156.00
 
135.00,-386.00,147.00
 
135.00,-386.00,147.00
 
135.00,-386.00,147.00
 
168.00,-384.00,134.00
 
162.00,-383.00,139.00
 
166.00,-379.00,143.00
 
164.00,-380.00,142.00
 
167.00,-384.00,137.00
 
171.00,-381.00,137.00
 
176.00,-378.00,136.00
 
176.00,-383.00,139.00
 
173.00,-383.00,139.00
 
168.00,-378.00,146.00
 
161.00,-381.00,153.00
 
159.00,-378.00,159.00
 
150.00,-380.00,161.00
 
135.00,-386.00,168.00
 
121.00,-386.00,183.00
 
114.00,-382.00,205.00
 
114.00,-366.00,219.00
 
111.00,-366.00,219.00
 
118.00,-360.00,247.00
 
131.00,-344.00,265.00
 
147.00,-331.00,275.00
 
159.00,-320.00,288.00
 
177.00,-299.00,305.00
 
179.00,-280.00,326.00
 
190.00,-264.00,342.00
 
190.00,-244.00,350.00
 
191.00,-244.00,350.00
 
195.00,-221.00,379.00
 
194.00,-209.00,388.00
 
194.00,-201.00,396.00
 
194.00,-189.00,398.00
 
200.00,-184.00,403.00
 
200.00,-180.00,407.00
 
210.00,-168.00,412.00
 
212.00,-148.00,424.00
 
212.00,-148.00,424.00
 
216.00,-129.00,421.00
 
207.00,-114.00,440.00
 
207.00,-94.00,451.00
 
213.00,-73.00,456.00
 
221.00,-45.00,463.00
 
222.00,-16.00,469.00
 
227.00,17.00,478.00
 
226.00,49.00,477.00
 
226.00,49.00,477.00
 
230.00,82.00,488.00
 
225.00,97.00,481.00
 
223.00,113.00,485.00
 
221.00,134.00,483.00
 
221.00,153.00,485.00
 
218.00,179.00,482.00
 
213.00,196.00,482.00
 
205.00,225.00,482.00
 
205.00,225.00,482.00
 
187.00,258.00,475.00
 
175.00,273.00,478.00
 
161.00,289.00,478.00
 
152.00,297.00,477.00
 
142.00,306.00,477.00
 
126.00,311.00,482.00
 
108.00,315.00,483.00
 
95.00,327.00,479.00
 
95.00,327.00,479.00
 
81.00,332.00,476.00
 
68.00,347.00,477.00
 
56.00,355.00,475.00
 
41.00,358.00,473.00
 
24.00,360.00,473.00
 
13.00,359.00,472.00
 
5.00,362.00,475.00
 
-3.00,360.00,474.00
 
-3.00,360.00,474.00
 
-7.00,363.00,480.00
 
-12.00,358.00,471.00
 
-14.00,356.00,474.00
 
-11.00,353.00,474.00
 
-3.00,348.00,480.00
 
3.00,342.00,481.00
 
11.00,333.00,488.00
 
25.00,322.00,486.00
 
25.00,322.00,486.00
 
48.00,311.00,488.00
 
55.00,302.00,496.00
 
75.00,284.00,497.00
 
83.00,267.00,498.00
 
95.00,250.00,500.00
 
111.00,236.00,501.00
 
117.00,217.00,505.00
 
125.00,200.00,505.00
 
125.00,200.00,505.00
 
131.00,189.00,512.00
 
135.00,179.00,506.00
 
147.00,168.00,507.00
 
151.00,162.00,502.00
 
159.00,157.00,504.00
 
164.00,151.00,502.00
 
163.00,150.00,505.00
 
170.00,148.00,499.00
 
170.00,148.00,499.00
 
170.00,148.00,499.00
 
180.00,162.00,497.00
 
186.00,164.00,498.00
 
186.00,172.00,494.00
 
185.00,157.00,497.00
 
188.00,143.00,497.00
 
187.00,124.00,497.00
 
190.00,109.00,499.00
 
190.00,109.00,499.00
 
190.00,109.00,499.00
 
182.00,75.00,500.00
 
185.00,52.00,496.00
 
185.00,33.00,492.00
 
181.00,13.00,493.00
 
175.00,-9.00,490.00
 
164.00,-38.00,486.00
 
151.00,-59.00,482.00
 
151.00,-87.00,480.00
 
134.00,-87.00,480.00
 
113.00,-98.00,482.00
 
97.00,-112.00,476.00
 
71.00,-120.00,478.00
 
53.00,-126.00,481.00
 
29.00,-130.00,481.00
 
14.00,-125.00,485.00
 
0.00,-121.00,481.00
 
0.00,-118.00,475.00
 
-9.00,-118.00,475.00
 
-20.00,-113.00,490.00
 
-30.00,-111.00,485.00
 
-46.00,-108.00,487.00
 
-57.00,-102.00,488.00
 
-68.00,-98.00,487.00
 
-75.00,-87.00,494.00
 
-85.00,-70.00,497.00
 
-85.00,-52.00,499.00
 
-83.00,-52.00,499.00
 
-86.00,-37.00,501.00
 
-81.00,-11.00,512.00
 
-68.00,8.00,516.00
 
-53.00,26.00,517.00
 
-50.00,40.00,524.00
 
-42.00,56.00,523.00
 
-32.00,71.00,525.00
 
-20.00,96.00,528.00
 
-20.00,96.00,528.00
 
-7.00,111.00,529.00
 
9.00,115.00,525.00
 
22.00,124.00,526.00
 
35.00,134.00,525.00
 
44.00,140.00,525.00
 
52.00,153.00,525.00
 
63.00,158.00,522.00
 
71.00,164.00,517.00
 
71.00,164.00,517.00
 
86.00,173.00,521.00
 
102.00,177.00,516.00
 
114.00,186.00,509.00
 
125.00,193.00,508.00
 
133.00,206.00,504.00
 
140.00,216.00,499.00
 
153.00,223.00,493.00
 
164.00,231.00,493.00
 
164.00,231.00,493.00
 
175.00,243.00,479.00
 
184.00,237.00,479.00
 
198.00,242.00,474.00
 
216.00,247.00,469.00
 
239.00,248.00,455.00
 
265.00,247.00,441.00
 
298.00,249.00,423.00
 
336.00,253.00,396.00
 
336.00,253.00,396.00
 
380.00,242.00,358.00
 
411.00,247.00,324.00
 
444.00,240.00,279.00
 
472.00,237.00,234.00
 
498.00,225.00,175.00
 
518.00,219.00,105.00
 
524.00,217.00,40.00
 
524.00,219.00,-14.00
 
524.00,219.00,-14.00
 
520.00,211.00,-59.00
 
517.00,204.00,-88.00
 
504.00,191.00,-113.00
 
498.00,179.00,-139.00
 
489.00,175.00,-159.00
 
481.00,175.00,-179.00
 
472.00,175.00,-200.00
 
459.00,173.00,-223.00
 
459.00,173.00,-223.00
 
449.00,162.00,-250.00
 
418.00,161.00,-276.00
 
397.00,163.00,-302.00
 
365.00,165.00,-336.00
 
331.00,176.00,-359.00
 
300.00,187.00,-384.00
 
267.00,197.00,-402.00
 
241.00,199.00,-413.00
 
241.00,199.00,-413.00
 
220.00,202.00,-431.00
 
184.00,208.00,-436.00
 
165.00,206.00,-442.00
 
142.00,205.00,-447.00
 
129.00,203.00,-455.00
 
116.00,201.00,-459.00
 
103.00,200.00,-462.00
 
86.00,198.00,-466.00
 
86.00,198.00,-466.00
 
86.00,198.00,-466.00
 
63.00,196.00,-467.00
 
51.00,194.00,-472.00
 
34.00,200.00,-474.00
 
15.00,199.00,-472.00
 
-1.00,207.00,-471.00
 
-18.00,215.00,-470.00
 
-32.00,223.00,-468.00
 
-32.00,223.00,-468.00
 
-32.00,223.00,-468.00
 
-69.00,215.00,-468.00
 
-86.00,208.00,-466.00
 
-105.00,202.00,-467.00
 
-119.00,198.00,-462.00
 
-132.00,199.00,-461.00
 
-147.00,209.00,-456.00
 
-164.00,217.00,-451.00
 
-164.00,236.00,-451.00
 
-176.00,236.00,-448.00
 
-189.00,262.00,-436.00
 
-197.00,272.00,-427.00
 
-208.00,286.00,-420.00
 
-215.00,307.00,-408.00
 
-227.00,328.00,-392.00
 
-229.00,362.00,-375.00
 
-222.00,401.00,-351.00
 
-222.00,434.00,-341.00
 
-207.00,434.00,-341.00
 
-196.00,472.00,-312.00
 
-186.00,489.00,-293.00
 
-173.00,501.00,-281.00
 
-162.00,515.00,-270.00
 
-147.00,534.00,-258.00
 
-110.00,555.00,-240.00
 
-80.00,570.00,-224.00
 
-80.00,589.00,-200.00
 
-39.00,589.00,-200.00
 
20.00,591.00,-170.00
 
68.00,608.00,-145.00
 
123.00,604.00,-122.00
 
169.00,599.00,-94.00
 
232.00,578.00,-70.00
 
272.00,559.00,-41.00
 
311.00,537.00,-13.00
 
342.00,518.00,7.00
 
342.00,518.00,7.00
 
370.00,486.00,25.00
 
380.00,481.00,44.00
 
393.00,464.00,57.00
 
398.00,457.00,64.00
 
402.00,455.00,70.00
 
400.00,453.00,58.00
 
398.00,457.00,45.00
 
379.00,477.00,26.00
 
379.00,477.00,26.00
 
351.00,512.00,5.00
 
310.00,534.00,-28.00
 
251.00,570.00,-60.00
 
203.00,585.00,-95.00
 
158.00,590.00,-126.00
 
124.00,590.00,-162.00
 
70.00,581.00,-201.00
 
40.00,557.00,-251.00
 
40.00,557.00,-251.00
 
15.00,543.00,-284.00
 
1.00,529.00,-284.00
 
-1.00,538.00,-274.00
 
10.00,540.00,-276.00
 
8.00,530.00,-285.00
 
-3.00,528.00,-286.00
 
-9.00,526.00,-290.00
 
-10.00,517.00,-304.00
 
-10.00,517.00,-304.00
 
4.00,494.00,-317.00
 
4.00,499.00,-328.00
 
-9.00,489.00,-340.00
 
-23.00,467.00,-354.00
 
-23.00,448.00,-369.00
 
-11.00,442.00,-373.00
 
4.00,448.00,-374.00
 
19.00,442.00,-377.00
 
19.00,442.00,-377.00
 
18.00,432.00,-388.00
 
-14.00,410.00,-401.00
 
-33.00,396.00,-413.00
 
-30.00,405.00,-407.00
 
-16.00,415.00,-403.00
 
-14.00,405.00,-409.00
 
-24.00,374.00,-425.00
 
-48.00,333.00,-443.00
 
-64.00,287.00,-459.00
 
-64.00,287.00,-459.00
 
-83.00,247.00,-475.00
 
-119.00,217.00,-469.00
 
-138.00,168.00,-472.00
 
-152.00,122.00,-472.00
 
-167.00,83.00,-464.00
 
-184.00,42.00,-457.00
 
-200.00,-3.00,-442.00
 
-200.00,-51.00,-431.00
 
-205.00,-94.00,-414.00
 
-205.00,-130.00,-390.00
 
-214.00,-169.00,-371.00
 
-214.00,-169.00,-371.00
 
-214.00,-169.00,-371.00
 
-201.00,-210.00,-341.00
 
-216.00,-227.00,-323.00
 
-216.00,-242.00,-306.00
 
-220.00,-252.00,-296.00
 
-218.00,-265.00,-282.00
 
-221.00,-279.00,-268.00
 
-224.00,-289.00,-246.00
 
-231.00,-304.00,-232.00
 
-231.00,-307.00,-213.00
 
-234.00,-316.00,-203.00
 
-235.00,-324.00,-191.00
 
-243.00,-326.00,-182.00
 
-246.00,-328.00,-169.00
 
-247.00,-329.00,-162.00
 
-249.00,-331.00,-155.00
 
-252.00,-331.00,-151.00
 
-256.00,-335.00,-143.00
 
-255.00,-340.00,-137.00
 
-251.00,-338.00,-130.00
 
-253.00,-340.00,-125.00
 
-250.00,-342.00,-124.00
 
-245.00,-341.00,-127.00
 
-247.00,-342.00,-129.00
 
-244.00,-343.00,-137.00
 
-239.00,-339.00,-153.00
 
-239.00,-332.00,-153.00
 
-237.00,-332.00,-166.00
 
-236.00,-328.00,-176.00
 
-231.00,-316.00,-198.00
 
-245.00,-299.00,-216.00
 
-253.00,-278.00,-237.00
 
-251.00,-256.00,-265.00
 
-250.00,-234.00,-292.00
 
-246.00,-212.00,-310.00
 
-253.00,-197.00,-322.00
 
-249.00,-184.00,-331.00
 
-240.00,-165.00,-355.00
 
-234.00,-136.00,-378.00
 
-217.00,-101.00,-395.00
 
-201.00,-65.00,-418.00
 
-174.00,-31.00,-437.00
 
-150.00,2.00,-451.00
 
-132.00,29.00,-459.00
 
-121.00,47.00,-466.00
 
-99.00,68.00,-474.00
 
-99.00,68.00,-474.00
 
-82.00,99.00,-478.00
 
-43.00,133.00,-480.00
 
-17.00,150.00,-480.00
 
5.00,171.00,-479.00
 
28.00,191.00,-474.00
 
52.00,215.00,-468.00
 
80.00,241.00,-461.00
 
105.00,260.00,-453.00
 
123.00,277.00,-442.00
 
123.00,277.00,-442.00
 
149.00,289.00,-439.00
 
168.00,315.00,-414.00
 
198.00,332.00,-402.00
 
217.00,354.00,-382.00
 
237.00,373.00,-365.00
 
247.00,385.00,-345.00
 
260.00,403.00,-332.00
 
266.00,419.00,-316.00
 
266.00,419.00,-316.00
 
274.00,435.00,-296.00
 
274.00,458.00,-278.00
 
277.00,481.00,-252.00
 
269.00,507.00,-229.00
 
263.00,527.00,-209.00
 
248.00,546.00,-187.00
 
230.00,567.00,-169.00
 
208.00,589.00,-146.00
 
208.00,589.00,-146.00
 
191.00,605.00,-122.00
 
152.00,625.00,-89.00
 
132.00,637.00,-57.00
 
102.00,647.00,-22.00
 
71.00,651.00,11.00
 
46.00,654.00,32.00
 
24.00,655.00,47.00
 
0.00,651.00,71.00
 
0.00,651.00,71.00
 
-16.00,647.00,92.00
 
-32.00,641.00,109.00
 
-44.00,634.00,130.00
 
-50.00,627.00,150.00
 
-57.00,621.00,166.00
 
-60.00,620.00,180.00
 
-66.00,615.00,188.00
 
-68.00,610.00,200.00
 
-68.00,610.00,200.00
 
-68.00,610.00,200.00
 
-80.00,608.00,229.00
 
-81.00,597.00,248.00
 
-86.00,599.00,251.00
 
-89.00,594.00,254.00
 
-94.00,596.00,257.00
 
-104.00,595.00,251.00
 
-116.00,597.00,253.00
 
-116.00,597.00,253.00
 
-116.00,597.00,253.00
 
-129.00,595.00,236.00
 
-136.00,601.00,230.00
 
-142.00,607.00,220.00
 
-157.00,606.00,217.00
 
-167.00,597.00,217.00
 
-192.00,594.00,209.00
 
-219.00,593.00,192.00
 
-219.00,593.00,192.00
 
-219.00,593.00,192.00
 
-254.00,577.00,172.00
 
-278.00,573.00,164.00
 
-292.00,563.00,153.00
 
-311.00,554.00,140.00
 
-325.00,546.00,132.00
 
-344.00,536.00,123.00
 
-354.00,529.00,110.00
 
-354.00,529.00,94.00
 
-363.00,529.00,94.00
 
-361.00,531.00,77.00
 
-355.00,529.00,71.00
 
-350.00,534.00,73.00
 
-349.00,537.00,70.00
 
-356.00,531.00,58.00
 
-364.00,524.00,54.00
 
-378.00,514.00,50.00
 
-378.00,509.00,38.00
 
-385.00,509.00,38.00
 
-398.00,505.00,16.00
 
-401.00,488.00,-8.00
 
-414.00,469.00,-42.00
 
-419.00,452.00,-73.00
 
-427.00,437.00,-89.00
 
-425.00,436.00,-109.00
 
-424.00,427.00,-118.00
 
-424.00,418.00,-130.00
 
-425.00,409.00,-141.00
 
-431.00,393.00,-147.00
 
-430.00,378.00,-172.00
 
-425.00,355.00,-207.00
 
-428.00,327.00,-219.00
 
-435.00,295.00,-233.00
 
-429.00,254.00,-257.00
 
-433.00,224.00,-268.00
 
-437.00,200.00,-273.00
 
-433.00,169.00,-284.00
 
-425.00,140.00,-298.00
 
-413.00,106.00,-309.00
 
-413.00,74.00,-319.00
 
-403.00,74.00,-319.00
 
-385.00,44.00,-326.00
 
-374.00,28.00,-336.00
 
-364.00,2.00,-349.00
 
-343.00,-29.00,-354.00
 
-313.00,-48.00,-364.00
 
-288.00,-65.00,-378.00
 
-260.00,-79.00,-387.00
 
-230.00,-85.00,-402.00
 
-187.00,-86.00,-412.00
 
-155.00,-86.00,-426.00
 
-120.00,-81.00,-433.00
 
-91.00,-72.00,-447.00
 
-63.00,-60.00,-452.00
 
-38.00,-46.00,-456.00
 
-9.00,-31.00,-462.00
 
12.00,-18.00,-465.00
 
37.00,-10.00,-463.00
 
64.00,9.00,-467.00
 
91.00,27.00,-466.00
 
122.00,51.00,-460.00
 
122.00,51.00,-460.00
 
122.00,51.00,-460.00
 
161.00,103.00,-453.00
 
179.00,119.00,-451.00
 
195.00,140.00,-446.00
 
215.00,165.00,-435.00
 
230.00,196.00,-427.00
 
239.00,227.00,-414.00
 
266.00,257.00,-402.00
 
266.00,257.00,-402.00
 
266.00,257.00,-402.00
 
291.00,324.00,-362.00
 
289.00,355.00,-348.00
 
293.00,387.00,-326.00
 
292.00,417.00,-312.00
 
282.00,444.00,-298.00
 
278.00,472.00,-274.00
 
267.00,501.00,-252.00
 
267.00,527.00,-252.00
 
249.00,527.00,-239.00
 
242.00,546.00,-218.00
 
224.00,567.00,-195.00
 
201.00,584.00,-185.00
 
178.00,601.00,-167.00
 
142.00,622.00,-141.00
 
110.00,638.00,-121.00
 
85.00,651.00,-109.00
 
85.00,652.00,-92.00
 
65.00,652.00,-92.00
 
40.00,665.00,-70.00
 
17.00,660.00,-53.00
 
0.00,656.00,-41.00
 
-18.00,658.00,-26.00
 
-32.00,658.00,-10.00
 
-44.00,656.00,0.00
 
-62.00,652.00,5.00
 
-79.00,649.00,10.00
 
-79.00,649.00,10.00
 
-92.00,649.00,18.00
 
-100.00,641.00,31.00
 
-113.00,641.00,31.00
 
-124.00,633.00,36.00
 
-139.00,631.00,43.00
 
-154.00,624.00,54.00
 
-165.00,624.00,61.00
 
-177.00,617.00,61.00
 
-177.00,617.00,61.00
 
-189.00,613.00,64.00
 
-197.00,609.00,71.00
 
-209.00,604.00,83.00
 
-221.00,600.00,86.00
 
-225.00,591.00,98.00
 
-236.00,592.00,109.00
 
-248.00,583.00,115.00
 
-253.00,578.00,121.00
 
-253.00,578.00,121.00
 
-255.00,568.00,128.00
 
-272.00,567.00,129.00
 
-284.00,563.00,131.00
 
-287.00,563.00,137.00
 
-292.00,561.00,147.00
 
-296.00,553.00,156.00
 
-298.00,555.00,162.00
 
-302.00,553.00,166.00
 
-302.00,553.00,166.00
 
-308.00,556.00,167.00
 
-314.00,543.00,169.00
 
-323.00,541.00,174.00
 
-330.00,539.00,174.00
 
-337.00,534.00,173.00
 
-341.00,532.00,176.00
 
-352.00,525.00,175.00
 
-362.00,521.00,175.00
 
-362.00,521.00,175.00
 
-373.00,501.00,176.00
 
-388.00,498.00,172.00
 
-396.00,492.00,168.00
 
-404.00,490.00,165.00
 
-405.00,490.00,164.00
 
-403.00,490.00,162.00
 
-404.00,485.00,169.00
 
-412.00,481.00,166.00
 
-412.00,481.00,166.00
 
-421.00,468.00,167.00
 
-435.00,456.00,168.00
 
-444.00,449.00,167.00
 
-449.00,434.00,171.00
 
-459.00,423.00,165.00
 
-455.00,433.00,158.00
 
-453.00,425.00,170.00
 
-452.00,420.00,184.00
 
-452.00,420.00,184.00
 
-449.00,415.00,182.00
 
-455.00,412.00,191.00
 
-452.00,404.00,197.00
 
-452.00,401.00,208.00
 
-449.00,403.00,210.00
 
-444.00,397.00,211.00
 
-448.00,394.00,213.00
 
-442.00,394.00,223.00
 
-442.00,394.00,223.00
 
-444.00,388.00,223.00
 
-439.00,381.00,238.00
 
-437.00,376.00,244.00
 
-434.00,379.00,252.00
 
-428.00,373.00,258.00
 
-425.00,379.00,263.00
 
-416.00,384.00,262.00
 
-416.00,386.00,269.00
 
-416.00,386.00,269.00
 
-412.00,393.00,277.00
 
-396.00,392.00,276.00
 
-395.00,392.00,282.00
 
-392.00,400.00,281.00
 
-389.00,403.00,281.00
 
-388.00,403.00,285.00
 
-384.00,401.00,285.00
 
-381.00,407.00,290.00
 
-381.00,407.00,290.00
 
-371.00,411.00,295.00
 
-365.00,415.00,300.00
 
-336.00,430.00,313.00
 
-323.00,428.00,322.00
 
-296.00,436.00,341.00
 
-267.00,434.00,362.00
 
-246.00,435.00,379.00
 
-218.00,435.00,392.00
 
-218.00,435.00,392.00
 
-206.00,430.00,398.00
 
-190.00,423.00,413.00
 
-171.00,425.00,419.00
 
-145.00,426.00,428.00
 
-120.00,429.00,436.00
 
-91.00,427.00,442.00
 
-62.00,419.00,453.00
 
-25.00,410.00,462.00
 
-25.00,410.00,462.00
 
-25.00,410.00,462.00
 
61.00,369.00,487.00
 
92.00,345.00,490.00
 
117.00,323.00,496.00
 
144.00,306.00,497.00
 
170.00,286.00,497.00
 
197.00,270.00,493.00
 
217.00,260.00,483.00
 
217.00,260.00,483.00
 
217.00,260.00,483.00
 
273.00,249.00,464.00
 
287.00,251.00,453.00
 
309.00,249.00,442.00
 
330.00,244.00,425.00
 
345.00,240.00,416.00
 
357.00,244.00,400.00
 
376.00,243.00,386.00
 
376.00,243.00,386.00
 
376.00,243.00,386.00
 
399.00,254.00,359.00
 
412.00,253.00,344.00
 
419.00,258.00,328.00
 
430.00,265.00,311.00
 
437.00,281.00,291.00
 
441.00,297.00,275.00
 
444.00,309.00,255.00
 
444.00,325.00,255.00
 
449.00,325.00,242.00
 
444.00,344.00,221.00
 
448.00,353.00,210.00
 
441.00,369.00,194.00
 
440.00,380.00,183.00
 
437.00,392.00,174.00
 
434.00,403.00,156.00
 
425.00,421.00,144.00
 
425.00,437.00,128.00
 
416.00,437.00,128.00
 
402.00,462.00,110.00
 
392.00,476.00,91.00
 
381.00,487.00,71.00
 
371.00,500.00,51.00
 
358.00,511.00,26.00
 
343.00,527.00,5.00
 
323.00,535.00,-8.00
 
323.00,548.00,-34.00
 
309.00,548.00,-34.00
 
291.00,567.00,-45.00
 
268.00,566.00,-61.00
 
249.00,573.00,-82.00
 
226.00,580.00,-94.00
 
211.00,587.00,-106.00
 
190.00,589.00,-118.00
 
174.00,594.00,-130.00
 
174.00,595.00,-145.00
 
156.00,595.00,-145.00
 
144.00,593.00,-156.00
 
120.00,596.00,-160.00
 
102.00,593.00,-169.00
 
87.00,593.00,-184.00
 
74.00,589.00,-192.00
 
60.00,588.00,-198.00
 
48.00,591.00,-204.00
 
48.00,588.00,-208.00
 
37.00,588.00,-208.00
 
24.00,588.00,-216.00
 
12.00,582.00,-221.00
 
10.00,580.00,-227.00
 
7.00,574.00,-233.00
 
2.00,576.00,-229.00
 
2.00,575.00,-227.00
 
7.00,577.00,-228.00
 
10.00,580.00,-233.00
 
10.00,580.00,-233.00
 
16.00,576.00,-226.00
 
16.00,585.00,-215.00
 
25.00,591.00,-208.00
 
31.00,593.00,-200.00
 
32.00,598.00,-189.00
 
43.00,607.00,-174.00
 
54.00,616.00,-153.00
 
72.00,628.00,-127.00
 
72.00,628.00,-127.00
 
81.00,629.00,-92.00
 
103.00,635.00,-48.00
 
110.00,640.00,-8.00
 
134.00,637.00,17.00
 
142.00,636.00,50.00
 
160.00,629.00,73.00
 
163.00,625.00,94.00
 
171.00,618.00,120.00
 
171.00,618.00,120.00
 
174.00,620.00,143.00
 
173.00,601.00,178.00
 
178.00,588.00,212.00
 
173.00,576.00,247.00
 
165.00,559.00,279.00
 
155.00,542.00,313.00
 
143.00,516.00,347.00
 
131.00,495.00,372.00
 
131.00,495.00,372.00
 
111.00,474.00,397.00
 
95.00,456.00,417.00
 
62.00,448.00,431.00
 
78.00,448.00,427.00
 
99.00,425.00,436.00
 
90.00,392.00,458.00
 
67.00,367.00,476.00
 
27.00,349.00,483.00
 
27.00,349.00,483.00
 
15.00,339.00,496.00
 
-5.00,314.00,500.00
 
-27.00,302.00,499.00
 
-47.00,291.00,500.00
 
-69.00,280.00,503.00
 
-95.00,273.00,501.00
 
-121.00,268.00,498.00
 
-142.00,261.00,490.00
 
-142.00,261.00,490.00
 
-166.00,265.00,484.00
 
-205.00,276.00,467.00
 
-255.00,292.00,441.00
 
-283.00,299.00,421.00
 
-312.00,319.00,391.00
 
-334.00,348.00,361.00
 
-347.00,385.00,323.00
 
-358.00,419.00,274.00
 
-358.00,419.00,274.00
 
-370.00,447.00,221.00
 
-366.00,478.00,178.00
 
-363.00,501.00,126.00
 
-348.00,525.00,81.00
 
-329.00,544.00,37.00
 
-312.00,557.00,2.00
 
-305.00,559.00,-27.00
 
-297.00,558.00,-62.00
 
-297.00,558.00,-62.00
 
-281.00,554.00,-99.00
 
-284.00,547.00,-129.00
 
-273.00,538.00,-161.00
 
-259.00,527.00,-200.00
 
-244.00,512.00,-237.00
 
-232.00,503.00,-259.00
 
-218.00,489.00,-285.00
 
-209.00,474.00,-310.00
 
-209.00,474.00,-310.00
 
-183.00,448.00,-333.00
 
-176.00,444.00,-346.00
 
-174.00,436.00,-359.00
 
-164.00,425.00,-367.00
 
-157.00,409.00,-378.00
 
-148.00,400.00,-389.00
 
-144.00,385.00,-399.00
 
-137.00,381.00,-404.00
 
-137.00,381.00,-404.00
 
-117.00,380.00,-418.00
 
-110.00,371.00,-414.00
 
-101.00,363.00,-423.00
 
-94.00,358.00,-425.00
 
-86.00,346.00,-427.00
 
-85.00,338.00,-433.00
 
-79.00,328.00,-438.00
 
-73.00,319.00,-445.00
 
-73.00,319.00,-445.00
 
-68.00,310.00,-454.00
 
-60.00,290.00,-454.00
 
-57.00,279.00,-460.00
 
-47.00,274.00,-463.00
 
-42.00,273.00,-464.00
 
-30.00,268.00,-464.00
 
-20.00,267.00,-463.00
 
-17.00,264.00,-463.00
 
-17.00,264.00,-463.00
 
-7.00,264.00,-465.00
 
-7.00,262.00,-466.00
 
-1.00,255.00,-465.00
 
6.00,260.00,-464.00
 
8.00,255.00,-468.00
 
14.00,264.00,-464.00
 
18.00,258.00,-464.00
 
29.00,254.00,-460.00
 
29.00,254.00,-460.00
 
31.00,259.00,-463.00
 
37.00,266.00,-459.00
 
29.00,277.00,-459.00
 
23.00,274.00,-457.00
 
19.00,273.00,-458.00
 
10.00,268.00,-459.00
 
5.00,263.00,-460.00
 
-11.00,260.00,-464.00
 
-11.00,260.00,-464.00
 
-25.00,249.00,-471.00
 
-43.00,250.00,-466.00
 
-64.00,240.00,-465.00
 
-89.00,234.00,-465.00
 
-114.00,223.00,-460.00
 
-140.00,207.00,-462.00
 
-157.00,217.00,-453.00
 
-220.00,253.00,-428.00
 
-220.00,253.00,-428.00
 
-256.00,239.00,-413.00
 
-270.00,243.00,-408.00
 
-291.00,244.00,-397.00
 
-310.00,249.00,-385.00
 
-324.00,253.00,-376.00
 
-335.00,258.00,-365.00
 
-347.00,276.00,-352.00
 
-355.00,285.00,-338.00
 
-355.00,285.00,-338.00
 
-370.00,301.00,-323.00
 
-383.00,307.00,-307.00
 
-391.00,292.00,-298.00
 
-404.00,280.00,-294.00
 
-416.00,264.00,-287.00
 
-454.00,258.00,-242.00
 
-456.00,268.00,-225.00
 
-473.00,298.00,-186.00
 
-473.00,298.00,-186.00
 
-473.00,298.00,-186.00
 
-475.00,347.00,-115.00
 
-480.00,361.00,-74.00
 
-477.00,381.00,-34.00
 
-461.00,401.00,5.00
 
-437.00,426.00,57.00
 
-416.00,450.00,103.00
 
-387.00,459.00,155.00
 
-387.00,459.00,155.00
 
-387.00,459.00,155.00
 
-315.00,479.00,253.00
 
-292.00,455.00,294.00
 
-266.00,440.00,333.00
 
-242.00,423.00,365.00
 
-209.00,408.00,393.00
 
-181.00,392.00,415.00
 
-146.00,376.00,434.00
 
-146.00,376.00,434.00
 
-146.00,376.00,434.00
 
-97.00,351.00,465.00
 
-71.00,328.00,476.00
 
-49.00,316.00,481.00
 
-28.00,310.00,487.00
 
1.00,302.00,494.00
 
22.00,292.00,498.00
 
51.00,284.00,499.00
 
51.00,284.00,499.00
 
51.00,284.00,499.00
 
105.00,268.00,495.00
 
133.00,259.00,495.00
 
154.00,256.00,491.00
 
180.00,249.00,479.00
 
204.00,246.00,476.00
 
231.00,245.00,467.00
 
259.00,240.00,452.00
 
259.00,240.00,452.00
 
259.00,240.00,452.00
 
318.00,247.00,420.00
 
327.00,246.00,411.00
 
340.00,244.00,403.00
 
349.00,245.00,397.00
 
358.00,243.00,388.00
 
371.00,242.00,376.00
 
379.00,250.00,371.00
 
379.00,252.00,368.00
 
388.00,252.00,368.00
 
379.00,245.00,361.00
 
381.00,248.00,368.00
 
377.00,255.00,369.00
 
373.00,258.00,373.00
 
367.00,260.00,378.00
 
360.00,264.00,381.00
 
363.00,269.00,377.00
 
363.00,279.00,375.00
 
359.00,279.00,375.00
 
358.00,290.00,371.00
 
358.00,293.00,371.00
 
349.00,296.00,378.00
 
339.00,302.00,383.00
 
335.00,306.00,385.00
 
337.00,319.00,377.00
 
336.00,330.00,370.00
 
333.00,339.00,357.00
 
333.00,339.00,357.00
 
335.00,359.00,353.00
 
330.00,362.00,353.00
 
332.00,371.00,345.00
 
340.00,377.00,336.00
 
330.00,383.00,337.00
 
329.00,394.00,330.00
 
327.00,404.00,330.00
 
321.00,403.00,318.00
 
321.00,403.00,318.00
 
333.00,400.00,324.00
 
321.00,408.00,324.00
 
318.00,414.00,322.00
 
321.00,412.00,323.00
 
321.00,416.00,318.00
 
330.00,408.00,318.00
 
338.00,404.00,313.00
 
339.00,405.00,302.00
 
339.00,405.00,302.00
 
348.00,406.00,306.00
 
344.00,407.00,304.00
 
343.00,407.00,303.00
 
339.00,410.00,302.00
 
342.00,411.00,302.00
 
340.00,410.00,301.00
 
343.00,415.00,292.00
 
343.00,421.00,296.00
 
343.00,421.00,296.00
 
345.00,428.00,289.00
 
345.00,419.00,290.00
 
346.00,415.00,289.00
 
347.00,414.00,292.00
 
352.00,415.00,285.00
 
356.00,417.00,280.00
 
356.00,420.00,278.00
 
356.00,420.00,280.00
 
356.00,420.00,280.00
 
353.00,435.00,261.00
 
349.00,435.00,264.00
 
345.00,447.00,261.00
 
336.00,454.00,258.00
 
330.00,462.00,262.00
 
318.00,470.00,265.00
 
312.00,473.00,265.00
 
305.00,476.00,263.00
 
305.00,476.00,263.00
 
308.00,475.00,265.00
 
297.00,488.00,261.00
 
293.00,493.00,258.00
 
290.00,498.00,255.00
 
285.00,509.00,247.00
 
277.00,519.00,239.00
 
269.00,530.00,233.00
 
261.00,540.00,225.00
 
261.00,540.00,225.00
 
257.00,540.00,211.00
 
253.00,556.00,198.00
 
251.00,569.00,180.00
 
252.00,575.00,156.00
 
249.00,582.00,132.00
 
250.00,589.00,106.00
 
251.00,593.00,75.00
 
258.00,590.00,40.00
 
258.00,590.00,40.00
 
265.00,597.00,7.00
 
268.00,586.00,-20.00
 
266.00,583.00,-43.00
 
261.00,578.00,-68.00
 
261.00,578.00,-89.00
 
255.00,571.00,-108.00
 
251.00,568.00,-125.00
 
244.00,566.00,-141.00
 
244.00,566.00,-141.00
 
241.00,568.00,-160.00
 
231.00,553.00,-179.00
 
222.00,547.00,-196.00
 
210.00,543.00,-214.00
 
204.00,536.00,-223.00
 
199.00,535.00,-233.00
 
193.00,529.00,-245.00
 
194.00,517.00,-260.00
 
194.00,517.00,-260.00
 
192.00,496.00,-277.00
 
179.00,494.00,-292.00
 
175.00,478.00,-309.00
 
171.00,465.00,-319.00
 
167.00,453.00,-333.00
 
166.00,441.00,-345.00
 
161.00,425.00,-355.00
 
157.00,407.00,-368.00
 
157.00,407.00,-368.00
 
158.00,376.00,-392.00
 
146.00,358.00,-401.00
 
137.00,340.00,-410.00
 
130.00,324.00,-421.00
 
126.00,309.00,-428.00
 
125.00,289.00,-437.00
 
126.00,272.00,-439.00
 
124.00,253.00,-445.00
 
124.00,253.00,-445.00
 
127.00,232.00,-453.00
 
121.00,228.00,-454.00
 
122.00,213.00,-455.00
 
130.00,202.00,-457.00
 
124.00,191.00,-457.00
 
127.00,183.00,-459.00
 
125.00,182.00,-460.00
 
122.00,174.00,-460.00
 
122.00,174.00,-460.00
 
116.00,162.00,-469.00
 
114.00,153.00,-464.00
 
116.00,138.00,-469.00
 
114.00,125.00,-468.00
 
106.00,110.00,-470.00
 
99.00,96.00,-469.00
 
94.00,79.00,-473.00
 
88.00,65.00,-473.00
 
88.00,65.00,-473.00
 
92.00,59.00,-472.00
 
85.00,54.00,-473.00
 
81.00,42.00,-475.00
 
75.00,31.00,-472.00
 
61.00,25.00,-475.00
 
53.00,19.00,-475.00
 
46.00,15.00,-474.00
 
41.00,9.00,-474.00
 
41.00,9.00,-474.00
 
43.00,-1.00,-474.00
 
42.00,-4.00,-474.00
 
46.00,-10.00,-470.00
 
48.00,-15.00,-467.00
 
56.00,-19.00,-467.00
 
57.00,-25.00,-466.00
 
64.00,-29.00,-466.00
 
77.00,-40.00,-459.00
 
77.00,-40.00,-459.00
 
95.00,-55.00,-454.00
 
101.00,-63.00,-449.00
 
92.00,-67.00,-449.00
 
92.00,-77.00,-446.00
 
88.00,-83.00,-444.00
 
88.00,-89.00,-438.00
 
86.00,-102.00,-439.00
 
89.00,-110.00,-432.00
 
89.00,-110.00,-432.00
 
91.00,-121.00,-425.00
 
92.00,-130.00,-418.00
 
90.00,-142.00,-415.00
 
97.00,-147.00,-412.00
 
105.00,-157.00,-407.00
 
110.00,-163.00,-400.00
 
119.00,-170.00,-397.00
 
27.00,-208.00,-390.00
 
27.00,-208.00,-390.00
 
27.00,-208.00,-390.00
 
-4.00,-229.00,-379.00
 
3.00,-241.00,-373.00
 
20.00,-246.00,-368.00
 
34.00,-255.00,-359.00
 
46.00,-264.00,-352.00
 
65.00,-267.00,-343.00
 
77.00,-272.00,-338.00
 
84.00,-269.00,-336.00
 
84.00,-269.00,-336.00
 
87.00,-265.00,-353.00
 
84.00,-257.00,-345.00
 
71.00,-263.00,-342.00
 
79.00,-269.00,-336.00
 
78.00,-279.00,-331.00
 
76.00,-286.00,-325.00
 
65.00,-297.00,-316.00
 
60.00,-306.00,-308.00
 
60.00,-306.00,-308.00
 
51.00,-316.00,-292.00
 
50.00,-335.00,-282.00
 
39.00,-350.00,-266.00
 
23.00,-360.00,-256.00
 
15.00,-366.00,-240.00
 
5.00,-379.00,-226.00
 
-1.00,-383.00,-218.00
 
-5.00,-388.00,-204.00
 
-10.00,-392.00,-201.00
 
-11.00,-396.00,-194.00
 
-11.00,-399.00,-191.00
 
-11.00,-407.00,-186.00
 
-10.00,-407.00,-186.00
 
-9.00,-408.00,-180.00
 
-13.00,-399.00,-181.00
 
-13.00,-400.00,-185.00
 
-13.00,-399.00,-182.00
 
-9.00,-402.00,-190.00
 
-2.00,-398.00,-192.00
 
6.00,-394.00,-198.00
 
11.00,-391.00,-205.00
 
19.00,-384.00,-212.00
 
29.00,-380.00,-219.00
 
38.00,-378.00,-227.00
 
43.00,-375.00,-230.00
 
46.00,-368.00,-236.00
 
44.00,-372.00,-235.00
 
44.00,-372.00,-235.00
 
42.00,-370.00,-235.00
 
45.00,-375.00,-226.00
 
46.00,-381.00,-222.00
 
45.00,-382.00,-219.00
 
41.00,-381.00,-217.00
 
39.00,-383.00,-216.00
 
40.00,-384.00,-214.00
 
42.00,-384.00,-214.00
 
42.00,-389.00,-221.00
 
39.00,-389.00,-221.00
 
32.00,-381.00,-218.00
 
37.00,-379.00,-219.00
 
34.00,-382.00,-215.00
 
29.00,-385.00,-209.00
 
26.00,-392.00,-206.00
 
27.00,-391.00,-206.00
 
18.00,-392.00,-198.00
 
19.00,-399.00,-189.00
 
18.00,-402.00,-179.00
 
15.00,-404.00,-175.00
 
14.00,-406.00,-173.00
 
14.00,-406.00,-173.00
 
10.00,-409.00,-167.00
 
15.00,-409.00,-162.00
 
17.00,-415.00,-160.00
 
18.00,-415.00,-151.00
 
15.00,-416.00,-143.00
 
22.00,-423.00,-130.00
 
23.00,-429.00,-111.00
 
29.00,-435.00,-95.00
 
29.00,-435.00,-95.00
 
35.00,-438.00,-68.00
 
36.00,-444.00,-42.00
 
37.00,-446.00,-15.00
 
42.00,-444.00,12.00
 
48.00,-445.00,40.00
 
53.00,-444.00,70.00
 
59.00,-435.00,99.00
 
70.00,-433.00,129.00
 
70.00,-433.00,129.00
 
78.00,-426.00,163.00
 
82.00,-411.00,188.00
 
92.00,-398.00,215.00
 
103.00,-382.00,236.00
 
110.00,-367.00,258.00
 
118.00,-355.00,274.00
 
120.00,-338.00,297.00
 
130.00,-326.00,303.00
 
130.00,-326.00,303.00
 
130.00,-326.00,303.00
 
147.00,-305.00,326.00
 
153.00,-291.00,338.00
 
159.00,-274.00,355.00
 
167.00,-251.00,372.00
 
169.00,-230.00,391.00
 
173.00,-205.00,404.00
 
174.00,-179.00,418.00
 
174.00,-179.00,418.00
 
174.00,-179.00,418.00
 
182.00,-130.00,442.00
 
190.00,-101.00,453.00
 
194.00,-73.00,464.00
 
200.00,-41.00,471.00
 
197.00,-10.00,478.00
 
206.00,22.00,481.00
 
211.00,55.00,484.00
 
211.00,86.00,487.00
 
219.00,86.00,487.00
 
221.00,121.00,487.00
 
224.00,147.00,484.00
 
230.00,179.00,481.00
 
236.00,212.00,469.00
 
233.00,243.00,468.00
 
237.00,271.00,456.00
 
238.00,296.00,448.00
 
241.00,320.00,442.00
 
241.00,320.00,442.00
 
238.00,350.00,430.00
 
244.00,369.00,417.00
 
237.00,388.00,407.00
 
237.00,404.00,396.00
 
233.00,423.00,387.00
 
232.00,438.00,375.00
 
228.00,454.00,367.00
 
221.00,469.00,355.00
 
221.00,469.00,355.00
 
224.00,476.00,345.00
 
209.00,503.00,329.00
 
203.00,518.00,313.00
 
198.00,534.00,300.00
 
190.00,545.00,286.00
 
183.00,557.00,274.00
 
184.00,564.00,263.00
 
183.00,573.00,252.00
 
183.00,573.00,252.00
 
184.00,577.00,234.00
 
180.00,587.00,224.00
 
178.00,594.00,220.00
 
177.00,593.00,213.00
 
180.00,597.00,212.00
 
180.00,598.00,214.00
 
183.00,594.00,214.00
 
189.00,590.00,219.00
 
189.00,590.00,219.00
 
189.00,583.00,226.00
 
198.00,575.00,240.00
 
212.00,567.00,253.00
 
221.00,550.00,270.00
 
228.00,534.00,288.00
 
235.00,515.00,307.00
 
242.00,489.00,324.00
 
252.00,464.00,349.00
 
252.00,464.00,349.00
 
265.00,424.00,364.00
 
281.00,379.00,390.00
 
295.00,321.00,414.00
 
313.00,234.00,432.00
 
284.00,154.00,460.00
 
264.00,116.00,472.00
 
231.00,86.00,487.00
 
192.00,44.00,496.00
 
192.00,44.00,496.00
 
164.00,7.00,498.00
 
122.00,-23.00,501.00
 
98.00,-47.00,500.00
 
65.00,-74.00,494.00
 
32.00,-95.00,493.00
 
3.00,-110.00,487.00
 
-29.00,-125.00,482.00
 
-58.00,-126.00,478.00
 
-85.00,-125.00,478.00
 
-111.00,-118.00,471.00
 
-114.00,-120.00,473.00
 
-105.00,-141.00,460.00
 
-105.00,-141.00,460.00
 
-105.00,-141.00,460.00
 
-115.00,-166.00,445.00
 
-121.00,-180.00,438.00
 
-123.00,-217.00,419.00
 
-127.00,-233.00,407.00
 
-120.00,-258.00,390.00
 
-121.00,-270.00,382.00
 
-121.00,-284.00,367.00
 
-123.00,-298.00,351.00
 
-135.00,-310.00,333.00
 
-146.00,-326.00,316.00
 
-155.00,-340.00,301.00
 
-170.00,-350.00,282.00
 
-178.00,-355.00,262.00
 
-187.00,-367.00,234.00
 
-189.00,-381.00,207.00
 
-177.00,-402.00,175.00
 
-168.00,-417.00,142.00
 
-159.00,-429.00,100.00
 
-152.00,-434.00,60.00
 
-147.00,-437.00,21.00
 
-141.00,-437.00,-22.00
 
-137.00,-435.00,-62.00
 
-131.00,-430.00,-94.00
 
-128.00,-421.00,-130.00
 
